0.04111036020913161 0.0012050349844230368
0.04644459470000584 0.0013435496491638332
0.04380844505794812 0.0012814508620522247
0.04208036861382425 0.001234180106621352
0.04195927863474935 0.0012311637781294849
0.0464731514439336 0.0013437946665817435
0.03958438234985806 0.0011690536684909603
0.04144744137011003 0.0012099023331302305
0.04237748708692379 0.0012443955954495323
0.05262790898268577 0.0014404934006506664
0.03954827429697616 0.0011681280828952367
0.03841425463906489 0.0011209225722268457
0.038680531732097734 0.0011413451222779258
0.03776928355364362 0.0010975976938425447
0.04008470397093333 0.0011784239920871187
0.0441865067841718 0.001294934371344425
0.03807527447497705 0.0011087013822361769
0.040173318186134566 0.0011806772242834995
0.04370866471435875 0.0012793802982287161
0.04280496887804475 0.0012591691474881372
0.0440207926731091 0.0012881300028766418
0.04566816244914662 0.0013268110021726898
0.043671964631357696 0.0012779151516042475
0.04077538503042888 0.0011979320829595963
0.038688383108819835 0.0011414502089337475
0.039201188381412067 0.001158913749122803
0.03922868857625872 0.0011611745317168243
0.039708281445200555 0.001173539544652158
0.04086118766281288 0.0012018219067613245
0.04937355396396015 0.001394126511286231
0.040800797316478565 0.0011991607825621031
0.04081563420186285 0.0011994263322776533
0.04414117538544815 0.0012925478695251513
0.0488181805703789 0.0013837812077781564
0.04199743915523868 0.0012318574899836676
0.045232148906507064 0.0013105718540487032
0.03951573478116188 0.001166898804513039
0.04568142355856253 0.0013271830966914422
0.0505195074074436 0.0014193816364240774
0.03538745686819311 0.0009129036516242195
0.04255439831467811 0.0012467456253943965
0.040524164083763026 0.0011931583712794236
0.04271100868936628 0.001257250783737618
0.04130213789176196 0.001207575643547898
0.04883175426220987 0.0013845125147327053
0.043927566293859854 0.0012850104667450069
0.041341641219332814 0.0012089266153907374
0.048085052287206054 0.0013688076151083806
0.04586256799666444 0.0013342757210921263
0.04315488337306306 0.001271398505423349
0.043691162260074634 0.0012793321778872269
0.04941685916855931 0.0013944162396910542
0.038131532273837365 0.0011092918509802985
0.03921492485096678 0.0011597001314385125
0.04426223381597083 0.0012968726025519572
0.03951644337212201 0.0011675692835524387
0.045712056067714 0.0013287138326631975
0.041913426815881394 0.0012185482455606689
0.04687685712997336 0.0013571375554874976
0.0373403421981493 0.0010811719323555735
0.044235571287572384 0.0012955806837453565
0.046978736740129534 0.0013598230457319005
0.04692873187013902 0.0013580391034793138
0.04874714358447818 0.0013826397771481425
0.04580309031007346 0.0013326307932857162
0.04570940895064268 0.0013280605189720518
0.04636091659631347 0.0013423113896351424
0.038708760039298795 0.0011422057639265404
0.043929230349021964 0.0012862566920830432
0.0395569468382746 0.0011687769390391622
0.03948515649244655 0.0011664562912301335
0.040157124036340974 0.001179545830382267
0.03951518856047187 0.0011665310764783499
0.04925188900961075 0.001390399852198243
0.04042692473012721 0.0011884045162560142
0.0517656305237324 0.0014254600193908118
0.04352193424711004 0.0012730410521726299
0.03675565085723065 0.0010128818246357696
0.039538894590805285 0.001168066999525763
0.046458201148197986 0.001343603371651625
0.048610651661874726 0.0013775542306575517
0.04076593539502937 0.0011975352035733522
0.04811419213365298 0.0013699330525014375
0.04513032440445386 0.0013044143188380986
0.039150813354353886 0.0011562749381255344
0.03808632877917262 0.0011090893676737323
0.04420962484437041 0.0012954385983903194
0.038361243801773526 0.0011145692981671118
0.043846949251019396 0.0012833190844503406
0.042238949274178594 0.0012385887678192375
0.04301421697164187 0.0012646489788039617
0.04108557311701588 0.0012041086245062615
0.04074425547150895 0.0011969290499109775
0.048535070367506705 0.0013754126482581341
0.04102357703959569 0.001203185812528318
0.04039079735230189 0.001188077321558012
0.04251954358187504 0.0012451111833797768
0.042917130631394684 0.0012610801793471182
0.05188973361509852 0.001432900659324332
0.04843343179527437 0.00137222199145981
0.04973029688699171 0.0014045011212147074
0.04718834548839368 0.001362451798740949
0.04864009535231162 0.0013796736166113988
0.03724071821488906 0.001055432429211578
0.045728204713668674 0.0013297452533151954
0.04976562026786269 0.0014081274910608954
0.03858479464179254 0.001136675170869239
0.043124139338033274 0.0012698584403665336
0.0384351728571346 0.0011209994042928884
0.04146623230190016 0.0012102758391847601
0.03806253078801092 0.0011057491024075716
0.045187956682639197 0.0013085324967505585
0.04035860318253981 0.001187509335750292
0.03856015893688891 0.001124318742313335
0.03924317593919113 0.0011623929501638486
0.03782854988821782 0.0011008360736468603
0.04593683089478873 0.0013346639568680985
0.04686535349173937 0.0013562018739321502
0.038616273406660184 0.001137124479328122
0.04095117766701151 0.0012025309326872957
0.046275200533273164 0.0013389807033945544
0.04585683054756373 0.0013338548358206026
0.04113122656417545 0.0012055121135290392
0.041508504320518114 0.00121109477936443
0.04313534972607158 0.001270276374725654
0.040594341702671954 0.0011937232088712335
0.04181043336575385 0.0012160142148331943
0.04413287140778266 0.0012923779265747726
0.04957694081531372 0.001398336017928159
0.04265739876427688 0.0012559080439586978
0.04306587726750877 0.00126651863843108
0.03594613754830789 0.0009753761642059544
0.04213997123588342 0.0012361260739908175
0.04372163115112926 0.0012811486946588957
0.04432023181288969 0.001297374411706187
0.04366721107362537 0.001277727443493859
0.03916731625213288 0.0011564493502191908
0.03802938829176128 0.001105494443720545
0.03686389286303893 0.001043908310293773
0.039448786148568615 0.0011655358209736733
0.03944886392855551 0.0011655724854335858
0.04827105114236474 0.0013704431792120886
0.043672485429851804 0.0012779514863723307
0.04022412496851757 0.0011873210421526892
0.045960159666719846 0.0013365793849970942
0.042096547098481096 0.0012342784773409221
0.04289511960814707 0.0012610390990630549
0.04949938911158824 0.0013969423316666507
0.03952071414096281 0.001167609429330696
0.0499123098779819 0.0014099680589652053
0.04647496038523968 0.0013442859828955989
0.04714088511536829 0.001361745998110564
0.03540488389262464 0.0009231387027739402
0.04974623175803572 0.0014052617930246925
0.043925955120357685 0.0012846682634517492
0.04277509641542565 0.0012579815177105047
0.04633351707889233 0.0013402624203990854
0.04625973333895672 0.0013378854998791212
0.04319299205963034 0.001272394248189812
0.04523686120228376 0.001311730984298265
0.0387441620696336 0.0011484245594601816
0.048623942071571946 0.0013785620408270916
0.0432543582865037 0.0012724107414214814
0.049851876188768074 0.0014082035356750566
0.04075656143686501 0.0011974707069839496
0.042537648537290806 0.0012466900926142443
0.04072631742747035 0.001196750696408344
0.040797442190523725 0.0011990710409008898
0.04526893387082964 0.001313229754259737
0.040444992773700505 0.0011909285758520127
0.038165734134963714 0.001111015038759433
0.03902752102294471 0.0011495032690618245
0.03619786199124064 0.000983030722636613
0.04572903491498437 0.0013302285763074906
0.04090856258699205 0.0012020834067243413
0.04363366501638666 0.001276860608413699
0.04513887336361222 0.001304984790067465
0.04901754621823784 0.0013891584210341534
0.04422439789050259 0.00129545655909169
0.045727021526545286 0.001329327598796226
0.038695610011927783 0.0011420995083426533
0.03627144222264178 0.0009848614040492976
0.03986985457595438 0.0011754564297916659
0.04312180437409552 0.00126934361082931
0.042125572930672206 0.0012352049493529194
0.049896923737833276 0.001408368864304066
0.03944132172910031 0.001164796092780307
0.03867897474265192 0.0011399885102036933
0.03867997556517366 0.0011400180246710079
0.03939128021011129 0.0011631078036771214
0.04310159735905472 0.0012682897497597878
0.04579353622102644 0.0013316083338850149
0.04579567081236746 0.0013316709400896798
0.0386268029542407 0.0011377766004443401
0.04926541187160183 0.001390770965599586
0.048916166022536345 0.001384644491281506
0.042168889165623114 0.0012363435139377543
0.03837610712798778 0.0011178735810517537
0.0391096159000881 0.0011512905271047202
0.04255919640127104 0.0012518969992925122
0.03902643048786558 0.0011494489485812664
0.04085308816866018 0.00119983156764647
0.04866968137503136 0.0013808423900627531
0.038612426884355955 0.0011369251385531243
0.04826137328927871 0.001370336748777845
0.04630369725055061 0.0013392765197295375
0.040426911975373514 0.0011884035413913807
0.04577305974817136 0.0013315109831637528
0.03900406438333448 0.0011491382833810349
0.04004503454780206 0.0011778779303313058
0.037196275108726695 0.0010548592881605146
0.04356756376364501 0.0012749141353651794
0.04303369089757325 0.001265622096525476
0.03922405657067429 0.0011611210320552345
0.05047575349453837 0.0014177355051288032
0.03708398909657262 0.0010521313067783922
0.047139574657194316 0.001361080589276753
0.05134334431204479 0.001422537006874336
0.0391829011059599 0.0011571470338367362
0.03980756133387331 0.0011740799691324355
0.04099020369176287 0.001203145711315301
0.0505975017149467 0.0014208377463091892
0.04523393173440127 0.001311424661480487
0.03668161992391106 0.001006526034871058
0.04991361466818489 0.001410193861602238
0.04877972541726194 0.0013827996240252105
0.048484753038792405 0.0013729168874760944
0.03904212876659585 0.0011503185380661307
0.04109826049534604 0.0012048107535065355
0.04010467069747392 0.0011792985301326553
0.04397424770286307 0.0012869981603671476
0.0483166165286093 0.0013718457538516304
0.04062529673683457 0.001196191349208675
0.046345256250788225 0.0013421655686443046
0.04647406321601011 0.0013438581740956579
0.03787322458811104 0.0011014737949608389
0.04677958952379413 0.001352855171489864
0.03794154600473121 0.0011028278813682846
0.04678112665715162 0.001355070738327413
0.042614716294337995 0.0012545296631287783
0.04403525313682621 0.001288781650373494
0.042773810724611394 0.0012576628055285255
0.040301377659488935 0.0011873979319716454
0.04027683234016877 0.001187373523180213
0.04581827907531988 0.0013330331655652117
0.03569782915292308 0.0009278440534217225
0.04570964579761494 0.0013284008148275461
0.048655331280315295 0.001379894695674011
0.05259068934537936 0.001439567667148367
0.041098803776549175 0.0012048497565047
0.04683007128187455 0.0013550941832818353
0.044057105435058475 0.0012891237022358837
0.042792559128429275 0.0012590001881562785
0.046910881690564565 0.0013572831403507735
0.039219634876644704 0.0011597733539474575
0.04371631232788786 0.0012803863089629886
0.04955126043932978 0.001398278558099264
0.049537853432411794 0.0013973503066608828
0.04202402528608218 0.0012322439620220393
0.04212299508799333 0.0012349106007150112
0.040777217014692724 0.0011979512623838673
0.04078676166682271 0.0011986668891950103
0.04125117669173051 0.0012058370787144668
0.043124130428623175 0.0012698490044726896
0.039592566434293985 0.0011707438472967624
0.041328235834953375 0.001207710221706293
0.042842297232709825 0.0012595560704085074
0.03749723399960203 0.0010900578467953892
0.045770025528327096 0.0013302585675774026
0.04051415363937849 0.0011919026987925463
0.04269906481204089 0.001256274518709688
0.040097422985127196 0.0011784681084918702
0.043989323850837536 0.0012877809733709
0.042146588435571175 0.001236141709568983
0.038566696690395474 0.00112498352473267
0.042062826789333485 0.0012340741482148587
0.037976442341459915 0.0011039958005767403
0.04123439799877815 0.0012056150294483814
0.036280044812883716 0.0009876164138802324
0.04580112505936995 0.0013320145278612472
0.050538661613245495 0.0014198791292869828
0.03940248071739916 0.0011632354048742855
0.04215463492437266 0.0012362102597762714
0.04874624042713549 0.0013821605075463594
0.04994227258430328 0.0014103319875857778
0.04307750250882236 0.0012678834718826693
0.04641927403281443 0.0013430929866444785
0.043699417292373255 0.001279341561939873
0.0439766630079248 0.0012872812236537357
0.0487228351412341 0.0013821003240082064
0.042650751856854185 0.0012548993290693033
0.0386176519386936 0.0011372862481948687
0.04778905519924592 0.0013634656759222707
0.03839818997948896 0.001120370462331266
0.042790090628841426 0.0012588595886882104
0.039665343560045585 0.0011719960696154885
0.03958734885964077 0.001169565653299287
0.0441429858765332 0.0012926077088195598
0.0395526842403342 0.00116833475135536
0.041726609284523875 0.0012136844115957501
0.03957298649766017 0.0011690055766848673
0.03953082072985126 0.0011678606725809004
0.037873468681937084 0.0011016737157660828
0.038666670239763334 0.001138829243473083
0.035633025428978726 0.0009261762197638745
0.04133260511298431 0.0012079541145340045
0.045802868145983666 0.0013320477247589224
0.04083146550692618 0.0011996482519407436
0.04210185915871989 0.0012347553301879088
0.04075492962147109 0.0011972757035891846
