0.040214294003817486 0.0011939796044373452
0.04833057994983392 0.0013946760932412872
0.042454219874343835 0.0012566855779141406
0.04295416265813401 0.0012720673787498527
0.04039816949807573 0.0011959132496031089
0.046418167316005565 0.001353610875639788
0.03829831811890472 0.001136389947077987
0.04540340631501749 0.0013186227322421473
0.046385845766053535 0.001352846805275476
0.04095927780144848 0.0012122129376166413
0.04284242163703311 0.0012695907380475546
0.04091221139242407 0.0012107089273740712
0.04148809763137251 0.0012318605320160714
0.04556703227717662 0.001322353662999376
0.039061154260707553 0.0011629989045331968
0.04602993495791452 0.0013394409365901083
0.043030072782130446 0.00127394988476226
0.03852930616994854 0.00114573956852837
0.0397661047973088 0.00118368912853839
0.03857010148931295 0.0011458404042059556
0.045284199484740384 0.0013141142096628755
0.03861508840054739 0.0011471606217128283
0.04137439811893273 0.0012292563988012262
0.046396229015954304 0.0013534915747754894
0.03797454615414608 0.0011204375084616913
0.04535659159591887 0.001316498488677098
0.04332030141813448 0.0012785788721885183
0.04772319610492559 0.0013804010276317058
0.0376496683456935 0.0011054119727305078
0.043054299254436046 0.0012744091854983708
0.04716035338060465 0.0013709675495192641
0.047214944308507256 0.0013724033390190016
0.04266872271546163 0.0012662914912198175
0.04038033656979678 0.0011959012017541681
0.04824263985210564 0.0013929709898548026
0.04036453220032854 0.0011958493016663851
0.04052979496191256 0.0012022456521663116
0.04711759111523861 0.0013695747933297753
0.04299184671253897 0.001273051688031046
0.0454355709371157 0.0013195033991451055
0.04683793218282517 0.001361436194883936
0.04805142924305983 0.0013863298108844901
0.038648172121611424 0.001148350638231932
0.046642873203381896 0.0013588461556537368
0.03777462187281344 0.0011128652977276943
0.04316848487360403 0.0012753068142501434
0.04133701058162842 0.001225008801156946
0.03851666991249658 0.0011440780458542577
0.04236283546197228 0.0012540830591660779
0.042522397969150916 0.0012603365128143196
0.04285753837029915 0.001269905652407033
0.03865099295217078 0.0011484633491818386
0.03891384371672757 0.0011589732303036726
0.045398929054499604 0.0013183588232550392
0.03985286152237677 0.0011860192846597784
0.04485382641723845 0.0012944663565122028
0.04051421629264951 0.0012015494073693844
0.047140754788415506 0.0013704965977012762
0.03944468700501602 0.001172429858797841
0.04607856197981164 0.0013414432346507965
0.04489957001351286 0.0012960476035459578
0.039087750352337025 0.0011636790977718192
0.044925061556568835 0.0013017323813073745
0.038608181523159146 0.0011463612243005628
0.04572673848451814 0.001325613652170432
0.0367124233598588 0.0010438377096306795
0.04700439800944878 0.0013651349074734753
0.04778129412443377 0.0013816038826917065
0.04401754478021758 0.0012924102695706097
0.04683390182617586 0.0013613016508315923
0.039173120545456186 0.0011658513590191433
0.04249040534341475 0.0012578110975027812
0.04245793310110457 0.0012567079721748087
0.03982359710789751 0.0011850686140633115
0.03979931083449628 0.001184728449288741
0.043251811861409806 0.0012775147336014925
0.042438318698259536 0.0012561913304125483
0.04537776096549351 0.0013175186488751933
0.03683948711841367 0.0010481877675374562
0.040086460241582245 0.001193664311813336
0.04679898903123103 0.0013604405085061444
0.045017166250545415 0.0013041571205292257
0.040419617493171245 0.0011968085732405598
0.039938950692885555 0.0011880972679136903
0.04500932335940888 0.0013041330964824738
0.04817015260050539 0.0013916397003868042
0.04286317899823189 0.0012701471466698422
0.04286652877635788 0.0012702382123279676
0.036464977769355755 0.0010271051746713056
0.041417565385927446 0.0012296874776893674
0.04287759939325042 0.0012704714172286913
0.04642659293313045 0.0013571578383562155
0.04695615451782942 0.0013642719302424666
0.041427691525314 0.001230142636131859
0.0454613727342803 0.0013203657995290996
0.047574986499967054 0.0013773879525160737
0.0406070374592673 0.0012038351246701495
0.04282304158550687 0.0012689526263329753
0.041418786844587885 0.0012297438687483009
0.04500124933110783 0.0013037907585840003
0.04102248868730385 0.0012136240882227867
0.042468379237107 0.0012568420893330767
0.040881794193410315 0.001209561659834435
0.04496986320009455 0.0013030728118792467
0.042839287358219735 0.0012694978183844796
0.0381161738478113 0.001125147530274262
0.043202333319641184 0.0012757796380356012
0.04809617301361868 0.0013894287471885036
0.038298290317470673 0.0011318700513811564
0.03991665760986507 0.0011871095746300853
0.04248495698266197 0.0012577067220718163
0.04289042134769261 0.0012708875296993938
0.03680019991588779 0.0010465110285622359
0.04833244232577272 0.0013949800163572945
0.03977990031125955 0.0011840635640965047
0.047149948513833806 0.001370584372580197
0.04485725688573439 0.001294835302132924
0.0471571653324645 0.001370675041926006
0.03639810348977335 0.0010051733556792897
0.040048545892204857 0.0011899302584197358
0.03843751645763405 0.0011402293312130496
0.04546753433533013 0.0013205510463194514
0.04750404915830586 0.0013761480475977805
0.042825675482163206 0.001268998863906745
0.039786909335816745 0.0011841239336263243
0.04715740497340448 0.0013707892298953084
0.04247301501163747 0.0012573597600749054
0.0398650510396692 0.0011861080681683234
0.03778923334903084 0.0011135479619497346
0.04340882448013872 0.0012818709851671883
0.03902128200570587 0.0011611999566412123
0.03784575665486045 0.001116386175453954
0.041910202271537855 0.0012377497300803952
0.043327879953722004 0.0012789675101885223
0.03923270056111505 0.0011706071925345896
0.041446751172770746 0.0012311841608152463
0.037919846959994175 0.001118031146688736
0.04622247413499281 0.00134501489651484
0.039995612838538364 0.00118882769584161
0.03607976724742912 0.0009868878389625024
0.040665022417670116 0.0012043267176977679
0.04642001329921186 0.0013536778160414542
0.04100738014676608 0.0012126247088417585
0.04560148125165142 0.0013230564029527159
0.0405891277914634 0.0012035130089316226
0.04151707573328167 0.0012328062050528388
0.039868741732789204 0.0011862974738505727
0.03983057080768049 0.0011854169542857562
0.04144664410705445 0.0012306920663149867
0.04317433262622217 0.0012755809466398205
0.037760914405225776 0.0011123728777420183
0.03680573863675818 0.0010467492434145242
0.047826884903770406 0.0013826729043557862
0.042060916319314856 0.001246853548082072
0.046713402385648806 0.0013597426955129777
0.048370164367952384 0.0013957886642401718
0.04224612202960998 0.0012479679960506473
0.04712946467770962 0.001370136360037577
0.04394432087428868 0.0012912169406718021
0.047126028490311 0.0013695804710778248
0.03862528385070618 0.0011477085072328919
0.045769199496135116 0.0013271999634980602
0.03996352228568867 0.0011886261011113675
0.045733906743407715 0.0013259932627534
0.04487474502820987 0.001295241363209243
0.04204575120820664 0.0012425813679328712
0.04034843035333324 0.0011951507823368956
0.045343737125222106 0.0013160531425455702
0.04603972318727756 0.0013399495717294485
0.03908907843288034 0.0011642097388175898
0.03905150026548654 0.0011626200104046802
0.03776208333147224 0.0011124190475584328
0.04224257358873729 0.0012478391195145377
0.042744087884784676 0.0012688703927778988
0.03909975566784851 0.0011642447689155233
0.04146648448659107 0.0012312243554788438
0.04544361941225361 0.0013196669412991469
0.03766856720903888 0.0011064906179854006
0.03917322994675487 0.0011682220101647545
0.04543667956022546 0.001319666929248342
0.0368235933710821 0.001047695115175884
0.04714237085863715 0.001370560210716576
0.03882967623940203 0.0011578216137877462
0.044858800356450956 0.001294927843446203
0.0393537113268394 0.0011708605335343236
0.042827358571230434 0.0012691351957982988
0.03969133798091207 0.0011830648788873077
0.04601650492986664 0.0013306716757597314
0.04243661111831898 0.001256010331530888
0.03867947595426813 0.0011517943498802197
0.04315815089648822 0.0012752512186580134
0.04248492208716925 0.001257658425174668
0.036275489124818705 0.0010012625980380108
0.03977224100526655 0.0011837319508458677
0.04248286584333982 0.001257584093764308
0.045366971418843605 0.00131716399562265
0.03659441888157744 0.0010320943515580439
0.04772724353824742 0.0013811228341182868
0.043383204567362554 0.0012809495065084775
0.0385007167205913 0.0011438651856678916
0.04043406875280198 0.0011974112010193494
0.03777927940245718 0.001113067467485962
0.04606518648506608 0.0013404278170128237
0.04531417600810528 0.0013151163398106291
0.0411384652252309 0.0012198587621696788
0.03964442896540277 0.0011780471113524982
0.03989381148858229 0.0011866910552953414
0.046453736009425484 0.001357352408490442
0.041434817081608344 0.0012303107638444999
0.04603515822236659 0.0013399111567196087
0.042464376958378125 0.0012567259097977512
0.03879445613711141 0.0011545682609721553
0.04225729132303968 0.0012536544732029142
0.04556757675163681 0.0013224205349615659
0.03826452008797787 0.0011271607722846966
0.042378705787996296 0.0012545288279852684
0.03861046247766353 0.0011466975065559382
0.043572451308136806 0.0012866837992078217
0.04363714801002061 0.0012879492597903663
0.04359225531516131 0.001287079559688209
0.04244979963550577 0.00125652753047234
0.04750352970586391 0.00137564238309551
0.04222760669654235 0.0012471139689296251
0.043519968348846305 0.001285946884081568
0.04306264049955644 0.0012745511926368636
0.045952633627166506 0.0013295076225858793
0.03985170014493633 0.0011855478608140402
0.040891854143410455 0.0012098877823518706
0.043517041063751094 0.001285415532152001
0.04092119861161336 0.0012108322355288692
0.04749987828836311 0.0013753189105045749
0.043540897240745835 0.0012865195662925544
0.047133826366916765 0.0013703649615308677
0.039504205276898574 0.0011733107854752234
0.040594295438495465 0.001203704577164899
0.043601947676506825 0.0012873551827397023
0.04297968270839192 0.0012723248637485085
0.042215401052089874 0.0012470847639178828
0.038430380722275004 0.0011399369664104597
0.0366259902366437 0.0010333966788493854
0.04540574947895948 0.0013189381456868432
0.0425006434234092 0.0012587254323079833
0.045579439582070336 0.0013229502176272945
0.04648643390828511 0.001358142141953067
0.04532272706273943 0.0013159792409851434
0.037675297833629884 0.0011067279260714713
0.03843818622408435 0.0011402905097384064
0.03966655902331695 0.0011782491674239282
0.045421204558806494 0.0013193425168083195
0.0428482602146687 0.00126963796083146
0.04040204252669355 0.0011960545799638567
0.04705847911827732 0.001367501131426252
0.03810746327508241 0.0011246314820709813
0.047541755411657505 0.001376520718622487
0.041475667370832525 0.0012313635531882028
0.039644772608880885 0.0011780565266690246
0.039908396065584384 0.0011869349677908758
0.04544527812686283 0.0013199124621223746
0.038620125196757726 0.0011472645039702911
0.03974266565637663 0.0011836144772132684
0.045508896801038645 0.0013214165430781577
0.04672819409461226 0.0013603694098947017
0.04836309514939785 0.0013955429233192262
0.03999521568766795 0.0011888188337252359
0.0384347414074 0.0011401784527151904
0.04131595804938115 0.001223751653697036
0.040352192605496384 0.001195203334418693
0.04151642722717952 0.0012327465092312195
0.041150858502078336 0.0012203802557451127
0.04120855071232654 0.0012224171127854788
0.04290755858528428 0.0012713793578313926
0.04034805049741408 0.001195129806433215
0.044859578789328225 0.0012949279147278503
0.04261573002440855 0.0012633888136406313
0.04518648887460586 0.0013089532085359679
0.0398973938281415 0.0011867721436829015
0.03939298381737899 0.0011722097433448653
0.046382843756873626 0.001352775059558553
0.041948044890887104 0.0012425636361967918
0.04710965008416679 0.0013694697097434982
0.04541963411611505 0.0013189729900204838
0.041114584273600485 0.001219518085576965
0.04496260187443113 0.0013027973470798315
0.04245247467770241 0.0012565707618250599
0.04357645273557864 0.0012867569223544706
0.03835669773980044 0.0011385899638298724
0.045346388513280544 0.0013161938575194654
0.03659714882087428 0.0010321020886294718
0.03830465007922612 0.001136590117994274
0.036278260755352676 0.001001513834353318
0.04175608031800948 0.0012341316594302043
0.03848715775529854 0.0011433653351105022
0.04554517393989954 0.001321678821796013
0.047629251261241734 0.0013796308919609146
0.04627016014273977 0.0013522737833682186
0.04349281009490369 0.0012843665324453468
0.041201919462764636 0.001221941240146407
0.048364118760218844 0.0013956540590243094
0.04118776942777913 0.0012214403548114205
0.04612651831121184 0.0013415812686616846
0.03844721306813881 0.0011406598678149749
0.04597148546599783 0.0013297498849169642
0.039885521036922 0.0011866314823691937
0.03978876849578228 0.0011841389920164147
0.04061654498218559 0.0012038619026952802
0.04105017652909737 0.0012144120516950352
0.04140531259326963 0.0012296796270447885
0.03718053265038179 0.0010725099125465931
0.047036927920999005 0.0013664880953001557
0.03770628279016819 0.001108206987282756
0.039522007762570865 0.0011765188679646599
0.037893165499554016 0.0011170129546371754
0.04815893774502911 0.0013906493472859438
0.036022791085997596 0.0007816628412911086
0.038590221403865144 0.0011461946410236123
0.047701823481475 0.001380305550128469
0.047927747160429135 0.001384050310434759
0.04272380965994671 0.0012672361001477839
0.04247189899615478 0.0012573534645525797
0.04349577626999235 0.0012850523401084502
0.04719318864226807 0.0013709965287489467
0.038622283609583974 0.0011473397166810173
0.04135081129061291 0.0012273216536868858
0.04150060916435905 0.0012322827760726796
0.04521085656597279 0.0013093919956190803
0.03953289598575793 0.0011779136902987375
0.04257024520484265 0.0012623001230167574
0.03832470209454186 0.0011381277395230427
0.03776748121890705 0.0011127536790809245
0.037655622261809185 0.0011058561706249748
0.04311543297080789 0.0012747092021072604
0.04270085004827706 0.0012665547616279582
0.03950194463686785 0.0011732333701957032
0.04336770070949569 0.001279773323290101
0.04527957324171439 0.0013136137224591948
0.04529297086264705 0.001314943095394483
0.0398629423143575 0.0011861064897402684
0.046137777098920196 0.001341904891660306
0.039881259683170356 0.001186306713407248
0.047552802905556746 0.0013769207203040423
0.047593095048796386 0.0013775488218925602
0.04780963045777753 0.0013822603211792739
