0.039215766941197217 0.0011641518776741577
0.039502006373368204 0.0011725423373718513
0.05077309824991971 0.0014254041220738145
0.038200427530682646 0.0011151536441502685
0.053282901222701184 0.0014593807177334384
0.03864734177477658 0.0011436805912126147
0.03736021666554734 0.001087930559151573
0.035841776843881235 0.0009881298014988715
0.039802902756491676 0.00117944362682465
0.04060917525202967 0.0012047931295455783
0.04093927769281436 0.0012085940029464837
0.03869788907468319 0.0011477261618892953
0.04058322461787611 0.0012023514786960732
0.04059946705820039 0.0012026074036839418
0.0392125200596638 0.0011623304608292528
0.039788168243831024 0.001178848007839406
0.05087439238559455 0.0014286821919995418
0.03758927702438086 0.0010927730550065462
0.03768612626299728 0.0010995127358910395
0.04664389052777551 0.001360147381092247
0.04048590479942504 0.0011996215766885143
0.04977317764132749 0.0014007771173965011
0.04021412262227386 0.0011926128881896148
0.03995620121713728 0.0011917078345504706
0.050900268368422985 0.0014291504412540235
0.04593655858479906 0.0013426311941202584
0.046565010445192456 0.001353625125830149
0.05026697987341322 0.0014151497171042138
0.04981594512355514 0.0014022827749613498
0.03886534350749571 0.001150329174606668
0.04050587973324582 0.0012002125740764313
0.04238412022823468 0.0012520871466676908
0.04727199478656985 0.001371077165913448
0.03925702630658634 0.0011654112031465047
0.03831159955007024 0.001125057789067796
0.050456047465559095 0.0014194151117408182
0.047401796269696206 0.0013728188964705623
0.04155463102506474 0.0012324769054430362
0.043938762915786356 0.001290255764615722
0.04222896569990553 0.0012493811714193725
0.043458860978716984 0.0012801880859569792
0.0486128116317559 0.0013965381876914762
0.043942391843302175 0.0012904056493425742
0.039414050203049555 0.0011691524769048556
0.03897986133233644 0.0011591029283408716
0.04197861527791247 0.0012433014262569486
0.04131226768367924 0.0012225921523167926
0.051005347835598513 0.0014314619174911059
0.037942034483421594 0.0011066935085182195
0.045801365122315474 0.0013349788232517312
0.04574448583298363 0.0013332900739442266
0.04998014424927533 0.001406965995556675
0.040646014822414145 0.00120740956708687
0.03865347428654786 0.00114562723410927
0.04761639595380984 0.001378030709020095
0.04294981936982367 0.0012668745457631303
0.04365878365933895 0.0012843576046179805
0.04581913736183196 0.0013371001127779891
0.04060076878522523 0.0012036436037305975
0.047247004506061785 0.0013652841093971801
0.038881604123162106 0.0011507743583933916
0.03628985641989857 0.0010142163459931908
0.037753566284663975 0.0011016090647899546
0.03984469798160717 0.0011802857216025586
0.04084690871241037 0.0012079972016181273
0.04578997027419973 0.0013348504121495353
0.040808600271702744 0.001207478846936283
0.04146515025058761 0.001223152528382343
0.046630749537143856 0.0013544712651309965
0.04588326474186033 0.0013380126592892339
0.04580289183650166 0.0013357366324271425
0.047081171738682315 0.00136418945294281
0.040581669032690115 0.0012023235326523718
0.043674892833223566 0.0012848222263528442
0.04153138920082711 0.0012259560985512508
0.0393031379499007 0.001168101191524329
0.04180530511075631 0.0012396391471156676
0.03823105740593746 0.0011171800479132799
0.03794846823439002 0.001107511609006906
0.03982280130730942 0.0011802028293459443
0.039675151580013335 0.0011752502632589312
0.037721082218922675 0.0011005778328581073
0.04756046245165635 0.0013737666545239335
0.05158544355072081 0.0014417277266147721
0.0411353510862682 0.0012131518533351482
0.0388803728565108 0.0011507237481964694
0.03927538188872859 0.0011678460577968508
0.0357700049316918 0.0009741857188600989
0.03694868502498139 0.001051239588377939
0.04567933727230411 0.001332789475327445
0.04984473649528809 0.001404587086653919
0.04441406752448529 0.0013111600947013358
0.048045533418189734 0.0013840440351486905
0.05082800763193518 0.0014281118187682296
0.040563506830949336 0.001201910064992262
0.038162775337696075 0.0011124662935344531
0.045773391728289425 0.0013344484204935725
0.04490824247477576 0.0013221701096881588
0.03811126318760216 0.0011114010794699425
0.04170360026182607 0.0012388804170768708
0.038877039711223915 0.0011505020333970606
0.04393648635596037 0.0012901701638838858
0.04331695229120669 0.0012767846580459263
0.04059250222053379 0.0012025591904603061
0.03629594953963533 0.0010144033944925468
0.0502301256346982 0.0014118344015514595
0.038286648370558396 0.0011236424006710877
0.038042817657697015 0.0011093400391928299
0.0378684196039103 0.0011053239522880176
0.04584731501745409 0.0013377996180441443
0.04491729394067079 0.001325137110598007
0.04967409493110608 0.0013977715630062448
0.04801480926107615 0.001383947401336627
0.05078774006688036 0.0014256638573897362
0.04047098309092689 0.001199099199311604
0.041270343761425465 0.0012178254801256116
0.04828150136745535 0.0013893502814426029
0.04991124366642907 0.0014046975825294794
0.04620707157300785 0.0013458605658343004
0.03944531152956188 0.0011692308326018974
0.05030347136198543 0.0014161832555146248
0.050802020326955244 0.0014264207093219738
0.04023382792365737 0.0011964156201429432
0.039200266866828315 0.0011616179190241382
0.0410354757332243 0.0012118707518311567
0.04208906419808045 0.0012452106830096454
0.050756404336425476 0.0014252266914809297
0.04059886660252232 0.0012025985793115979
0.039189967181300744 0.001161004290679557
0.04742198687745258 0.001373378728658281
0.04391706164460629 0.0012896883508801693
0.03628638488589786 0.001013614828025311
0.039445062284357846 0.001169165771898406
0.052252670167945325 0.0014432860884880938
0.046204380807466805 0.0013457516870403197
0.05056903130025603 0.0014214804505172651
0.03919519152259454 0.0011615604157668713
0.046524088218575343 0.001351699733731948
0.04115742247086018 0.0012136274244767264
0.04044235820765607 0.0011986045103640208
0.042964116772054695 0.0012673462317707163
0.0388802568486426 0.0011506753767207556
0.044296409556409344 0.0013096557158860378
0.04633190465392545 0.0013481595460689277
0.0463418853469193 0.001348327784853609
0.05074535045423545 0.0014244880803744309
0.05068009419483133 0.0014218248088582186
0.04589307997957803 0.0013394050133683777
0.04255802516127005 0.001255933901120443
0.04591943134437315 0.0013396131289482582
0.05024892718938645 0.001412610949955706
0.049947322739171796 0.0014068566392779758
0.04274358207476325 0.0012655894674935553
0.04188282720861025 0.0012411039069775143
0.0507725747738732 0.0014253718663894688
0.046918591688154265 0.0013628277115458332
0.03772373448009603 0.0011008834103449772
0.044108914720709436 0.0012969645313205547
0.044262636569328606 0.0013066765491203114
0.04408415386569686 0.001296130063565215
0.044822364434367046 0.001319276570029615
0.0502567074727267 0.0014127349350019358
0.04652932223689277 0.001351909647382854
0.04393593780696392 0.001290124425850081
0.04115235237986781 0.0012135780216340208
0.046269353551906534 0.0013477243001034367
0.04701039684005082 0.0013639475755553576
0.04221039806725457 0.0012475971848289191
0.03981252701487392 0.001179737099846534
0.046230335341533646 0.0013470226867866586
0.039408305659890175 0.0011690572264342336
0.043636273956508376 0.0012825477360820514
0.04206581864855252 0.0012447468784557714
0.03771095525007695 0.0010996923983839224
0.04216728446772322 0.0012466198631955194
0.05090437750914134 0.0014294772690846003
0.03976873110514134 0.0011783374029619154
0.046237093905801885 0.001347230296687485
0.04047608352266252 0.0011991421638413158
0.03817575077118818 0.001113479010427909
0.03734811718459241 0.0010871887702705862
0.04057612403994426 0.0012021611605632643
0.04057402233593166 0.0012020718186249724
0.04565252196334768 0.0013305808442964917
0.04630748269846663 0.0013479906101565575
0.03863194122095592 0.0011413011238801118
0.04811345034977421 0.0013857537028343359
0.04806717814062722 0.0013849724086867354
0.04247314133681357 0.0012548884446914599
0.042948682224960066 0.0012659578524107928
0.048090432392200455 0.0013855015413355432
0.04052800817589741 0.0012004305085611122
0.04249461348808836 0.0012556385413518
0.04273320967331529 0.0012642099441109167
0.04297343851067126 0.001270399010991241
0.048132437994354405 0.0013867916927665647
0.05137958488194272 0.0014391123140740092
0.03767239555600099 0.001099163124763436
0.03893399756634608 0.0011547684853212559
0.04057146798004396 0.0012020600961477612
0.03887781294179149 0.0011505689476507541
0.036686393403215334 0.0010287139161846426
0.04832002648618072 0.0013894575008635002
0.044553506682859734 0.0013151816606296052
0.037574650428723544 0.0010919881383415486
0.04239428322762251 0.0012548355366561736
0.04808507546840701 0.001384973088534025
0.038995867304038256 0.001159414237463352
0.043521403189515695 0.001281343527352874
0.04049070700420998 0.0011999538589861913
0.042657012745621614 0.0012627391752175754
0.04722518188646063 0.0013649954407810583
0.04687085791374557 0.0013623084682876652
0.03944621724076569 0.0011709665659509483
0.051539431005949154 0.0014393265687431267
0.05091231214464642 0.00142961624351301
0.0459643647482153 0.0013428531588033366
0.03889757697470486 0.0011522875975060742
0.04384961827599909 0.0012885102203199494
0.03951378841884434 0.0011752343380067032
0.048361463806941174 0.0013914178657614684
0.039213064505020157 0.001163280875516648
0.04350725682161283 0.0012803125955542782
0.03969080476963427 0.0011759149144836556
0.041955355016398244 0.0012414389236710122
0.050723334948997945 0.0014241781477721815
0.0477673206187319 0.0013827817142555432
0.03601034349412657 0.0010050437963400327
0.04054735726094805 0.0012015094866910658
0.04393582898774184 0.0012900842739327345
0.05071396505809389 0.0014229419725779735
0.04398215061519295 0.0012944927807438944
0.04758644678804558 0.0013740597046307812
0.042278474575141445 0.0012506605908129131
0.04674510771292262 0.00136205978333237
0.04300562560092658 0.0012733236198982922
0.043517433368833736 0.0012809572276637482
0.04373663489241153 0.0012854660512857663
0.04827267280779779 0.0013890895870645181
0.053088573156856 0.0014554599474649876
0.048237359849736094 0.0013882864523111493
0.05025902600027621 0.0014140370180939499
0.04388610809110105 0.0012891703827335732
0.0455379422637634 0.001329040765085665
0.04273518512491137 0.0012653882686208817
0.04411389766028151 0.001300807180996344
0.0497176393691916 0.0013989316817060171
0.043442584967124276 0.0012769291620315926
0.0439220768166706 0.0012898416130155965
0.0481277339567896 0.0013863126046089747
0.04416854100418277 0.0013037631752013112
0.050916511958348565 0.0014301618327863252
0.050704128574579954 0.0014222522013369598
0.04305850913806353 0.0012755303869198542
0.04045536447665654 0.0011988796643436217
0.039772416261257604 0.0011786539243985317
0.04053534148260951 0.001201167476210685
0.046026618336327374 0.0013452234943542862
0.0381478203489678 0.0011120906083306181
0.039203945256303996 0.0011620350542216329
0.038894887824426405 0.0011509919049785822
0.0472690797469113 0.0013691202773316036
0.038928881782339886 0.0011525400354912563
0.04216124277445488 0.001246517294930527
0.040644517313921824 0.0012073026973666856
0.04256298000109382 0.0012579695858221385
0.0485734859976219 0.0013964895051685744
0.04262963801738806 0.0012610975866209628
0.04654060828033835 0.0013534920240090287
0.03920829770504497 0.0011623003138083732
0.03969665098702535 0.0011763206584873842
0.05049486202187836 0.0014209732980816625
0.05035829232656397 0.0014171320249261044
0.041844661405775696 0.0012402621273395198
0.042584243608871475 0.0012610259441316884
0.049997635956970043 0.0014102168463523412
0.0386440074944403 0.0011432368510213564
0.05089378710545134 0.0014287056505963847
0.03931139360065572 0.001168912530374655
0.03872964080073871 0.0011493907982185192
0.0397628674400039 0.0011781627181335352
0.04269806470256299 0.001263694985937036
0.03968113761220593 0.0011758921502860176
0.05103154099197127 0.0014356429678628047
0.04166524461470544 0.00123411271488294
