0.0514512575318804 0.0014383239913513535
0.04067403789667878 0.0012105862472253648
0.05378426694369409 0.001479176291013573
0.04159495000203606 0.0012384794581521419
0.050949212309205905 0.0014286343107414723
0.03854191287246067 0.0011393965937713801
0.043004552189813694 0.0012797431916737878
0.03783571360690985 0.0011020600700248906
0.042661956715164706 0.0012659679989610595
0.039355757195153274 0.0011756044968933566
0.03888580480997916 0.0011581486264731211
0.04564893996575847 0.0013425765953343216
0.03914932394400239 0.0011690203691614443
0.03954301108024083 0.0011811385329565383
0.04289653837622609 0.0012745526883009006
0.03840913087424269 0.0011183371981218215
0.04731592096504755 0.0013791663495794637
0.03816476883366704 0.0011129725717182737
0.04495633365877438 0.001325066279150633
0.05203161804820411 0.0014517222882659553
0.04141656759020407 0.0012339884422090108
0.03946268794243224 0.0011800613633567991
0.0404341855464736 0.0012043346982864023
0.043888769127079286 0.0012942395867412415
0.046194007227313705 0.0013563929624069715
0.052114766818704084 0.0014542527660523774
0.039373390885884874 0.0011761422906602093
0.04017827563802712 0.001199089309466217
0.04158507552347146 0.0012374246834951919
0.03910461289342493 0.0011662379733934358
0.03758617570565548 0.0010992581778737076
0.0404738298675511 0.0012064290758644347
0.04127662623068318 0.0012298745064072136
0.04713418736355379 0.0013779498021904146
0.038141944736707956 0.0011123722083539178
0.04163127997890115 0.0012395487669891736
0.04253041291667614 0.0012605953111233248
0.05337152487481944 0.0014674424878649006
0.05090003054647241 0.0014281616940934327
0.0427665453607915 0.001269825396775559
0.039033154302160256 0.0011632630066742422
0.05300635487947147 0.001462455550154118
0.046758998214500025 0.001369193520531553
0.04640139975526836 0.001360893952778497
0.0416879511467414 0.0012395763035328855
0.03907814351259731 0.0011648380436781736
0.04270401198300533 0.0012671225476879044
0.036921686652931385 0.0010744234323283308
0.04757524773594923 0.00138321454483048
0.04670181627443526 0.0013681813022685674
0.05210314888972789 0.0014537623637806973
0.03891155598103069 0.0011596606655075448
0.04470437075360678 0.0013163403637008741
0.042638688304577954 0.0012646926306842943
0.04709903099865187 0.0013751922460869537
0.039891069813165814 0.0011899264377461805
0.04357812006492168 0.0012922043320031662
0.038548194177565165 0.001139972588589444
0.04008118258207105 0.0011958865409269492
0.03859381475194823 0.0011432668470661156
0.038925792250665836 0.0011603022903727833
0.03740097126865294 0.0010904245668825752
0.05138297256780788 0.0014376247108884854
0.03715652824030258 0.0010832735861185938
0.03598469609278254 0.001013534999856347
0.04632785540889017 0.0013576483231645398
0.05099846317898482 0.0014298763985607366
0.03693060929799685 0.0010762890261730718
0.04708490738994442 0.0013708225478694658
0.042682790066464804 0.0012665707959058636
0.03654591378290206 0.001054393977028667
0.051665606602909975 0.0014445020981384005
0.04139206721447408 0.0012337745652075682
0.04494039557175711 0.0013243122602943913
0.05182787386002019 0.001448873187882782
0.03964720809017308 0.001183604568041119
0.039144641094026156 0.0011678808250508155
0.04040007285948377 0.0012033604464249947
0.041386171185877174 0.0012334803918747639
0.036631285009207204 0.0010576843396847835
0.04800582221650984 0.0013884536633668176
0.05161439532821532 0.0014440556158206164
0.04074096499243751 0.001211844818044483
0.040651251561939716 0.0012096619925614505
0.043556809265282936 0.0012920423971536366
0.041458321109530516 0.0012345296454441268
0.037482771440409124 0.0010966754862238304
0.042974630297976546 0.001278174817798572
0.03947605058783665 0.0011806684058228711
0.039933953376021236 0.001192545811591117
0.044919700449099764 0.0013240523633157864
0.040129868721123785 0.00119820021382111
0.03980427385249641 0.001186958426160345
0.04931414456223138 0.0014062773179830401
0.041317612762213685 0.0012316009033384034
0.05338641155685764 0.0014700969652494678
0.0487128023232799 0.0013983782155264635
0.04815282089111861 0.001392189026773849
0.04146468683029525 0.001234662736806058
0.05103766235697549 0.0014312322348359885
0.050971219869097695 0.0014287180260907917
0.042887155010248534 0.001273836967357056
0.04267177637666464 0.0012662586696023936
0.04284553152683657 0.001272020360602255
0.04801380611024797 0.0013903634492180572
0.042541321308817714 0.001261101303043688
0.0466854620462982 0.0013669466302417277
0.052988133786129765 0.0014616476964874892
0.046053689962718636 0.001346428162378288
0.038233463259530254 0.0011141356094412913
0.03855193250637967 0.0011400338348721561
0.0420246427092934 0.0012491448130731442
0.05329856649041176 0.001466494873056945
0.040409196211840026 0.0012035845388709276
0.05182019990752451 0.0014482665051218646
0.04258883935108315 0.0012618575201486237
0.05303137862938456 0.0014630378504989494
0.05398824765870813 0.001481677064930409
0.03916072368156165 0.0011707687463626826
0.04270906608144287 0.0012676662686317286
0.05081284591869917 0.0014208872767085268
0.04146681302518118 0.0012363367463876784
0.05128716350009199 0.001435389891412342
0.03764043885166757 0.0011005013002431951
0.03653468810080085 0.0010470099196595584
0.042598800820996985 0.0012623168904610793
0.0519069783622399 0.0014507330256492423
0.046339067368535325 0.0013581553303083638
0.03990394786524121 0.001190421153751231
0.03911883749242406 0.0011663517377655808
0.03651823838299606 0.001046950415172887
0.04054988034476992 0.001207674668648906
0.04265537217725068 0.001264946165974834
0.038081448365119286 0.0011106987290077086
0.051160600618459284 0.0014334562170006393
0.044567920340341516 0.0013003282568888608
0.03679603448836133 0.001063189216893079
0.0477811322780326 0.0013876965967938304
0.04146490008861292 0.001234859463693283
0.04304487390527356 0.001281875685833711
0.04066352130030282 0.001209889691835997
0.04009243099426385 0.0011963756257955538
0.05126222857506946 0.001434295841590938
0.03933175184647553 0.00117374623005162
0.03845196416659746 0.0011359643158357358
0.046517048351233825 0.0013609678089778754
0.040178330571507104 0.0012002284418031195
0.04467091301921755 0.001314486201863474
0.03690592959173955 0.0010738367325302534
0.04848303167091217 0.0013925156151799456
0.049662411722238176 0.0014109657781773421
0.0392166470119264 0.0011716751905623823
0.03740043925063219 0.001090411937184399
0.03957818618800957 0.001183238274506948
0.051547180002671666 0.0014426123780140188
0.05294180352939293 0.0014615202826462337
0.0398780410469044 0.0011890335501902882
0.04656306517426856 0.0013613732667181466
0.038965743049629964 0.0011625226907199249
0.03556517115794122 0.0008569621995775378
0.04608387243933976 0.001348711479749909
0.04316630036919378 0.001282255878095384
0.052159238810418174 0.0014543846377819136
0.0446836156770587 0.0013151977782399626
0.041213292235624976 0.0012231825187427603
0.0397209620277863 0.001186638217404834
0.03686730448680464 0.0010725781253313471
0.038513279949256685 0.0011384666647415997
0.038490536375320517 0.0011374589689694403
0.04303954212809913 0.001281596089256709
0.0447640098282136 0.001318394819918467
0.040535975247621536 0.0012076394498308218
0.05293789146526251 0.0014610922103202029
0.0436475340538891 0.0012940501956109074
0.03896813605388161 0.0011630189792413148
0.038510026497533545 0.001137972493779671
0.04673620958055835 0.0013685420416322813
0.04026513887220062 0.001201153536385391
0.04169789761363063 0.0012401744779708679
0.03720095603785012 0.0010838578996299475
0.052867985708871856 0.001456025878269429
0.038574811653234065 0.0011415218264119176
0.03691964042081963 0.0010739025924522139
0.04041434758983087 0.0012036879129482259
0.03735211890307255 0.0010887846947298385
0.041832333081401885 0.001241410027432721
0.039859233947936445 0.0011886723505085683
0.053992924658814445 0.0014817119149483915
0.03855812654364854 0.0011405028712943022
0.03892213221115526 0.00115986648688704
0.044726172694936395 0.0013168430818950583
0.03885892653488554 0.0011572150356187194
0.051363955572014675 0.0014363814170792466
0.03736555723298807 0.0010892948971559235
0.04708625061903149 0.0013733667715314368
0.04366370567004196 0.0012941275085722737
0.042710571782663465 0.001268177803922299
0.047237332750228234 0.0013784927175493067
0.04274833737872541 0.0012694315873886808
0.037930575708742253 0.001103142299598403
0.04316635473514907 0.0012822884459637862
0.04158741519495379 0.0012380003813632356
0.041422332913498394 0.0012341353449301096
0.04170569316192996 0.001240306543877523
0.043209774361457676 0.0012855040990871203
0.04742112058738712 0.0013797497408631898
0.04291564266895875 0.0012760268607507896
0.039667752527748235 0.0011850657510876772
0.03814532070828136 0.001112488708258752
0.04472748081025202 0.0013183063406358997
0.045653542314539663 0.0013449419932385354
0.05072275835846085 0.0014170045005812426
0.04944081514258869 0.001409175971730292
0.04350039932614891 0.001289984218601603
0.036897698271786794 0.0010735685245890636
0.036875535966828465 0.0010728463334999105
0.04709578206529841 0.001375097860545793
0.04516285604040604 0.0013319617817160179
0.036686218867544085 0.0010603570003695495
0.036301906482549384 0.0010362304406044132
0.040941300918348134 0.001215532548030751
0.04491613984282594 0.0013232710282409244
0.03891038250003476 0.0011592025748541346
0.04813284867850598 0.0013908514133618155
0.03935012266447302 0.0011739412484530476
0.052085629853536375 0.0014531870392602286
0.04657715023495257 0.0013627496780372894
0.040845484589226544 0.0012147593165536819
0.038096550342743285 0.0011114281123809633
0.03742373039131053 0.0010925420588137058
0.044915836697327904 0.0013226095506979618
0.03800944524118677 0.001109341510982631
0.0398989441600861 0.0011902085630026704
0.03742264072934631 0.0010913049513874284
0.0389070070523303 0.001158469905021775
0.05141171939612832 0.0014376651740803936
0.040911591466283426 0.001214838207943103
0.04488914711691905 0.0013219813322393748
0.04093386424938217 0.001215105188293819
0.041963102121371776 0.001244387451606599
0.03914913166954648 0.0011679560061566008
0.03850863146362826 0.0011377017488030106
0.04152495389280375 0.0012366956748337543
0.03856145031750202 0.0011406020385038573
0.04000669154629577 0.0011947809596222214
0.039784522785339504 0.0011868864371535892
0.04727138695307076 0.001378762293370528
0.04134372230328154 0.0012329607400261011
0.037360592163167894 0.001089145903733879
0.05327628491795622 0.0014659696935268585
0.04499576010857709 0.0013263817111237586
0.050733460346236825 0.0014204568524291972
0.05300545487261843 0.0014624015564095316
0.05136545626737643 0.0014364405819833337
0.038726150000002235 0.0011443174732903572
0.05208736144413706 0.0014537549293436314
0.03736958699300885 0.0010898637042373593
0.038885565314558335 0.0011579028086998733
0.041024956342880614 0.001217169041865418
0.038508542711497284 0.001137640406795981
0.05388236323778983 0.0014791828236866422
0.05306240047502797 0.0014636013777362678
0.04004972614347935 0.0011958787099501933
0.04061423990060575 0.0012093496029592643
0.041272257643868215 0.0012296064332986134
0.045072471257299185 0.0013302888514772349
0.0461612582730595 0.0013553174380831479
0.03907272103242576 0.0011638865430541045
0.042451905595953576 0.001257044774320093
0.043235569159151055 0.0012858360296377214
0.04133331794582773 0.0012318733474785404
0.03896504452859517 0.0011624787439359352
0.03892664043814875 0.0011605560412135674
0.038953051014686935 0.0011621236067185237
0.04284727718913928 0.001272598607783948
0.036896070960210636 0.001073515487178156
0.0368689329479821 0.0010726312098086055
0.041448087969911285 0.0012344816605036613
0.051531510980566964 0.00144058012278947
0.04111554546398111 0.0012205338521198428
0.038421586563345045 0.0011340232667862438
0.04516172056901269 0.0013311225520737935
0.03713943751063198 0.001079606470739236
0.039974719533347525 0.0011945579635721515
0.04746055501163937 0.0013801048885397904
0.04111033756635152 0.0012197489609206968
0.038873844052432105 0.0011573563588171965
0.04460757474589627 0.0013123137837283139
0.038932414187001996 0.0011612310595410236
0.04658514732727781 0.0013627985983930557
0.044502597011160105 0.0012966246158612194
0.03855694485537242 0.0011401509177630942
0.043038841205998324 0.0012799205533156055
0.04119489336153492 0.0012226166056734655
0.053916084551019594 0.0014798655256527127
0.041603679332183674 0.0012394168950322637
0.05306965175259393 0.0014642070113950467
0.05099476633768063 0.0014296093304437818
0.04614048336225096 0.0013538309813156957
0.042612021847162396 0.0012627949136003735
0.03886929604050238 0.00115726463673127
0.03996015050506685 0.0011929318029615388
0.03661155092413537 0.0010571780671853048
0.040400889643933624 0.0012034210035380966
0.046786502716713585 0.0013700108770535735
0.03984131256584078 0.0011879177263836027
0.037321237003197894 0.0010883150716836099
0.04808151382894721 0.0013906255048823368
0.04679691452474799 0.0013704540438084223
0.040338204824365675 0.0012012940655949933
0.0491520988434786 0.0014057673508887092
0.041253913834225386 0.001224357103183138
0.042941246065311134 0.0012781390648797242
0.043580121389823034 0.0012928750688843138
0.04496288787049707 0.0013253397844437131
0.03939679493487347 0.0011770036758207425
0.03982394581544213 0.0011873793500853935
0.04009627968480345 0.001196565107875358
0.04504058223392349 0.0013267634142266616
0.04229860093619209 0.0012509266775850847
0.04799593717325479 0.0013883440722111118
0.042792585503775626 0.0012706173079095606
0.04156635201070458 0.0012372671860703122
0.04251850819855463 0.0012595439266078756
0.05226618656888604 0.0014560008289663529
0.0475211556913564 0.0013822145451740653
0.042518087167991325 0.0012593968961027713
0.03696384948852938 0.0010777540046547074
0.0381460229982622 0.0011125004321002052
0.040177371716708876 0.0011990689449703495
0.0365546295652166 0.0010546666858317622
0.039823121987865306 0.0011872914074047003
0.03561555963824503 0.0009707340173008561
0.037144011934287846 0.0010796899050546926
0.038179151044460014 0.0011132241697850986
0.03846178406092804 0.0011363838975739782
0.03992523087072186 0.0011912142333585507
0.03615823017025832 0.0010220918720733607
0.03801527008181438 0.001110639855141926
0.039249601803021505 0.001172808737919695
0.037895634697633795 0.001102422130315972
0.0401169211108936 0.0011977514998307015
0.04709212739544455 0.0013736571147546783
0.04277975072909612 0.0012702325849431872
0.038914840944926254 0.001159848357019655
0.037129017495317385 0.001078839184174285
0.03889588739548344 0.0011582707852539897
0.05084407968388405 0.0014245102536278864
0.042429131965036504 0.0012566186073854624
0.04009761726774741 0.0011966231108999636
0.040723347454331815 0.0012112430513298023
0.04037780757062137 0.0012017887740967126
0.039124594171880744 0.0011668047900457168
0.03627591370604932 0.0010357186365581583
0.038223434254177846 0.001113849582907278
0.036583894659997895 0.0010547909669185174
0.0493491399101913 0.0014079531915740517
