0.03764586588434666 0.00040867039979339455
0.03765177568143749 0.0005909702055302077
0.03829247183355218 0.000611988674808193
0.03843348858938051 0.0007350300848869715
0.03891498278002534 0.000752220028218103
0.039286765793506005 0.0007673111186955572
0.039286765793506005 0.0007673111186955572
0.03935581500526613 0.000799047891309971
0.03940124212150322 0.0008138870167407299
0.039628210625334497 0.0008929411852714577
0.03976419782583732 0.0008990294800932448
0.04025048830313293 0.0009286430029744627
0.04122677710026655 0.0009337049512743861
0.04122677710026655 0.0009337049512743861
0.04149122919326039 0.0009543885952679966
0.04158148711339179 0.0009634420388026065
0.041703413423220106 0.0009668492037778204
0.04231357796933577 0.0009700194550791357
0.04234410137423403 0.0009903248535618814
0.04256310757326529 0.0009994750415145129
0.04365408179979418 0.001001452157586561
0.043709406546580426 0.0010260814892259836
0.044542615559565 0.0010537857213258812
0.045240722248367476 0.0010589265419963685
0.045432518554963754 0.0010746820185150979
0.04555181112559878 0.001083621627812829
0.045700481021922916 0.0010915437544694593
0.045700481021922916 0.0010915437544694593
0.0465177564686396 0.0011045296422219318
0.046638271623409236 0.0011090966482857436
0.046638271623409236 0.0011090966482857436
0.04772387004668466 0.0011203644863181966
