0.058752391628936536 0.0006064375421395596
0.058982267306361955 0.0007757797035436642
0.05907900118119651 0.0007868304509684548
0.059086579055689405 0.0008123682458000506
0.05922160737631536 0.0009727819111149315
0.05959495676616609 0.0009876433243188772
0.05988562644800868 0.0010475541611089066
0.05999258993284383 0.0010815015034677366
0.06007634004078764 0.0010942827148314543
0.06015774471992336 0.001145414708833849
0.0604049763371808 0.0011626513666929004
0.06055337989177668 0.0012140810773227464
0.06067243017929647 0.0012335537256159036
0.061062955211634316 0.001251348709522147
0.06123316625831472 0.0013297549667261016
0.061585107239226826 0.0013384012890741714
0.06172479977978858 0.0013479760995996277
0.06177796994188725 0.0013620326837880006
0.06209719776842354 0.001369892567555135
0.06240915780518458 0.0014263959944256213
0.06393361287311289 0.0014454550838307351
0.06508815237598226 0.0014834197390908718
0.0651391704631095 0.0015083152226066652
0.06537576552289272 0.001560373798520265
0.06707878378973091 0.0016059633647987567
0.06866678428063396 0.001607796573438825
0.06876632864302991 0.0016197088150966522
0.06886861383695482 0.0016371283286895047
0.06957547538010114 0.0016474906096252274
0.07013466911332054 0.0016778168611156171
0.07299660732662061 0.0016902985561160137
0.07309763900074029 0.001696738188824535
0.07331461396925049 0.0017137230291254658
