0.038002817232884616 0.0006346358526214773
0.03815353659542946 0.0006476502484617156
0.03823923939591743 0.0007144556652951937
0.03840502427139602 0.0007432731878756088
0.03883826889797818 0.0007488165427012966
0.03905024891531331 0.0007615118875184192
0.0391030176898955 0.000779069812833088
0.03919139569682859 0.0008228931094404276
0.0395137988158847 0.0008229457792792281
0.039794856880528126 0.0008682786342897943
0.04051404539309279 0.0008828420251325004
0.04092798848846919 0.0008980485343868135
0.04099743993584129 0.0009011386728403144
0.041263436335329494 0.0009029495940882967
0.04130770391053533 0.0009192690762426476
0.04134764152940404 0.0009468827723707908
0.04204594208262749 0.0009666981394142486
0.04268881531209174 0.0009994479679076946
0.04303047526631787 0.0010027530280755043
0.04314623431337316 0.001016860844110221
0.04338931232786567 0.0010267918516526063
0.04338931232786567 0.0010267918516526063
0.0442072192564263 0.0010479487955292399
0.04466079215363768 0.001049525579038436
0.04527591646936152 0.0010661806926675352
0.04570652076104374 0.0010944435532219629
0.04724078898226362 0.0011063145740031319
