0.03768893264155049 0.0006034881146838065
0.037952472628388224 0.0006273733336682637
0.03810127506611372 0.0006430625344435901
0.03812316815425306 0.0006927012308044777
0.038124434547820524 0.0007320125056121528
0.03814258100733791 0.0007323263610651189
0.03815379507329489 0.0007386424780293528
0.03878759118945008 0.0008298204690150937
0.0388882274938993 0.0008685607452972978
0.040066717035073814 0.0008973128103445442
0.040066717035073814 0.0008973128103445442
0.04022918250925044 0.0009280499811923886
0.040590492191811205 0.0009361787782665323
0.040757636734379106 0.000938476031884371
0.04086539786354345 0.0009407103733925728
0.04089529411068717 0.0009564337566023948
0.04121729723475806 0.0009624417656761621
0.041228023898335006 0.0009647009815353927
0.041379346874537454 0.0009692979280213054
0.04205773678362912 0.000969967045170686
0.04213302289401343 0.0009756226512810906
0.04213302289401343 0.0009756226512810906
0.04221979478692986 0.0009831069092146563
0.04263769148472041 0.000989681042817886
0.042709642231004485 0.001003307495423431
0.04303869989019514 0.0010099983244304881
0.043168071619961085 0.0010165015696085582
0.04367506872488355 0.0010766024659990129
0.04367506872488355 0.0010766024659990129
0.04367506872488355 0.0010766024659990129
0.04386721441752528 0.0010776933733904904
0.04488776831024625 0.0010833843399220885
0.045424799121481355 0.0010833995154214233
0.045424799121481355 0.0010833995154214233
0.045553766469704805 0.001086438276844457
0.04569285208098593 0.0010953136419014314
0.045756275367820676 0.001110460015877925
0.04579296819019377 0.0011106654984162348
0.04667429817251361 0.0011148698622095608
0.047106293652819736 0.0011226854974166526
