0.03556804058197863 0.0006103118241486076
0.035595485139056283 0.0006675795756645475
0.035595485139056283 0.0006675795756645475
0.035595485139056283 0.0006675795756645475
0.035595485139056283 0.0006675795756645475
0.035595485139056283 0.0006675795756645475
0.03563467452901581 0.0006684894271551095
0.03564147514777405 0.0006755298091632639
0.035644132866502004 0.0006757549189576834
0.03564476961326085 0.0006770835997252892
0.035644823680152316 0.0006896673628652249
0.035645111558992526 0.0006904714292526555
0.03564652900753658 0.0006929747705530512
0.03564652900753658 0.0006929747705530512
0.03564652900753658 0.0006929747705530512
0.035647590961089465 0.0006983822279377818
0.035647590961089465 0.0006983822279377818
0.03564819736501759 0.0006989196458270735
0.03564934320332379 0.0006990981191795676
0.03564934320332379 0.0006990981191795676
0.03564934320332379 0.0006990981191795676
0.03564934320332379 0.0006990981191795676
0.03564934320332379 0.0006990981191795676
0.03564934320332379 0.0006990981191795676
0.03564934320332379 0.0006990981191795676
0.03564934320332379 0.0006990981191795676
0.03564934320332379 0.0006990981191795676
0.03564934320332379 0.0006990981191795676
0.03564934320332379 0.0006990981191795676
0.03564934320332379 0.0006990981191795676
0.03564934320332379 0.0006990981191795676
0.03564934320332379 0.0006990981191795676
0.03564934320332379 0.0006990981191795676
0.03564934320332379 0.0006990981191795676
0.03564934320332379 0.0006990981191795676
0.03564934320332379 0.0006990981191795676
0.03564934320332379 0.0006990981191795676
0.03564934320332379 0.0006990981191795676
0.03564934320332379 0.0006990981191795676
0.03564934320332379 0.0006990981191795676
0.03564934320332379 0.0006990981191795676
0.03564934320332379 0.0006990981191795676
0.03564934320332379 0.0006990981191795676
0.03564934320332379 0.0006990981191795676
0.03564934320332379 0.0006990981191795676
0.03564934320332379 0.0006990981191795676
0.03564934320332379 0.0006990981191795676
0.03564934320332379 0.0006990981191795676
0.03564934320332379 0.0006990981191795676
0.03564934320332379 0.0006990981191795676
0.03564934320332379 0.0006990981191795676
0.03564934320332379 0.0006990981191795676
0.03564934320332379 0.0006990981191795676
0.03564934320332379 0.0006990981191795676
0.03565266154376481 0.0006991720111770688
0.03565266154376481 0.0006991720111770688
0.03565266154376481 0.0006991720111770688
0.03565294640796006 0.0006992163810219727
0.03565294640796006 0.0006992163810219727
0.03565294640796006 0.0006992163810219727
0.03565294640796006 0.0006992163810219727
0.03565294640796006 0.0006992163810219727
0.03565376823202222 0.0007014813050727955
0.03565376823202222 0.0007014813050727955
0.03565376823202222 0.0007014813050727955
0.035663062169344034 0.0007017803928696001
0.035663062169344034 0.0007017803928696001
0.0356646901415307 0.0007031824786110422
0.03568142703042655 0.000704095428270116
0.03568570592755016 0.0007052330640627423
0.03569999273084376 0.0007069871825228158
0.03571686757524804 0.0007096155726170843
0.03572695931347722 0.0007096574377647046
0.035733022724987185 0.0007114279222668848
0.035736402416628676 0.0007126582782176733
0.03574074486727641 0.0007133346491514676
0.03574602921332018 0.0007141577277211649
0.035756138181667466 0.0007142022765955586
0.03575849074558339 0.0007485831058771365
0.03578649093863376 0.0007606461420432978
0.035793753392039454 0.0007715677079829211
0.035793753392039454 0.0007715677079829211
0.035794638995887765 0.0007717779062413676
0.035794638995887765 0.0007717779062413676
0.035794638995887765 0.0007717779062413676
0.035794638995887765 0.0007717779062413676
0.035794638995887765 0.0007717779062413676
0.0358051793919498 0.0007744804164802465
0.03581553664352895 0.0007760596860152964
0.03582335864463333 0.0007776387881171367
0.0358270561253414 0.0007782811697595275
0.03585548612222142 0.0007798433824965959
0.03586729307880597 0.0007816436816566154
0.03586754352818003 0.000781681869634569
0.03587334563282976 0.0007833037854812665
0.03587453149266351 0.0007857567637974992
0.03587453149266351 0.0007857567637974992
0.03587453149266351 0.0007857567637974992
0.03588865707200688 0.0007861793477236165
0.035914409931557104 0.0007871517545126422
0.03591548276724807 0.0007893286493681996
0.035939855784555344 0.0008137052834390504
0.03597392160053407 0.0008260244146504073
0.03597471883000286 0.0008273737104756836
0.03605393454990484 0.0008334657960677895
0.03605558414012487 0.000837236068318362
0.03611607826499866 0.0008436940285202336
0.03615269528781612 0.000846034796282218
0.03615453488738314 0.0008482401061599802
0.03615657862329129 0.0008564770932807547
0.036225880787345094 0.0008588424663292679
0.03623679617882497 0.0008595811390260461
0.036314472473020776 0.0008766494636393613
0.03649629015249481 0.0009133933069485712
0.03691767185679701 0.0009294265432526153
0.0369627605677984 0.0009538181527372324
0.03709016955293172 0.0009688983812291165
0.03756448871048265 0.0009739267086246551
0.037575186301274585 0.0009755543676986572
0.03757729887792806 0.000975875851787408
0.03757729887792806 0.000975875851787408
0.03758724420180719 0.0009773891203532364
0.037715927645829414 0.000997475904542527
0.03772929562163539 0.0010022119602880015
0.03889865169759254 0.0010419073207783068
0.03915015940948338 0.0010493863078215606
0.04088473682177994 0.0010801118899262587
0.04122470359853499 0.0010894607157704056
0.04138487272069105 0.0011347623108650163
0.04433205784517587 0.0011947526551254323
0.04511418761336945 0.0012104813678292497
0.050905177291816685 0.0012421463075861794
