0.007436902525492691 0.0008004658141341595
0.0074710909227518885 0.0008047510644620653
0.007491097301242538 0.0008095324741423841
0.007634856678200307 0.0008101141553163894
0.007818344347481944 0.000810515028773386
0.007962618013583792 0.0008111508558446484
0.008130495478540941 0.0008126431534294786
0.008235305902369754 0.0008184962505398256
0.008487889477965532 0.0008289630930348973
0.00852424774110372 0.000844039383562031
0.008749221674293 0.0008460881706617364
0.008997211157107051 0.0008481054240805702
0.009000872960501418 0.0008625286615610097
0.009010835067437894 0.0008648291679683867
0.009104164878761895 0.0008744075883484526
0.00929116012746379 0.0008781197845878974
0.00930511314593698 0.0009071398255432085
0.009330493964914224 0.0009794207043621217
0.009373966266597223 0.001063390885114519
0.009476278235134502 0.0010663053564764745
0.009661537280488589 0.0010682102109984587
0.009723762296654746 0.001092892658664606
0.009913516077081994 0.0010986694256998925
0.00994187753210866 0.0011041395044017535
0.010087996138778952 0.0011120860958571555
0.010102937227715166 0.0011786172572807838
0.010255836321217508 0.0011939730400047986
0.010458820755006953 0.0012007266747892412
0.010471331387766576 0.0012279449350914668
0.01080200099438098 0.001250600626007015
0.011366602452622075 0.001267760132826559
0.011380057367007175 0.0013052612464676612
0.011897730507339383 0.0013595961346530181
0.011977115299206984 0.0013673684055870896
0.012305194584655482 0.0013757091576472038
0.012312708694252947 0.00138913291282746
0.012329176287287287 0.00141306553647418
0.012352314971511277 0.001432927142985628
0.012398419765037066 0.0014410573162491108
0.01241934809445223 0.0014426412261682158
0.014362359825542858 0.00145621417069794
0.01968416418505056 0.0015092036671169114
0.02100272060363613 0.0016674952747094789
0.023831993491915122 0.0016751873958361688
0.02516939100869177 0.0017812868724647116
0.030011753114074582 0.0018298646018379157
0.03090113010889173 0.001835524261372685
0.031015187274558525 0.0018571657929534076
0.0314115903696048 0.0018964811744220655
0.03199578925782344 0.0019288989741551312
0.03223147195551172 0.001944415503712056
0.03343967845324348 0.001966676177793839
