0.0074789308666724525 0.0007722529338577079
0.007589628858150095 0.0007723161060016029
0.007652222088170448 0.0007800176235581865
0.00776547040001755 0.0007940836068494409
0.007778838528550203 0.0008039674810469957
0.007792553784958328 0.0008042029302775183
0.008162073343092664 0.0008098173515096086
0.008247987108134354 0.0008733785680275234
0.008930677059867241 0.0009060097100305144
0.009036051348424208 0.0009411438934770683
0.009080879126922473 0.0009591374220323705
0.009324252274417057 0.0009886738902574878
0.009352453777461071 0.0010056751934370126
0.009438102041580573 0.0010372100270252327
0.00955334441190982 0.0010815112779259573
0.009803199374562041 0.0011044765777091642
0.00993845420734355 0.0011194154975985766
0.010014757970782046 0.001147877167767979
0.011263269536464109 0.0012536255738875507
0.011299964320608912 0.001309220082865394
0.01131484840578174 0.001315803652720174
0.011775926932606139 0.0013293540122738894
0.01216028133375485 0.001389139714093236
0.012585826689138747 0.0014103395863789652
0.01309284361310285 0.0014255892155045614
0.01949702723292028 0.0014853093672447522
0.019522890731059072 0.001548377257677025
0.02231631888830326 0.0016828737746990448
0.027155320404235527 0.001718825102065064
0.02759669798775525 0.00172430167457681
0.028234905238074245 0.001762639370805806
0.0292140862816949 0.0017644109769420842
0.0305892868514953 0.0018698014955759166
0.03215328752253812 0.0019324578889184756
0.033461332459513736 0.0019450050731236875
0.03349693308179637 0.001971730744808093
0.033699502623937436 0.0019949035066049382
0.03392162354594428 0.0020092353231645444
