0.007608699630733427 0.000817545449817559
0.007742208844681258 0.0008218866295795813
0.007795180253045068 0.000827124369941659
0.007897226233480098 0.0008276339631812998
0.007983570881705798 0.000833422524002572
0.008120040702169477 0.0008455299361395838
0.00822892158583987 0.0008461565084640378
0.008278978873494993 0.0008853686733251971
0.008398084546642298 0.0008884412464016644
0.008400716677477136 0.0008902898984687506
0.008454289971253021 0.0009544576672642322
0.008836282139253412 0.0009667937390963105
0.009008935245025902 0.0009715646654355575
0.00905536175122015 0.0009750919524271461
0.00919220544091695 0.0009987998620071522
0.009229356007860715 0.001009531419130772
0.0092854802409869 0.0010273537397708493
0.009365775321246592 0.0010513068412710928
0.009383499465695489 0.0010672653147420028
0.009511178551109247 0.0010677439693216751
0.00961721310436029 0.0010844989055654986
0.009681828297896395 0.0010872290766742163
0.009734183567930979 0.001089391796890898
0.009746062877279874 0.0011078702271916183
0.009769386540185405 0.001117948638983944
0.009833115192226525 0.001118534603962457
0.009843945678146273 0.0011295848371688164
0.009989172604741092 0.0011490825393712656
0.010146443301400881 0.0011534119454701475
0.010403073994633857 0.001167218544716906
0.01072139235431518 0.0012359673144500586
0.011838168957398722 0.0012743275657369714
0.012286807345875153 0.0013137603843750352
0.01239157521259051 0.0014331876770575702
0.018383049310247715 0.0014332700152430305
0.018447661089150816 0.0015743465689394922
0.022521607678053224 0.001593321064081353
0.02259745487212779 0.0016113276939618503
0.023300782342803045 0.0016582068190342943
0.023335190286593647 0.0016697846844509368
0.023403995615744844 0.001731154003241975
0.024106777861533233 0.0017509455356347274
0.02650851515252844 0.0017796700348143215
0.026647839111670776 0.0018010942679719474
0.027719988077118573 0.001824667340177928
0.03015643568887037 0.0018268960709924417
0.030272848633426042 0.001851440268629494
0.030774010783351624 0.001859112554269386
0.03081428812023098 0.0018704463449693452
0.0315330244178614 0.0019262375297443238
0.03188864029985749 0.0019338830252154083
0.03212174587767843 0.0019340525952523699
0.032953303994108625 0.001956462338172896
0.0333546874915069 0.001993923343113997
