0.008262723427819956 0.0008067254427437414
0.008328780207180829 0.0008072567780475206
0.008351825082077623 0.0008231361803208287
0.008377620143858878 0.000834070356057945
0.008579775588221233 0.0008385320999102697
0.008636144217193926 0.0008531676464954846
0.008731096191443053 0.0008787783969293485
0.008883236947587109 0.000900117382196249
0.008945127099546674 0.0009107004093178214
0.009111425186504893 0.0009288240516730629
0.00913337666886996 0.0009328641538904387
0.009254459295989705 0.0009620952617031072
0.009354577783778597 0.0009672446927690862
0.009373650075660864 0.0009811554134802032
0.009402094970724022 0.000983016463661011
0.009423774575920002 0.0010216964678154206
0.009580929087164725 0.0010260055180792438
0.00967548480811348 0.001032375686889661
0.00971211143907081 0.0010324897599210258
0.009758884901874806 0.0010331314454978776
0.009773674080318498 0.0010519769401077976
0.009815830619522235 0.0010641482216836799
0.00981815047903226 0.0010670403066347488
0.009826669987075444 0.0010868310794279424
0.00985160906239301 0.0010878409437247137
0.00994531256225872 0.0010886530575941857
0.009997501974254126 0.0010983578412103142
0.00999764097025976 0.0011038337756095042
0.010027295203491715 0.001104021353142341
0.010067806905922037 0.001105085513058021
0.010263200426180955 0.0011125931444407081
0.01037399048043339 0.0011149188269923057
0.010462899280016 0.0011164927594351946
0.010699687796833245 0.0011304992647281666
0.011182272874227123 0.0011323691555386976
0.011447525922074837 0.0011564203523085387
0.011703789284180803 0.0011609955730542314
0.011776994522696451 0.001168213165486813
0.011906767752946764 0.0011797808931640608
0.01194644132348401 0.001227011737708151
0.012155788671440038 0.0012409870043586216
0.012447705962252833 0.0012427079851831738
0.012481881404365569 0.0013252360250286211
0.012631754633143595 0.0013371289887070092
0.012710567200476395 0.0013450695292889167
0.013125730878020039 0.001351711894589652
0.016757647728941845 0.0014045344201537725
0.018718557219064014 0.0014273055981770433
0.019382904076774902 0.0014519623742642429
0.01963386075919308 0.00146578448113964
0.020393998694017715 0.0014778009682816949
0.02111610167056091 0.001488387709375815
0.02202186176598555 0.0015496101447898536
0.023369676360664254 0.0016835886491111428
0.028133936618177372 0.0017208052017852848
0.02997703165548872 0.0018117917831391712
