0.007530552394248486 0.0007722156694579481
0.007533917696775798 0.00079345831579021
0.007553000960635532 0.0007939057901398936
0.007556970417615171 0.0007993011976715652
0.007603660985258718 0.0007999171000146505
0.00761658002667772 0.0008062082888323592
0.007678080057756321 0.0008078977032039534
0.0076933343764214925 0.0008103134364922375
0.007731096104625638 0.0008191756877685735
0.00786877833503505 0.0008191897609094955
0.00787900316997192 0.0008191908157189252
0.00823756461704919 0.0008224962827497768
0.008311116062528913 0.0008250242479930114
0.008393143247665814 0.0008456832458065779
0.008600163827444444 0.0008478449239729121
0.008601252744345178 0.0008748592872957125
0.008704213267163204 0.0009311003996813677
0.008763866262048382 0.0009392246764853121
0.008785015802404879 0.0009392697110054633
0.008908158812376887 0.0009412507351660545
0.00909572737459757 0.0009884704634047481
0.009252749932759489 0.00101347422280823
0.009637481173407252 0.0010883303065559445
0.00973716730330885 0.0011007479486141582
0.00984155521386364 0.0011096355302512829
0.00989270825613884 0.0011185194236282133
0.009921280622802982 0.0011266094956812486
0.009982053433125717 0.0011332377363470463
0.009992089483488065 0.0011344648447297416
0.01038609770944214 0.0011858275022957666
0.010986801420415769 0.0011893528615882151
0.01115290871456696 0.0012590707285660488
0.01183902017964331 0.0012591693344522687
0.011882708788751174 0.001283390090862329
0.012109249976299669 0.001305878920398796
0.012120709198547828 0.0013238543848069397
0.012178661979164762 0.001370955020537401
0.012510878411424427 0.0013871998409103828
0.012721661497737631 0.0013886796335130323
0.013774672909946776 0.0014087504233917542
0.016133332915632 0.0014502846380645318
0.01861719428187044 0.0014527721284432246
0.019954343632058884 0.0014803766450634107
0.020103856628833926 0.001531818063619956
0.02017623806913833 0.0015770163656824844
0.021324210527307028 0.001587642227111245
0.02154877815687375 0.0016054522315966453
0.02162085355899944 0.001626197382053598
0.022657161984991295 0.0017134605596620784
0.02841554511122925 0.0018144839357362762
0.031178962287170348 0.0018270412201107772
0.03121303700770892 0.0018586880837808118
0.03167595341124412 0.0018928898211880887
