0.035518749820767435 0.0005373481331791699
0.035518749820767435 0.0005373481331791699
0.035518749820767435 0.0005373481331791699
0.035518749820767435 0.0005373481331791699
0.035518749820767435 0.0005373481331791699
0.035518749820767435 0.0005373481331791699
0.035518749820767435 0.0005373481331791699
0.035518749820767435 0.0005373481331791699
0.03552547538074379 0.000538559521893906
0.03552547538074379 0.000538559521893906
0.03552547538074379 0.000538559521893906
0.03554385737219581 0.0006249340364477396
0.03554385737219581 0.0006249340364477396
0.03558141592282184 0.0006251901915977979
0.03558319280947505 0.0006576058051115615
0.03558838734298864 0.0006582645124442167
0.03558838734298864 0.0006582645124442167
0.035609060473305094 0.0006643888612795257
0.035609060473305094 0.0006643888612795257
0.035625512464215144 0.0006680578203422962
0.03562646813294093 0.0006706043312526607
0.03564566346483296 0.0006715903761920887
0.035647089444577555 0.0006966661997729088
0.03573062358458686 0.000699702389012532
0.035748123635205055 0.0007000141544092355
0.035748123635205055 0.0007000141544092355
0.035748123635205055 0.0007000141544092355
0.035748123635205055 0.0007000141544092355
0.03574998227463842 0.0007018525311244456
0.03574998227463842 0.0007018525311244456
0.03574998227463842 0.0007018525311244456
0.03574998227463842 0.0007018525311244456
0.03574998227463842 0.0007018525311244456
0.03574998227463842 0.0007018525311244456
0.035751769125724274 0.0007034626023294845
0.035752095642792664 0.0007053828971309516
0.035752095642792664 0.0007053828971309516
0.035766936150552375 0.0007142894606251404
0.035766936150552375 0.0007142894606251404
0.035766936150552375 0.0007142894606251404
0.035766936150552375 0.0007142894606251404
0.03577429183979606 0.0007247150698066368
0.0357768845295324 0.0007260932450252548
0.03578514315240389 0.0007305602056845981
0.03580164965786864 0.0007486984984429814
0.03588789305315905 0.0007748359786377757
0.036059228488224244 0.0007874478284868656
0.03608722866478048 0.0008076359624478428
0.03610329501127309 0.0008190166742527371
0.03613345312197064 0.0008252709601720165
0.036289743196378225 0.0008623658249525638
0.03640437576775139 0.0008638814991711423
0.03700296311907327 0.000878011332061846
0.03735255874425143 0.0008829198429667351
0.03738523383299 0.0008854968537142064
0.03766715817440619 0.0009146680272738588
0.03827090828621625 0.0009242628269608532
0.03830093290558402 0.0010113181631950636
0.04280162285134834 0.001011489031325313
0.04310630550138076 0.001029682607623628
0.043976084030178796 0.0010467057020647134
0.045450565251562235 0.0010726250457161683
0.045634986544985434 0.0011160946263332726
