0.03555849181099005 0.0006604524008003275
0.03555904973355888 0.0006605393016403089
0.03555904973355888 0.0006605393016403089
0.03560331450964315 0.000667433889596057
0.03561703145629223 0.0006695704122111578
0.03561703145629223 0.0006695704122111578
0.03561703145629223 0.0006695704122111578
0.03561703145629223 0.0006695704122111578
0.0356817939723456 0.0006719834393680342
0.0356817939723456 0.0006719834393680342
0.0356817939723456 0.0006719834393680342
0.0356817939723456 0.0006719834393680342
0.0356817939723456 0.0006719834393680342
0.0356817939723456 0.0006719834393680342
0.0356817939723456 0.0006719834393680342
0.0356817939723456 0.0006719834393680342
0.0356817939723456 0.0006719834393680342
0.0356817939723456 0.0006719834393680342
0.0356817939723456 0.0006719834393680342
0.0356817939723456 0.0006719834393680342
0.0356817939723456 0.0006719834393680342
0.0356817939723456 0.0006719834393680342
0.0356817939723456 0.0006719834393680342
0.0356817939723456 0.0006719834393680342
0.0356817939723456 0.0006719834393680342
0.0356817939723456 0.0006719834393680342
0.0356817939723456 0.0006719834393680342
0.0356817939723456 0.0006719834393680342
0.0356817939723456 0.0006719834393680342
0.0356817939723456 0.0006719834393680342
0.0356817939723456 0.0006719834393680342
0.0356817939723456 0.0006719834393680342
0.0356817939723456 0.0006719834393680342
0.0356817939723456 0.0006719834393680342
0.0356817939723456 0.0006719834393680342
0.0356817939723456 0.0006719834393680342
0.0356817939723456 0.0006719834393680342
0.0356817939723456 0.0006719834393680342
0.0356817939723456 0.0006719834393680342
0.0356817939723456 0.0006719834393680342
0.0356817939723456 0.0006719834393680342
0.0356817939723456 0.0006719834393680342
0.0356817939723456 0.0006719834393680342
0.0356817939723456 0.0006719834393680342
0.0356817939723456 0.0006719834393680342
0.0356817939723456 0.0006719834393680342
0.0356817939723456 0.0006719834393680342
0.0356817939723456 0.0006719834393680342
0.0356817939723456 0.0006719834393680342
0.0356817939723456 0.0006719834393680342
0.0356817939723456 0.0006719834393680342
0.0356817939723456 0.0006719834393680342
0.0356817939723456 0.0006719834393680342
0.0356817939723456 0.0006719834393680342
0.0356817939723456 0.0006719834393680342
0.0356817939723456 0.0006719834393680342
0.0356817939723456 0.0006719834393680342
0.0356817939723456 0.0006719834393680342
0.0356817939723456 0.0006719834393680342
0.0356817939723456 0.0006719834393680342
0.0356817939723456 0.0006719834393680342
0.0356817939723456 0.0006719834393680342
0.0356817939723456 0.0006719834393680342
0.0356817939723456 0.0006719834393680342
0.0356817939723456 0.0006719834393680342
0.0356817939723456 0.0006719834393680342
0.0356817939723456 0.0006719834393680342
0.0356817939723456 0.0006719834393680342
0.0356817939723456 0.0006719834393680342
0.0356817939723456 0.0006719834393680342
0.0356817939723456 0.0006719834393680342
0.0356817939723456 0.0006719834393680342
0.0356817939723456 0.0006719834393680342
0.0356817939723456 0.0006719834393680342
0.0356817939723456 0.0006719834393680342
0.0356817939723456 0.0006719834393680342
0.0356817939723456 0.0006719834393680342
0.0356817939723456 0.0006719834393680342
0.0356817939723456 0.0006719834393680342
0.0356817939723456 0.0006719834393680342
0.0356817939723456 0.0006719834393680342
0.0356817939723456 0.0006719834393680342
0.0356817939723456 0.0006719834393680342
0.0356817939723456 0.0006719834393680342
0.0356817939723456 0.0006719834393680342
0.0356817939723456 0.0006719834393680342
0.0356817939723456 0.0006719834393680342
0.0356817939723456 0.0006719834393680342
0.0356817939723456 0.0006719834393680342
0.0356817939723456 0.0006719834393680342
0.0356817939723456 0.0006719834393680342
0.0356817939723456 0.0006719834393680342
0.0356817939723456 0.0006719834393680342
0.0356817939723456 0.0006719834393680342
0.0356817939723456 0.0006719834393680342
0.0356817939723456 0.0006719834393680342
0.0356817939723456 0.0006719834393680342
0.0356817939723456 0.0006719834393680342
0.0356817939723456 0.0006719834393680342
0.0356817939723456 0.0006719834393680342
0.0356817939723456 0.0006719834393680342
0.0356817939723456 0.0006719834393680342
0.0356817939723456 0.0006719834393680342
0.0356817939723456 0.0006719834393680342
0.0356817939723456 0.0006719834393680342
0.0356817939723456 0.0006719834393680342
0.0356817939723456 0.0006719834393680342
0.0356817939723456 0.0006719834393680342
0.0356817939723456 0.0006719834393680342
0.0356817939723456 0.0006719834393680342
0.0356817939723456 0.0006719834393680342
0.0356817939723456 0.0006719834393680342
0.0356817939723456 0.0006719834393680342
0.0356817939723456 0.0006719834393680342
0.0356817939723456 0.0006719834393680342
0.0356817939723456 0.0006719834393680342
0.0356817939723456 0.0006719834393680342
0.0356817939723456 0.0006719834393680342
0.0356817939723456 0.0006719834393680342
0.0356817939723456 0.0006719834393680342
0.0356817939723456 0.0006719834393680342
0.0356817939723456 0.0006719834393680342
0.0356817939723456 0.0006719834393680342
0.0356817939723456 0.0006719834393680342
0.0356817939723456 0.0006719834393680342
0.0356817939723456 0.0006719834393680342
0.0356817939723456 0.0006719834393680342
0.0356817939723456 0.0006719834393680342
0.0356817939723456 0.0006719834393680342
0.0356817939723456 0.0006719834393680342
0.0356817939723456 0.0006719834393680342
0.0356817939723456 0.0006719834393680342
0.0356817939723456 0.0006719834393680342
0.0356817939723456 0.0006719834393680342
0.0356817939723456 0.0006719834393680342
0.0356817939723456 0.0006719834393680342
0.0356817939723456 0.0006719834393680342
0.0356817939723456 0.0006719834393680342
0.0356817939723456 0.0006719834393680342
0.0356817939723456 0.0006719834393680342
0.0356817939723456 0.0006719834393680342
0.0356817939723456 0.0006719834393680342
0.0356817939723456 0.0006719834393680342
0.0356817939723456 0.0006719834393680342
0.0356817939723456 0.0006719834393680342
0.0356817939723456 0.0006719834393680342
0.0356817939723456 0.0006719834393680342
0.0356817939723456 0.0006719834393680342
0.0356817939723456 0.0006719834393680342
0.0356817939723456 0.0006719834393680342
0.0356817939723456 0.0006719834393680342
0.0356817939723456 0.0006719834393680342
0.0356817939723456 0.0006719834393680342
0.0356817939723456 0.0006719834393680342
0.0356817939723456 0.0006719834393680342
0.0356817939723456 0.0006719834393680342
0.0356817939723456 0.0006719834393680342
0.0356817939723456 0.0006719834393680342
0.0356817939723456 0.0006719834393680342
0.0356817939723456 0.0006719834393680342
0.0356817939723456 0.0006719834393680342
0.0356817939723456 0.0006719834393680342
0.0356817939723456 0.0006719834393680342
0.0356817939723456 0.0006719834393680342
0.0356817939723456 0.0006719834393680342
0.0356817939723456 0.0006719834393680342
0.0356817939723456 0.0006719834393680342
0.0356817939723456 0.0006719834393680342
0.0356817939723456 0.0006719834393680342
0.0356817939723456 0.0006719834393680342
0.0356817939723456 0.0006719834393680342
0.0356817939723456 0.0006719834393680342
0.0356817939723456 0.0006719834393680342
0.0356817939723456 0.0006719834393680342
0.0356817939723456 0.0006719834393680342
0.0356817939723456 0.0006719834393680342
0.0356817939723456 0.0006719834393680342
0.0356817939723456 0.0006719834393680342
0.0356817939723456 0.0006719834393680342
0.0356817939723456 0.0006719834393680342
0.0356817939723456 0.0006719834393680342
0.0356817939723456 0.0006719834393680342
0.0356817939723456 0.0006719834393680342
0.0356817939723456 0.0006719834393680342
0.0356817939723456 0.0006719834393680342
0.0356817939723456 0.0006719834393680342
0.0356817939723456 0.0006719834393680342
0.0356817939723456 0.0006719834393680342
0.0356817939723456 0.0006719834393680342
0.0356817939723456 0.0006719834393680342
0.0356817939723456 0.0006719834393680342
0.0356817939723456 0.0006719834393680342
0.0356817939723456 0.0006719834393680342
0.0356817939723456 0.0006719834393680342
0.0356817939723456 0.0006719834393680342
0.0356817939723456 0.0006719834393680342
0.0356817939723456 0.0006719834393680342
0.0356817939723456 0.0006719834393680342
0.0356817939723456 0.0006719834393680342
0.0356817939723456 0.0006719834393680342
0.0356817939723456 0.0006719834393680342
0.0356817939723456 0.0006719834393680342
0.0356817939723456 0.0006719834393680342
0.0356817939723456 0.0006719834393680342
0.0356817939723456 0.0006719834393680342
0.0356817939723456 0.0006719834393680342
0.0356817939723456 0.0006719834393680342
0.0356817939723456 0.0006719834393680342
0.0356817939723456 0.0006719834393680342
0.0356817939723456 0.0006719834393680342
0.0356817939723456 0.0006719834393680342
0.0356817939723456 0.0006719834393680342
0.0356817939723456 0.0006719834393680342
0.0356817939723456 0.0006719834393680342
0.0356817939723456 0.0006719834393680342
0.0356817939723456 0.0006719834393680342
0.0356817939723456 0.0006719834393680342
0.0356817939723456 0.0006719834393680342
0.0356817939723456 0.0006719834393680342
0.0356817939723456 0.0006719834393680342
0.0356817939723456 0.0006719834393680342
0.0356817939723456 0.0006719834393680342
0.0356817939723456 0.0006719834393680342
0.0356817939723456 0.0006719834393680342
0.0356817939723456 0.0006719834393680342
0.0356817939723456 0.0006719834393680342
0.0356817939723456 0.0006719834393680342
0.0356817939723456 0.0006719834393680342
0.0356817939723456 0.0006719834393680342
0.0356817939723456 0.0006719834393680342
0.0356817939723456 0.0006719834393680342
0.0356817939723456 0.0006719834393680342
0.0356817939723456 0.0006719834393680342
0.0356817939723456 0.0006719834393680342
0.0356817939723456 0.0006719834393680342
0.0356817939723456 0.0006719834393680342
0.0356817939723456 0.0006719834393680342
0.0356817939723456 0.0006719834393680342
0.0356817939723456 0.0006719834393680342
0.0356817939723456 0.0006719834393680342
0.0356817939723456 0.0006719834393680342
0.0356817939723456 0.0006719834393680342
0.0356817939723456 0.0006719834393680342
0.0356817939723456 0.0006719834393680342
0.0356817939723456 0.0006719834393680342
0.0356817939723456 0.0006719834393680342
0.0356817939723456 0.0006719834393680342
0.0356817939723456 0.0006719834393680342
0.0356817939723456 0.0006719834393680342
0.0356817939723456 0.0006719834393680342
0.0356817939723456 0.0006719834393680342
0.0356817939723456 0.0006719834393680342
0.0356817939723456 0.0006719834393680342
0.0356817939723456 0.0006719834393680342
0.0356817939723456 0.0006719834393680342
0.0356817939723456 0.0006719834393680342
0.0356817939723456 0.0006719834393680342
0.0356817939723456 0.0006719834393680342
0.0356817939723456 0.0006719834393680342
0.0356817939723456 0.0006719834393680342
0.0356817939723456 0.0006719834393680342
0.0356817939723456 0.0006719834393680342
0.0356817939723456 0.0006719834393680342
0.0356817939723456 0.0006719834393680342
0.0356817939723456 0.0006719834393680342
0.0356817939723456 0.0006719834393680342
0.0356817939723456 0.0006719834393680342
0.0356817939723456 0.0006719834393680342
0.0356817939723456 0.0006719834393680342
0.0356817939723456 0.0006719834393680342
0.0356817939723456 0.0006719834393680342
0.0356817939723456 0.0006719834393680342
0.0356817939723456 0.0006719834393680342
0.0356817939723456 0.0006719834393680342
0.0356817939723456 0.0006719834393680342
0.0356817939723456 0.0006719834393680342
0.0356817939723456 0.0006719834393680342
0.0356817939723456 0.0006719834393680342
0.0356817939723456 0.0006719834393680342
0.0356817939723456 0.0006719834393680342
0.0356817939723456 0.0006719834393680342
0.0356817939723456 0.0006719834393680342
0.0356817939723456 0.0006719834393680342
0.0356817939723456 0.0006719834393680342
0.0356817939723456 0.0006719834393680342
0.0356817939723456 0.0006719834393680342
0.0356817939723456 0.0006719834393680342
0.0356817939723456 0.0006719834393680342
0.0356817939723456 0.0006719834393680342
0.0356817939723456 0.0006719834393680342
0.0356817939723456 0.0006719834393680342
0.0356817939723456 0.0006719834393680342
0.0356817939723456 0.0006719834393680342
0.0356817939723456 0.0006719834393680342
0.0356817939723456 0.0006719834393680342
0.0356817939723456 0.0006719834393680342
0.0356817939723456 0.0006719834393680342
0.0356817939723456 0.0006719834393680342
0.0356817939723456 0.0006719834393680342
0.0356817939723456 0.0006719834393680342
0.0356817939723456 0.0006719834393680342
0.0356817939723456 0.0006719834393680342
0.0356817939723456 0.0006719834393680342
0.0356817939723456 0.0006719834393680342
0.0356817939723456 0.0006719834393680342
0.0356817939723456 0.0006719834393680342
0.0356817939723456 0.0006719834393680342
0.0356817939723456 0.0006719834393680342
0.0356817939723456 0.0006719834393680342
0.0356817939723456 0.0006719834393680342
0.0356817939723456 0.0006719834393680342
0.0356817939723456 0.0006719834393680342
0.0356817939723456 0.0006719834393680342
0.0356817939723456 0.0006719834393680342
0.0356817939723456 0.0006719834393680342
0.0356817939723456 0.0006719834393680342
0.0356817939723456 0.0006719834393680342
0.0356817939723456 0.0006719834393680342
0.0356817939723456 0.0006719834393680342
0.0356817939723456 0.0006719834393680342
0.0356817939723456 0.0006719834393680342
0.0356817939723456 0.0006719834393680342
0.0356817939723456 0.0006719834393680342
0.0356817939723456 0.0006719834393680342
0.0356817939723456 0.0006719834393680342
0.0356817939723456 0.0006719834393680342
0.0356817939723456 0.0006719834393680342
0.0356817939723456 0.0006719834393680342
0.0356817939723456 0.0006719834393680342
0.0356817939723456 0.0006719834393680342
0.0356817939723456 0.0006719834393680342
0.0356817939723456 0.0006719834393680342
0.0356817939723456 0.0006719834393680342
0.0356817939723456 0.0006719834393680342
0.0356817939723456 0.0006719834393680342
0.0356817939723456 0.0006719834393680342
0.0356817939723456 0.0006719834393680342
0.0356817939723456 0.0006719834393680342
0.0356817939723456 0.0006719834393680342
0.0356817939723456 0.0006719834393680342
0.0356817939723456 0.0006719834393680342
0.0356817939723456 0.0006719834393680342
0.0356817939723456 0.0006719834393680342
0.0356817939723456 0.0006719834393680342
0.0356817939723456 0.0006719834393680342
0.0356817939723456 0.0006719834393680342
0.0356817939723456 0.0006719834393680342
0.0356817939723456 0.0006719834393680342
0.0356817939723456 0.0006719834393680342
0.0356817939723456 0.0006719834393680342
0.0356817939723456 0.0006719834393680342
0.0356817939723456 0.0006719834393680342
0.0356817939723456 0.0006719834393680342
0.0356817939723456 0.0006719834393680342
0.0356817939723456 0.0006719834393680342
0.0356817939723456 0.0006719834393680342
0.0356817939723456 0.0006719834393680342
0.0356817939723456 0.0006719834393680342
0.0356817939723456 0.0006719834393680342
0.0356817939723456 0.0006719834393680342
0.0356817939723456 0.0006719834393680342
0.0356817939723456 0.0006719834393680342
0.0356817939723456 0.0006719834393680342
0.0356817939723456 0.0006719834393680342
0.0356817939723456 0.0006719834393680342
0.0356817939723456 0.0006719834393680342
0.0356817939723456 0.0006719834393680342
0.0356817939723456 0.0006719834393680342
0.0356817939723456 0.0006719834393680342
0.0356817939723456 0.0006719834393680342
0.0356817939723456 0.0006719834393680342
0.0356817939723456 0.0006719834393680342
0.0356817939723456 0.0006719834393680342
0.0356817939723456 0.0006719834393680342
0.0356817939723456 0.0006719834393680342
0.0356817939723456 0.0006719834393680342
0.0356817939723456 0.0006719834393680342
0.0356817939723456 0.0006719834393680342
0.0356817939723456 0.0006719834393680342
0.0356817939723456 0.0006719834393680342
0.0356817939723456 0.0006719834393680342
0.0356817939723456 0.0006719834393680342
0.0356817939723456 0.0006719834393680342
0.0356817939723456 0.0006719834393680342
0.0356817939723456 0.0006719834393680342
0.0356817939723456 0.0006719834393680342
0.0356817939723456 0.0006719834393680342
0.0356817939723456 0.0006719834393680342
0.0356817939723456 0.0006719834393680342
0.0356817939723456 0.0006719834393680342
0.0356817939723456 0.0006719834393680342
0.0356817939723456 0.0006719834393680342
0.0356817939723456 0.0006719834393680342
0.0356817939723456 0.0006719834393680342
0.0356817939723456 0.0006719834393680342
0.0356817939723456 0.0006719834393680342
0.0356817939723456 0.0006719834393680342
0.0356817939723456 0.0006719834393680342
0.0356817939723456 0.0006719834393680342
0.0356817939723456 0.0006719834393680342
0.0356817939723456 0.0006719834393680342
0.0356817939723456 0.0006719834393680342
0.0356817939723456 0.0006719834393680342
0.0356817939723456 0.0006719834393680342
0.0356817939723456 0.0006719834393680342
0.0356817939723456 0.0006719834393680342
0.0356817939723456 0.0006719834393680342
0.0356817939723456 0.0006719834393680342
0.0356817939723456 0.0006719834393680342
0.0356817939723456 0.0006719834393680342
0.0356817939723456 0.0006719834393680342
0.0356817939723456 0.0006719834393680342
0.0356817939723456 0.0006719834393680342
0.0356817939723456 0.0006719834393680342
0.0356817939723456 0.0006719834393680342
0.0356817939723456 0.0006719834393680342
0.0356817939723456 0.0006719834393680342
0.0356817939723456 0.0006719834393680342
0.0356817939723456 0.0006719834393680342
0.0356817939723456 0.0006719834393680342
0.0356817939723456 0.0006719834393680342
0.0356817939723456 0.0006719834393680342
0.0356817939723456 0.0006719834393680342
0.0356817939723456 0.0006719834393680342
0.0356817939723456 0.0006719834393680342
0.0356817939723456 0.0006719834393680342
0.0356817939723456 0.0006719834393680342
0.0356817939723456 0.0006719834393680342
0.0356817939723456 0.0006719834393680342
0.0356817939723456 0.0006719834393680342
0.0356817939723456 0.0006719834393680342
0.0356817939723456 0.0006719834393680342
0.0356817939723456 0.0006719834393680342
0.0356817939723456 0.0006719834393680342
0.0356817939723456 0.0006719834393680342
0.0356817939723456 0.0006719834393680342
0.0356817939723456 0.0006719834393680342
0.0356817939723456 0.0006719834393680342
0.0356817939723456 0.0006719834393680342
0.0356817939723456 0.0006719834393680342
0.0356817939723456 0.0006719834393680342
0.0356817939723456 0.0006719834393680342
0.0356817939723456 0.0006719834393680342
0.0356817939723456 0.0006719834393680342
0.0356817939723456 0.0006719834393680342
0.0356817939723456 0.0006719834393680342
0.0356817939723456 0.0006719834393680342
0.0356817939723456 0.0006719834393680342
0.0356817939723456 0.0006719834393680342
0.0356817939723456 0.0006719834393680342
0.0356817939723456 0.0006719834393680342
0.0356817939723456 0.0006719834393680342
0.0356817939723456 0.0006719834393680342
0.0356817939723456 0.0006719834393680342
0.0356817939723456 0.0006719834393680342
0.0356817939723456 0.0006719834393680342
0.0356817939723456 0.0006719834393680342
0.0356817939723456 0.0006719834393680342
0.0356817939723456 0.0006719834393680342
0.0356817939723456 0.0006719834393680342
0.0356817939723456 0.0006719834393680342
0.0356817939723456 0.0006719834393680342
0.0356817939723456 0.0006719834393680342
0.0356817939723456 0.0006719834393680342
0.0356817939723456 0.0006719834393680342
0.0356817939723456 0.0006719834393680342
0.0356817939723456 0.0006719834393680342
0.0356817939723456 0.0006719834393680342
0.0356817939723456 0.0006719834393680342
0.0356817939723456 0.0006719834393680342
0.0356817939723456 0.0006719834393680342
0.0356817939723456 0.0006719834393680342
0.0356817939723456 0.0006719834393680342
0.0356817939723456 0.0006719834393680342
0.0356817939723456 0.0006719834393680342
0.0356817939723456 0.0006719834393680342
0.0356817939723456 0.0006719834393680342
0.0356817939723456 0.0006719834393680342
0.0356817939723456 0.0006719834393680342
0.0356817939723456 0.0006719834393680342
0.0356817939723456 0.0006719834393680342
0.0356817939723456 0.0006719834393680342
0.0356817939723456 0.0006719834393680342
0.0356817939723456 0.0006719834393680342
0.0356817939723456 0.0006719834393680342
0.0356817939723456 0.0006719834393680342
0.0356817939723456 0.0006719834393680342
0.0356817939723456 0.0006719834393680342
0.0356817939723456 0.0006719834393680342
0.0356817939723456 0.0006719834393680342
0.0356817939723456 0.0006719834393680342
0.0356817939723456 0.0006719834393680342
0.0356817939723456 0.0006719834393680342
0.0356817939723456 0.0006719834393680342
0.0356817939723456 0.0006719834393680342
0.03570025108313672 0.0006825325253783335
0.03572141641198686 0.0006901237329335155
0.038329044052944364 0.0008416821732774773
0.03878503443051114 0.0008932936901491767
0.04248658770392994 0.0008986535565687414
