0.035528669660299966 0.0005342486961673853
0.035545622746484755 0.0006256091204803135
0.035545622746484755 0.0006256091204803135
0.035545622746484755 0.0006256091204803135
0.035545622746484755 0.0006256091204803135
0.035545622746484755 0.0006256091204803135
0.035545622746484755 0.0006256091204803135
0.035545622746484755 0.0006256091204803135
0.035545622746484755 0.0006256091204803135
0.035545622746484755 0.0006256091204803135
0.035545622746484755 0.0006256091204803135
0.035545622746484755 0.0006256091204803135
0.035545622746484755 0.0006256091204803135
0.035545622746484755 0.0006256091204803135
0.035545622746484755 0.0006256091204803135
0.03554991818638936 0.0006264299047674289
0.03555113168085889 0.000626489627262997
0.03555113168085889 0.000626489627262997
0.03555113168085889 0.000626489627262997
0.03555113168085889 0.000626489627262997
0.03555113168085889 0.000626489627262997
0.03555113168085889 0.000626489627262997
0.03555113168085889 0.000626489627262997
0.03555113168085889 0.000626489627262997
0.03555113168085889 0.000626489627262997
0.03555113168085889 0.000626489627262997
0.03555113168085889 0.000626489627262997
0.03555113168085889 0.000626489627262997
0.03555113168085889 0.000626489627262997
0.03555113168085889 0.000626489627262997
0.03555113168085889 0.000626489627262997
0.03555113168085889 0.000626489627262997
0.03555113168085889 0.000626489627262997
0.03555113168085889 0.000626489627262997
0.03555113168085889 0.000626489627262997
0.03555113168085889 0.000626489627262997
0.03555113168085889 0.000626489627262997
0.03555113168085889 0.000626489627262997
0.03555113168085889 0.000626489627262997
0.03555113168085889 0.000626489627262997
0.03555113168085889 0.000626489627262997
0.03555113168085889 0.000626489627262997
0.03555113168085889 0.000626489627262997
0.03555113168085889 0.000626489627262997
0.03555113168085889 0.000626489627262997
0.03555113168085889 0.000626489627262997
0.03555113168085889 0.000626489627262997
0.03555113168085889 0.000626489627262997
0.03555113168085889 0.000626489627262997
0.03555113168085889 0.000626489627262997
0.03555113168085889 0.000626489627262997
0.03555113168085889 0.000626489627262997
0.03555113168085889 0.000626489627262997
0.03555113168085889 0.000626489627262997
0.03555113168085889 0.000626489627262997
0.03555113168085889 0.000626489627262997
0.03555113168085889 0.000626489627262997
0.03555113168085889 0.000626489627262997
0.03555113168085889 0.000626489627262997
0.03555113168085889 0.000626489627262997
0.03555113168085889 0.000626489627262997
0.03555113168085889 0.000626489627262997
0.03555113168085889 0.000626489627262997
0.03555434643146455 0.000627048094483152
0.03555519048077451 0.0006272726660395747
0.03555592394768494 0.0006273002328528454
0.035557033048260724 0.0006275671102783025
0.035557033048260724 0.0006275671102783025
0.035557033048260724 0.0006275671102783025
0.035557033048260724 0.0006275671102783025
0.035557033048260724 0.0006275671102783025
0.035557033048260724 0.0006275671102783025
0.035557033048260724 0.0006275671102783025
0.035557033048260724 0.0006275671102783025
0.035557033048260724 0.0006275671102783025
0.035557033048260724 0.0006275671102783025
0.035557033048260724 0.0006275671102783025
0.035557033048260724 0.0006275671102783025
0.035557033048260724 0.0006275671102783025
0.035557033048260724 0.0006275671102783025
0.035557033048260724 0.0006275671102783025
0.035557033048260724 0.0006275671102783025
0.035557033048260724 0.0006275671102783025
0.035557033048260724 0.0006275671102783025
0.035557033048260724 0.0006275671102783025
0.035557033048260724 0.0006275671102783025
0.035557033048260724 0.0006275671102783025
0.035557033048260724 0.0006275671102783025
0.035557033048260724 0.0006275671102783025
0.035557033048260724 0.0006275671102783025
0.035557033048260724 0.0006275671102783025
0.035557033048260724 0.0006275671102783025
0.035557033048260724 0.0006275671102783025
0.035557033048260724 0.0006275671102783025
0.035557033048260724 0.0006275671102783025
0.035557033048260724 0.0006275671102783025
0.035557033048260724 0.0006275671102783025
0.035557033048260724 0.0006275671102783025
0.035557033048260724 0.0006275671102783025
0.035557033048260724 0.0006275671102783025
0.035557033048260724 0.0006275671102783025
0.035557033048260724 0.0006275671102783025
0.035557033048260724 0.0006275671102783025
0.035557033048260724 0.0006275671102783025
0.035557033048260724 0.0006275671102783025
0.035557033048260724 0.0006275671102783025
0.035557033048260724 0.0006275671102783025
0.035557033048260724 0.0006275671102783025
0.035557033048260724 0.0006275671102783025
0.035557033048260724 0.0006275671102783025
0.035557033048260724 0.0006275671102783025
0.035557033048260724 0.0006275671102783025
0.035557033048260724 0.0006275671102783025
0.035557033048260724 0.0006275671102783025
0.035557033048260724 0.0006275671102783025
0.035557033048260724 0.0006275671102783025
0.035557033048260724 0.0006275671102783025
0.035557033048260724 0.0006275671102783025
0.035557033048260724 0.0006275671102783025
0.035557033048260724 0.0006275671102783025
0.035557033048260724 0.0006275671102783025
0.035557033048260724 0.0006275671102783025
0.035557033048260724 0.0006275671102783025
0.035557033048260724 0.0006275671102783025
0.035557033048260724 0.0006275671102783025
0.035557033048260724 0.0006275671102783025
0.035557033048260724 0.0006275671102783025
0.035557033048260724 0.0006275671102783025
0.035557033048260724 0.0006275671102783025
0.035557033048260724 0.0006275671102783025
0.035557033048260724 0.0006275671102783025
0.035557033048260724 0.0006275671102783025
0.035557033048260724 0.0006275671102783025
0.035557033048260724 0.0006275671102783025
0.035557033048260724 0.0006275671102783025
0.035557033048260724 0.0006275671102783025
0.035557033048260724 0.0006275671102783025
0.035557033048260724 0.0006275671102783025
0.035557033048260724 0.0006275671102783025
0.03555825911444302 0.0006275892926484948
0.03555825911444302 0.0006275892926484948
0.03555825911444302 0.0006275892926484948
0.03555825911444302 0.0006275892926484948
0.03555825911444302 0.0006275892926484948
0.03555825911444302 0.0006275892926484948
0.03555825911444302 0.0006275892926484948
0.03555825911444302 0.0006275892926484948
0.03556067210942243 0.0006280575400614681
0.03556118208243741 0.0006283246489216201
0.03556262289954068 0.0006294818428613049
0.03556300869348922 0.000631868978022899
0.03556300869348922 0.000631868978022899
0.03556300869348922 0.000631868978022899
0.03556740148116078 0.0006617323193922144
0.03556740148116078 0.0006617323193922144
0.03556740148116078 0.0006617323193922144
0.03556740148116078 0.0006617323193922144
0.03556740148116078 0.0006617323193922144
0.03556740148116078 0.0006617323193922144
0.03556740148116078 0.0006617323193922144
0.03556740148116078 0.0006617323193922144
0.03556740148116078 0.0006617323193922144
0.03556740148116078 0.0006617323193922144
0.03556740148116078 0.0006617323193922144
0.03556740148116078 0.0006617323193922144
0.03556740148116078 0.0006617323193922144
0.03556740148116078 0.0006617323193922144
0.03556740148116078 0.0006617323193922144
0.03556740148116078 0.0006617323193922144
0.03556861810616426 0.0006617533460345517
0.03556861810616426 0.0006617533460345517
0.03556861810616426 0.0006617533460345517
0.03556872487515628 0.0006618754722005232
0.03556872487515628 0.0006618754722005232
0.03556872487515628 0.0006618754722005232
0.03556872487515628 0.0006618754722005232
0.03556872487515628 0.0006618754722005232
0.03556872487515628 0.0006618754722005232
0.03556872487515628 0.0006618754722005232
0.03556872487515628 0.0006618754722005232
0.03556872487515628 0.0006618754722005232
0.03556872487515628 0.0006618754722005232
0.03556872487515628 0.0006618754722005232
0.03556872487515628 0.0006618754722005232
0.0355705188581538 0.0006623945434458873
0.0355737120743817 0.0006627860446311891
0.03558577767653911 0.0006627873617796474
0.035586451319437336 0.0006628260300175007
0.035586451319437336 0.0006628260300175007
0.035586451319437336 0.0006628260300175007
0.03558857872907539 0.0006629481709588585
0.03559196954578581 0.0006631428405870636
0.0355927554475556 0.0006632510371508574
0.03559306819698594 0.0006664185977540225
0.035603342316221004 0.000668294466212842
0.03561409688567193 0.0006701595811827402
0.03562580530666435 0.0006704948932539185
0.03562895698956903 0.0006717591672583347
0.0356348332635358 0.0006729296764045424
0.03563575439325981 0.0006731589486806371
0.03563575439325981 0.0006731589486806371
0.03563575439325981 0.0006731589486806371
0.03563575439325981 0.0006731589486806371
0.03563575439325981 0.0006731589486806371
0.03563575439325981 0.0006731589486806371
0.03563575439325981 0.0006731589486806371
0.03563575439325981 0.0006731589486806371
0.03563575439325981 0.0006731589486806371
0.03563575439325981 0.0006731589486806371
0.03563575439325981 0.0006731589486806371
0.03563575439325981 0.0006731589486806371
0.03563575439325981 0.0006731589486806371
0.03563575439325981 0.0006731589486806371
0.03563575439325981 0.0006731589486806371
0.03563575439325981 0.0006731589486806371
0.03563575439325981 0.0006731589486806371
0.03563575439325981 0.0006731589486806371
0.035635942057441305 0.0006742465896914331
0.0356375786104993 0.0006744469196839353
0.035639866993665816 0.0006759552081517849
0.035639866993665816 0.0006759552081517849
0.035639866993665816 0.0006759552081517849
0.03565144826296072 0.0006760243656078902
0.03565741366781537 0.0006986342934599099
0.03570158092030378 0.0007005046813875025
0.03570193329543477 0.000734290054604836
0.035749785802222905 0.0007445857530434808
0.03579264597712174 0.0007733805232586318
0.03588401011200641 0.0007804716216960665
0.035915153591503435 0.0008162772740025909
0.035977428255438246 0.0008272079406654335
0.036111368198167466 0.0008493095109096319
0.036318296009220936 0.0008531336334963888
0.03639370466816186 0.0008751372716808344
0.036804275652773166 0.000888918317689956
0.03698461970344326 0.0009133327714160685
0.03722934192666487 0.0009315531861746
0.03728643480746444 0.000949863311815767
0.03771619932622702 0.000964688814932532
0.03805608261786958 0.0009752111872576523
0.03837787832139639 0.000983694181103545
0.038676275393744436 0.0009935948024990258
0.03887127614133635 0.001025573052441709
0.040642614020096834 0.001036637419204109
0.04241906881443733 0.0010597219457547005
0.0442418363394189 0.0011299668570404547
0.04549641583443471 0.0011511757051260727
