0.0355662291141512 0.000601791488139951
0.0355770562390612 0.0006273610509683079
0.03559447586397143 0.0006672556196643842
0.03559447586397143 0.0006672556196643842
0.03559447586397143 0.0006672556196643842
0.03559447586397143 0.0006672556196643842
0.035596307144992935 0.0006673099026305176
0.035596307144992935 0.0006673099026305176
0.035596307144992935 0.0006673099026305176
0.035596307144992935 0.0006673099026305176
0.035596307144992935 0.0006673099026305176
0.035596307144992935 0.0006673099026305176
0.035596307144992935 0.0006673099026305176
0.035596307144992935 0.0006673099026305176
0.035596307144992935 0.0006673099026305176
0.035596307144992935 0.0006673099026305176
0.035596307144992935 0.0006673099026305176
0.035596307144992935 0.0006673099026305176
0.035596307144992935 0.0006673099026305176
0.035596307144992935 0.0006673099026305176
0.035596307144992935 0.0006673099026305176
0.035596307144992935 0.0006673099026305176
0.035596307144992935 0.0006673099026305176
0.035596307144992935 0.0006673099026305176
0.035596307144992935 0.0006673099026305176
0.035596307144992935 0.0006673099026305176
0.035596307144992935 0.0006673099026305176
0.035596307144992935 0.0006673099026305176
0.035596307144992935 0.0006673099026305176
0.035596482795172316 0.0006673697428095298
0.03559753952137805 0.0006687544791358931
0.03559753952137805 0.0006687544791358931
0.03560093074353221 0.0006688272566143133
0.03560093074353221 0.0006688272566143133
0.03560093074353221 0.0006688272566143133
0.03560093074353221 0.0006688272566143133
0.03560093074353221 0.0006688272566143133
0.03560093074353221 0.0006688272566143133
0.03560093074353221 0.0006688272566143133
0.03560093074353221 0.0006688272566143133
0.03560093074353221 0.0006688272566143133
0.03560093074353221 0.0006688272566143133
0.03560093074353221 0.0006688272566143133
0.03560093074353221 0.0006688272566143133
0.03560093074353221 0.0006688272566143133
0.03560093074353221 0.0006688272566143133
0.03560093074353221 0.0006688272566143133
0.03560093074353221 0.0006688272566143133
0.03560093074353221 0.0006688272566143133
0.03560093074353221 0.0006688272566143133
0.03560093074353221 0.0006688272566143133
0.03560093074353221 0.0006688272566143133
0.03560093074353221 0.0006688272566143133
0.03560093074353221 0.0006688272566143133
0.03560093074353221 0.0006688272566143133
0.03560093074353221 0.0006688272566143133
0.03560093074353221 0.0006688272566143133
0.03560093074353221 0.0006688272566143133
0.03560093074353221 0.0006688272566143133
0.03560093074353221 0.0006688272566143133
0.035602261109957394 0.0006692038776986368
0.035602726212010646 0.0006692138269559397
0.035602726212010646 0.0006692138269559397
0.035602726212010646 0.0006692138269559397
0.035602726212010646 0.0006692138269559397
0.03560563143328004 0.0006708352070733393
0.03560563143328004 0.0006708352070733393
0.03560563143328004 0.0006708352070733393
0.03560919620603308 0.0006740473034856407
0.035613378761369725 0.0006754178527027558
0.035613378761369725 0.0006754178527027558
0.035613378761369725 0.0006754178527027558
0.035613378761369725 0.0006754178527027558
0.035613378761369725 0.0006754178527027558
0.035613378761369725 0.0006754178527027558
0.035613378761369725 0.0006754178527027558
0.035613378761369725 0.0006754178527027558
0.035613378761369725 0.0006754178527027558
0.035613378761369725 0.0006754178527027558
0.035613378761369725 0.0006754178527027558
0.035613378761369725 0.0006754178527027558
0.035613378761369725 0.0006754178527027558
0.035613378761369725 0.0006754178527027558
0.035613378761369725 0.0006754178527027558
0.035616497125254096 0.0006764108010922812
0.03561893960409025 0.0006771886955050137
0.03561893960409025 0.0006771886955050137
0.03561951211060059 0.0006773708762190285
0.035627168128867064 0.000677442138007021
0.035627451436558474 0.0006800293075266156
0.03563579194835835 0.0006802303287201906
0.03563649651086137 0.00068046102394552
0.03563873177149867 0.000681213938823032
0.03563873177149867 0.000681213938823032
0.03563959351800741 0.000681379469305015
0.035640356581469856 0.0006817637600621741
0.03564622343340789 0.0006843252956413294
0.03564622343340789 0.0006843252956413294
0.03564622343340789 0.0006843252956413294
0.03564826097473793 0.0006988122534946718
0.03564826097473793 0.0006988122534946718
0.035651801221873065 0.0006993832594272265
0.03566818281199574 0.0007018225577223822
0.03566818281199574 0.0007018225577223822
0.03566818281199574 0.0007018225577223822
0.03566818281199574 0.0007018225577223822
0.03566818281199574 0.0007018225577223822
0.035672352615107865 0.000702564716473646
0.0357044861935882 0.0007027214143261623
0.03570726880806235 0.0007035554618114022
0.03571104900695281 0.00070449277689722
0.03571211901424764 0.0007369241460055583
0.035736821285107 0.0007450195454309211
0.03576318738630482 0.000754583674815538
0.03586318513548198 0.0007546464775377373
0.03586405338005001 0.0007550274635582234
0.03586406155911523 0.0007550306296603247
0.03586543198414661 0.000758011268654109
0.03587552293869836 0.0007586893568730138
0.03587828843933888 0.0007596733283295082
0.03587845724202062 0.000759728641975042
0.035879109040756134 0.0007602661784915034
0.03588470047872735 0.0007934841429136595
0.036069480210958155 0.0008176978222844676
0.036069480210958155 0.0008176978222844676
0.03607275681007399 0.0008183204232494436
0.03608913840019667 0.0008207597215445994
0.03611455637769468 0.0008273603190171355
0.03617789354846755 0.0008318675526285429
0.03621551156696516 0.000843377968928727
0.036298193747944525 0.0008546361933425102
0.03631305411530572 0.0008717759617575383
0.03644758460274377 0.0008798116613378952
0.03661938904043532 0.0008885537200769436
0.03682292289048193 0.0008942711586521049
0.03715495584939351 0.0009268353369651264
0.03720887547743103 0.000929850573643855
0.03741338940725523 0.0009513681625013114
0.037623222412998716 0.00095517765882445
0.03768519539053585 0.0009777692746581466
0.04029622832309167 0.0010094049043057
0.042460230873109434 0.0010264950844012287
0.04306870307025432 0.0010329025486990615
0.043679232821680396 0.0010879975318335597
0.045267532824971965 0.0012105792488578463
