0.035546828073268685 0.0006222855737719996
0.035546828073268685 0.0006222855737719996
0.035546828073268685 0.0006222855737719996
0.03554803503450534 0.0006226684154130344
0.03554825088994639 0.0006227133642953558
0.03554825088994639 0.0006227133642953558
0.03554825088994639 0.0006227133642953558
0.03554825088994639 0.0006227133642953558
0.03554825088994639 0.0006227133642953558
0.03554825088994639 0.0006227133642953558
0.03554825088994639 0.0006227133642953558
0.03554825088994639 0.0006227133642953558
0.03554825088994639 0.0006227133642953558
0.03554825088994639 0.0006227133642953558
0.03554825088994639 0.0006227133642953558
0.03554825088994639 0.0006227133642953558
0.03554825088994639 0.0006227133642953558
0.03554825088994639 0.0006227133642953558
0.03554825088994639 0.0006227133642953558
0.03554825088994639 0.0006227133642953558
0.03554825088994639 0.0006227133642953558
0.03554841837204705 0.0006227638083903201
0.03554888534878425 0.0006229238228039878
0.035549832314195735 0.0006231890155863529
0.0355506338904397 0.0006234300637354548
0.0355506338904397 0.0006234300637354548
0.0355506338904397 0.0006234300637354548
0.0355506338904397 0.0006234300637354548
0.0355506338904397 0.0006234300637354548
0.035550779198444966 0.0006234736871572028
0.035550779198444966 0.0006234736871572028
0.035550779198444966 0.0006234736871572028
0.035550779198444966 0.0006234736871572028
0.03555092852495548 0.000625126090828572
0.03555693981657773 0.0006253263606038543
0.035557302597162097 0.0006254354578963635
0.03555731816396107 0.0006254401375571244
0.03555772177795222 0.0006255614757432812
0.03556310428597341 0.0006309525718957581
0.035563352515587766 0.0006590066472356808
0.03558018557701119 0.0006615302669510146
0.03559625368901297 0.0006621040253957478
0.03560191854334104 0.0006662042701465885
0.0356099469629749 0.0006692358624784411
0.0356099469629749 0.0006692358624784411
0.0356099469629749 0.0006692358624784411
0.0356099469629749 0.0006692358624784411
0.0356099469629749 0.0006692358624784411
0.0356099469629749 0.0006692358624784411
0.0356099469629749 0.0006692358624784411
0.0356099469629749 0.0006692358624784411
0.0356099469629749 0.0006692358624784411
0.0356099469629749 0.0006692358624784411
0.0356099469629749 0.0006692358624784411
0.0356099469629749 0.0006692358624784411
0.0356099469629749 0.0006692358624784411
0.0356099469629749 0.0006692358624784411
0.0356099469629749 0.0006692358624784411
0.0356099469629749 0.0006692358624784411
0.0356099469629749 0.0006692358624784411
0.0356099469629749 0.0006692358624784411
0.0356099469629749 0.0006692358624784411
0.0356099469629749 0.0006692358624784411
0.0356099469629749 0.0006692358624784411
0.0356099469629749 0.0006692358624784411
0.0356099469629749 0.0006692358624784411
0.03561205213472144 0.0006699256899300586
0.035632947085898155 0.0006714164254355246
0.035642435581752854 0.0006718074650224708
0.03564446093913811 0.0006811641059325838
0.03566365695325053 0.0006868356738852892
0.03567738633019903 0.0006913345472566519
0.03568132905372676 0.0006933197406413729
0.0357051500768968 0.0007003486389460056
0.03570551089385468 0.000700550468050885
0.03572955805169506 0.0007411338077763156
0.03584929058339866 0.0007512474140192107
0.03587246284341012 0.0007551740656772483
0.0358844833869371 0.0007559914260964167
0.035890820294833946 0.0007569918624806296
0.0358952427487253 0.0007630503260475869
0.03589715110838947 0.0007633475681149769
0.0359046153986206 0.000765709843524751
0.035905171146620146 0.0007659755037220577
0.035932106534128275 0.0007922778657870016
0.03607194710420078 0.0008353874942749535
0.0362214445842596 0.0008395374624935798
0.03622356586950215 0.0008429622141965913
0.03622637014758147 0.0008434006136929342
0.03623325608970637 0.0008636803058420961
0.03638455657252136 0.0008698150028479236
0.036620071287271086 0.0008864488906778387
0.037138959829235436 0.0009702502631825868
0.039113039639824536 0.000979574125438803
0.041414174404785564 0.000984572952908154
0.04214795919917863 0.0009891449397115392
0.04221431075043802 0.0010214065029075189
0.04368024035588319 0.0011096806773111796
0.044099428564868474 0.0011217560148291102
