0.035540203426100925 0.0005419847529474591
0.035540203426100925 0.0005419847529474591
0.035540203426100925 0.0005419847529474591
0.035540203426100925 0.0005419847529474591
0.035540203426100925 0.0005419847529474591
0.035540203426100925 0.0005419847529474591
0.035540203426100925 0.0005419847529474591
0.035540203426100925 0.0005419847529474591
0.035540203426100925 0.0005419847529474591
0.035540203426100925 0.0005419847529474591
0.035540203426100925 0.0005419847529474591
0.035540203426100925 0.0005419847529474591
0.035547403754942655 0.0005436937525025642
0.035549484452375144 0.0006257637257827128
0.035549484452375144 0.0006257637257827128
0.035549484452375144 0.0006257637257827128
0.035549484452375144 0.0006257637257827128
0.035549484452375144 0.0006257637257827128
0.03556509547921642 0.0006562302562307667
0.03556658019809128 0.0006597840664386267
0.03556658019809128 0.0006597840664386267
0.03556658019809128 0.0006597840664386267
0.035595345804980055 0.0006598722708306718
0.035610656167802554 0.0006652701317625001
0.03562245769173884 0.0006671692485842268
0.03563284328134403 0.0006712998274801167
0.03565157263593084 0.0006726568320999248
0.03567478357002994 0.0006764639097137824
0.03568578676325754 0.0006772437097296313
0.03569951166262317 0.0006790654580688496
0.035715777746977456 0.000684935263271665
0.03573114990000259 0.0007399597452347902
0.03589864107162578 0.0007864143501556688
0.03600151632899917 0.0007870728300461128
0.03607785132599953 0.0008027897856232693
0.03612538075043539 0.0008196271075999648
0.03626487359286301 0.0008385926854277345
0.036392621695925914 0.0008434958460356736
0.03644863031044139 0.0008643598948132186
0.03666722464980654 0.0008854166317726494
0.03675234793626859 0.0009119061818491873
0.037192746376824425 0.0009313744280450681
0.03779448843202337 0.0009605066508181608
0.0379561103723479 0.0009723177250832156
0.038638745314492545 0.000993792851079501
0.03957233404097313 0.0010051347067388185
0.04056455637642195 0.0010342824557572296
0.04095842556481741 0.0010560843323275573
0.04175194733317664 0.0010651334051271562
0.04411186047850742 0.0010912125128652577
0.04531836333382819 0.0011705782915672409
