0.03569229225512404 0.0006216036567943782
0.03569229225512404 0.0006216036567943782
0.03626407398960433 0.0007829339302618211
0.03626407398960434 0.0007829339302618211
0.03626407398960434 0.0007829339302618211
0.03626407398960434 0.0007829339302618211
0.03626407398960434 0.0007829339302618211
0.03626407398960434 0.0007829339302618211
0.03626407398960434 0.0007829339302618211
0.03626407398960434 0.0007829339302618211
0.03626407398960434 0.0007829339302618211
0.03626407398960434 0.0007829339302618211
0.03626407398960434 0.0007829339302618211
0.03626407398960434 0.0007829339302618211
0.03626407398960434 0.0007829339302618211
0.03626407398960434 0.0007829339302618211
0.03626407398960434 0.0007829339302618211
0.03626407398960434 0.0007829339302618211
0.03626407398960434 0.0007829339302618211
0.03626407398960434 0.0007829339302618211
0.03626407398960434 0.0007829339302618211
0.03626407398960434 0.0007829339302618211
0.03626407398960434 0.0007829339302618211
0.03626407398960434 0.0007829339302618211
0.03626407398960434 0.0007829339302618211
0.03626407398960434 0.0007829339302618211
0.03626407398960434 0.0007829339302618211
0.03626407398960434 0.0007829339302618211
0.03626407398960434 0.0007829339302618211
0.03626407398960434 0.0007829339302618211
0.03626407398960434 0.0007829339302618211
0.03626407398960434 0.0007829339302618211
0.03626407398960434 0.0007829339302618211
0.03626407398960434 0.0007829339302618211
0.03626407398960434 0.0007829339302618211
0.03626407398960434 0.0007829339302618211
0.03626407398960434 0.0007829339302618211
0.03626407398960434 0.0007829339302618211
0.03626407398960434 0.0007829339302618211
0.03626407398960434 0.0007829339302618211
0.03626407398960434 0.0007829339302618211
0.03626407398960434 0.0007829339302618211
0.03626407398960434 0.0007829339302618211
0.03626407398960434 0.0007829339302618211
0.03626407398960434 0.0007829339302618211
0.03626407398960434 0.0007829339302618211
0.03626407398960434 0.0007829339302618211
0.03626407398960434 0.0007829339302618211
0.03626407398960434 0.0007829339302618211
0.03626407398960434 0.0007829339302618211
0.03626407398960434 0.0007829339302618211
0.03626407398960434 0.0007829339302618211
0.03626407398960434 0.0007829339302618211
0.03626407398960434 0.0007829339302618211
0.03626407398960434 0.0007829339302618211
0.03626407398960434 0.0007829339302618211
0.03626407398960434 0.0007829339302618211
0.03626407398960434 0.0007829339302618211
0.03626407398960434 0.0007829339302618211
0.03626407398960434 0.0007829339302618211
0.03626407398960434 0.0007829339302618211
0.03626407398960434 0.0007829339302618211
0.03626407398960434 0.0007829339302618211
0.03643161894876228 0.0008093316638823688
0.03643161894876228 0.0008093316638823688
0.03643161894876228 0.0008093316638823688
0.03643161894876229 0.0008093316638823688
0.03662933724124232 0.0008394793207593214
0.03673801563829945 0.0008652741610093342
0.0370515941774025 0.0009165331592340003
0.0370515941774025 0.0009165331592340003
0.0370515941774025 0.0009165331592340003
0.0370515941774025 0.0009165331592340003
0.0370515941774025 0.0009165331592340003
0.03705159417740251 0.0009165331592340003
0.03705159417740251 0.0009165331592340003
0.03705159417740251 0.0009165331592340003
0.03705159417740251 0.0009165331592340003
0.03705159417740251 0.0009165331592340003
0.03705159417740251 0.0009165331592340003
0.03705159417740251 0.0009165331592340003
0.03705159417740251 0.0009165331592340003
0.03705159417740251 0.0009165331592340003
0.03705159417740251 0.0009165331592340003
0.03705159417740251 0.0009165331592340003
0.03705159417740251 0.0009165331592340003
0.03705159417740251 0.0009165331592340003
0.03705159417740251 0.0009165331592340003
0.03705159417740251 0.0009165331592340003
0.03705159417740251 0.0009165331592340003
0.03760954975994535 0.0009348920360023616
0.03760954975994535 0.0009348920360023617
0.03760954975994535 0.0009348920360023617
0.03760954975994535 0.0009348920360023618
0.03760954975994535 0.0009348920360023618
0.037609549759945356 0.0009348920360023618
0.03775055846968701 0.0009416940608075341
0.037820396936760994 0.0009656177636947146
0.03794236769617172 0.0009688705497448314
0.038003625280131945 0.0009797617343821393
0.038003625280131945 0.0009797617343821395
0.038081152812134846 0.0010441130709032437
0.038081152812134846 0.0010441130709032437
0.038081152812134846 0.0010441130709032437
0.038152816688129206 0.0010491356070129183
0.03879469479383983 0.00106367627922559
0.03913585106594568 0.0010674568143963477
0.041129514175940844 0.0011054799934595105
0.043896335153363455 0.0011066262756046152
0.04391517636562861 0.0011388851206981527
0.04391517636562862 0.0011388851206981527
0.04391517636562862 0.0011388851206981527
0.04391517636562862 0.0011388851206981527
0.04399091845701439 0.0012341243695808619
