0.03554268265354346 0.0005432883874543988
0.03554268265354346 0.0005432883874543988
0.03554268265354346 0.0005432883874543988
0.035542893631235875 0.0006247545205452463
0.035547105950959904 0.0006254198458047344
0.03555444728021247 0.0006274967815439914
0.03555444728021247 0.0006274967815439914
0.03555444728021247 0.0006274967815439914
0.03555444728021247 0.0006274967815439914
0.03555473680140499 0.0006275503878181574
0.035558452506676566 0.0006281129531749637
0.035558452506676566 0.0006281129531749637
0.035558452506676566 0.0006281129531749637
0.035558452506676566 0.0006281129531749637
0.035558452506676566 0.0006281129531749637
0.035558452506676566 0.0006281129531749637
0.035558452506676566 0.0006281129531749637
0.035558452506676566 0.0006281129531749637
0.035558452506676566 0.0006281129531749637
0.035558452506676566 0.0006281129531749637
0.035558452506676566 0.0006281129531749637
0.035558452506676566 0.0006281129531749637
0.035558452506676566 0.0006281129531749637
0.035558452506676566 0.0006281129531749637
0.035558452506676566 0.0006281129531749637
0.035558452506676566 0.0006281129531749637
0.035558452506676566 0.0006281129531749637
0.035558452506676566 0.0006281129531749637
0.035558452506676566 0.0006281129531749637
0.035558452506676566 0.0006281129531749637
0.035558452506676566 0.0006281129531749637
0.035558452506676566 0.0006281129531749637
0.035558452506676566 0.0006281129531749637
0.035558452506676566 0.0006281129531749637
0.03555918482566907 0.0006282867692408512
0.03555918482566907 0.0006282867692408512
0.03555918482566907 0.0006282867692408512
0.03555918482566907 0.0006282867692408512
0.03555918482566907 0.0006282867692408512
0.03555918482566907 0.0006282867692408512
0.03556264560164382 0.0006294426548487769
0.03556471926402564 0.0006296003693412138
0.0355659500042267 0.0006306341721322733
0.03556873418700293 0.0006597483918825163
0.03560279100991541 0.0006629212823810904
0.035609582236478504 0.0006634813737058046
0.03561224138555791 0.0006636665480716021
0.0356190662460493 0.0006676595746489994
0.0356190662460493 0.0006676595746489994
0.03564874619371458 0.000669110510126951
0.03564874619371458 0.000669110510126951
0.035649086922301426 0.0006705940013221217
0.03566140996534292 0.0006727709500555252
0.03567289452808883 0.0006752618132375322
0.03570827361387867 0.0006917420604296273
0.03570913785519103 0.0007073083975945609
0.03573727693692788 0.0007423445369254899
0.035900752445941056 0.0007507852678979906
0.03601631959471402 0.0007542334775129269
0.03606036209440944 0.0007943301664747875
0.03610080270816038 0.0008021683597183548
0.03615206181372732 0.000828706290930215
0.036343848328138605 0.0008584929708962357
0.03695453920510705 0.0008652974848660039
0.036955348290220916 0.0008654709554289495
0.036983198351474636 0.0008913341468383283
0.03749251079024836 0.0009410164759926192
0.03776208393734284 0.0009516952779678042
0.04078160788767027 0.0009691872222549532
0.04160876560138217 0.000982590506357671
0.04179339778472925 0.001001204618917833
0.04373935156547805 0.0010181210576868077
0.04414415182352567 0.0010470650271984813
0.04441844560183428 0.0010505438795427968
0.045790648870960224 0.0010760962556195979
0.04704695688481422 0.0010919837751582858
