0.035692292255124033 0.0006216036567943781
0.035692292255124033 0.0006216036567943781
0.03626407398960433 0.000782933930261821
0.03626407398960433 0.000782933930261821
0.03626407398960433 0.000782933930261821
0.03626407398960433 0.000782933930261821
0.03626407398960434 0.000782933930261821
0.03626407398960434 0.000782933930261821
0.03626407398960434 0.000782933930261821
0.03626407398960434 0.000782933930261821
0.03626407398960434 0.000782933930261821
0.03626407398960434 0.000782933930261821
0.03626407398960434 0.000782933930261821
0.03626407398960434 0.000782933930261821
0.03626407398960434 0.000782933930261821
0.03626407398960434 0.000782933930261821
0.03626407398960434 0.000782933930261821
0.03626407398960434 0.000782933930261821
0.03626407398960434 0.000782933930261821
0.03626407398960434 0.000782933930261821
0.03626407398960434 0.000782933930261821
0.03626407398960434 0.000782933930261821
0.03626407398960434 0.000782933930261821
0.03626407398960434 0.000782933930261821
0.03626407398960434 0.000782933930261821
0.03626407398960434 0.000782933930261821
0.03626407398960434 0.000782933930261821
0.03626407398960434 0.000782933930261821
0.03626407398960434 0.000782933930261821
0.03626407398960434 0.000782933930261821
0.03626407398960434 0.000782933930261821
0.03626407398960434 0.000782933930261821
0.03626407398960434 0.000782933930261821
0.03626407398960434 0.000782933930261821
0.03626407398960434 0.000782933930261821
0.03626407398960434 0.000782933930261821
0.03626407398960434 0.000782933930261821
0.03626407398960434 0.000782933930261821
0.03626407398960434 0.000782933930261821
0.03626407398960434 0.000782933930261821
0.03626407398960434 0.000782933930261821
0.03626407398960434 0.000782933930261821
0.03626407398960434 0.000782933930261821
0.03626407398960434 0.000782933930261821
0.03626407398960434 0.000782933930261821
0.03626407398960434 0.000782933930261821
0.03626407398960434 0.000782933930261821
0.03626407398960434 0.000782933930261821
0.03626407398960434 0.000782933930261821
0.03626407398960434 0.000782933930261821
0.03626407398960434 0.000782933930261821
0.03626407398960434 0.000782933930261821
0.03626407398960434 0.000782933930261821
0.03626407398960434 0.000782933930261821
0.03626407398960434 0.000782933930261821
0.03626407398960434 0.000782933930261821
0.03626407398960434 0.000782933930261821
0.03626407398960434 0.000782933930261821
0.03626407398960434 0.0007829339302618211
0.03626407398960434 0.0007829339302618211
0.03626407398960434 0.0007829339302618211
0.03626407398960434 0.0007829339302618211
0.03626407398960434 0.0007829339302618211
0.03626407398960434 0.0007829339302618211
0.03626407398960434 0.0007829339302618211
0.03626407398960434 0.0007829339302618211
0.03626407398960434 0.0007829339302618211
0.03626407398960434 0.0007829339302618211
0.03626407398960434 0.0007829339302618211
0.03626407398960434 0.0007829339302618211
0.03626407398960434 0.0007829339302618211
0.03626407398960434 0.0007829339302618211
0.03626407398960434 0.0007829339302618211
0.03626407398960434 0.0007829339302618211
0.03626407398960434 0.0007829339302618211
0.03626407398960434 0.0007829339302618211
0.03626407398960434 0.0007829339302618211
0.03626407398960434 0.0007829339302618211
0.03626407398960434 0.0007829339302618211
0.03626407398960434 0.0007829339302618211
0.03626407398960434 0.0007829339302618211
0.03626407398960434 0.0007829339302618211
0.03626407398960434 0.0007829339302618211
0.03626407398960434 0.0007829339302618211
0.03626407398960434 0.0007829339302618211
0.03626407398960434 0.0007829339302618211
0.03626407398960434 0.0007829339302618211
0.03626407398960434 0.0007829339302618211
0.03626407398960434 0.0007829339302618211
0.03626407398960434 0.0007829339302618211
0.03626407398960434 0.0007829339302618211
0.03626407398960434 0.0007829339302618211
0.03626407398960434 0.0007829339302618211
0.03626407398960434 0.0007829339302618211
0.03626407398960434 0.0007829339302618211
0.03626407398960434 0.0007829339302618211
0.03626407398960434 0.0007829339302618211
0.03626407398960434 0.0007829339302618211
0.03626407398960434 0.0007829339302618211
0.03626407398960434 0.0007829339302618211
0.03626407398960434 0.0007829339302618211
0.03626407398960434 0.0007829339302618211
0.03626407398960434 0.0007829339302618211
0.03626407398960434 0.0007829339302618211
0.03626407398960434 0.0007829339302618211
0.03626407398960434 0.0007829339302618211
0.03626407398960434 0.0007829339302618211
0.03626407398960434 0.0007829339302618211
0.03626407398960434 0.0007829339302618211
0.03626407398960434 0.0007829339302618211
0.03626407398960434 0.0007829339302618211
0.03626407398960434 0.0007829339302618211
0.03626407398960434 0.0007829339302618211
0.03626407398960434 0.0007829339302618211
0.03626407398960434 0.0007829339302618211
0.03626407398960434 0.0007829339302618211
0.03626407398960434 0.0007829339302618211
0.03626407398960434 0.0007829339302618211
0.03626407398960434 0.0007829339302618211
0.03626407398960434 0.0007829339302618211
0.03626407398960434 0.0007829339302618211
0.03626407398960434 0.0007829339302618211
0.03626407398960434 0.0007829339302618211
0.03626407398960434 0.0007829339302618211
0.03626407398960434 0.0007829339302618211
0.03626407398960434 0.0007829339302618211
0.03626407398960434 0.0007829339302618211
0.03626407398960434 0.0007829339302618211
0.03626407398960434 0.0007829339302618211
0.03626407398960434 0.0007829339302618211
0.03626407398960434 0.0007829339302618211
0.03626407398960434 0.0007829339302618211
0.03626407398960434 0.0007829339302618211
0.03626407398960434 0.0007829339302618211
0.03626407398960434 0.0007829339302618211
0.03626407398960434 0.0007829339302618211
0.03626407398960434 0.0007829339302618211
0.03626407398960434 0.0007829339302618211
0.03626407398960434 0.0007829339302618211
0.03626407398960434 0.0007829339302618211
0.03626407398960434 0.0007829339302618211
0.03626407398960434 0.0007829339302618211
0.03626407398960434 0.0007829339302618211
0.03626407398960434 0.0007829339302618211
0.03626407398960434 0.0007829339302618211
0.03626407398960434 0.0007829339302618211
0.03626407398960434 0.0007829339302618211
0.03626407398960434 0.0007829339302618211
0.03626407398960434 0.0007829339302618211
0.03626407398960434 0.0007829339302618211
0.03626407398960434 0.0007829339302618211
0.03626407398960434 0.0007829339302618211
0.03626407398960434 0.0007829339302618211
0.03626407398960434 0.0007829339302618211
0.03626407398960434 0.0007829339302618211
0.03626407398960434 0.0007829339302618211
0.03626407398960434 0.0007829339302618211
0.03626407398960434 0.0007829339302618211
0.03626407398960434 0.0007829339302618211
0.03626407398960434 0.0007829339302618211
0.03626407398960434 0.0007829339302618211
0.03626407398960434 0.0007829339302618211
0.03626407398960434 0.0007829339302618211
0.03626407398960434 0.0007829339302618211
0.03626407398960434 0.0007829339302618211
0.03626407398960434 0.0007829339302618211
0.03626407398960434 0.0007829339302618211
0.03626407398960434 0.0007829339302618211
0.03626407398960434 0.0007829339302618211
0.03626407398960434 0.0007829339302618211
0.03626407398960434 0.0007829339302618211
0.03626407398960434 0.0007829339302618211
0.03626407398960434 0.0007829339302618211
0.03626407398960434 0.0007829339302618211
0.03626407398960434 0.0007829339302618211
0.03626407398960434 0.0007829339302618211
0.03626407398960434 0.0007829339302618211
0.03626407398960434 0.0007829339302618211
0.03626407398960434 0.0007829339302618211
0.03626407398960434 0.0007829339302618211
0.03626407398960434 0.0007829339302618211
0.03626407398960434 0.0007829339302618211
0.03626407398960434 0.0007829339302618211
0.03626407398960434 0.0007829339302618211
0.03626407398960434 0.0007829339302618211
0.03626407398960434 0.0007829339302618211
0.03626407398960434 0.0007829339302618211
0.03626407398960434 0.0007829339302618211
0.03626407398960434 0.0007829339302618211
0.03626407398960434 0.0007829339302618211
0.03626407398960434 0.0007829339302618211
0.03626407398960434 0.0007829339302618211
0.03626407398960434 0.0007829339302618211
0.03626407398960434 0.0007829339302618211
0.03626407398960434 0.0007829339302618211
0.03626407398960434 0.0007829339302618211
0.03626407398960434 0.0007829339302618211
0.03626407398960434 0.0007829339302618211
0.03626407398960434 0.0007829339302618211
0.03626407398960434 0.0007829339302618211
0.03626407398960434 0.0007829339302618211
0.03626407398960434 0.0007829339302618211
0.03626407398960434 0.0007829339302618211
0.03626407398960434 0.0007829339302618211
0.03626407398960434 0.0007829339302618211
0.03626407398960434 0.0007829339302618211
0.03626407398960434 0.0007829339302618211
0.03626407398960434 0.0007829339302618211
0.03626407398960434 0.0007829339302618211
0.03626407398960434 0.0007829339302618211
0.03626407398960434 0.0007829339302618211
0.03626407398960434 0.0007829339302618211
0.03626407398960434 0.0007829339302618211
0.03626407398960434 0.0007829339302618211
0.03626407398960434 0.0007829339302618211
0.03626407398960434 0.0007829339302618211
0.03626407398960434 0.0007829339302618211
0.03626407398960434 0.0007829339302618211
0.03626407398960434 0.0007829339302618211
0.03626407398960434 0.0007829339302618211
0.03626407398960434 0.0007829339302618211
0.03626407398960434 0.0007829339302618211
0.03626407398960434 0.0007829339302618211
0.03626407398960434 0.0007829339302618211
0.03626407398960434 0.0007829339302618211
0.03626407398960434 0.0007829339302618211
0.03626407398960434 0.0007829339302618211
0.03626407398960434 0.0007829339302618211
0.03626407398960434 0.0007829339302618211
0.03626407398960434 0.0007829339302618211
0.03626407398960434 0.0007829339302618211
0.03626407398960434 0.0007829339302618211
0.03626407398960434 0.0007829339302618211
0.03626407398960434 0.0007829339302618211
0.03626407398960434 0.0007829339302618211
0.03626407398960434 0.0007829339302618211
0.03626407398960434 0.0007829339302618211
0.03626407398960434 0.0007829339302618211
0.03626407398960434 0.0007829339302618211
0.03626407398960434 0.0007829339302618211
0.03626407398960434 0.0007829339302618211
0.03626407398960434 0.0007829339302618211
0.03626407398960434 0.0007829339302618211
0.03626407398960434 0.0007829339302618211
0.03626407398960434 0.0007829339302618211
0.03626407398960434 0.0007829339302618211
0.03626407398960434 0.0007829339302618211
0.03626407398960434 0.0007829339302618211
0.03626407398960434 0.0007829339302618211
0.03626407398960434 0.0007829339302618211
0.03626407398960434 0.0007829339302618211
0.03626407398960434 0.0007829339302618211
0.03626407398960434 0.0007829339302618211
0.03626407398960434 0.0007829339302618211
0.03626407398960434 0.0007829339302618211
0.03626407398960434 0.0007829339302618211
0.03626407398960434 0.0007829339302618211
0.03626407398960434 0.0007829339302618211
0.03626407398960434 0.0007829339302618211
0.03626407398960434 0.0007829339302618211
0.03626407398960434 0.0007829339302618211
0.03626407398960434 0.0007829339302618211
0.03626407398960434 0.0007829339302618211
0.03626407398960434 0.0007829339302618211
0.03626407398960434 0.0007829339302618211
0.03626407398960434 0.0007829339302618211
0.03626407398960434 0.0007829339302618211
0.03626407398960434 0.0007829339302618211
0.03626407398960434 0.0007829339302618211
0.03626407398960434 0.0007829339302618211
0.03626407398960434 0.0007829339302618211
0.03626407398960434 0.0007829339302618211
0.03626407398960434 0.0007829339302618211
0.03626407398960434 0.0007829339302618211
0.03626407398960434 0.0007829339302618211
0.03626407398960434 0.0007829339302618211
0.03626407398960434 0.0007829339302618211
0.03626407398960434 0.0007829339302618211
0.03626407398960434 0.0007829339302618211
0.03626407398960434 0.0007829339302618211
0.03626407398960434 0.0007829339302618211
0.03626407398960434 0.0007829339302618211
0.03626407398960434 0.0007829339302618211
0.03626407398960434 0.0007829339302618211
0.03626407398960434 0.0007829339302618211
0.03626407398960434 0.0007829339302618211
0.03626407398960434 0.0007829339302618211
0.03626407398960434 0.0007829339302618211
0.03626407398960434 0.0007829339302618211
0.03626407398960434 0.0007829339302618211
0.03626407398960434 0.0007829339302618211
0.03626407398960434 0.0007829339302618211
0.03626407398960434 0.0007829339302618211
0.03626407398960434 0.0007829339302618211
0.03626407398960434 0.0007829339302618211
0.03626407398960434 0.0007829339302618211
0.03626407398960434 0.0007829339302618211
0.03626407398960434 0.0007829339302618211
0.03626407398960434 0.0007829339302618211
0.03626407398960434 0.0007829339302618211
0.03626407398960434 0.0007829339302618211
0.03626407398960434 0.0007829339302618211
0.03626407398960434 0.0007829339302618211
0.03626407398960434 0.0007829339302618211
0.03626407398960434 0.0007829339302618211
0.03626407398960434 0.0007829339302618211
0.03626407398960434 0.0007829339302618211
0.03626407398960434 0.0007829339302618211
0.03626407398960434 0.0007829339302618211
0.03626407398960434 0.0007829339302618211
0.03626407398960434 0.0007829339302618211
0.03626407398960434 0.0007829339302618211
0.03626407398960434 0.0007829339302618211
0.03626407398960434 0.0007829339302618211
0.03626407398960434 0.0007829339302618211
0.03626407398960434 0.0007829339302618211
0.03626407398960434 0.0007829339302618211
0.03626407398960434 0.0007829339302618211
0.03626407398960434 0.0007829339302618211
0.03626407398960434 0.0007829339302618211
0.03626407398960434 0.0007829339302618211
0.03626407398960434 0.0007829339302618211
0.03626407398960434 0.0007829339302618211
0.03626407398960434 0.0007829339302618211
0.03626407398960434 0.0007829339302618211
0.03626407398960434 0.0007829339302618211
0.03626407398960434 0.0007829339302618211
0.03626407398960434 0.0007829339302618211
0.03626407398960434 0.0007829339302618211
0.03626407398960434 0.0007829339302618211
0.03626407398960434 0.0007829339302618211
0.03626407398960434 0.0007829339302618211
0.03626407398960434 0.0007829339302618211
0.03626407398960434 0.0007829339302618211
0.03626407398960434 0.0007829339302618211
0.03626407398960434 0.0007829339302618211
0.03626407398960434 0.0007829339302618211
0.03626407398960434 0.0007829339302618211
0.03626407398960434 0.0007829339302618211
0.03626407398960434 0.0007829339302618211
0.03626407398960434 0.0007829339302618211
0.03626407398960434 0.0007829339302618211
0.03626407398960434 0.0007829339302618211
0.03626407398960434 0.0007829339302618211
0.03626407398960434 0.0007829339302618211
0.03626407398960434 0.0007829339302618211
0.03626407398960434 0.0007829339302618211
0.03626407398960434 0.0007829339302618211
0.03626407398960434 0.0007829339302618211
0.03626407398960434 0.0007829339302618211
0.03626407398960434 0.0007829339302618211
0.03626407398960434 0.0007829339302618211
0.03626407398960434 0.0007829339302618211
0.03626407398960434 0.0007829339302618211
0.03626407398960434 0.0007829339302618211
0.03626407398960434 0.0007829339302618211
0.03626407398960434 0.0007829339302618211
0.03626407398960434 0.0007829339302618211
0.03626407398960434 0.0007829339302618211
0.03626407398960434 0.0007829339302618211
0.03626407398960434 0.0007829339302618211
0.03626407398960434 0.0007829339302618211
0.03626407398960434 0.0007829339302618211
0.03626407398960434 0.0007829339302618211
0.03626407398960434 0.0007829339302618211
0.03626407398960434 0.0007829339302618211
0.03626407398960434 0.0007829339302618211
0.03626407398960434 0.0007829339302618211
0.03626407398960434 0.0007829339302618211
0.03626407398960434 0.0007829339302618211
0.03626407398960434 0.0007829339302618211
0.03626407398960434 0.0007829339302618211
0.03626407398960434 0.0007829339302618211
0.03626407398960434 0.0007829339302618211
0.03626407398960434 0.0007829339302618211
0.03626407398960434 0.0007829339302618211
0.03626407398960434 0.0007829339302618211
0.03626407398960434 0.0007829339302618211
0.03626407398960434 0.0007829339302618211
0.03626407398960434 0.0007829339302618211
0.03626407398960434 0.0007829339302618211
0.03626407398960434 0.0007829339302618211
0.03626407398960434 0.0007829339302618211
0.03626407398960434 0.0007829339302618211
0.03626407398960434 0.0007829339302618211
0.03626407398960434 0.0007829339302618211
0.03626407398960434 0.0007829339302618211
0.03626407398960434 0.0007829339302618211
0.03626407398960434 0.0007829339302618211
0.03626407398960434 0.0007829339302618211
0.03626407398960434 0.0007829339302618211
0.03626407398960434 0.0007829339302618211
0.03626407398960434 0.0007829339302618211
0.03626407398960434 0.0007829339302618211
0.03626407398960434 0.0007829339302618211
0.03626407398960434 0.0007829339302618211
0.03626407398960434 0.0007829339302618211
0.03626407398960434 0.0007829339302618211
0.03626407398960434 0.0007829339302618211
0.03626407398960434 0.0007829339302618211
0.03626407398960434 0.0007829339302618211
0.03626407398960434 0.0007829339302618211
0.03626407398960434 0.0007829339302618211
0.03626407398960434 0.0007829339302618211
0.03626407398960434 0.0007829339302618211
0.03626407398960434 0.0007829339302618211
0.03626407398960434 0.0007829339302618211
0.03626407398960434 0.0007829339302618211
0.03626407398960434 0.0007829339302618211
0.03626407398960434 0.0007829339302618211
0.03626407398960434 0.0007829339302618211
0.03626407398960434 0.0007829339302618211
0.03626407398960434 0.0007829339302618211
0.03626407398960434 0.0007829339302618211
0.03626407398960434 0.0007829339302618211
0.03626407398960434 0.0007829339302618211
0.03626407398960434 0.0007829339302618211
0.03626407398960434 0.0007829339302618211
0.03626407398960434 0.0007829339302618211
0.03626407398960434 0.0007829339302618211
0.03626407398960434 0.0007829339302618211
0.03626407398960434 0.0007829339302618211
0.03626407398960434 0.0007829339302618211
0.03626407398960434 0.0007829339302618211
0.03626407398960434 0.0007829339302618211
0.03626407398960434 0.0007829339302618211
0.03626407398960434 0.0007829339302618211
0.03626407398960434 0.0007829339302618211
0.03626407398960434 0.0007829339302618211
0.03626407398960434 0.0007829339302618211
0.03626407398960434 0.0007829339302618211
0.03626407398960434 0.0007829339302618211
0.03626407398960434 0.0007829339302618211
0.03626407398960434 0.0007829339302618211
0.03626407398960434 0.0007829339302618211
0.03626407398960434 0.0007829339302618211
0.03626407398960434 0.0007829339302618211
0.03626407398960434 0.0007829339302618211
0.03626407398960434 0.0007829339302618211
0.03626407398960434 0.0007829339302618211
0.03626407398960434 0.0007829339302618211
0.03626407398960434 0.0007829339302618211
0.03626407398960434 0.0007829339302618211
0.03626407398960434 0.0007829339302618211
0.03626407398960434 0.0007829339302618211
0.03626407398960434 0.0007829339302618211
0.03626407398960434 0.0007829339302618211
0.03626407398960434 0.0007829339302618211
0.03626407398960434 0.0007829339302618211
0.03643161894876228 0.0008093316638823688
0.03673801563829945 0.0008652741610093343
0.0370515941774025 0.0009165331592340003
0.0370515941774025 0.0009165331592340003
0.0370515941774025 0.0009165331592340004
0.0370515941774025 0.0009165331592340004
0.0370515941774025 0.0009165331592340004
0.0370515941774025 0.0009165331592340004
0.03705159417740251 0.0009165331592340004
0.037609549759945356 0.0009348920360023617
0.037609549759945356 0.0009348920360023618
0.03804284384071468 0.0009622173937367835
0.03808115281213484 0.0010441130709032435
0.03808115281213484 0.0010441130709032437
0.03808115281213485 0.0010441130709032437
0.038152816688129206 0.0010491356070129183
0.0426799826974485 0.001202982158633693
0.0426799826974485 0.001202982158633693
0.04303196725258834 0.0012099613666126294
