0.04018686646304559 0.0010030959199411882
0.04064019140787423 0.0010239063062726927
0.03975024653482251 0.0009815464268285723
0.0383997455064673 0.0008983253829910609
0.04321449203416705 0.0011162330416709665
0.04189253444201313 0.0010737380962382304
0.0445988743158523 0.0011526514375077568
0.03887086367467418 0.0009247892849089112
0.04169955114775803 0.0010700479519982764
0.040669050766155124 0.001024762085535258
0.04361158794927178 0.0011309432035204736
0.04296401803730987 0.001111496946805346
0.04132957287947647 0.001058683219980594
0.04326424148166552 0.0011180601236446819
0.04263612339855172 0.0011019870360087225
0.043088244914542884 0.0011144676175263157
0.043472066608956084 0.0011271632114358
0.043274030278553255 0.0011190930172233493
0.04021909351286013 0.0010037488372063308
0.043225013389019296 0.0011176033326592005
0.04306281685421709 0.0011133203820463677
0.039267281026695855 0.0009495338705391987
0.040286825475050136 0.0010057769134164118
0.041590997148887254 0.0010671007842120162
0.040884011454181746 0.0010406343981799182
0.04256150825676741 0.0010991261177650813
0.04398528164892923 0.0011374648667015208
0.04254887938441243 0.00109821974569968
0.03938247056794353 0.0009654823365963239
0.04457482375437394 0.0011496526349787928
0.04291307226230856 0.0011104633240393014
0.03979033658106346 0.0009828116047856383
0.03886580180551391 0.0009245725331084031
0.04171298773144372 0.001070381691079092
0.04085909662535414 0.0010362485026007562
0.039290363813051954 0.000954682084113756
0.04472359659848735 0.001155412078333029
0.038381247184588574 0.0007240259569698537
0.04338092581019737 0.001123069868526727
0.03898878488689661 0.0009317629742326972
0.03861987827986013 0.0009087953041415631
0.0398112497641705 0.0009929334757998731
0.042537872373941354 0.001097144034702069
0.043397329151048325 0.001124230463801723
0.04281095082114916 0.0011071173807977175
0.03872467756445985 0.0009199421497214644
0.042850858211750165 0.001107884686689431
0.04344329732703045 0.001124874089612149
0.040710215267608874 0.0010280555095505406
0.043080865492811427 0.0011138555635170633
0.03902309366094414 0.00093312730496109
0.042758134979521856 0.0011036656576379755
0.0385353553283494 0.0009050322931898336
0.042864075454417616 0.0011087840837262775
0.04301695213507628 0.0011129824662248211
0.04163788317964645 0.0010685919286856915
0.04045728720666375 0.0010195611605468002
0.04451544080802705 0.0011477873101739533
0.03858484131342266 0.0009073664405150339
0.043235588673269376 0.0011176227578744147
0.03997567281476222 0.0009978780012716015
0.03881056886166334 0.0009226036559084605
0.04162715894926805 0.0010673517879240535
0.04259164398536086 0.0011008366384714918
0.03895459647173993 0.0009263254059987958
0.042772818356752396 0.001105696398553846
0.040870148834073916 0.0010395817637345317
0.03975269087823108 0.0009825707086292823
0.04005225480068475 0.000998100240678923
0.04310540691949427 0.0011144951298547312
0.04060680583643261 0.0010224084676337952
0.04420553859381471 0.0011434588445808913
0.04111002328863833 0.001046223543880842
0.039438869105651975 0.000973377858144886
0.0405377653951291 0.0010204262182469392
0.04010005298187025 0.0009996757232784148
0.04132880238466896 0.0010570240169727185
0.04194826939783525 0.0010738622079315974
0.039332858999841847 0.0009586313601630536
0.04270046405144967 0.0011026519377992372
0.04220762703334913 0.001084841720626173
0.04296728466579225 0.0011118952754713973
0.042478225033846684 0.001095480389039949
0.0434647579677403 0.0011264885212085574
0.04055119297117926 0.0010220869960448908
0.0417521979106823 0.001072411585255395
0.04476935722050257 0.001155853273928642
0.04214268969371915 0.0010762686679299804
0.03942768424167298 0.0009669756825587683
0.038669807865517214 0.0009180781216855394
0.04112257897213567 0.0010492249681419707
0.04039933091553394 0.0010064483628866583
0.04170130415877793 0.001070268881562697
0.03878772837924771 0.0009204176044477208
0.04150638755527325 0.0010637422717536538
0.04232024798693601 0.0010947075030571796
0.040899743951740675 0.0010407858288203897
0.03886031900765374 0.0009235358459136478
0.04464748306781985 0.001153150889194876
0.03905966618913226 0.0009369645816832417
0.04326480290910695 0.001118556073322452
0.04140935683972202 0.0010631960569753574
0.043600716642686166 0.0011275541780264575
0.042866595278610475 0.0011096394300693646
0.038871323529747315 0.0009254207745925669
0.040708783810259774 0.0010258574850183777
0.0389305628486909 0.0009255029701762396
0.042710724752396345 0.0011030763818666856
0.04196238760778215 0.001074627492585023
0.041278156291809864 0.0010566945798586858
0.04327836983429734 0.001119291653367327
0.04157354062772356 0.0010663459631814476
0.04081056093855295 0.0010283003791755618
0.043167109397472814 0.0011157450495602461
0.03923940350068733 0.0009480963773853546
0.04333381036121864 0.0011210907168788253
0.039619806862901896 0.000975780344560917
0.03963732779084239 0.0009815024192221244
0.03865557779499795 0.0009157328606761439
0.04110006627161056 0.0010452664896547503
