0.013051866750174668 0.0009318145610279771
0.013792844372801483 0.001011175035728229
0.013309136978932656 0.0009641318615649652
0.01485058920661686 0.0010946272415139902
0.01234527448832523 0.0008035705570819118
0.012889906829514075 0.0009053768301328091
0.01304770345450379 0.0009297683955082903
0.013680806798220146 0.0009975884734103602
0.012327482298132963 0.0007525752884021131
0.013148487108992413 0.0009409903204868897
0.01253024394827662 0.0008603657794168384
0.015167140460107476 0.0011150800773975789
0.01312957896880107 0.0009378519171150401
0.01495403303852072 0.001107626430439268
0.014200898629496805 0.0010417285675430321
0.014315846150566358 0.0010478705801233446
0.015330300324421842 0.0011219002593634286
0.015886590001173317 0.0011269408165617278
0.013464443938573822 0.0009769322930424096
0.013090650798403658 0.0009324786728939216
0.011915573035366833 0.0006934641910447681
0.01408336145686917 0.0010266118347317388
0.012033476945362054 0.0007309400996291515
0.013562838110374287 0.0009877274142127135
0.01355440767656546 0.0009846759685387951
0.013743951756623574 0.0009988396323024062
0.016763110819738358 0.0011797990323429985
0.013157525892893318 0.0009488173477620876
0.014104604641033802 0.0010384878768263661
0.015154148670262657 0.0011080886564514003
0.01675191781396279 0.0011747591938728874
0.014485874096862972 0.0010707558012654772
0.014369061704201158 0.0010575743165190943
0.016711368240066804 0.0011722821840294273
0.014337799882923719 0.0010552410439004234
0.013092492867144756 0.0009328272290076711
0.01521415668685222 0.0011190686984718923
0.012982505544869127 0.0009275875860481619
0.014416625854209997 0.0010639946574428905
0.013209870921855327 0.0009553042045808979
0.013174835235986393 0.0009525047696570255
0.013388124600169249 0.0009736502288433257
0.012383610035612946 0.0008059343311970224
0.012464071871363558 0.0008583382805227302
0.014317379311250988 0.001049671762871185
0.012222666933666915 0.0007358597356414975
0.013664715457707644 0.0009936485544130846
0.011792350346695457 0.0006347297443483058
0.014299901267804671 0.001043812120997245
0.0160530267530703 0.001129809140593352
0.016101893826999003 0.0011313563179555786
0.01613858505152166 0.0011422802002698518
0.012573408646858297 0.0008665520979320718
0.01759264183056075 0.0012018796126085363
0.01540459421084961 0.0011226795278389545
0.016186298737011384 0.0011432450138499917
0.013938459371274803 0.0010171191065637686
0.012414353448548354 0.0008085713384389237
0.01329308282583952 0.0009575673611834645
0.012628931886865757 0.0008695524734321225
0.016119018895551562 0.0011412019357521785
0.016884285701962654 0.0011907379288231823
0.013944552614702843 0.0010234742089778592
0.013489797507645562 0.0009811243171498063
0.013192465332394931 0.0009530533054658008
0.01619447409393615 0.001144730704140784
0.013777648113318719 0.0010065933965393015
0.012832049258577172 0.0008961043970430183
0.011916424111404922 0.0007149801469950035
0.013674155990884174 0.000994880006146559
0.014530907828884665 0.0010823915719129218
0.01600893682189053 0.0011297541391286359
0.013134145796357188 0.0009384242757732864
0.013042547943769023 0.0009294244935063034
0.013318276745849289 0.0009662359202593507
0.013310940441442654 0.000966186628829746
0.012416067693266086 0.0008394013948418433
0.016248551743046846 0.0011703867403412005
0.014725684624863788 0.0010883819053333355
0.013523377521778457 0.000983085758434754
0.012751716960337944 0.0008941919813878485
0.011910569577594288 0.000688873855779093
0.013437628600513563 0.0009742856427692459
0.013098141134832986 0.0009378106487929472
0.013594629970612004 0.0009916076496665482
0.014827670958766248 0.001091493978606195
0.013466010292177089 0.0009772480400442873
0.016782389051513746 0.0011865597024325325
0.012908180855447426 0.0009247692146345798
0.014088047559198458 0.0010308073427722775
0.012869441983639263 0.0009053530293385847
0.012629547811229713 0.0008849935061334691
0.01671237354457844 0.0011729028670970365
0.013347523708944209 0.0009697035966382828
0.014785958563152235 0.0010911072697581403
0.01485006298753433 0.0010927809242957665
0.01254694724775618 0.0008620251883257879
0.013369836684432812 0.0009707470048851974
0.012900784087833017 0.0009133235876106482
0.01304079960391391 0.0009282358259952161
0.013149343147233594 0.0009484493511990877
0.01615748255426297 0.001142412774015611
0.015232140067382716 0.0011196721466149029
0.012584745607455261 0.000868144366904744
0.012846618221374229 0.0009016789274483017
0.01532517190935323 0.0011197353549050604
