0.013640986071550287 0.0010046461643469229
0.014559896120772464 0.0010791370957576873
0.015380251905298792 0.0011320020381617724
0.01254477115435293 0.0008649290691664646
0.012917042615299579 0.0009239638318376819
0.013716931640374241 0.0010105372088560216
0.013833189907018095 0.001021350729047299
0.01409102735487977 0.0010405183236343873
0.015341145925049204 0.0011314674031268623
0.012724470492685214 0.000902730159850762
0.013299987644131761 0.0009768708002866333
0.015006220346549526 0.0011031571114017424
0.012829366998630576 0.000909102162495401
0.012773028647643514 0.0009071914219020982
0.014615576284995768 0.0010822897381785879
0.013440465401799884 0.0010004067906379532
0.016211252805078402 0.0011551965570504308
0.01234345502598444 0.0008048874959740715
0.01631786936559365 0.0011680040314558937
0.014183761999447597 0.0010447597792335728
0.013765378724201582 0.0010183721271914692
0.01418493294113432 0.0010459933960191847
0.01646747977792984 0.001173143650419206
0.012573748412251007 0.0008791378286332474
0.014624753701355075 0.001082449753084802
0.014203722057573032 0.0010492556300505385
0.014234803238650784 0.0010578110502592608
0.01248014216980664 0.0008520391049842146
0.01368569037731504 0.0010067518647929319
0.012611066726094577 0.000889605390966608
0.015470395017473493 0.0011387175007939732
0.015407171966216993 0.0011330047866522364
0.0154705221648328 0.0011388442351289996
0.0171718552846869 0.001199592976945496
0.01241562431823695 0.0008450397612023153
0.015129787752812263 0.001120330282390114
0.013099080577376299 0.0009688183555454088
0.014193056827934925 0.0010472766759903607
0.013601985920104198 0.0010018195243901573
0.013728926634939853 0.0010109890566809554
0.016408907606091816 0.0011693766734879318
0.015101120105100563 0.001111185739546272
0.015039688427350484 0.0011101822651653492
0.014707822803757153 0.0010943327968675476
0.01627442240715027 0.001164892400311146
0.01561924688576255 0.0011417328375955549
0.013925643514085095 0.0010326739595711842
0.014106228922173614 0.0010415952733637823
0.012037797736411449 0.0006867206647029889
0.016659668835927732 0.0011935157230027471
0.01664726805393002 0.0011913693227256772
0.014319901063572615 0.001062540100406295
0.01622818120085867 0.0011586818557134393
0.014341132886329433 0.001070187823188462
0.015577150665194495 0.0011416293089041574
0.015209647215669975 0.001121712239637418
0.0121324781794101 0.0007205691072158515
0.016565779314987594 0.0011776978178659192
0.014890585112880217 0.0010952475704470999
0.01283538255665917 0.0009092523106346562
0.014939400452931295 0.001098513305691995
0.014973886485677212 0.0011024825926142512
0.016471820450533414 0.001174890976358256
0.014480008248938248 0.0010753028755061678
0.014893293664499652 0.001097736371548308
0.015285114597645588 0.0011290551477713962
0.01283726621477399 0.0009172440766178624
0.016249868953309488 0.0011590384435749002
0.013781455665593967 0.0010184111758917425
0.014387967828952242 0.0010720794807639322
0.014758445777260931 0.001095122496053591
0.013933262052887585 0.0010339408388517768
0.01433776407429832 0.0010655796183414168
0.01662031636078609 0.0011838681211457924
0.013041913785855286 0.0009667277141716113
0.012921978559461422 0.0009297268359205191
0.014636634761700407 0.0010867127894016448
0.016658888562233187 0.0011928728497423435
0.015458377005415969 0.0011375561065278816
0.01625400661578169 0.0011625667523276206
0.013923451057053171 0.0010251004068209113
0.01463295907524298 0.0010840140434993373
0.01356189011130482 0.0010004401760852488
0.014133296557702124 0.0010444316135362897
0.015410668864205945 0.0011331785317452159
0.01533875813765917 0.0011309032614690295
0.016643792514514644 0.001188296980501491
0.014214728973456658 0.0010565661439159157
0.01430611320756725 0.0010604702366094898
0.013861659022950334 0.0010232996729655497
0.013415811721642967 0.0009902457885573313
0.0164271213907341 0.0011727211079488598
0.01609277909665252 0.001152038546251788
0.01602364550490165 0.0011430554278035743
0.013214581824286142 0.0009747469854346491
0.013302538172865752 0.0009771067536803457
0.012007641351374332 0.0006056455008547346
0.014131195057416335 0.0010420561495720904
0.014571757601515856 0.001079691055906551
0.01698301630312926 0.0011943020979288121
0.012661024971748702 0.000900723099221068
0.014174500298395287 0.0010446199833040737
0.016347200609743595 0.0011690312271639414
0.016291587497107685 0.0011669871017829792
0.01494684938370483 0.0011017805213668908
0.013254313380457461 0.0009767368326265569
0.013706177447602386 0.0010069599335338353
0.013673600264155539 0.0010059359316301197
0.013331993424799293 0.0009829930843352486
0.014658455780590884 0.0010908971328831285
0.013979079772980185 0.0010349371549409625
0.012880925918580033 0.0009216913786076475
0.014206203479261603 0.0010499373088350694
0.013817103783367202 0.00101867987859805
0.017172048250358785 0.0011997337471711944
0.012268624450371135 0.0007584027066513954
0.013744189283897867 0.0010151551849730822
0.014438374179007951 0.0010743733550953039
0.01298876189684961 0.000940193904057196
0.01607061503455043 0.0011462950078566791
0.01398871470883023 0.0010389025569566002
0.015556812795693986 0.0011413122972498968
