0.014024970645550638 0.0010353741658946092
0.014213275135261938 0.001051404326062766
0.013329570399946533 0.0009757384791555523
0.015047423359646928 0.0011124644769324732
0.012606679651071317 0.0008862587014846213
0.012373870078590699 0.0008415472966589732
0.013466721298755147 0.000990929165709531
0.013670396743691526 0.0010043868644515896
0.015073754504555836 0.001112874194404867
0.014317665423732251 0.0010581938872746832
0.012591168320795987 0.0008721706917640404
0.013091651300783269 0.0009518570800537418
0.012792096400517039 0.0009187843825202435
0.0165350590395974 0.0011796268644275187
0.014584064250811934 0.0010826240866208536
0.016084332048194483 0.0011443898534935215
0.014181265782099217 0.0010497790976842225
0.013541473323130049 0.000994382680801209
0.014311493101558881 0.0010565109256504002
0.016082594913314097 0.001144381958511076
0.014559164847014472 0.001077418354270776
0.013894735071517061 0.001025509389137369
0.014748775494808797 0.001095034391369154
0.014572931759175844 0.0010778662453958532
0.014692169454065152 0.0010873181047372782
0.016601928451564163 0.0011847557796045294
0.013703953256481327 0.001016817010622617
0.01724504020967288 0.0012102066959869262
0.015610672970069572 0.0011258650868057885
0.013458404660923406 0.0009835152800405922
0.016210897214477882 0.0011567702608061836
0.01263336649572011 0.0008964988437583088
0.01556644837546628 0.0011257680371272727
0.01357144265784882 0.000994797829662275
0.013456016131385695 0.000983028776744277
0.013581820283434354 0.0009948930573955295
0.016240831042523496 0.0011586861995738218
0.016763789069955237 0.0011864377346455512
0.014960099913878366 0.0011012620918791072
0.013589147827588022 0.0009975389568808168
0.01611823190614814 0.0011451698451310222
0.01359603042510571 0.000998304996414845
0.014528959494782612 0.0010739196136455575
0.013862904801499099 0.0010204340005657286
0.013585789682110772 0.0009973113583328086
0.012414868557243608 0.000847325707127311
0.013143670599674806 0.0009548869657010073
0.013354420705582015 0.000977105140009371
0.012112376163713634 0.0008038191120931515
0.016492352304339875 0.0011783925381223526
0.014014302418217994 0.001033847122471343
0.016212390990403946 0.0011576727616500193
0.013974241475807503 0.0010305487692221504
0.015673163361498155 0.0011331771838740679
0.012711554270936176 0.0009117020458688785
0.013245362977613695 0.0009674155512584548
0.01720484413090162 0.0012045320102060941
0.015231237826810684 0.0011199002985904372
0.013881248800316826 0.001023545395128167
0.012599035224411637 0.0008756927054491825
0.014690520416479558 0.0010856199398858735
0.012798751529771835 0.0009198317197842698
0.013128576960298233 0.0009519169675513695
0.014337379165226594 0.0010624072895097925
0.014064890216104686 0.0010374458422575117
0.016799299453850836 0.0011881164631404317
0.014329733574413694 0.0010592893515877222
0.012364521899144165 0.0008281453524432436
0.01442095256788889 0.0010670837900761398
0.014333389866806101 0.0010610694830575085
0.01503986437455751 0.0011087812723644674
0.014128744223853573 0.0010404404451946903
0.012490204848290887 0.000848043284349842
0.014131018266198225 0.0010405140073999064
0.013210942983278073 0.0009605729555914877
0.014131165786238853 0.001043099033722683
0.01298690980183892 0.0009481742290518014
0.015006538247689605 0.0011071595957901081
0.015025129316200037 0.0011072119946220482
0.014287471189163625 0.0010535605965742434
0.016583207587245852 0.0011813754240392882
0.013411516410997137 0.0009788048485006584
0.012479043551138602 0.0008476661678287201
0.014377007173607126 0.0010634165014380415
0.01593629710987443 0.001141726858236325
0.012569914572850394 0.0008720938714645854
0.013436375433229841 0.0009799461151942523
0.016073754464741796 0.001142740803175002
0.017149510356830433 0.0011973021291851182
0.011930477834539488 0.0007183639772847528
0.013203339636675082 0.000957262241627177
0.014689265015476849 0.00108428343196465
0.016767838831583504 0.0011878685650117404
0.01623304844542872 0.0011583160628561018
0.013880538288503885 0.0010225972519037896
0.016118838320835494 0.0011513145113895007
0.01322872334276326 0.0009643860985306674
0.014435071323532611 0.0010723761693043343
0.01504141309123952 0.0011094451438111719
0.012967516726348549 0.0009358205093121796
0.012892966420622543 0.0009332102140433562
0.012080320564564317 0.0007557322169304825
0.016665838651533704 0.0011863462334531505
0.015046676053316332 0.0011097985843662173
0.013451525315758772 0.0009809550392674282
0.012782440113369375 0.0009156866158264165
0.013281679843203165 0.0009691819673207647
0.016143119857588317 0.0011555811931884818
0.013376754235650878 0.0009772888436145877
0.014368305353855249 0.0010629540881836874
0.01333424128824845 0.0009762223139659909
0.014788079985009972 0.0010966841844037845
0.012687621507211588 0.0008990193059617013
0.014732934447238222 0.0010923952335133436
0.013636157484143041 0.0010017002186941681
0.01509961269039195 0.001117069307156271
0.01320618434692733 0.0009580557480148855
0.014090638222114649 0.0010400351802672958
0.014522378696710803 0.001073831362873534
0.013339548910153098 0.000976735634594661
0.016237829200690612 0.001158351318053974
0.014974000863730907 0.001103281628274999
0.013956904083897825 0.0010303866154117713
0.014330938181956299 0.0010598890858091181
0.01417766755912453 0.001047210441356583
0.015094305759703275 0.0011146249211151371
0.013926973937486764 0.0010257096366785845
0.012409146569552831 0.0008453343307337491
0.014976321574067697 0.0011037139809104701
0.015132926833757665 0.001119441049922898
0.013504386690328829 0.0009925333678211246
0.012720290629658848 0.0009140124552686757
0.015087000720086507 0.0011134953597320418
0.013173188963264693 0.0009567865629378502
0.01330199652875308 0.00097099201502715
0.013146170211257413 0.0009552444662404014
0.012898602231871337 0.0009353785403618531
0.015100754164450336 0.0011172655065365689
0.01353553789522266 0.0009929056175224105
0.01626538921118481 0.0011752587810178738
0.013302262421348132 0.0009735105390973331
0.0139280610383139 0.0010291708440490765
0.01321612334868405 0.0009615167718948214
0.01461896879482083 0.00108376412765665
0.014300807619292755 0.0010551400278018264
0.013452780083753169 0.0009816984093049541
0.013685834441275802 0.0010103194821340367
0.014006400990183465 0.001033312842309897
0.01338980533182621 0.000978403946646722
0.014804133854340762 0.0011009494658082986
0.013129249891790096 0.0009533666589049972
0.014713479642523453 0.0010899068381604593
0.015718979127996136 0.0011412470342975212
