0.014553634682670236 0.0010891138765600772
0.016178641395526938 0.0011663268475103905
0.013674281552084722 0.0010144979886490546
0.012820370691770222 0.000929408036967061
0.013554614241002128 0.0010067256253023515
0.013828053408360574 0.0010273757389995808
0.01431057923764456 0.0010694042522771952
0.014928841068467591 0.0011134754934118973
0.014135532564978348 0.0010511457139728009
0.01445780074573122 0.0010785911663333536
0.013317057353560813 0.0009872051184629527
0.012974023891729303 0.0009517249875443667
0.014708542592416052 0.0011014536327138558
0.015200567529973341 0.0011263906130238865
0.013186057003622409 0.000975859577636129
0.013219222666521091 0.0009761152418832353
0.012829250932554714 0.000932504227876052
0.013612843624287052 0.0010105769491701722
0.01655357729032403 0.0011882755699161862
0.01471599129945389 0.001103917196473958
0.013269414172100369 0.000982442973736397
0.014108542483882047 0.0010493478771422815
0.016079387874924578 0.0011568023422796614
0.015807063311513048 0.001135323772814445
0.013577458303188905 0.0010072651164136914
0.015037468394439202 0.0011160343386791283
0.014168996858643368 0.0010555989459817283
0.012375707305182004 0.0008762461852711567
0.013670963402546477 0.0010144974739887402
0.01511513634613948 0.0011233124967020558
0.014496468833385734 0.0010836260182145452
0.012903134451335063 0.000939838264912396
0.011939379357500002 0.0005325796514625836
0.01275441974576097 0.0009113430967317981
0.012426080051227473 0.0008777509851825016
0.01243953283119481 0.0008813720583020768
0.012921243134769611 0.0009408780756530177
0.013605888005258748 0.0010096881714360961
0.014351766410982236 0.0010713809824665077
0.01416255222466134 0.001055511698382361
0.012875543478003237 0.000935315557399008
0.016220725716266315 0.0011689102182117495
0.014429019196541049 0.0010783095141846388
0.014096362945565488 0.0010455862918661296
0.016584468188739265 0.0011920043988880025
0.014296510587882949 0.001067570470240753
0.012397807337038103 0.0008762715120269604
0.015050458547193557 0.0011183385458934936
0.013011165061016072 0.0009619172375607832
0.014563099437509663 0.001089300389935488
0.012810261119739152 0.000929016888676415
0.014076890183787327 0.0010442358893669734
0.012804208068700973 0.000927997332837549
0.014354366161569487 0.0010730694486937864
0.012007321238343138 0.0005819910163609165
0.0123638315617427 0.0008709808926141704
0.017295873563853092 0.001200289549842637
0.01246732418803731 0.0008877293935256603
0.013470688390953 0.00099509768142525
0.015033969189971685 0.0011151164039802097
0.015110642518266104 0.001121410716450555
0.016549998566915747 0.0011873520807057503
0.012533957968116738 0.0009066795337275835
0.012140096856455784 0.0007789025778492942
0.014413292603421723 0.0010748591554943232
0.01312151963065844 0.0009690302661056194
0.016518260170414578 0.0011835888349196466
0.012869358266470954 0.0009333071823220962
0.01288199099508347 0.0009357614176508378
0.014338719007355394 0.0010697962399035532
0.013954483161796816 0.0010365232024014404
0.014139137630991172 0.001054355990163458
0.01438827106176177 0.0010742065554723013
0.013492161633621436 0.0009982023882457725
0.013842323358403519 0.0010279787640001814
0.01353885557182366 0.0010037516324246099
0.013528869203582872 0.0009991622002871736
0.01195636316697346 0.000543331037988537
0.013517279192456044 0.0009991190970595198
0.013482799266057555 0.0009965648996512755
0.014261897151300218 0.0010639631744879807
0.01590879919967847 0.0011409844075842557
0.014926145551726222 0.0011070802314350203
0.01654767367290333 0.0011845922285829147
0.013857718455255963 0.001031705428033547
0.012783815371221863 0.0009209993502281577
0.013648511478095315 0.0010133822534044157
0.01480700491083553 0.001106752076907469
0.012513927795225754 0.0008884419644346053
0.015170575396041386 0.001124478003475815
0.015074038732564077 0.0011197195669865323
0.013647668609337416 0.001013221562857325
0.013553785407566465 0.0010040404306437267
0.014791476234677248 0.001106222862517825
0.015113632318389136 0.0011228785107277872
0.013677668423042633 0.001016550284987261
0.015019233243947383 0.0011140635007222954
0.012361417095235083 0.0008680914722845046
0.012924794955324614 0.0009458658126959563
0.01420622593650478 0.0010596536531011225
0.015039835045172367 0.0011175947724950674
0.012513106208643876 0.000888053854168902
0.016022481744585093 0.0011524631795509777
0.01227804602967808 0.0008158350374287693
0.013415611454547616 0.0009943763861954835
0.01611306625272846 0.0011640881936045844
0.013619484103401192 0.0010131770966381737
0.01502448802057188 0.0011144345834281921
0.013246519807580626 0.0009777768181038482
0.012808327766833827 0.0009289313754834438
0.014476029420620762 0.0010825026648149105
0.014759965692064725 0.001104445396435949
0.013327759261301253 0.0009885667052458302
0.013675659953150898 0.0010153984699172725
0.014102156179433223 0.001045602163003423
0.014524193633405957 0.0010857950987883669
0.016239851946011186 0.001170741906321382
0.01447487878613174 0.0010815613257477708
0.014158832926113973 0.0010552077467878007
0.017718299583066255 0.0012029641135313796
0.01618398545542732 0.0011665916666743215
0.012525246151199099 0.0008892535518043587
0.01382483995257644 0.0010252361641960306
0.013785961200483143 0.0010251880273699499
0.013265914501971565 0.0009788216542574446
0.014227767300326377 0.001063656284031822
0.012533814209746197 0.000906342912458058
0.015001110783487093 0.0011139518105665047
0.014410249794309493 0.0010747236499355495
0.013593087060144171 0.001008380156918065
0.013913802740717074 0.0010336504187193896
0.01596888270432828 0.0011471889432641547
0.013600747763121035 0.0010093426301409636
0.014288293867139146 0.001065249497514742
0.013030845431785565 0.0009637453347295377
0.015068469750985969 0.001118581195328261
0.013743686176894698 0.0010189540375904471
0.015119153416890185 0.001123776523172637
0.01626523944105429 0.0011714302422660694
0.014596973531297408 0.0010953134939200027
0.013144731056854653 0.0009723127410552479
0.013777324707916705 0.0010235849703121858
0.014576042914995924 0.0010893355770349444
0.015960318261932116 0.0011469745404610876
0.016619149086182006 0.001193109036421447
0.014055215600819793 0.0010399905572739954
0.014110662756138481 0.001049563722062885
0.013096261936880182 0.0009638464916861267
0.016224319144384935 0.0011700954054276735
0.012442204963008408 0.0008822454390156054
0.014607292294385843 0.0010955294634413804
0.012832083986722864 0.0009328373050720984
0.01629127101477934 0.0011748112998475335
0.014045311792870052 0.0010382712232512858
0.01588615569198737 0.0011407246088310785
0.01470757451170357 0.0011008753199348575
0.013663238802109845 0.001014072651855713
0.014681479169667 0.0010988413492896143
0.013227014955191407 0.0009763954121808638
0.016495177485921886 0.0011808358345888337
0.01621027154760668 0.0011688927446584785
0.015910024383629207 0.0011464784524832794
0.014656396844657138 0.0010974536397725387
0.015818414009117987 0.0011391379905489885
0.014467666558630299 0.001080029061085952
0.01283606015931582 0.0009330783793757291
0.016497263168275822 0.0011811813345730116
