0.04382183586858446 0.0011567052470127237
0.046356868362636305 0.001214256621324239
0.042384994398162235 0.0011153756713611074
0.04300075524224667 0.001131936925617083
0.040950910151877906 0.0010669957653703932
0.04153296165895881 0.0010905793384381468
0.046070058655459434 0.0012086801859823026
0.044709613495797385 0.0011769462824986476
0.04217254192190012 0.0011100421521064163
0.0444642672300688 0.0011714804688836011
0.03956334651593352 0.001011217193763514
0.04558941967843566 0.0011982203155866955
0.04101837733469438 0.0010676149021264791
0.043536466218938585 0.0011467896531485167
0.040259542074636556 0.0010451751981008783
0.04010128041409189 0.001039660077708504
0.040150624576199334 0.001041345799649207
0.04280558730533812 0.0011274763634219198
0.043198667859542184 0.001140020384127638
0.039728103583911434 0.001018594309243781
0.04024467585259117 0.0010447886413658125
0.03970256609318312 0.0010160375156829105
0.04199638012505602 0.0011062620750408314
0.04063061503256904 0.001059790002614136
0.043414529303845484 0.0011444968821479051
0.04050640339119127 0.0010556590239048091
0.040322614659089595 0.0010480420390877043
0.042649969072954264 0.0011225081694874461
0.0425038800551647 0.0011167403158722777
0.04462606917513767 0.0011745090758381593
0.04017162094532978 0.0010422675979953056
0.04300524370773928 0.001132480497517463
0.04180493639432825 0.0010976316811479592
0.04032891402312089 0.0010483470532562933
0.043898047326365486 0.0011569292394142394
0.04464997132163262 0.0011754285224014893
0.04483860779873794 0.001179593716869931
0.039817508921260014 0.0010216630013246686
0.04249016776884673 0.001115838508781053
0.04353881714632735 0.0011469549816638391
0.042903850102447905 0.0011312272232544274
0.04264062895526877 0.001121416262094499
0.04427438081620494 0.00116694333473788
0.040129395776602905 0.0010403260333760045
0.042554200837912504 0.0011170251466978698
0.039583763675182126 0.0010123160034254397
0.04342895745503483 0.0011446325705719573
0.04605336162057938 0.0012078971972755426
0.04608522528724279 0.0012088647569044042
0.0422073167792405 0.0011106624117473984
0.04609057423658669 0.0012089624004829602
0.04031853667402174 0.0010477923246980936
0.04011045263177948 0.0010401214574358164
0.04331168708449695 0.0011421895698049411
0.04431806889624568 0.0011686499585721322
0.03971369749342557 0.0010166376068809768
0.04263750190875726 0.0011213240898655386
0.043045609156251885 0.0011331615985454846
0.04022048097249353 0.0010444074714541784
0.04211161228158744 0.0011080590981009664
0.04482215886673657 0.0011794530887527799
0.03956646303413436 0.0010117215958871384
0.04504542599170236 0.0011844084842778102
0.04291336359165143 0.0011313460539668085
0.045318384109123144 0.0011900017094603754
0.03941712417145027 0.0010057883166609827
0.04083024145802483 0.0010635176251980738
0.04210736670938786 0.0011080432223025127
0.03863301005912945 0.0009526487466473554
0.03943277856888017 0.0010067950563552586
0.04169605380593566 0.0010951496876714373
0.03872541012970032 0.000954604723006014
0.040256545413285494 0.0010450139436670725
0.04606540886015864 0.0012084709416058104
0.03820859026745893 0.0007774075613724563
0.04154458118136972 0.0010925352380581899
0.04590284357982455 0.0012031569908685924
0.04463976992701646 0.0011749693125011618
0.04398470429441659 0.0011578455374774421
0.03940715955104679 0.0010055209131678566
0.04047238241764717 0.0010554782124359008
0.042577507032547146 0.0011185493905259136
0.040028228460869286 0.001023382986318211
0.04302787195047131 0.001132548202349426
0.04318090383458184 0.0011373754383612322
0.044789701845729724 0.0011784226413737997
0.04018846320104785 0.0010427728474269315
0.046645073023682926 0.001219989681203515
0.04019615789002273 0.001044149596623356
0.043976773173199035 0.0011577420002595318
0.040846047158993315 0.0010635971236752084
0.038367961620679125 0.0008637095451149435
0.03881519609421957 0.0009575481021784071
0.04219585648388602 0.0011104300602937656
0.04318627738393843 0.0011381766768749912
0.0396121493758983 0.001013681960557733
0.041826222943200264 0.0010981965558585216
0.043289638990245294 0.0011418640909823807
0.03968586581322597 0.0010159221699268528
0.043821442559419665 0.001155630151515652
0.044679264072328806 0.0011759027672724187
0.04163569373486098 0.0010935614255913606
0.04172054557420779 0.0010965488465899398
0.04134038846677868 0.00108571038822447
0.04591016669292003 0.0012031916368187012
0.03793495878926478 0.0007594146361498133
0.04246621984930243 0.0011154559686019638
0.046521253847458865 0.0012163993519607175
0.04310823578998679 0.001135926833285339
0.04285733700817218 0.001128933467839488
0.039020506861561444 0.0010039194494879666
0.04255992760590743 0.0011173298200901627
0.04195599789818516 0.0011029705600549278
0.04016814083297504 0.0010420331442446695
0.04257387473626295 0.001117939825689973
0.0441145040167612 0.0011590245078423322
0.040093567135045305 0.00102411913189826
0.044269035024626646 0.0011667088612057341
0.04288045891735237 0.0011304324654020093
0.04647359840600984 0.0012154099241570293
0.04538385544583434 0.0011907753613513705
0.04194210974674206 0.0011024711960203604
0.042150282410148066 0.0011092699567143427
0.044594301318284124 0.0011722916394774074
0.040296162900631316 0.0010476273776021117
0.045455740379111376 0.0011952942334119143
0.04013511512312107 0.001040389975173639
0.04044267146673519 0.0010527725213478334
0.04415733120549703 0.0011662972709700625
0.04050970679963939 0.001057746810261051
0.03865772016433766 0.0009531187583888823
0.04025435457151616 0.0010449607146938433
0.046071541277342476 0.0012087906072792975
0.04033454640011769 0.0010490200147614814
0.04495971219148487 0.0011807310258973303
0.043194327139644884 0.0011385148906128961
0.0460972997097997 0.0012096191162527248
0.04141775265452452 0.0010895224221485478
0.04266842429206008 0.0011253504690103
0.039643013653403614 0.0010143758380536383
0.041704181356180925 0.001095287454973004
0.04085937356285285 0.0010649480013853463
0.04558424616698176 0.0011980557428614702
0.0394939211619203 0.001009229012652213
0.04414691589772701 0.0011650501978692773
0.042570773606712464 0.0011178232546171785
0.04056045896868454 0.0010581381350220909
0.04505400724156061 0.001184490809464478
0.043033408728661016 0.0011326109884066682
0.04066637276991969 0.0010598911626402696
0.040549451106926426 0.001057790400864178
0.04470732670597499 0.0011768960073368362
0.04363178468338447 0.0011516467669707708
0.042805293400306255 0.001126920804722431
0.043534914060728624 0.001146754807450634
0.04281665178859839 0.001127645962128554
0.03972779965988593 0.0010173292303079506
0.04041284211416496 0.0010521377709551416
0.04104932964401087 0.0010676395496602709
0.0422040103803738 0.0011105641888207174
0.04046472693880787 0.0010544388401854121
0.040422212063276675 0.0010527098060038043
0.03956976454355754 0.0010120931910932995
0.04263152231578715 0.0011209546240706914
0.04018240571167553 0.001042671647496718
0.042361007079307456 0.0011125919176038224
0.044638449282501824 0.0011749402950727017
0.04154064496833598 0.001090705238539158
0.043691509432392195 0.0011530892348901034
0.042834104438952636 0.001128296242484339
0.04356688156258315 0.001148439099438292
0.04285552629153244 0.0011288754121778766
0.0425878626992926 0.0011195333715363631
0.0426158011177904 0.001120608974076731
0.041050638508750126 0.0010693340212810654
0.04179317064699717 0.0010973915268550627
0.04626870112406323 0.001213319088606113
0.043390323582571 0.0011433054446001734
0.04466589596995618 0.0011755731078437748
0.042086009510967415 0.0011068150698747559
0.042120852958760224 0.0011081183955639062
0.04171217855764553 0.001096187284701955
0.04137818147864891 0.0010863188695111603
0.04209372614423046 0.001107974331830519
0.04390424479788635 0.0011572489729587687
0.04524978211702546 0.0011890798452895979
0.04578364914050326 0.001202679841526333
0.04039734342950396 0.001051291281783051
0.04027606274030404 0.0010456492352659552
0.040373236501181964 0.001051216095561358
0.04025193587585818 0.0010448639578726215
0.04354609582514968 0.0011472016374227678
0.04511324828490615 0.0011857716126542073
0.04017686454608338 0.0010423196787314737
0.043967617995804176 0.0011577320150308879
0.044301221569185145 0.0011677704894168528
0.04507313081558095 0.001184737344487985
0.041113281789876055 0.0010739351507709216
0.0431844272534363 0.0011376586638220942
0.04664611896441784 0.001221719947920974
0.0394986394821899 0.0010097700233018259
0.03855940386711154 0.000950565348375676
0.04460001223196741 0.0011724214649575515
0.04176087791711325 0.0010965531523936534
0.042631179458112456 0.0011209315359224092
0.04613165367481997 0.0012108793363267978
0.04567616676649777 0.0011999612354998135
0.04217471283482155 0.0011101250736373913
0.041658664886199404 0.0010940803730363768
0.04314286042790627 0.001136547028181667
0.04361235201213276 0.0011502741630806668
0.0440970649724477 0.0011588020663566567
0.041884617508912925 0.001099487155101997
0.04623684177931864 0.001211980081279762
0.0438214011664968 0.001155185674747372
0.03879157159826718 0.0009556073273415677
0.0395975164428819 0.0010129504379392529
0.04622554624802433 0.001211115751516445
0.0449761826384929 0.0011808789641918338
0.041294771021057386 0.0010838761393188179
0.04339120295480825 0.0011433374728540002
0.04127904541383032 0.001075177465509114
0.04626061853923602 0.0012129934780205076
0.04463393339392496 0.0011747797931320747
0.04409467191726435 0.001158468242579147
0.04322216049331473 0.0011414426010674106
0.04165883710811613 0.0010942233139985547
0.04212155162531417 0.0011085337725944555
0.04033831215201644 0.0010498348058263218
0.04287518633645959 0.0011301188119432481
0.04355644906172529 0.0011478702166414223
0.04592972807586193 0.001203722967034082
