0.063173726 0.0017605135
0.03557833 0.0011118266
0.050031237 0.0015559887
0.035572708 0.0011115902
0.037736706 0.0012110133
0.03774943 0.0012115659
0.0567833 0.0016715063
0.063143715 0.0017600704
0.03774864 0.0012115197
0.035580385 0.0011119371
0.037756003 0.0012118506
0.049976133 0.0015550589
0.06315854 0.0017603026
0.03774863 0.0012115195
0.037769813 0.0012124525
0.03775057 0.0012115713
0.03775773 0.0012119112
0.035572495 0.0011115869
0.037765704 0.0012122547
0.037761293 0.0012120666
0.03557559 0.0011117075
0.06314063 0.0017600199
0.03557667 0.001111755
0.056774404 0.0016713822
0.03561797 0.0011135307
0.04999695 0.0015553784
0.03558833 0.0011122499
0.037738726 0.0012110898
0.06311562 0.00175966
0.035590086 0.0011123588
0.037751045 0.0012116431
0.037751913 0.0012116705
0.06312564 0.001759773
0.03776077 0.0012120577
0.056768257 0.0016713741
0.037758503 0.001211939
0.06316587 0.0017604122
0.037805792 0.0012139304
0.0631691 0.0017604613
0.035585586 0.0011121288
0.035569835 0.0011114831
0.056781176 0.001671505
0.035592478 0.001112393
0.06314316 0.0017600424
0.06315117 0.0017601188
0.037761558 0.001212083
0.035579946 0.0011119029
0.06312371 0.0017597495
0.03557621 0.0011117472
0.037767526 0.0012123332
0.035578664 0.0011118506
0.06315487 0.0017602554
0.06318854 0.0017607538
0.063159935 0.0017603104
0.06319032 0.0017608155
0.06313969 0.0017600071
0.037738632 0.0012110858
0.06310129 0.0017594302
0.06314321 0.0017600582
0.06316588 0.0017604452
0.03557915 0.0011118622
0.037757717 0.001211911
0.063182004 0.0017606486
0.063197695 0.0017609246
0.034728795 0.001076147
0.04213787 0.0013939082
0.041232806 0.0013626099
0.04201418 0.0013882502
0.057796627 0.00169174
0.06584639 0.0018169036
0.04206272 0.0013906112
0.042044785 0.0013896069
0.041971028 0.0013862514
0.041218333 0.0013619958
0.04198021 0.0013866723
0.057873905 0.0016930964
0.041263163 0.0013639302
0.04208386 0.0013913871
0.042005043 0.001387824
0.04200463 0.0013878089
0.03726692 0.0011926615
0.06587104 0.0018173804
0.04119427 0.0013609333
0.041977815 0.0013865683
0.034741215 0.0010766782
0.042007856 0.0013879532
0.034748644 0.0010770173
0.04200708 0.0013879213
0.042036977 0.001389252
0.042091936 0.0013917629
0.04199783 0.0013874954
0.041216243 0.0013618632
0.065989606 0.0018194285
0.04122424 0.0013622243
0.042013217 0.0013882077
0.03727597 0.0011930688
0.04208469 0.0013914696
0.041257836 0.0013636335
0.06598835 0.0018194113
0.042086463 0.0013915445
0.041227102 0.0013623197
0.03726772 0.0011926937
0.041213565 0.0013617494
0.04122744 0.00136235
0.04199364 0.001387302
0.041204173 0.0013613469
0.04211014 0.0013926399
0.04122057 0.0013620869
0.037259903 0.001192265
0.037299078 0.0011940958
0.041206643 0.0013614631
0.041238 0.0013628666
0.03473701 0.0010765141
0.037222702 0.0011907774
0.042076487 0.0013910907
0.04123413 0.0013626288
0.042001903 0.0013876955
0.057761956 0.0016910902
0.03722442 0.0011908537
0.042047385 0.0013897588
0.057809815 0.001691932
0.03730026 0.0011941055
0.04204386 0.0013895882
0.042036366 0.0013892278
0.04127128 0.0013643472
0.0412705 0.0013642185
0.04124172 0.0013629952
0.041196957 0.0013610438
0.037266053 0.0011926298
0.0419969 0.0013874568
0.042156328 0.0013947581
0.04121164 0.0013616354
0.04211593 0.0013928782
0.042039566 0.0013893906
0.05780328 0.0016918401
0.065886304 0.001817647
0.041253604 0.001363556
0.065918654 0.0018182236
0.0373092 0.0011945514
0.042082 0.0013913525
0.04203047 0.0013890198
0.041997924 0.0013875101
0.041985363 0.0013869177
0.0658657 0.0018172823
0.034739852 0.0010766456
0.04209202 0.0013917956
0.041235432 0.0013626851
0.05777692 0.00169148
0.042075697 0.0013909978
0.042047948 0.0013897845
0.037290957 0.0011937731
0.041217845 0.0013619304
0.041249137 0.001363343
0.0420343 0.0013891401
0.037292883 0.0011938262
0.041230366 0.0013625149
0.042025667 0.0013887407
0.037302133 0.0011942122
0.042079035 0.0013911905
0.034726452 0.001076049
0.04213336 0.0013936234
0.04124641 0.0013632505
0.042028572 0.0013888923
0.041204136 0.0013613227
0.041244894 0.00136309
0.042007793 0.0013879489
0.041251794 0.0013633892
0.041991897 0.0013872207
0.042143527 0.0013941713
0.057732385 0.0016907051
0.065923795 0.0018182904
0.04121795 0.0013619511
0.042008165 0.0013879669
0.042019725 0.0013887171
0.042018726 0.0013884584
0.037175436 0.0011887524
0.041201573 0.001361228
0.037308317 0.0011944566
0.034724634 0.001076048
0.041993503 0.0013873017
0.041993167 0.0013872707
0.03473957 0.0010765984
0.03475204 0.0010771606
0.034728926 0.0010761955
0.041198596 0.0013611033
0.041989025 0.0013870855
0.037284013 0.0011934855
0.04198564 0.0013869294
0.04199822 0.001387528
0.03731363 0.0011946773
0.03473456 0.0010764096
0.037312355 0.0011946297
0.04121319 0.0013617163
0.04200054 0.0013876806
0.042034987 0.001389169
0.041988365 0.0013870415
0.041215915 0.0013618368
0.04121538 0.0013617983
0.041222494 0.0013621205
0.037263934 0.0011926147
0.04121128 0.0013616307
0.04122418 0.0013622092
0.057726987 0.0016906487
0.042040158 0.001389528
0.04199721 0.001387464
0.06589859 0.0018180924
0.034737676 0.0010765507
0.04212784 0.0013931661
0.04205648 0.0013901861
0.037263133 0.0011925146
0.037307817 0.0011944419
0.042093642 0.001391886
0.04123577 0.001362701
0.04204013 0.0013894122
0.03724345 0.0011916447
0.041995768 0.0013873917
0.042066935 0.0013906539
0.0419928 0.0013872568
0.0420543 0.001390044
0.041190725 0.0013608059
0.042018153 0.0013884334
0.06586594 0.0018172882
0.041192666 0.0013608426
0.042106677 0.0013924205
0.041236375 0.0013627498
0.037289955 0.0011936631
0.041216142 0.0013618495
0.041214217 0.0013617753
0.037282605 0.001193354
0.041269284 0.0013641546
0.037296362 0.0011940202
0.037294347 0.0011939197
0.042005245 0.0013879208
0.042035397 0.0013891867
0.034723744 0.0010760009
0.03727103 0.0011928849
0.041183427 0.0013604623
0.06587294 0.0018176192
0.042028625 0.0013889655
0.06588932 0.0018177715
0.04199877 0.0013876476
0.04202782 0.0013888158
0.041210096 0.0013615802
0.042028163 0.0013888746
0.034691967 0.0010745217
0.041983757 0.0013868412
0.041215327 0.0013617851
0.056601904 0.0016712903
0.037324082 0.0011951436
0.041231055 0.001362558
0.05781431 0.0016920019
0.041993964 0.0013873283
0.03470903 0.0010754671
0.0658505 0.0018170393
0.034739155 0.001076571
0.03089196 0.00079617236
0.04124554 0.0013631091
0.037279084 0.0011932534
0.04198876 0.0013870664
0.06589667 0.0018179829
0.04129511 0.0013652305
0.04122609 0.0013622947
0.03728342 0.0011933965
0.042009495 0.0013881545
0.03473536 0.001076412
0.03471972 0.001075836
0.05784745 0.0016926356
0.042073704 0.0013908588
0.06585319 0.0018170913
0.03728584 0.0011935224
0.037304614 0.0011944004
0.06589208 0.0018177863
0.041993804 0.0013873029
0.041979995 0.0013866667
0.042017005 0.0013883716
0.034743473 0.0010767375
0.037298523 0.0011940723
0.042070158 0.0013908088
0.042108916 0.0013925757
0.041988514 0.0013870457
0.04199268 0.0013872486
0.04209654 0.0013920265
0.037286017 0.0011935962
0.037299935 0.0011941011
0.037242036 0.0011916095
0.042005204 0.0013878781
0.042019535 0.0013884736
0.041996386 0.0013873919
0.04206281 0.001390616
0.041241076 0.001362976
0.042092264 0.0013918256
0.042071033 0.0013908301
0.04201589 0.001388319
0.042090323 0.001391705
0.04205731 0.0013902049
0.04210501 0.0013924111
0.042012412 0.0013881802
0.05786635 0.0016929568
0.034748018 0.0010769957
0.037301417 0.0011941787
0.04208739 0.001391597
0.05785297 0.0016927286
0.041192915 0.0013609026
0.056867965 0.0016731796
0.05684525 0.0016727747
0.0568186 0.0016723569
0.05686886 0.0016732101
0.06393263 0.0017834321
0.05679433 0.0016719113
0.056797955 0.001671972
0.056813024 0.0016722366
0.037742138 0.001211375
0.056851223 0.0016728905
0.056810513 0.0016721927
0.05681766 0.0016723457
0.05686183 0.0016730775
0.037733804 0.0012110036
0.03775255 0.0012118022
0.03774449 0.0012114585
0.056815058 0.001672295
0.03774427 0.0012114457
0.056815304 0.0016722969
0.05682948 0.001672505
0.037752286 0.0012117841
0.03773243 0.0012109498
0.0568271 0.0016724735
0.06329187 0.0017623611
0.056793448 0.0016718927
0.05682155 0.0016724055
0.05680916 0.00167215
0.05678805 0.0016717996
0.05684243 0.0016727293
0.05682335 0.0016724151
0.05680398 0.0016720915
0.056820564 0.0016723924
0.056799944 0.0016720035
0.05681042 0.001672191
0.06330654 0.0017625946
0.056849737 0.0016728617
0.040653635 0.0013360039
0.040709082 0.0013385104
0.04064333 0.0013355161
0.04066243 0.0013363954
0.040687583 0.0013375068
0.040675845 0.0013370012
0.04064086 0.0013354181
0.040656794 0.0013361376
0.040648494 0.001335773
0.040645886 0.0013356364
0.040648267 0.0013357609
0.040694058 0.0013377994
0.040642094 0.0013354585
0.037406195 0.0011967033
0.04068626 0.0013374966
0.040643297 0.001335514
0.057641808 0.0016861804
0.040661372 0.0013363466
0.057609178 0.0016857226
0.040652968 0.001335969
0.040667895 0.0013366083
0.040669248 0.0013366918
0.040651917 0.0013359311
0.040674403 0.0013368984
0.04064466 0.0013355687
0.05759274 0.001685508
0.05765372 0.0016864019
0.040672142 0.0013368159
0.04066106 0.0013363252
0.04070524 0.0013382006
0.040677115 0.001337059
0.04064567 0.0013356353
0.04066016 0.0013362914
0.040649958 0.0013358307
0.04065107 0.0013358914
0.04066185 0.0013363495
0.04066965 0.0013366946
0.057667885 0.001686665
0.037415452 0.0011972726
0.040655583 0.0013361071
0.040651623 0.0013359045
0.040653117 0.0013359804
0.040648706 0.0013357864
0.040651027 0.0013358734
0.040676244 0.0013370499
0.040648077 0.0013357477
0.057624258 0.0016859163
0.04068157 0.001337257
0.040648684 0.0013357782
0.040684078 0.0013372907
0.057604015 0.0016856005
0.057624947 0.001685983
0.04065315 0.0013359913
0.05765782 0.0016865134
0.04065153 0.0013359031
0.040651068 0.0013358815
0.040649988 0.0013358339
0.057647895 0.0016863608
0.05764619 0.0016863041
0.04065035 0.0013358559
0.040654987 0.001336079
0.040656492 0.0013361252
0.040649757 0.0013358275
0.040651307 0.0013358945
0.040641338 0.0013354311
0.040648263 0.0013357585
0.057624415 0.0016859567
0.0406448 0.001335608
0.057627138 0.0016860211
0.040652886 0.0013359683
0.040647548 0.0013357201
0.057655428 0.0016864865
0.04066308 0.0013364223
0.057605173 0.0016856747
0.0576459 0.0016862418
0.04064925 0.0013358147
0.040661998 0.001336371
0.040656637 0.0013361364
0.04066026 0.0013362952
0.04066798 0.0013366103
0.04065163 0.001335914
0.040653657 0.0013360189
0.05765953 0.0016865471
0.05762229 0.0016857487
0.040641367 0.0013354355
0.04064231 0.0013355048
0.040643502 0.0013355319
0.040649213 0.0013357995
0.040654063 0.0013360239
0.037418887 0.0011973114
0.040656384 0.0013361251
0.040670015 0.0013367346
0.04065686 0.001336272
0.05760729 0.0016857111
0.040660396 0.0013362999
0.04064913 0.0013357955
0.040641762 0.0013354544
0.040648226 0.0013357573
0.04064899 0.0013357899
0.040648475 0.0013357686
0.040671438 0.0013368148
0.057671197 0.001686747
0.040641654 0.0013354518
0.04069628 0.0013379267
0.040663566 0.0013366034
0.056066625 0.0016601537
0.05605988 0.0016600501
0.056067687 0.0016601736
0.056051575 0.0016599216
0.056073207 0.0016602769
0.056061335 0.0016600739
0.03800515 0.0012230851
0.056063823 0.0016601117
0.056065522 0.0016601381
0.056074753 0.0016602831
0.056066345 0.0016601506
0.056061868 0.0016600805
0.05604145 0.0016597656
0.056064807 0.0016601285
0.056056283 0.0016599953
0.056067493 0.0016601686
0.05606777 0.0016601962
0.05606395 0.0016601135
0.056070976 0.0016602393
0.056053218 0.0016599455
0.056065813 0.0016601427
0.056039385 0.0016597321
0.05606677 0.0016601582
0.056171015 0.0016617795
0.0560533 0.0016599488
0.056060415 0.0016600676
0.05606623 0.0016601499
0.056056093 0.0016599918
0.056065056 0.001660131
0.056062292 0.0016600887
0.056057036 0.0016600076
0.05604992 0.0016598961
0.05606505 0.0016601307
0.050720654 0.0015752456
0.050778426 0.0015761382
0.068585075 0.001854896
0.039408147 0.0012872783
0.050588105 0.0015729957
0.05088489 0.0015780402
0.03942197 0.0012878651
0.039427966 0.001288132
0.051641613 0.0015910068
0.039719623 0.0013005082
0.039746325 0.0013017716
0.039346818 0.0012846576
0.034121595 0.0010444663
0.06859059 0.001854994
0.039739795 0.0013014898
0.05174291 0.0015926795
0.039409664 0.0012873376
0.039379798 0.0012861553
0.05071194 0.0015751248
0.05158519 0.0015899903
0.039411895 0.0012874452
0.05161028 0.0015904605
0.039762504 0.0013024883
0.05061037 0.0015733658
0.033246532 0.0009920076
0.06833253 0.0018495453
0.039791737 0.0013037067
0.033238962 0.0009910021
0.05063721 0.0015738253
0.051598236 0.0015903239
0.05172552 0.0015923893
0.050715584 0.0015751548
0.06856514 0.0018545312
0.050611008 0.0015734382
0.050882686 0.0015779784
0.051601436 0.0015903675
0.051570166 0.0015898445
0.050710727 0.0015750704
0.050493985 0.0015714032
0.051648486 0.0015911331
0.050939623 0.0015786334
0.03974341 0.0013016188
0.05163473 0.0015908906
0.051737253 0.0015926355
0.039411273 0.0012874415
0.039796118 0.0013039012
0.05161111 0.0015904774
0.039389517 0.0012864628
0.050669223 0.0015743744
0.03972125 0.0013005739
0.03941133 0.0012874445
0.039413817 0.0012875142
0.039394055 0.0012866714
0.039749887 0.0013018848
0.068351366 0.0018497179
0.03975507 0.0013021433
0.039410993 0.0012873894
0.039402805 0.0012870415
0.050716244 0.0015751868
0.03975026 0.0013019291
0.051644932 0.0015910447
0.039765634 0.0013025869
0.039407335 0.0012872269
0.039747614 0.0013018305
0.0507504 0.0015756977
0.051950708 0.0015957379
0.03938921 0.0012864624
0.039742682 0.001301591
0.039405774 0.0012871815
0.039408628 0.0012872986
0.050699696 0.0015748712
0.03939595 0.0012868725
0.050568495 0.0015726445
0.05066675 0.0015743294
0.06838363 0.0018517721
0.039767534 0.0013026719
0.03941715 0.0012876726
0.039726183 0.0013008174
0.039411094 0.0012874065
0.050794903 0.00157651
0.03979681 0.0013039313
0.03941606 0.0012876176
0.039803665 0.0013042252
0.05170264 0.0015918929
0.050740484 0.0015755336
0.051650144 0.0015911375
0.039800044 0.001304085
0.039410163 0.0012873617
0.039394032 0.001286666
0.050696634 0.0015748183
0.05078501 0.0015763461
0.050660778 0.0015743112
0.068243384 0.0018481507
0.039755918 0.0013021624
0.039773773 0.0013029382
0.051636286 0.0015909349
0.03979221 0.0013037806
0.05081458 0.0015768477
0.03975059 0.0013019395
0.05176643 0.0015929418
0.039415322 0.0012875752
0.05065726 0.0015741696
0.051742934 0.0015927337
0.0393927 0.0012865966
0.03940878 0.0012873027
0.039340094 0.0012843567
0.05042208 0.0015701439
0.039752718 0.0013020394
0.039734557 0.00130125
0.034114406 0.0010441645
0.05162397 0.0015907038
0.050747212 0.0015756659
0.05078147 0.0015761772
0.039384644 0.0012862945
0.039754976 0.0013021415
0.034171186 0.0010458684
0.03980853 0.0013044376
0.050722446 0.0015752946
0.034135047 0.001045042
0.03976005 0.0013023304
0.051642854 0.0015910099
0.039390143 0.0012864989
0.039766736 0.0013026407
0.0393687 0.0012855876
0.051625866 0.0015907872
0.050655868 0.0015741526
0.050584674 0.0015729256
0.039415706 0.0012875989
0.05077057 0.0015760018
0.050672952 0.0015744291
0.03978199 0.0013032567
0.03935196 0.0012848844
0.039766554 0.0013026295
0.039790172 0.0013036432
0.06856803 0.0018545771
0.05070693 0.0015750017
0.039755236 0.0013021539
0.050645076 0.0015740884
0.039729245 0.0013009573
0.050709113 0.0015750582
0.039763402 0.0013024925
0.051718306 0.0015922692
0.0397449 0.0013017156
0.050705437 0.0015749856
0.039761238 0.0013024153
0.039395124 0.0012867628
0.039820854 0.0013049574
0.039727237 0.0013008851
0.051658392 0.0015912818
0.05071454 0.0015751345
0.051652133 0.0015911611
0.039756086 0.0013021762
0.05050801 0.0015716498
0.05060678 0.0015732775
0.05051031 0.0015716577
0.050708123 0.0015750414
0.05070021 0.0015749008
0.039410237 0.0012873651
0.039746527 0.0013017855
0.068613775 0.0018553179
0.05077329 0.0015760387
0.039747473 0.0013018008
0.051618744 0.0015906018
0.051610615 0.0015904657
0.039765056 0.0013025659
0.039749984 0.001301917
0.039785504 0.0013035045
0.039733168 0.0013011665
0.068355724 0.001849904
0.039414775 0.0012875521
0.039774958 0.0013030644
0.03937227 0.0012857384
0.05063092 0.0015737384
0.039787356 0.0013035674
0.03978549 0.0013034854
0.039744623 0.0013016871
0.050841797 0.001577111
0.039412454 0.0012874629
0.039384637 0.0012862606
0.039733455 0.0013011792
0.039387416 0.0012863626
0.052123528 0.0015983763
0.03974783 0.0013018381
0.039416768 0.0012876672
0.039772805 0.0013028473
0.051588133 0.0015900688
0.039739404 0.0013014537
0.0686007 0.0018551528
0.03975464 0.0013020976
0.050550204 0.0015723581
0.0397916 0.0013037024
0.039409973 0.0012873482
0.066582575 0.0018260464
0.05536605 0.0016513197
0.048945222 0.0015415896
0.055252906 0.0016494787
0.038162615 0.001231822
0.055562217 0.0016546691
0.038144473 0.0012310466
0.040532812 0.0013334902
0.038132783 0.0012304976
0.055431414 0.0016524716
0.038069826 0.0012277905
0.05515878 0.0016480747
0.048964895 0.0015418772
0.048931204 0.0015413576
0.05528841 0.0016501067
0.038146358 0.001231134
0.055316243 0.0016504981
0.048938766 0.0015414963
0.03801845 0.0012255734
0.055321172 0.0016506432
0.038167633 0.0012320937
0.055561323 0.0016546536
0.06658092 0.0018259945
0.03807696 0.0012281045
0.038133726 0.0012306296
0.055498637 0.0016535589
0.055327967 0.0016507563
0.038156893 0.0012316235
0.038157478 0.0012316493
0.03456071 0.001066659
0.03810734 0.0012293429
0.048888154 0.0015406111
0.05539422 0.0016517466
0.038048074 0.001226857
0.055340778 0.0016509403
0.055478893 0.0016532508
0.040518902 0.0013327631
0.055365402 0.0016513155
0.038165864 0.0012320023
0.04053938 0.0013336154
0.040540703 0.0013337523
0.055322386 0.0016506554
0.055340834 0.0016509751
0.04054253 0.0013338149
0.038134936 0.0012306303
0.055302124 0.0016503641
0.038126163 0.0012302172
0.05533834 0.0016509402
0.0405374 0.0013335752
0.038131997 0.0012304975
0.038166486 0.0012320166
0.055320647 0.001650622
0.038193718 0.0012332821
0.0381331 0.0012305109
0.04892337 0.0015412277
0.06656809 0.0018258706
0.055378705 0.0016515059
0.055349402 0.0016511804
0.055262707 0.0016497048
0.038124755 0.0012301896
0.05531158 0.0016504909
0.03813804 0.0012307457
0.040540148 0.0013337154
0.038159452 0.0012316812
0.038098015 0.0012289946
0.038142625 0.0012309988
0.03815078 0.0012313171
0.055280954 0.0016499697
0.03813703 0.0012307281
0.05527212 0.0016499248
0.038099125 0.00122903
0.03813066 0.001230485
0.05527077 0.0016498168
0.05533136 0.0016507888
0.038138583 0.0012307672
0.04053987 0.001333669
0.038160212 0.0012317514
0.048921607 0.0015411982
0.038149532 0.0012312902
0.055355676 0.0016512086
0.048967447 0.0015419039
0.03816093 0.0012317738
0.0553454 0.0016510431
0.04894051 0.0015415024
0.048945893 0.0015416044
0.055344064 0.0016509994
0.055300068 0.0016503285
0.0665806 0.0018259629
0.04053686 0.0013335743
0.038096134 0.0012289174
0.03812745 0.0012302477
0.066630654 0.001826859
0.038153652 0.0012314717
0.055252947 0.0016494811
0.05534633 0.0016510594
0.055283036 0.0016500535
0.038156282 0.0012315984
0.05530827 0.0016503861
0.034366842 0.00105792
0.03436393 0.0010577914
0.03435399 0.0010573288
0.040545076 0.0013346119
0.06733137 0.0018380182
0.06734747 0.0018382816
0.03435143 0.0010572313
0.04054505 0.0013346034
0.03830306 0.001238576
0.034366403 0.0010578994
0.034364995 0.0010578362
0.038298193 0.0012383552
0.06732091 0.0018378707
0.038292546 0.0012380955
0.034367714 0.0010579405
0.054797526 0.0016428155
0.038303815 0.0012386055
0.034360364 0.0010576113
0.038306016 0.001238715
0.04055212 0.0013349359
0.067294426 0.0018374547
0.06734424 0.0018382261
0.067360684 0.0018384866
0.05483022 0.001643331
0.034350015 0.0010571649
0.06734058 0.0018381736
0.034355473 0.0010574008
0.034365956 0.0010578623
0.040547747 0.0013347127
0.034360446 0.0010576255
0.067318924 0.0018378443
0.034360114 0.0010576003
0.034361593 0.0010576807
0.03435431 0.0010573453
0.03830737 0.0012387716
0.038305808 0.0012387023
0.06733024 0.0018380143
0.03830438 0.0012386391
0.03829297 0.0012381227
0.06729298 0.0018373883
0.038299922 0.0012384334
0.034376547 0.0010583211
0.04056344 0.0013354059
0.04056344 0.0013354059
0.03435419 0.0010573365
0.034363598 0.0010577694
0.038292747 0.0012381028
0.034365367 0.0010578515
0.04055027 0.0013348606
0.067309774 0.0018377058
0.038306843 0.0012387442
0.06731832 0.0018378261
0.038303103 0.0012385776
0.05478463 0.0016426126
0.054799415 0.0016428794
0.038302965 0.0012385749
0.06734807 0.0018382915
0.038303956 0.0012386169
0.038295764 0.0012382427
0.03437227 0.0010581637
0.05479251 0.0016427254
0.03436426 0.0010577991
0.03830689 0.0012387505
0.06735376 0.0018383824
0.03435656 0.0010574649
0.03436482 0.0010578263
0.038306683 0.0012387387
0.067303315 0.0018376043
0.034361158 0.0010576576
0.034389716 0.0010589081
0.067319244 0.0018378515
0.03436874 0.0010579934
0.06731483 0.0018377448
0.06734194 0.001838197
0.034359373 0.0010575698
0.06730104 0.0018375417
0.06733378 0.0018380589
0.03434976 0.0010571417
0.03830329 0.0012385916
0.038303997 0.0012386189
0.038307227 0.0012387657
0.06733633 0.0018381153
0.034354765 0.0010573629
0.06733199 0.0018380465
0.054810133 0.0016430079
0.04054966 0.0013348133
0.03830514 0.0012386659
0.040547047 0.001334657
0.04055941 0.0013352361
0.038301695 0.0012385165
0.04055338 0.0013349715
0.038302172 0.0012385236
0.06733831 0.001838139
0.06735347 0.001838378
0.034365088 0.0010578375
0.038292132 0.0012380764
0.03435269 0.0010572928
0.05480529 0.0016429438
0.034360494 0.0010576277
0.038306367 0.001238728
0.04055665 0.0013351166
0.04055066 0.0013348669
0.03435084 0.0010572003
0.040553547 0.0013349779
0.054804865 0.0016429068
0.067272656 0.0018370993
0.038294543 0.0012381881
0.034357954 0.0010575046
0.06734136 0.0018381885
0.03439158 0.0010589894
0.03829506 0.0012381977
0.040553976 0.0013349978
0.06733148 0.0018380332
0.040554278 0.0013350245
0.054790933 0.0016427118
0.05482079 0.0016431916
0.038300555 0.0012384622
0.040556394 0.0013351081
0.040543508 0.0013345127
0.03830724 0.0012387662
0.03563839 0.0011150065
0.035636913 0.0011149418
0.035634324 0.0011148287
0.035631996 0.0011147175
0.035634704 0.0011148427
0.03563208 0.0011147213
0.035635944 0.001114897
0.035636775 0.0011149345
0.035638854 0.0011150187
0.035633814 0.0011148049
0.03563544 0.0011148795
0.035637256 0.0011149548
0.035635933 0.0011148943
0.035630245 0.0011146382
0.035629753 0.0011146115
0.0356308 0.0011146637
0.03563361 0.0011147899
0.035632823 0.0011147574
0.035629783 0.0011146232
0.03563176 0.0011147067
0.03563889 0.0011150298
0.035638023 0.0011149646
0.035631783 0.0011147104
0.03563432 0.0011148198
0.035635114 0.001114859
0.035634425 0.0011148296
0.03563403 0.0011148101
0.035633728 0.0011147968
0.05873455 0.0017002615
0.05874824 0.001700506
0.058745366 0.0017004651
0.058734555 0.0017002774
0.058757827 0.0017006637
0.058750123 0.001700541
0.05878009 0.00170105
0.05874355 0.0017004212
0.0587366 0.0017003049
0.058740493 0.00170037
0.058783125 0.001701102
0.05876954 0.0017008664
0.058750123 0.0017005366
0.0587516 0.0017005609
0.05875587 0.0017006432
0.058744602 0.0017004403
0.058743514 0.0017004196
0.05878988 0.0017012183
0.058748443 0.0017005095
0.034054533 0.0010428865
0.05303606 0.0016144502
0.06812458 0.0018440735
0.068103485 0.0018437133
0.068115674 0.0018439204
0.053045653 0.0016146061
0.03405877 0.0010430802
0.05303371 0.0016144208
0.034051765 0.0010427601
0.06809413 0.001843551
0.06811248 0.0018438682
0.03335832 0.001000074
0.034059383 0.001043109
0.038891282 0.0012648766
0.068087995 0.0018434573
0.068085335 0.0018434055
0.06844667 0.0018545267
0.034055993 0.0010429508
0.06842775 0.0018541752
0.05306384 0.001614887
0.0684289 0.0018542
0.038892116 0.0012649148
0.06842979 0.0018542312
0.06810245 0.0018436965
0.03889026 0.0012648286
0.06841844 0.0018540345
0.0530849 0.0016152728
0.068066806 0.0018430878
0.068115935 0.001843926
0.0530603 0.0016148256
0.068099 0.00184364
0.03888967 0.001264799
0.03404893 0.0010426282
0.034052234 0.0010427819
0.06842718 0.0018541691
0.053065263 0.0016149029
0.06812307 0.001844046
0.06843789 0.0018543405
0.06841976 0.0018540527
0.06810279 0.0018436993
0.06841921 0.0018540499
0.05301924 0.001614154
0.034047805 0.0010425796
0.03889332 0.0012649719
0.034055814 0.0010429446
0.068096355 0.0018435937
0.05302542 0.0016142831
0.06840761 0.0018538645
0.068422675 0.0018541004
0.034048565 0.0010426147
0.034052063 0.0010427765
0.03889185 0.0012649024
0.034054585 0.0010428891
0.038883455 0.001264526
0.05303692 0.0016144672
0.068422146 0.0018540926
0.053039156 0.0016144987
0.034052823 0.0010428093
0.038887147 0.0012646811
0.06812258 0.0018440399
0.068095274 0.0018435748
0.038890094 0.00126482
0.03888841 0.0012647443
0.06811633 0.0018439314
0.033354104 0.0009997411
0.0340554 0.0010429228
0.05303295 0.0016144122
0.03888871 0.0012647571
0.033354424 0.0009997529
0.06811535 0.001843917
0.034053743 0.0010428517
0.038881376 0.0012644258
0.06812004 0.001844003
0.038888652 0.001264752
0.06811207 0.0018438603
0.034057066 0.0010430032
0.06842397 0.0018541198
0.034052853 0.0010428119
0.06812228 0.0018440319
0.03405276 0.001042805
0.034049828 0.0010426751
0.053036265 0.0016144523
0.0681091 0.0018438118
0.034053657 0.001042846
0.03888876 0.0012647614
0.06811094 0.0018438409
0.06842248 0.0018540939
0.03889093 0.0012648565
0.06841916 0.0018540428
0.038887393 0.0012646979
0.038889218 0.0012647802
0.068104215 0.0018437258
0.0681052 0.0018437412
0.038882606 0.001264477
0.068101116 0.001843675
0.068097174 0.0018436078
0.03405889 0.0010430845
0.03888908 0.0012647768
0.038891416 0.0012648823
0.038884938 0.0012645832
0.06842004 0.0018540571
0.06811074 0.0018438393
0.053055815 0.0016148135
0.06810168 0.0018436785
0.038886126 0.0012646411
0.068100974 0.0018436733
0.06841414 0.0018539614
0.068123296 0.001844055
0.038887925 0.0012647234
0.0340582 0.0010430539
0.034053423 0.0010428369
0.034047943 0.0010425812
0.038889334 0.0012647879
0.06805304 0.0018428499
0.068424635 0.0018541279
0.03887483 0.0012641439
0.03888649 0.0012646543
0.038889848 0.0012648164
0.038888082 0.0012647308
0.03886921 0.0012638702
0.0681065 0.0018437661
0.034053896 0.0010428585
0.034051754 0.0010427596
0.03405307 0.0010428197
0.034053337 0.0010428308
0.0340539 0.0010428589
0.038894914 0.001265034
0.068109944 0.0018438239
0.038892332 0.0012649192
0.034076057 0.0010438717
0.038891774 0.0012648934
0.06843204 0.0018542545
0.03335339 0.000999709
0.034054108 0.0010428684
0.034057733 0.001043033
0.06840906 0.0018538877
0.03888893 0.0012647662
0.034055084 0.0010429096
0.068124205 0.0018440622
0.06841648 0.0018540021
0.06809858 0.0018436293
0.06841894 0.0018540417
0.05305197 0.0016147353
0.068114005 0.0018438941
0.068431966 0.0018542488
0.03889465 0.0012650223
0.06843262 0.0018542634
0.05305023 0.0016146728
0.05303886 0.0016144906
0.06841727 0.0018540126
0.06842335 0.0018541063
0.06809652 0.0018435961
0.034051273 0.001042735
0.034052055 0.0010427736
0.038873024 0.0012640468
0.06842419 0.0018541213
0.038891204 0.0012648721
0.03888462 0.00126457
0.068108745 0.0018438048
0.06843929 0.0018543683
0.038886756 0.0012646684
0.05303944 0.001614504
0.03404927 0.0010426459
0.06810205 0.0018436844
0.038891133 0.0012648709
0.068426505 0.0018541543
0.068420775 0.0018540669
0.038886216 0.001264644
0.06842922 0.0018542049
0.068435326 0.0018543233
0.038882695 0.0012644844
0.068434045 0.0018542814
0.03888542 0.0012646053
0.034067508 0.0010434816
0.03406378 0.0010433093
0.06843727 0.0018543343
0.06840936 0.0018538926
0.068422295 0.0018540934
0.05303968 0.0016145163
0.06841864 0.0018540351
0.034052204 0.0010427802
0.034054313 0.0010428731
0.06810396 0.0018437221
0.068432786 0.0018542659
0.053078745 0.0016151202
0.05274744 0.0016002379
0.052640207 0.001598408
0.05280273 0.001601188
0.052675605 0.0015989852
0.060778804 0.0017344666
0.06076073 0.0017341821
0.060756803 0.0017341042
0.060760684 0.0017341801
0.060991123 0.0017380965
0.060770344 0.0017343373
0.060770575 0.0017343478
0.06077599 0.0017344331
0.060796335 0.0017347886
0.060285814 0.0017268175
0.060709678 0.0017333758
0.060257427 0.001726311
0.060804542 0.0017349223
0.060786586 0.001734631
0.060814768 0.0017350815
0.036425266 0.0011514497
0.06077196 0.0017343826
0.060787372 0.0017346469
0.060243372 0.0017260773
0.036457334 0.0011528092
0.060311917 0.0017272934
0.060826417 0.0017352873
0.06076894 0.0017342959
0.060255878 0.0017262852
0.06078411 0.0017345767
0.060770452 0.0017343438
0.036455363 0.0011527214
0.06075887 0.0017341556
0.060777072 0.0017344513
0.06026997 0.0017265303
0.060274724 0.0017265934
0.06028432 0.0017267871
0.060817588 0.0017351201
0.06081692 0.0017351081
0.054618318 0.001639659
0.040468972 0.0013312976
0.040470026 0.0013313367
0.040469423 0.0013313111
0.054432463 0.0016364813
0.049133603 0.0015458461
0.040440734 0.0013300822
0.04046501 0.0013311235
0.04046449 0.0013310998
0.05461293 0.0016395834
0.049017634 0.001543867
0.05463006 0.0016398598
0.05459888 0.0016393268
0.040467802 0.001331249
0.049027056 0.0015440212
0.049010694 0.0015437425
0.054603554 0.0016394092
0.04897095 0.0015431417
0.04047214 0.0013314278
0.040466387 0.0013311856
0.040469952 0.0013313333
0.040465944 0.001331164
0.04048202 0.0013318514
0.054602962 0.0016393963
0.03836127 0.0012410054
0.040462118 0.0013309981
0.067246616 0.0018363413
0.054605804 0.0016394873
0.04902441 0.0015439747
0.049034216 0.0015441453
0.040461726 0.001330985
0.054608505 0.0016394967
0.054602124 0.0016393885
0.040465213 0.0013311309
0.04901414 0.0015438001
0.040473923 0.0013315036
0.040472325 0.0013314367
0.040394053 0.0013280832
0.049027547 0.0015440303
0.04901815 0.0015438766
0.03837711 0.0012416851
0.038369797 0.0012413693
0.04901352 0.0015437906
0.040471043 0.0013313813
0.04901177 0.0015437612
0.040469583 0.0013313176
0.040470608 0.0013313622
0.049023386 0.0015439607
0.04047082 0.0013313706
0.054585304 0.0016390955
0.04047215 0.0013314289
0.038370565 0.0012414008
0.040468965 0.0013312922
0.040469676 0.0013313218
0.04047828 0.0013316914
0.040469863 0.0013313302
0.03837549 0.0012416255
0.040487252 0.0013321331
0.040463675 0.0013310661
0.040468626 0.0013312858
0.040470008 0.0013313364
0.05461615 0.0016396241
0.04047208 0.001331425
0.04046516 0.0013311292
0.040469095 0.0013312978
0.040465534 0.0013311447
0.040487744 0.0013321551
0.03836337 0.0012411666
0.05458874 0.0016391525
0.054610685 0.0016395312
0.049030587 0.0015440816
0.0404691 0.0013313001
0.040470034 0.0013313388
0.04903139 0.001544096
0.040469527 0.0013313167
0.054584898 0.0016390886
0.040480305 0.001331779
0.049027625 0.0015440327
0.040467635 0.001331235
0.040473312 0.0013314792
0.040471196 0.0013313873
0.03837548 0.0012416214
0.040463295 0.0013310504
0.040465847 0.0013311588
0.040467177 0.0013312193
0.040471137 0.0013313852
0.05459245 0.0016392419
0.05461469 0.0016396021
0.04046857 0.001331275
0.067246534 0.0018363358
0.040462792 0.00133103
0.040469915 0.0013313325
0.040466093 0.0013311678
0.04047042 0.0013313545
0.040463112 0.0013310461
0.04046877 0.0013312908
0.040466502 0.0013311863
0.04901936 0.00154389
0.054618932 0.001639669
0.04046368 0.0013310667
0.040470008 0.0013313364
0.04043358 0.001329776
0.054622117 0.0016397233
0.040467102 0.0013312121
0.038371805 0.0012414727
0.054619987 0.001639688
0.040464036 0.0013310845
0.0404686 0.0013312756
0.054604102 0.0016394155
0.049013436 0.0015437903
0.040465616 0.0013311477
0.040471017 0.001331379
0.040473603 0.0013314906
0.038374815 0.0012415907
0.040472813 0.0013314581
0.049017455 0.00154386
0.04046957 0.0013313176
0.04046944 0.0013313132
0.040465858 0.001331159
0.054607753 0.001639493
0.04047115 0.0013313859
0.054616943 0.0016396345
0.06724642 0.001836331
0.040467232 0.0013312211
0.04046776 0.0013312469
0.0404685 0.0013312735
0.054615248 0.0016396168
0.049013965 0.0015437962
0.054629274 0.0016398479
0.038371705 0.0012414517
0.054611113 0.0016395383
0.038377434 0.0012417099
0.054615606 0.0016396178
0.04046183 0.0013309884
0.040463526 0.0013310603
0.054614622 0.0016396007
0.049043175 0.0015443017
0.040469352 0.0013313082
0.054620538 0.0016396983
0.049025644 0.0015440136
0.0404707 0.0013313666
0.04903391 0.0015441398
0.054616276 0.0016396282
0.049020246 0.0015439052
0.040467016 0.0013312096
0.040464714 0.0013311151
0.040463306 0.0013310518
0.04901729 0.0015438537
0.040465884 0.0013311602
0.054617357 0.0016396513
0.05452499 0.001638063
0.05460958 0.0016395177
0.04047151 0.0013314006
0.04902012 0.001543903
0.054621957 0.0016397209
0.04898551 0.0015433782
0.040466692 0.0013311936
0.04047029 0.0013313489
0.04046492 0.001331118
0.04047604 0.0013315941
0.04046684 0.001331203
0.054608967 0.0016395
0.03837229 0.0012414767
0.0383729 0.0012415021
0.049029455 0.0015440763
0.054619193 0.0016396744
0.04046671 0.0013311949
0.040442947 0.0013301773
0.03837852 0.0012417452
0.054617096 0.0016396401
0.04901841 0.0015438817
0.0490265 0.0015440139
0.04047063 0.001331366
0.054590423 0.0016392099
0.049024772 0.0015439842
0.054611966 0.0016395506
0.04047563 0.0013315779
0.04046552 0.0013311438
0.0546199 0.0016396854
0.04046294 0.0013310342
0.040469352 0.0013313087
0.054612517 0.0016395608
0.054608807 0.0016394971
0.040471572 0.001331403
0.04903199 0.0015441055
0.04904427 0.001544321
0.040468156 0.0013312575
0.040473767 0.0013314974
0.04138088 0.0013667915
0.041713193 0.0013772352
0.041712843 0.0013772122
0.04172653 0.0013778226
0.03669409 0.0011659996
0.063682064 0.0017832422
0.04135576 0.0013657045
0.035466667 0.001109624
0.06365072 0.0017825455
0.04134766 0.0013653359
0.041372042 0.0013663998
0.063642405 0.001782328
0.03667063 0.0011650115
0.041727357 0.0013778717
0.03666384 0.0011646936
0.04134678 0.0013652995
0.036722 0.0011671972
0.041358184 0.001365794
0.04134602 0.0013652754
0.04171408 0.0013772458
0.04284437 0.0014161742
0.041720267 0.001377534
0.041724153 0.0013777246
0.03544021 0.0011085912
0.04136943 0.0013662857
0.03667774 0.0011653143
0.041391615 0.0013672402
0.04139627 0.001367433
0.041725308 0.0013777836
0.041347943 0.001365349
0.06366497 0.0017828903
0.042848874 0.0014165875
0.04135704 0.0013657545
0.041396778 0.0013674841
0.035460178 0.0011093741
0.03544598 0.0011087903
0.041377313 0.0013666371
0.041351978 0.0013655301
0.04171979 0.0013775339
0.06364698 0.0017825074
0.036694035 0.0011659993
0.036678556 0.0011653245
0.04171897 0.0013774924
0.041710205 0.0013770865
0.041366767 0.0013661816
0.036684077 0.0011655726
0.036698602 0.00116619
0.03669903 0.0011662429
0.036672767 0.001165108
0.041705515 0.0013768732
0.035434756 0.0011083276
0.035425995 0.0011080732
0.041391205 0.001367221
0.063423745 0.0017785478
0.03550573 0.0011114219
0.041362572 0.0013660009
0.041716058 0.0013773709
0.041368987 0.0013662564
0.041705582 0.0013768765
0.041707944 0.001376998
0.03667137 0.0011650494
0.04134887 0.0013654124
0.03668514 0.0011656357
0.035482626 0.0011103665
0.03546334 0.0011094854
0.041355334 0.0013656737
0.041715283 0.0013773218
0.036672298 0.0011650753
0.03666698 0.0011648325
0.036685847 0.0011656487
0.036683567 0.0011655662
0.04134803 0.0013653529
0.041356925 0.0013657466
0.041364342 0.0013660674
0.041399803 0.0013675896
0.04136994 0.0013662967
0.041722443 0.0013776493
0.041696075 0.0013764517
0.041392773 0.0013672876
0.041369114 0.0013662718
0.036726944 0.0011674764
0.03668481 0.0011656075
0.04136124 0.0013659352
0.04135314 0.0013656048
0.041721992 0.0013776274
0.03668564 0.0011656416
0.041707132 0.0013769467
0.04137294 0.0013664297
0.04171741 0.0013774218
0.036667146 0.0011648425
0.036696713 0.0011661091
0.041716307 0.0013773819
0.04284579 0.00141633
0.03546001 0.0011093725
0.036669943 0.0011649601
0.063675985 0.0017830972
0.041400034 0.0013675977
0.04171582 0.0013773263
0.035439335 0.0011085598
0.036674023 0.0011651631
0.041368823 0.001366244
0.04171205 0.001377182
0.041405663 0.0013678478
0.041703187 0.0013767724
0.063662894 0.0017828371
0.04169724 0.0013765047
0.036680453 0.0011654319
0.036716238 0.0011669818
0.041358996 0.0013658284
0.041382387 0.0013668373
0.041385874 0.001366986
0.036709487 0.0011666843
0.06362662 0.001782066
0.03548644 0.0011105407
0.041711982 0.0013771788
0.041384544 0.0013669685
0.041354436 0.0013656348
0.04139647 0.0013674415
0.035442956 0.0011087157
0.041375622 0.00136655
0.036691397 0.0011658758
0.06366125 0.0017827884
0.042845573 0.0014162187
0.041717518 0.0013774292
0.036698747 0.0011661956
0.04169577 0.001376443
0.0354468 0.0011088208
0.036706652 0.0011665365
0.03670497 0.0011664863
0.041427314 0.0013687782
0.041345336 0.0013652502
0.036664452 0.0011647561
0.04139692 0.0013674898
0.0354604 0.0011093867
0.036675923 0.0011652445
0.036666088 0.0011648015
0.036689803 0.0011658353
0.0414099 0.0013680296
0.04171589 0.0013773439
0.04139069 0.0013671974
0.035503507 0.0011113689
0.041348793 0.0013654014
0.036672007 0.0011650671
0.035454087 0.0011091155
0.041390814 0.0013672147
0.041382387 0.001366843
0.036688827 0.0011657566
0.0417024 0.0013767433
0.04137596 0.0013665579
0.042847347 0.0014164636
0.04136313 0.0013660244
0.063599885 0.001781551
0.041376967 0.001366598
0.036671605 0.0011650537
0.041372284 0.0013664295
0.03667199 0.0011650558
0.041721262 0.0013775836
0.04171451 0.0013772788
0.041722145 0.001377645
0.04137055 0.0013663546
0.0413533 0.0013656097
0.041383535 0.0013669053
0.03666984 0.0011649579
0.036700267 0.0011662624
0.041348092 0.0013653728
0.06362053 0.0017819797
0.041729044 0.0013779418
0.04136289 0.0013660135
0.036668032 0.0011648729
0.03544766 0.0011089287
0.0662594 0.001824633
0.03462846 0.0010722816
0.042226814 0.0013977552
0.034237638 0.0010481745
0.06617366 0.0018231365
0.034587856 0.0010704496
0.034593876 0.001070685
0.066215396 0.0018237929
0.030601298 0.0007763382
0.042241313 0.0013983444
0.06612936 0.0018224352
0.066038504 0.001821054
0.03421599 0.0010472399
0.034593932 0.0010706899
0.066129595 0.0018224664
0.03420889 0.0010468698
0.04145151 0.0013721454
0.046613805 0.0015008118
0.034606513 0.0010712699
0.03710278 0.0011858423
0.05821157 0.0016991354
0.034616094 0.0010717226
0.06617721 0.0018232174
0.034207337 0.0010468516
0.045664456 0.0014723984
0.03419226 0.0010462097
0.034243587 0.0010484271
0.0661465 0.0018227176
0.03421963 0.0010473272
0.06592715 0.0018192977
0.066240884 0.0018243436
0.034626637 0.0010721897
0.034246277 0.0010485654
0.0660707 0.0018215324
0.034218557 0.0010473102
0.045829337 0.0014751952
0.046587378 0.0015003447
0.03421749 0.0010472584
0.06614887 0.0018227813
0.034612894 0.0010715633
0.034602504 0.0010711014
0.06618717 0.0018233473
0.05826901 0.0017000246
0.034584813 0.0010703232
0.058156505 0.0016982664
0.06613819 0.0018225831
0.03423881 0.0010482243
0.034242414 0.0010483771
0.046583127 0.0015002942
0.045786723 0.0014744643
0.066141024 0.0018226265
0.03419782 0.0010463671
0.03460163 0.001071057
0.03458875 0.0010704872
0.066191345 0.001823425
0.034203913 0.0010467393
0.05828237 0.0017002284
0.03461384 0.0010716185
0.042229045 0.0013978025
0.06617019 0.0018230905
0.0661946 0.0018234622
0.06622089 0.0018238801
0.04222855 0.0013977892
0.06620102 0.001823593
0.042231347 0.0013978658
0.034493275 0.0010664043
0.058233853 0.0016995135
0.03710763 0.0011860643
0.034210887 0.0010469852
0.05821665 0.001699207
0.034600846 0.0010710167
0.066170104 0.0018230902
0.042216036 0.001397315
0.034606494 0.0010712661
0.03459 0.001070521
0.034595273 0.0010707569
0.034214552 0.001047185
0.041462462 0.0013726131
0.041452333 0.0013721915
0.04145057 0.0013721369
0.06616135 0.0018229662
0.06620218 0.0018235961
0.06600942 0.0018205909
0.04145202 0.0013721789
0.034582686 0.0010701905
0.034588926 0.0010704943
0.034603152 0.0010711211
0.04583395 0.0014752296
0.058190275 0.0016988218
0.042216677 0.0013973707
0.034611028 0.001071481
0.034190744 0.0010461484
0.045678757 0.0014725983
0.06617393 0.0018231407
0.034612074 0.0010715276
0.06615187 0.0018228099
0.058199286 0.0016989738
0.04642773 0.0014978378
0.06614003 0.001822613
0.034588635 0.0010704547
0.034604486 0.0010712034
0.03421284 0.0010470428
0.034602273 0.0010710936
0.06619571 0.0018234923
0.03710606 0.0011859835
0.066170976 0.0018231036
0.06619305 0.0018234397
0.0342025 0.0010466442
0.03461598 0.0010717137
0.034610454 0.0010714512
0.042237204 0.0013981451
0.06603301 0.0018209581
0.06611795 0.0018222686
0.066153415 0.0018228381
0.058185555 0.0016987193
0.034598324 0.0010709221
0.03459445 0.0010707133
0.04223585 0.0013980782
0.04222843 0.0013977627
0.06622467 0.0018240003
0.04223198 0.0013979414
0.03462285 0.0010720332
0.034601893 0.0010710758
0.034597885 0.0010708929
0.06616135 0.0018229408
0.034644134 0.0010729961
0.041448954 0.0013720727
0.042234622 0.0013980428
0.034596004 0.0010708058
0.03460004 0.0010709765
0.03460364 0.001071144
0.03422611 0.0010476764
0.041444525 0.0013718877
0.037101187 0.0011857678
0.058201604 0.001699017
0.034228466 0.0010477465
0.058206327 0.0016990794
0.0465913 0.0015004367
0.034564737 0.001069477
0.042224955 0.0013976212
0.034635115 0.0010725823
0.03709513 0.0011855105
0.030603157 0.00077651936
0.03458959 0.0010705009
0.046513148 0.0014991624
0.034596425 0.0010708187
0.046607304 0.0015007249
0.06611648 0.0018222508
0.042236164 0.0013981216
0.034186136 0.0010459038
0.066138946 0.001822596
0.046599556 0.0015005682
0.03463015 0.0010723583
0.041457348 0.0013724036
0.06618214 0.0018232836
0.046620928 0.0015009588
0.03461178 0.0010715117
0.03461577 0.0010716959
0.04581934 0.0014749733
0.066165864 0.0018230241
0.06614823 0.001822751
0.042229645 0.0013978278
0.03460011 0.0010709766
0.06614456 0.0018226955
0.03460021 0.0010710056
0.0662311 0.0018241532
0.03459798 0.0010708973
0.034593027 0.0010706779
0.06619401 0.0018234513
0.04145654 0.001372346
0.06618821 0.0018234069
0.06617661 0.0018231628
0.041447934 0.0013720093
0.066120684 0.001822317
0.041457124 0.0013723904
0.03461819 0.001071821
0.06613329 0.0018225247
0.05816226 0.0016983519
0.06622258 0.001823939
0.04145315 0.0013722378
0.037097353 0.001185612
0.03458941 0.0010704951
0.03460849 0.0010713671
0.046609946 0.001500739
0.058161825 0.0016983451
0.045827195 0.0014751313
0.0458063 0.0014747643
0.041508038 0.0013747261
0.06617924 0.0018232586
0.045724157 0.0014734035
0.03460099 0.001071036
0.066191435 0.0018234256
0.0661332 0.0018225095
0.03423489 0.0010480444
0.04222457 0.0013975985
0.034618113 0.0010718051
0.03460266 0.0010711043
0.034607653 0.0010713383
0.034248892 0.0010486782
0.045828972 0.0014751661
0.06621949 0.0018238727
0.06615418 0.0018228438
0.06611166 0.0018221738
0.06620858 0.0018237437
0.037583187 0.00120563
0.036963668 0.0011674764
0.048300304 0.0015283423
0.037581015 0.0012055371
0.05703882 0.0016778144
0.037587564 0.0012058169
0.03759094 0.0012059644
0.036969464 0.0011676801
0.036967956 0.0011676283
0.05706832 0.0016783185
0.037587937 0.0012058349
0.05706114 0.0016781959
0.037580468 0.0012055166
0.037581667 0.0012055653
0.036967676 0.0011676161
0.037582785 0.0012056135
0.037578702 0.0012054387
0.037586134 0.0012057554
0.03757837 0.0012054238
0.037578758 0.0012054408
0.037581977 0.0012055791
0.057051327 0.0016780281
0.03504239 0.0010889897
0.05707191 0.0016783789
0.037586622 0.0012057784
0.03758161 0.0012055653
0.03763895 0.0012080952
0.05699193 0.001677009
0.05707091 0.0016783635
0.037570722 0.0012050968
0.03769693 0.0012104993
0.037581872 0.0012055737
0.035041057 0.0010889411
0.037582025 0.0012055805
0.03758321 0.0012056308
0.036969736 0.0011676883
0.05704672 0.0016779476
0.037589986 0.0012059225
0.03696871 0.0011676516
0.037591252 0.001205976
0.037580326 0.0012055079
0.037591577 0.0012059902
0.037580755 0.0012055261
0.03758529 0.001205721
0.057069354 0.0016783361
0.03759857 0.0012062857
0.03758983 0.0012059157
0.037588198 0.0012058461
0.037583232 0.0012056321
0.037582893 0.0012056178
0.03758113 0.0012055418
0.03503979 0.0010888964
0.03757809 0.0012054123
0.03760347 0.0012064992
0.037582334 0.0012055939
0.03758322 0.001205632
0.037589524 0.0012059028
0.03758671 0.0012057819
0.035041865 0.0010889715
0.03758009 0.0012054975
0.057057194 0.0016781288
0.037583068 0.0012056258
0.03503999 0.0010889075
0.03758508 0.0012057107
0.037584424 0.0012056842
0.035040222 0.0010889133
0.037589245 0.0012058878
0.036966387 0.0011675714
0.03697268 0.001167788
0.03697924 0.001168015
0.035041846 0.0010889698
0.03758721 0.0012058036
0.03758532 0.0012057223
0.05706197 0.0016782098
0.05706239 0.0016782125
0.037579685 0.0012054808
0.037587877 0.0012058315
0.05707194 0.0016783798
0.037577342 0.0012053796
0.037581045 0.0012055391
0.037582275 0.0012055906
0.037582684 0.0012056087
0.036969237 0.0011676708
0.03758327 0.0012056327
0.035040744 0.0010889323
0.035386775 0.0011032172
0.03539323 0.0011034906
0.03539916 0.0011037346
0.035381332 0.0011029762
0.064313546 0.0017889974
0.03535708 0.0011019297
0.035379417 0.0011028959
0.035385527 0.0011031565
0.035383012 0.001103037
0.035399657 0.001103771
0.0643095 0.0017889286
0.035409473 0.0011041724
0.035371445 0.0011025546
0.035377156 0.0011028018
0.035398208 0.0011036991
0.03540681 0.0011040607
0.06427018 0.0017882492
0.03539635 0.0011036271
0.03539615 0.0011036053
0.03538612 0.0011031845
0.06429005 0.0017885776
0.0642918 0.0017886087
0.06432493 0.001789172
0.06429225 0.001788639
0.035390723 0.0011033774
0.03539045 0.0011033693
0.035404697 0.0011039892
0.06432856 0.0017892518
0.06433008 0.001789283
0.064298905 0.0017887432
0.06430525 0.0017888503
0.035388805 0.0011033001
0.03538394 0.0011030872
0.06432159 0.0017891381
0.035380553 0.0011029415
0.035385925 0.001103174
0.035397522 0.0011036763
0.035370585 0.0011025061
0.06432698 0.0017892258
0.035376873 0.0011027845
0.035404127 0.001103942
0.035390936 0.0011033935
0.035378806 0.0011028678
0.03538944 0.0011033292
0.035394512 0.0011035396
0.035407897 0.0011041093
0.06430685 0.0017888757
0.03540131 0.0011038359
0.03538731 0.0011032317
0.064276576 0.0017883668
0.035372104 0.0011025732
0.035387967 0.0011032678
0.064331844 0.0017893023
0.035397995 0.0011036914
0.049931798 0.0015550331
0.06427821 0.001788402
0.03538569 0.0011031671
0.035379063 0.0011028763
0.064349465 0.0017896071
0.03537914 0.0011028817
0.035368484 0.0011024238
0.035386357 0.0011031901
0.035384204 0.001103101
0.03537407 0.0011026531
0.06430061 0.0017887646
0.06431985 0.001789107
0.03538269 0.0011030359
0.06426276 0.0017881147
0.06436868 0.001789934
0.03540892 0.001104148
0.06430673 0.0017888738
0.03538107 0.0011029659
0.03537825 0.0011028452
0.06429892 0.0017887435
0.064316794 0.0017890516
0.035382304 0.0011030138
0.035384323 0.0011031037
0.03537455 0.0011026883
0.064308874 0.0017889141
0.035389133 0.0011033101
0.035377484 0.0011028154
0.03538877 0.0011032976
0.06433433 0.0017893439
0.064311035 0.0017889533
0.035401076 0.001103826
0.035402883 0.0011039077
0.035385463 0.0011031495
0.035390433 0.0011033663
0.064267166 0.0017881823
0.06431321 0.0017889952
0.03538095 0.0011029582
0.035390172 0.0011033551
0.03538605 0.0011031833
0.035383914 0.0011030848
0.035400473 0.0011038057
0.03536916 0.0011024567
0.035377827 0.0011028276
0.064303145 0.0017888052
0.035392873 0.0011034817
0.06436755 0.0017899146
0.06434553 0.0017895314
0.035381086 0.001102974
0.035389625 0.0011033297
0.035388898 0.0011033025
0.035375807 0.0011027425
0.035391077 0.0011033996
0.035388842 0.0011033005
0.06431481 0.0017890255
0.035392206 0.001103446
0.035374355 0.001102676
0.035400182 0.0011037892
0.06426322 0.0017881216
0.06431465 0.0017890199
0.03538479 0.001103129
0.06428558 0.0017885232
0.035399575 0.001103765
0.035387453 0.0011032408
0.06432006 0.0017891134
0.0643168 0.0017890555
0.06429958 0.0017887537
0.06432978 0.0017892772
0.03538708 0.0011032226
0.06427678 0.0017883801
0.03539396 0.0011035174
0.035387803 0.0011032523
0.033524986 0.0010207358
0.04082206 0.0013487182
0.040818214 0.0013485613
0.047785256 0.0015263443
0.040783007 0.0013469589
0.043410636 0.0014354984
0.047786534 0.0015263667
0.040798426 0.0013476575
0.040823217 0.0013487741
0.033519324 0.0010204894
0.04778744 0.0015263668
0.04344384 0.0014366102
0.040796526 0.0013475727
0.0385391 0.0012509509
0.041900076 0.001386204
0.047789745 0.0015264051
0.047816418 0.0015268303
0.04085024 0.0013500298
0.040804926 0.0013479544
0.040838126 0.0013494565
0.03854878 0.0012513308
0.047691185 0.0015248653
0.040785458 0.0013470763
0.06972518 0.0018772095
0.040810045 0.0013481999
0.06974125 0.0018775089
0.040813856 0.0013483647
0.04078734 0.0013471663
0.040827163 0.0013489531
0.04343984 0.0014363008
0.03854317 0.0012511066
0.04351153 0.0014407753
0.043454915 0.0014379465
0.033530634 0.001020974
0.040835313 0.0013493022
0.069766134 0.0018779254
0.04713334 0.0015161647
0.03351315 0.001020234
0.04769328 0.0015249
0.040817086 0.0013485091
0.0697563 0.0018777675
0.041089334 0.001360161
0.043441333 0.00143644
0.047563225 0.001522219
0.040818173 0.0013485593
0.040807396 0.0013480881
0.04760731 0.0015235307
0.040813807 0.0013483618
0.04343961 0.0014362918
0.04082501 0.0013488686
0.040796064 0.0013475575
0.04344856 0.001436909
0.032897726 0.00097086094
0.038527884 0.0012504059
0.040795717 0.0013475298
0.069701254 0.0018768118
0.04082928 0.0013490513
0.03852574 0.0012503095
0.047822777 0.001526927
0.069686994 0.0018765704
0.069736026 0.0018774049
0.033498127 0.0010196092
0.033527665 0.0010208522
0.040790677 0.0013473204
0.04784097 0.0015272155
0.04765935 0.0015243746
0.047806613 0.0015266618
0.043451205 0.0014371149
0.040818058 0.0013485345
0.04783676 0.00152714
0.043443635 0.0014366021
0.047744595 0.0015257361
0.06967288 0.0018763276
0.04344896 0.0014369603
0.047759216 0.0015259465
0.040831104 0.001349145
0.047707047 0.0015250886
0.03352278 0.0010206441
0.033508983 0.0010200741
0.040788695 0.001347213
0.053771652 0.0016288416
0.043448955 0.0014369426
0.047734953 0.0015255978
0.040816173 0.0013484819
0.04080946 0.0013481738
0.053789414 0.0016291654
0.069748126 0.0018776432
0.04081204 0.0013482814
0.040802762 0.0013478517
0.03351322 0.0010202405
0.05375359 0.0016284873
0.04083666 0.0013494093
0.047726832 0.0015254263
0.040792912 0.0013474108
0.047824956 0.0015269736
0.04780014 0.0015265909
0.047722574 0.0015253925
0.040787846 0.0013471921
0.033518475 0.0010204668
0.05376071 0.0016286612
0.04772031 0.0015253257
0.03350399 0.0010198575
0.06971978 0.0018771271
0.04772193 0.0015253598
0.038526405 0.0012503393
0.040801626 0.0013478018
0.047837656 0.0015271647
0.04081994 0.0013486322
0.04782088 0.0015268866
0.040805843 0.0013479778
0.04778356 0.0015263024
0.040820923 0.0013486751
0.03853643 0.0012509198
0.04759826 0.0015234093
0.040798616 0.0013476781
0.04081222 0.0013482829
0.069692194 0.0018766653
0.03854994 0.0012513698
0.043444145 0.001436864
0.06967654 0.0018763838
0.04081893 0.0013485714
0.069743246 0.0018775507
0.053810168 0.001629426
0.040804576 0.0013479434
0.033517998 0.001020436
0.033508312 0.0010200348
0.047798198 0.0015265272
0.06970787 0.0018769229
0.040824283 0.0013488225
0.032890957 0.0009707669
0.040798854 0.0013476866
0.043468 0.0014381697
0.038534135 0.0012506535
0.033506412 0.0010199554
0.04775139 0.0015258127
0.069740444 0.0018774914
0.04774797 0.0015258
0.040795404 0.0013475294
0.053766053 0.0016287515
0.04784247 0.0015272395
0.043436136 0.0014360998
0.047698602 0.0015249623
0.04768173 0.0015246925
0.047810957 0.0015267396
0.04776397 0.0015260177
0.033524476 0.0010207194
0.047732983 0.0015255249
0.040783823 0.001346989
0.047475483 0.0015215075
0.06976315 0.0018778716
0.06966274 0.0018761541
0.06975536 0.0018777611
0.040847685 0.001349921
0.047777474 0.0015262273
0.04078843 0.0013472048
0.040801544 0.0013477979
0.040795315 0.0013475107
0.040795315 0.0013475107
0.032924224 0.0009713287
0.040771555 0.00134642
0.040807057 0.0013480553
0.040832225 0.0013491971
0.040828105 0.0013490011
0.040806156 0.001348013
0.069676824 0.0018763961
0.040806584 0.0013480298
0.047835127 0.0015271229
0.040806267 0.0013480217
0.047821857 0.0015269092
0.047701318 0.0015249937
0.04080981 0.0013481791
0.047728658 0.0015255067
0.06976128 0.0018778339
0.038534697 0.0012506997
0.040810492 0.001348203
0.04082247 0.0013487518
0.047817927 0.0015268477
0.040794384 0.0013474803
0.033038985 0.0009909322
0.04081038 0.0013482022
0.040850546 0.0013500382
0.03853085 0.001250518
0.04770454 0.0015250609
0.04774695 0.0015257722
0.0697144 0.0018770492
0.033510417 0.0010201096
0.04078626 0.0013471115
0.053751677 0.001628409
0.040809065 0.0013481296
0.0477529 0.001525825
0.043433953 0.0014359696
0.038550142 0.001251381
0.0697095 0.0018769655
0.06970567 0.0018768975
0.04081417 0.001348369
0.04779003 0.0015264329
0.06972167 0.0018771831
0.04780369 0.0015266316
0.040797263 0.00134759
0.040816028 0.0013484618
0.06974601 0.0018775654
0.033507414 0.0010199724
0.047655724 0.0015243009
0.040823262 0.0013487882
0.047799762 0.001526568
0.06974719 0.0018776192
0.040799353 0.0013477171
0.04343521 0.0014360738
0.040795077 0.001347509
0.04083174 0.0013491763
0.040808126 0.0013481245
0.035346843 0.0010944143
0.04839252 0.0015316167
0.040752612 0.0013424614
0.03784651 0.001217984
0.037857093 0.0012184146
0.040762547 0.0013428807
0.037868846 0.0012189179
0.048400104 0.0015317235
0.037934285 0.0012217223
0.03785033 0.0012181257
0.03786768 0.0012188738
0.035354223 0.0010947972
0.037881985 0.0012194873
0.048368465 0.0015311886
0.037848543 0.001218069
0.048341572 0.001530786
0.048332866 0.0015306672
0.05618934 0.001664965
0.037852604 0.001218244
0.04076458 0.0013429752
0.037841544 0.0012177648
0.037837714 0.0012175887
0.04076175 0.0013428404
0.04074986 0.0013423427
0.03784598 0.0012179455
0.03789329 0.0012199722
0.04837386 0.0015312947
0.048366737 0.0015311717
0.03782994 0.0012172259
0.04075403 0.0013425197
0.04071158 0.0013407026
0.04076981 0.0013432028
0.048346646 0.001530841
0.048502628 0.0015334733
0.037858848 0.0012184852
0.04076448 0.0013429654
0.04075884 0.0013427202
0.04838747 0.0015315213
0.04076415 0.0013429448
0.04076788 0.0013431171
0.048369505 0.0015311936
0.056181498 0.0016648358
0.048150785 0.0015277916
0.03783602 0.0012175423
0.056183644 0.0016648506
0.040763274 0.0013429092
0.048379526 0.0015313897
0.056212585 0.0016653951
0.040766086 0.0013430337
0.040721584 0.0013411355
0.04076317 0.0013429034
0.048515916 0.0015337056
0.048345845 0.0015308316
0.04843679 0.0015323448
0.048520513 0.0015337731
0.037843604 0.0012178762
0.037897717 0.0012201661
0.037914377 0.0012208804
0.03787382 0.0012191306
0.0407493 0.0013423059
0.040768925 0.0013431618
0.0483626 0.0015310964
0.0483594 0.0015310379
0.0407506 0.0013423752
0.048363477 0.001531119
0.040752176 0.0013424339
0.03786272 0.0012186498
0.04076323 0.0013429071
0.037856784 0.0012183995
0.03785837 0.0012184693
0.04073892 0.0013418666
0.037883382 0.0012195465
0.035353396 0.0010947289
0.037851147 0.001218157
0.048377898 0.0015313554
0.048382223 0.0015314166
0.03796523 0.0012230491
0.037876718 0.0012192582
0.037860725 0.0012185824
0.03786555 0.0012187836
0.04074219 0.0013420087
0.040771198 0.0013432619
0.03786502 0.0012187575
0.048379585 0.0015313907
0.04076552 0.001343008
0.048448026 0.0015325501
0.048382275 0.0015314197
0.040766217 0.0013430372
0.048383955 0.0015314594
0.037852563 0.0012182228
0.040726926 0.0013413504
0.03784352 0.0012178493
0.04837203 0.0015312474
0.03787633 0.0012192461
0.03788071 0.0012194307
0.048472296 0.0015329474
0.040738218 0.0013418364
0.03785333 0.0012182479
0.040766858 0.0013430743
0.04076114 0.0013428171
0.037869673 0.0012189492
0.040724766 0.0013412667
0.03783334 0.0012174022
0.040182892 0.0013210607
0.06930215 0.0018681465
0.049388293 0.0015534281
0.031086214 0.00084652676
0.03907656 0.0012736324
0.03401841 0.0010381275
0.03919015 0.0012785249
0.040205393 0.0013220686
0.033745162 0.0010289437
0.039133914 0.0012761307
0.03378733 0.0010308499
0.069309324 0.0018682498
0.033776984 0.0010304026
0.040184844 0.0013211314
0.06896541 0.0018581548
0.03374658 0.0010290799
0.031569514 0.0008613725
0.030900523 0.00081979384
0.034043703 0.0010391304
0.03377386 0.0010302636
0.049481552 0.0015549837
0.039097067 0.0012745559
0.04937303 0.0015531185
0.03909186 0.001274353
0.033722654 0.0010280049
0.03163785 0.0008654813
0.04018193 0.0013210537
0.06920247 0.001866446
0.04017698 0.0013208159
0.069245584 0.0018672474
0.03374381 0.0010288823
0.03105512 0.0008442405
0.06927082 0.0018675933
0.033773743 0.0010302422
0.069324225 0.0018684812
0.03908437 0.0012739615
0.0390815 0.0012739543
0.06899268 0.0018583201
0.069056764 0.001859908
0.04016276 0.0013202074
0.040176425 0.0013208049
0.03377348 0.0010302388
0.03276354 0.0009387245
0.039151028 0.0012768733
0.033766333 0.0010298801
0.069019586 0.0018590802
0.049350396 0.0015528208
0.069271915 0.001867683
0.03299256 0.00097511086
0.03376015 0.0010297279
0.03907537 0.0012735622
0.06923498 0.0018670427
0.069355555 0.0018689596
0.039116394 0.0012754254
0.039107036 0.0012750173
0.06930849 0.0018681856
0.03905625 0.001272712
0.040206816 0.0013220762
0.039068468 0.0012733062
0.040196452 0.0013216194
0.034037583 0.0010388931
0.033763204 0.0010298387
0.069310196 0.0018682645
0.031622928 0.0008644869
0.034028456 0.0010385442
0.034042254 0.0010391138
0.06899998 0.0018588135
0.031610668 0.000863953
0.06906755 0.0018599532
0.03904878 0.0012724308
0.04020063 0.001321874
0.06903937 0.0018594705
0.031585827 0.0008619115
0.04021956 0.0013226853
0.03377793 0.0010304134
0.04019348 0.001321504
0.049408194 0.0015537346
0.03377271 0.0010301995
0.040228482 0.001323096
0.039121598 0.0012755867
0.069028005 0.001859184
0.034010213 0.001037746
0.03404606 0.001039251
0.040192332 0.0013214678
0.039063137 0.0012730113
0.03160428 0.00086328964
0.040216897 0.0013224958
0.03179167 0.0009007965
0.06931627 0.0018683817
0.06904573 0.0018596147
0.033768006 0.0010299718
0.06927407 0.0018676965
0.06928152 0.0018678606
0.033750094 0.0010293712
0.049404733 0.0015536507
0.069331735 0.0018686067
0.04947862 0.0015549707
0.06925808 0.0018674474
0.04011922 0.0013183054
0.03299639 0.00097549957
0.033766437 0.0010299346
0.06929469 0.0018680037
0.033757776 0.0010294254
0.040019076 0.0013140459
0.034002747 0.0010376559
0.033996914 0.001037199
0.040200036 0.0013218186
0.06924852 0.001867264
0.040135544 0.0013190452
0.069365926 0.0018691226
0.034022722 0.001038327
0.033721723 0.0010279423
0.06935618 0.0018689637
0.040202856 0.0013219547
0.06901168 0.0018589965
0.031613454 0.00086398964
0.03910821 0.001275074
0.034008503 0.0010377286
0.039060257 0.0012728891
0.06931307 0.0018683209
0.039105937 0.0012749998
0.040165473 0.0013203445
0.06936406 0.001869066
0.0340364 0.0010388822
0.03905592 0.0012726984
0.03401725 0.0010381041
0.040083237 0.0013167808
0.040198516 0.0013217506
0.049358565 0.0015528888
0.033003144 0.00097564305
0.0327305 0.0009332461
0.032984134 0.00097463815
0.03159694 0.0008629896
0.06903221 0.0018593477
0.04018812 0.0013212337
0.04016954 0.0013204882
0.039160088 0.0012772506
0.039116066 0.001275319
0.069298774 0.0018680277
0.04012863 0.0013186823
0.03906041 0.0012729341
0.039132446 0.001276109
0.06938389 0.0018695163
0.039029676 0.0012716415
0.03179795 0.00090149976
0.03912695 0.001275836
0.06931875 0.0018684169
0.031599004 0.00086310395
0.069074005 0.0018645384
0.049450316 0.0015544571
0.039097153 0.0012745988
0.039057 0.0012727409
0.069292024 0.0018679913
0.04017815 0.0013208721
0.03908809 0.001274155
0.040191215 0.0013213647
0.033780377 0.0010305623
0.0690189 0.0018590596
0.039125487 0.0012757771
0.0402336 0.0013232712
0.0494545 0.0015545726
0.032732543 0.00093344436
0.034016043 0.0010380549
0.06934407 0.0018688644
0.040246464 0.0013237811
0.06893733 0.0018576785
0.03914123 0.0012764682
0.03375369 0.0010293986
0.040171906 0.0013205366
0.033768095 0.0010300137
0.04021422 0.0013224289
0.03163869 0.0008655317
0.039088305 0.0012741571
0.033955198 0.0010353256
0.039852288 0.0013068855
0.040211264 0.0013223077
0.032996476 0.0009755117
0.04019883 0.0013217587
0.03910423 0.0012749203
0.039094817 0.0012744738
0.040209353 0.0013222495
0.040163394 0.0013202192
0.040194213 0.001321592
0.03908048 0.0012738326
0.03907432 0.001273511
0.040155243 0.0013198643
0.033764634 0.0010298493
0.04937566 0.0015531603
0.03907107 0.0012734529
0.03905508 0.0012726728
0.040173635 0.0013206856
0.039069124 0.001273372
0.03402989 0.0010386187
0.033024076 0.00097639125
0.03909843 0.00127464
0.04019781 0.0013216386
0.033764876 0.0010298601
0.04018175 0.0013210488
0.03404614 0.0010392542
0.040186558 0.0013211876
0.06927986 0.0018677079
0.040185027 0.0013211363
0.04937651 0.0015531657
0.033009406 0.00097608013
0.03910039 0.0012747427
0.033776287 0.0010303714
0.03402393 0.001038376
0.031075677 0.0008456113
0.031593483 0.00086249656
0.031790428 0.0009007093
0.033997145 0.0010372064
0.069289945 0.0018679346
0.031061294 0.0008445458
0.033758372 0.0010295613
0.03375432 0.0010294053
0.033991825 0.001036983
0.032986917 0.00097473455
0.039119285 0.0012755007
0.069291726 0.0018679833
0.0689904 0.0018583136
0.03107262 0.00084538246
0.030732855 0.0007927042
0.033767592 0.0010299606
0.030906685 0.0008211561
0.0401578 0.0013200003
0.040192507 0.0013214943
0.04017869 0.0013209131
0.04003229 0.0013146144
0.033015683 0.00097632187
0.040050957 0.0013154094
0.030925373 0.0008214779
0.040173113 0.0013206662
0.04020874 0.0013222151
0.039080914 0.0012738813
0.031094095 0.0008472045
0.040188152 0.0013213013
0.033745587 0.0010289655
0.033742502 0.0010288327
0.033770103 0.001030068
0.065264925 0.001803125
0.06525746 0.0018029992
0.05039522 0.0015646248
0.06529675 0.0018036036
0.06527069 0.0018032157
0.06533597 0.0018042461
0.065263085 0.0018030445
0.06530773 0.0018038603
0.06536747 0.0018048014
0.050413672 0.0015649244
0.06531664 0.0018039481
0.06534588 0.001804436
0.065350994 0.001804511
0.06524585 0.0018027627
0.06526695 0.0018031881
0.03835358 0.0012389014
0.054997664 0.0016433417
0.06533318 0.0018042107
0.05040874 0.0015648486
0.0652473 0.0018027968
0.03843157 0.0012422497
0.06530017 0.0018036705
0.065284796 0.0018034006
0.050402146 0.0015647338
0.050421804 0.001565075
0.06524774 0.0018028044
0.06525146 0.0018028469
0.05040256 0.0015647493
0.06530548 0.0018037341
0.06525841 0.0018030021
0.06526362 0.0018030596
0.06524981 0.0018028375
0.06525226 0.0018028714
0.0652868 0.0018034643
0.06524358 0.0018026868
0.06527199 0.0018033013
0.06525962 0.001803023
0.05040963 0.001564906
0.06528176 0.0018033823
0.050367787 0.001564241
0.03589251 0.0011191315
0.06196045 0.0017548465
0.037093557 0.0011691535
0.060456894 0.0017314581
0.060474906 0.0017317521
0.03649351 0.0011559136
0.03589715 0.0011192921
0.036022082 0.0011342412
0.03601508 0.0011339549
0.06042037 0.0017307793
0.035987794 0.0011327909
0.060495395 0.0017320547
0.036007166 0.0011336177
0.036492426 0.0011558343
0.036040295 0.0011350191
0.036031112 0.0011346493
0.03651189 0.0011567151
0.061974842 0.001755051
0.036028747 0.0011346077
0.06200615 0.0017556071
0.060508147 0.001732278
0.03651665 0.0011568994
0.03600919 0.0011337419
0.036034074 0.0011347709
0.060444836 0.0017312638
0.036485076 0.0011555128
0.036498785 0.0011561638
0.035899557 0.0011195655
0.036498774 0.0011561634
0.036485698 0.0011555637
0.03602489 0.0011343253
0.062011573 0.001755691
0.036497388 0.0011560902
0.03601635 0.0011340246
0.035871897 0.0011183084
0.061996937 0.0017554562
0.03648948 0.0011557022
0.03651848 0.0011570017
0.036000147 0.0011332724
0.036015145 0.0011339682
0.03650196 0.001156303
0.03648795 0.0011556342
0.036508787 0.0011565223
0.035991177 0.0011329347
0.036013547 0.0011339054
0.036018305 0.0011341026
0.062006455 0.0017556467
0.036501344 0.0011562905
0.062039554 0.0017561436
0.0365032 0.0011563149
0.036497377 0.0011560662
0.036021072 0.0011342142
0.060439177 0.0017311791
0.036058836 0.0011358355
0.03601136 0.0011338616
0.035937473 0.0011306026
0.06202241 0.001755848
0.036037005 0.0011349579
0.0359007 0.0011290595
0.036062483 0.0011359843
0.062061038 0.0017565117
0.03588606 0.0011188558
0.037073687 0.0011683247
0.060457304 0.0017314681
0.03602267 0.0011342883
0.035998907 0.0011332436
0.036025476 0.0011344354
0.036039196 0.001134994
0.03647366 0.0011550543
0.036459956 0.0011544527
0.061956644 0.0017547301
0.036006827 0.0011336082
0.03708458 0.0011687777
0.036509734 0.0011566244
0.036009934 0.0011337717
0.035893768 0.0011191741
0.035898216 0.0011193999
0.036498398 0.0011561627
0.037093904 0.0011692025
0.036048353 0.001135408
0.06044644 0.0017312944
0.06044081 0.0017312046
0.036500044 0.0011562414
0.060464107 0.0017316149
0.062000733 0.0017554894
0.036022175 0.0011342638
0.03604471 0.0011352592
0.036478017 0.0011552324
0.035884984 0.0011188212
0.036008846 0.0011336968
0.03508088 0.0010912142
0.035086412 0.0010914525
0.035078306 0.0010911094
0.03506573 0.0010905674
0.035069387 0.0010907238
0.040959828 0.0013500832
0.04096356 0.0013502309
0.035065457 0.0010905565
0.035066362 0.0010906011
0.03506555 0.0010905587
0.03507053 0.0010907747
0.035071492 0.0010908142
0.040964764 0.0013502787
0.035071228 0.0010908108
0.035079043 0.0010911394
0.040961362 0.0013501563
0.035080522 0.0010911981
0.03507765 0.0010910777
0.035074 0.0010909197
0.035067353 0.0010906353
0.037552405 0.0012040983
0.04099234 0.0013514548
0.040975787 0.0013507843
0.04096858 0.0013504529
0.035071746 0.0010908522
0.0409634 0.0013502177
0.03507454 0.0010909415
0.04096959 0.0013505019
0.03507602 0.001091011
0.04097201 0.0013506123
0.040974755 0.0013507382
0.040968373 0.001350444
0.06496498 0.0018019014
0.03736267 0.0011959911
0.035059974 0.0010903192
0.040974263 0.0013507158
0.03506983 0.0010907446
0.035069965 0.0010907456
0.03508169 0.0010912523
0.03506778 0.0010906568
0.040982503 0.0013510349
0.035058316 0.0010902466
0.040967777 0.0013504169
0.064943716 0.0018015369
0.040967014 0.0013504005
0.035069283 0.0010907183
0.03507575 0.0010909949
0.040965665 0.0013503216
0.040969968 0.0013505188
0.040973235 0.0013506478
0.040965103 0.0013502962
0.035077207 0.001091058
0.035084043 0.0010913506
0.040966064 0.001350338
0.040973432 0.0013506754
0.035073016 0.0010908766
0.035066977 0.0010906184
0.035079435 0.0010911537
0.040961195 0.0013501133
0.04096986 0.0013505024
0.035064764 0.0010905237
0.035063937 0.0010904768
0.040972788 0.0013506473
0.04096379 0.0013502324
0.040969007 0.0013504754
0.06501079 0.0018026854
0.040962934 0.0013501967
0.035069317 0.0010907206
0.035078853 0.0010911296
0.040961083 0.0013501105
0.035066944 0.0010906173
0.040963277 0.00135021
0.04095902 0.0013500629
0.040981974 0.0013510187
0.04096851 0.0013504514
0.04096681 0.00135037
0.040980756 0.0013510125
0.03507599 0.0010910085
0.03508621 0.0010914437
0.03507267 0.0010908636
0.035069462 0.0010907348
0.035070527 0.0010907724
0.035063986 0.0010905
0.06497216 0.0018020209
0.06497672 0.0018020995
0.03508374 0.0010913401
0.040977687 0.0013508726
0.040975697 0.0013507823
0.040970296 0.0013505335
0.040970623 0.0013505486
0.04096413 0.001350256
0.035063457 0.0010904683
0.035084285 0.0010913664
0.03507089 0.0010907872
0.03508071 0.0010912084
0.03508039 0.0010911943
0.040975742 0.0013507842
0.040974386 0.0013507209
0.03507346 0.0010909028
0.040969096 0.0013504759
0.035078246 0.0010911028
0.04097078 0.0013505539
0.04096399 0.0013502422
0.03507918 0.0010911423
0.0350683 0.0010906756
0.035073355 0.0010908925
0.035079926 0.001091174
0.04097657 0.0013508215
0.037364766 0.001196074
0.035082545 0.0010912846
0.035066206 0.0010905849
0.040975817 0.0013507857
0.040982362 0.0013510224
0.040971126 0.0013505702
0.0409655 0.001350314
0.03507592 0.0010910034
0.040971816 0.0013506041
0.03505873 0.0010902666
0.035070483 0.0010907701
0.035067078 0.0010906238
0.037368443 0.0011962027
0.035070203 0.0010907584
0.035059065 0.0010902812
0.040964328 0.0013502601
0.040964045 0.0013502449
0.035065327 0.0010905478
0.037364658 0.001196071
0.035082202 0.0010912747
0.040967446 0.0013504012
0.04096552 0.001350319
0.04097559 0.0013507772
0.057679787 0.0016884678
0.040976584 0.0013508238
0.040964466 0.0013502677
0.040968817 0.0013504648
0.040969197 0.0013504822
0.040970575 0.0013505444
0.04097181 0.0013506039
0.04096463 0.0013502731
0.03505261 0.001090004
0.04096893 0.0013504684
0.040963214 0.0013502075
0.035072852 0.0010908705
0.035072703 0.0010908637
0.035068512 0.0010907053
0.03507868 0.0010911206
0.040965237 0.0013502992
0.035074998 0.0010909684
0.035092514 0.0010917153
0.040963817 0.0013502357
0.040973403 0.001350662
0.040968005 0.0013504254
0.042969983 0.0014184469
0.035081275 0.0010912322
0.03509111 0.001091655
0.04096272 0.0013501855
0.040979147 0.001350901
0.0350739 0.0010909162
0.040974993 0.0013507488
0.037439387 0.0011991303
0.057441507 0.0016842122
0.0574891 0.0016849602
0.037466712 0.0012003629
0.03745848 0.001199976
0.05741275 0.0016837622
0.057351284 0.0016828242
0.057491742 0.0016850339
0.05736753 0.0016830574
0.042949956 0.0014166138
0.03747536 0.0012007294
0.037461214 0.0012001058
0.057448417 0.0016843162
0.03743757 0.0011990449
0.03748748 0.0012012892
0.05738456 0.0016833086
0.03746105 0.0012000914
0.03745953 0.0012000201
0.05744118 0.0016842101
0.037479535 0.0012009417
0.05734819 0.0016827342
0.057429418 0.001684023
0.037440702 0.0011991758
0.03748645 0.0012012506
0.057471734 0.001684705
0.037461903 0.0012001502
0.05737726 0.001683216
0.057419084 0.0016838473
0.0374536 0.0011997637
0.037480626 0.0012009912
0.037494954 0.0012016317
0.057420075 0.0016838856
0.037461832 0.001200115
0.057451166 0.0016843728
0.037451625 0.0011996878
0.057450026 0.0016843595
0.037482906 0.0012010919
0.03747575 0.0012007449
0.03748389 0.0012011614
0.037473287 0.0012006342
0.037495013 0.0012016338
0.037441112 0.0011991898
0.06484104 0.0017994521
0.03747238 0.001200586
0.0374684 0.0012004295
0.037488535 0.0012013252
0.03746404 0.001200223
0.037523363 0.001202937
0.0575132 0.0016853585
0.05744744 0.0016842969
0.03748914 0.001201545
0.05744627 0.0016842887
0.037497498 0.0012017408
0.03749057 0.0012016273
0.05733987 0.0016825917
0.057420768 0.0016838912
0.057246167 0.001681094
0.03743934 0.0011991261
0.057487503 0.0016849315
0.05744333 0.0016842567
0.037439723 0.0011991535
0.057314645 0.0016822137
0.05738509 0.0016833199
0.05751747 0.0016854287
0.057501465 0.0016851185
0.05740063 0.0016835325
0.05739892 0.0016835247
0.057432245 0.0016840667
0.03748869 0.0012013535
0.037422672 0.0011984031
0.05735474 0.0016828477
0.037453815 0.0011998301
0.03748256 0.001201073
0.057398077 0.0016835221
0.057396132 0.0016834759
0.03746543 0.0012002911
0.03746989 0.0012004849
0.057323694 0.0016823624
0.05734524 0.0016827063
0.03744156 0.001199225
0.037479833 0.0012009443
0.037499107 0.0012018203
0.037512608 0.0012024296
0.03742774 0.0011986236
0.05738473 0.0016833143
0.057314668 0.0016822229
0.05744617 0.0016842779
0.037456553 0.001199882
0.037459925 0.0012000524
0.037451334 0.0011996564
0.03742257 0.0011983773
0.03747811 0.001200903
0.037449155 0.0011995588
0.057405006 0.0016836221
0.03746032 0.001200063
0.037457556 0.0011999469
0.037531942 0.001203317
0.037509803 0.0012023113
0.057424933 0.0016839519
0.037456784 0.0011999091
0.037473023 0.0012006252
0.037488926 0.0012013811
0.037438888 0.0011991219
0.04294997 0.001416805
0.03747064 0.0012005399
0.03746237 0.0012001521
0.037462473 0.0012001644
0.03745089 0.0011996352
0.057357397 0.0016828963
0.037464213 0.0012002371
0.057479315 0.0016848423
0.03747632 0.0012007871
0.057409 0.0016837163
0.03748738 0.0012012887
0.037468474 0.0012004308
0.057410754 0.0016837284
0.057375062 0.0016831508
0.037471555 0.0012005601
0.037506 0.0012021259
0.03747116 0.0012005562
0.05736289 0.0016829841
0.057180915 0.0016801374
0.03745859 0.0012000002
0.037463553 0.0012002053
0.037450656 0.001199629
0.037499513 0.001202084
0.05737947 0.0016832222
0.057316303 0.0016822483
0.037471678 0.0012005847
0.040997844 0.0013515904
0.04098496 0.0013510442
0.040988423 0.0013511899
0.042959154 0.0014183947
0.0409851 0.0013510481
0.040995065 0.0013514711
0.040986247 0.0013510947
0.04099223 0.0013513527
0.0409917 0.001351335
0.042957027 0.00141807
0.04099014 0.0013512684
0.040989522 0.0013512385
0.058095764 0.0016953959
0.04295213 0.0014177117
0.041024983 0.0013527551
0.04098863 0.0013511973
0.040985264 0.0013510551
0.04098782 0.0013511601
0.04099712 0.0013515592
0.040989194 0.0013512237
0.04295325 0.001417775
0.04295685 0.0014180493
0.04099038 0.0013512732
0.04098984 0.0013512613
0.04098596 0.0013510815
0.04098787 0.0013511684
0.040990837 0.0013512934
0.041019335 0.0013525116
0.042957418 0.0014181096
0.042955678 0.0014179809
0.040989734 0.0013512415
0.041004043 0.0013518586
0.04295649 0.0014179898
0.042958308 0.0014182767
0.042952266 0.0014177226
0.04295739 0.0014180989
0.041008256 0.0013520371
0.040987585 0.0013511528
0.04098537 0.0013510621
0.04099228 0.0013513542
0.04034669 0.0013258611
0.038471002 0.0012455217
0.038475636 0.0012457126
0.040355694 0.001326239
0.05442156 0.0016360036
0.038462274 0.0012451432
0.04034498 0.0013257951
0.04033343 0.001325296
0.038458288 0.0012449778
0.04033981 0.0013255753
0.038452767 0.0012447413
0.03844906 0.0012445778
0.040357422 0.0013263277
0.03845528 0.0012448506
0.038442366 0.0012442841
0.03844361 0.0012443354
0.054429516 0.0016361307
0.040327072 0.0013250756
0.038456067 0.0012448797
0.03845935 0.0012450209
0.040338863 0.0013255336
0.04033873 0.0013255269
0.040335655 0.0013253913
0.038458973 0.0012449999
0.040339533 0.001325561
0.05442016 0.0016359824
0.04034542 0.0013258207
0.05440193 0.0016356515
0.03846291 0.0012451725
0.038455885 0.0012448733
0.040341664 0.0013256607
0.038435686 0.0012440071
0.04036073 0.0013264664
0.038465384 0.0012452735
0.04034451 0.0013257748
0.040332574 0.0013252642
0.040317636 0.0013246213
0.038460575 0.001245081
0.038456075 0.0012448833
0.038470555 0.0012454971
0.054411244 0.0016358234
0.06700735 0.0018320321
0.054406926 0.0016357322
0.038478933 0.0012458902
0.038448032 0.0012445295
0.040348124 0.0013259262
0.03844558 0.0012444309
0.03846488 0.0012452494
0.038472965 0.0012455964
0.040330235 0.001325162
0.038442552 0.0012443004
0.040336937 0.0013254519
0.04031738 0.0013246138
0.04033808 0.0013254994
0.03844953 0.0012446545
0.05430028 0.0016339045
0.038475905 0.0012457677
0.038454928 0.0012448276
0.03847798 0.0012458109
0.038438715 0.001244133
0.038466707 0.0012453387
0.040350817 0.0013260442
0.03844769 0.0012445169
0.038445804 0.00124444
0.04034387 0.0013257465
0.040347304 0.001325895
0.04033625 0.0013254242
0.040342376 0.0013256843
0.038460042 0.0012450464
0.040334765 0.001325352
0.040347178 0.0013258851
0.038447045 0.0012444927
0.05442232 0.0016360137
0.040324543 0.0013249147
0.038492795 0.0012464429
0.038482133 0.0012460108
0.038455766 0.0012448694
0.038447544 0.0012445118
0.03846269 0.0012451551
0.03845556 0.0012448657
0.05441535 0.0016358893
0.038455263 0.0012448443
0.038453188 0.0012447493
0.03845264 0.0012447331
0.040332064 0.0013252505
0.054394796 0.0016355427
0.038454134 0.0012447963
0.038467508 0.0012453619
0.03849721 0.001246631
0.04033146 0.0013252228
0.040346872 0.0013258761
0.040343378 0.0013257305
0.054383185 0.0016353385
0.05442219 0.0016360094
0.04033086 0.0013251988
0.03845902 0.0012450052
0.038457822 0.0012449555
0.038458273 0.0012449726
0.04034157 0.001325651
0.06701448 0.0018321475
0.05440489 0.0016357204
0.038451813 0.0012446962
0.06701835 0.0018322278
0.054413725 0.0016358647
0.04036192 0.0013265173
0.040348608 0.0013259532
0.038462028 0.0012451357
0.054420725 0.0016359895
0.038491108 0.0012463685
0.040336136 0.0013254217
0.038469277 0.0012454463
0.04030634 0.0013241322
0.038456272 0.0012448907
0.03846618 0.001245315
0.040353782 0.0013261738
0.03849526 0.0012465485
0.03845443 0.0012448032
0.040328484 0.0013251245
0.04033519 0.0013253782
0.05439814 0.0016355951
0.038499877 0.0012468148
0.040332627 0.0013252646
0.038449395 0.0012445954
0.038501576 0.0012468197
0.040308543 0.0013242968
0.03846579 0.0012452931
0.03845083 0.001244655
0.040348418 0.0013259355
0.038437415 0.0012440777
0.040336713 0.0013254362
0.040341463 0.0013256449
0.040354412 0.0013262
0.040350076 0.0013260087
0.038452998 0.0012447424
0.040338345 0.0013255067
0.03846366 0.0012451985
0.038495533 0.0012466213
0.040324386 0.0013249052
0.054432463 0.0016361843
0.038457055 0.0012449195
0.03845847 0.0012449804
0.054398563 0.0016356015
0.040322762 0.0013248422
0.06701662 0.001832198
0.04034273 0.001325695
0.040342487 0.0013256894
0.038469695 0.0012454594
0.054431178 0.0016361576
0.04031854 0.0013246511
0.038484737 0.0012461192
0.054397475 0.0016355874
0.040343966 0.0013257475
0.06702058 0.0018322663
0.038466163 0.0012453047
0.03845394 0.0012447895
0.04035678 0.0013263004
0.04035458 0.0013262059
0.038467817 0.0012453771
0.040345076 0.0013257988
0.03846367 0.0012452021
0.040358923 0.0013263908
0.05441744 0.0016359296
0.054431096 0.0016361531
0.038461857 0.0012451231
0.038448554 0.0012445597
0.038510885 0.0012472159
0.040342174 0.0013256802
0.054458115 0.0016366154
0.038480412 0.0012459169
0.038442045 0.0012442735
0.05431173 0.0016341022
0.03844448 0.0012443769
0.040332403 0.0013252576
0.038459297 0.0012450162
0.040345732 0.0013258334
0.04034697 0.0013258785
0.04032407 0.0013248986
0.040348776 0.0013259616
0.038495205 0.0012465433
0.054428913 0.0016361184
0.03843976 0.0012441787
0.06701524 0.0018321812
0.04034422 0.0013257653
0.038444974 0.0012444046
0.038465768 0.0012452864
0.05445394 0.0016365406
0.038504504 0.0012470175
0.05438803 0.0016354367
0.040342882 0.0013257052
0.0403487 0.0013259547
0.0403209 0.0013247574
0.038453016 0.0012447482
0.054576248 0.0016389065
0.0671778 0.0018351728
0.067217655 0.0018358039
0.034423247 0.0010601571
0.06720859 0.0018356591
0.049085964 0.0015449511
0.038382377 0.0012418701
0.03838507 0.0012419921
0.03441714 0.0010598751
0.067207694 0.0018356404
0.03838968 0.0012421987
0.038384985 0.001241987
0.06720151 0.0018355484
0.06717876 0.0018351917
0.034414817 0.0010597754
0.0344259 0.0010602766
0.034419056 0.0010599666
0.038386405 0.0012420523
0.038388357 0.0012421438
0.067202434 0.0018355708
0.06719414 0.0018354364
0.034418765 0.001059954
0.067174904 0.0018351326
0.054598797 0.001639257
0.034426875 0.0010603257
0.06715068 0.001834755
0.034415793 0.0010598162
0.06719472 0.0018354423
0.067216575 0.0018357815
0.034426205 0.0010602919
0.06717214 0.0018350882
0.040450506 0.0013304533
0.03838307 0.0012419004
0.067195654 0.0018354543
0.034414705 0.0010597688
0.06718399 0.0018352717
0.0671869 0.0018353178
0.034417216 0.0010598851
0.06715801 0.0018348711
0.06721409 0.0018357483
0.06718876 0.0018353461
0.034417503 0.0010598955
0.03441898 0.0010599622
0.03443222 0.0010605693
0.0671622 0.0018349335
0.054580852 0.0016389801
0.034417648 0.0010599018
0.067191765 0.0018353924
0.067181714 0.001835236
0.06720435 0.0018355906
0.06720979 0.0018356735
0.038384613 0.0012419722
0.049080342 0.0015448491
0.034413394 0.0010597081
0.03442212 0.001060106
0.034420244 0.0010600206
0.06719845 0.0018354951
0.034423508 0.0010601694
0.034420952 0.0010600539
0.067188 0.0018353363
0.03441589 0.0010598219
0.0671907 0.0018353771
0.034420043 0.0010600112
0.034420367 0.0010600258
0.06719647 0.00183547
0.034422264 0.001060114
0.038386084 0.0012420394
0.03441916 0.0010599729
0.06719027 0.0018353686
0.034422178 0.001060109
0.054571517 0.0016388331
0.03441473 0.0010597713
0.034422 0.0010601028
0.034414526 0.0010597613
0.034415647 0.0010598084
0.06718771 0.0018353304
0.05464663 0.0016400034
0.034417093 0.0010598748
0.03442205 0.0010601049
0.03838121 0.0012418116
0.03442163 0.0010600879
0.03838235 0.0012418663
0.067176536 0.0018351579
0.06718225 0.0018352462
0.038385138 0.0012419935
0.034428705 0.0010604048
0.034416664 0.001059853
0.038383827 0.0012419354
0.034422554 0.0010601283
0.04045017 0.0013304427
0.0344179 0.0010599144
0.034420438 0.0010600294
0.0344234 0.0010601649
0.04044833 0.0013303808
0.06718412 0.0018352742
0.03441367 0.0010597184
0.03443906 0.001060885
0.06718726 0.001835326
0.034439005 0.0010608819
0.06718001 0.0018352135
0.040449005 0.0013304063
0.0671981 0.0018354903
0.040449385 0.0013304105
0.03441778 0.001059905
0.03441732 0.0010598898
0.03441687 0.0010598676
0.034421436 0.0010600745
0.03442139 0.001060073
0.06714866 0.0018347206
0.06720314 0.0018355709
0.06719384 0.0018354271
0.03441989 0.0010600012
0.06720794 0.0018356477
0.04044847 0.0013303844
0.06719248 0.0018354034
0.06720662 0.0018356283
0.03441502 0.0010597853
0.067198336 0.0018354937
0.06719228 0.0018354026
0.034426868 0.0010603236
0.06720844 0.0018356562
0.034424514 0.0010602123
0.036611587 0.0011640706
0.04178002 0.0013854404
0.042339362 0.001403896
0.041775633 0.0013852523
0.041747775 0.0013839857
0.059704624 0.0017234565
0.045881074 0.0014870083
0.04233243 0.0014035678
0.04177275 0.0013851243
0.041781917 0.0013855478
0.043061007 0.0014308398
0.059737787 0.0017240127
0.0417953 0.0013859731
0.0423358 0.001403724
0.041771736 0.0013850849
0.0458888 0.0014871391
0.04255876 0.0014141022
0.04583488 0.0014862178
0.041774187 0.0013851908
0.04176381 0.001384716
0.042339332 0.0014038808
0.045904424 0.0014873755
0.045325533 0.0014687114
0.045853596 0.0014865753
0.042341344 0.0014039727
0.04304902 0.0014283285
0.045884553 0.0014870603
0.04173783 0.0013835265
0.04232759 0.0014033591
0.041760173 0.0013845774
0.041771397 0.0013850725
0.04231423 0.0014027827
0.042329647 0.0014034369
0.041778438 0.001385371
0.045341477 0.0014689559
0.04177058 0.0013850376
0.04587011 0.0014868194
0.045850974 0.0014865584
0.04177496 0.0013852248
0.04232323 0.0014031718
0.042327143 0.0014033326
0.04248946 0.0014096618
0.04175751 0.0013844302
0.04177371 0.0013851713
0.045873836 0.0014868836
0.045323513 0.0014686561
0.041782726 0.0013855554
0.042350456 0.001404318
0.04249105 0.001409928
0.042325936 0.001403283
0.04586458 0.0014867245
0.042335406 0.0014037
0.042309307 0.0014025724
0.042331435 0.0014035291
0.041771725 0.0013850814
0.045918506 0.0014875897
0.042341676 0.001403988
0.04233094 0.0014034951
0.036289778 0.0011443149
0.04233534 0.0014036961
0.04176358 0.0013847055
0.041778468 0.0013853722
0.04530923 0.0014684309
0.05964065 0.0017223239
0.03661622 0.0011642369
0.041775286 0.0013852356
0.045883268 0.0014870453
0.036605947 0.0011637986
0.041748345 0.0013840195
0.036606994 0.0011638413
0.042334933 0.0014036784
0.059667174 0.0017228167
0.03656456 0.0011620151
0.036608465 0.0011639857
0.041780412 0.0013854565
0.036610566 0.0011640501
0.036298867 0.0011449086
0.059669297 0.0017228544
0.045865715 0.0014867444
0.04533378 0.0014688194
0.045934144 0.0014878323
0.045883685 0.0014870513
0.03661933 0.0011643474
0.04587581 0.0014869162
0.04531403 0.0014685103
0.041775953 0.0013852693
0.041768856 0.0013849514
0.04233294 0.0014035892
0.036605198 0.0011637725
0.059643023 0.0017225479
0.04230031 0.0014021872
0.042324983 0.0014032433
0.041759405 0.0013845115
0.045892168 0.0014871962
0.059581034 0.0017110886
0.042322513 0.0014031386
0.0423319 0.0014035398
0.04231794 0.0014029365
0.045311175 0.0014684605
0.042336248 0.0014037385
0.042324238 0.0014032229
0.041770466 0.0013850314
0.041768163 0.0013849327
0.036614835 0.0011641807
0.041770507 0.0013850344
0.059657615 0.0017226316
0.0458566 0.0014865878
0.041761953 0.0013846587
0.059670992 0.0017228823
0.04176344 0.0013846945
0.04304924 0.0014283921
0.04177971 0.0013854331
0.04176507 0.0013847814
0.036584694 0.0011628648
0.036615893 0.0011642223
0.036295976 0.0011446443
0.042333916 0.0014036373
0.05965255 0.0017225706
0.04178131 0.0013854962
0.045312133 0.0014684781
0.041782856 0.0013855695
0.0596654 0.0017227927
0.04533024 0.0014687764
0.042338457 0.0014038401
0.04177769 0.0013853669
0.05958421 0.0017111364
0.03628904 0.0011442974
0.045871418 0.0014868705
0.045871064 0.0014868402
0.04177912 0.0013854312
0.04529394 0.0014681929
0.042328738 0.0014034067
0.042330716 0.0014034922
0.036603387 0.0011636877
0.041783247 0.0013855901
0.041750483 0.0013841095
0.03660262 0.0011636458
0.04586915 0.0014868022
0.04231973 0.0014029951
0.042333696 0.001403624
0.04306055 0.0014307455
0.041741725 0.0013837067
0.04529647 0.0014682321
0.036605753 0.0011637827
0.04592624 0.0014877145
0.04177473 0.0013852133
0.03659877 0.0011634888
0.036609523 0.0011640174
0.04176175 0.001384615
0.045309737 0.0014684392
0.04177509 0.0013852299
0.042309463 0.0014025734
0.042331718 0.0014035325
0.042332135 0.0014035534
0.04233255 0.0014035754
0.059572656 0.001710952
0.0417746 0.0013852069
0.041771445 0.0013850745
0.042327337 0.001403344
0.042319786 0.0014030151
0.04177222 0.0013851065
0.042336177 0.0014037375
0.042331968 0.0014035439
0.03660768 0.0011638707
0.041768055 0.001384928
0.042335056 0.0014036826
0.03661836 0.0011642535
0.036607053 0.0011638438
0.041780144 0.001385445
0.059653986 0.0017225918
0.045315582 0.0014685282
0.04233673 0.0014037597
0.036626685 0.0011646855
0.042332526 0.0014035729
0.04531712 0.0014685597
0.036599845 0.001163537
0.036294386 0.0011444899
0.04233753 0.0014037957
0.045324787 0.0014686737
0.04531734 0.0014685777
0.042274293 0.0014010713
0.04176778 0.0013849029
0.04178384 0.001385643
0.045328844 0.00146874
0.036291245 0.0011443547
0.05965817 0.001722673
0.041765 0.0013847795
0.045284774 0.0014680508
0.043045457 0.0014280544
0.036599286 0.0011635108
0.059675187 0.0017229534
0.045877036 0.0014869323
0.042289846 0.0014017343
0.042321656 0.0014030959
0.045299888 0.00146824
0.059663143 0.0017227477
0.036612593 0.0011641305
0.04233705 0.0014037746
0.04231677 0.0014028907
0.04304662 0.0014281485
0.041730415 0.0013831882
0.042334232 0.0014036496
0.04233786 0.0014038141
0.042330977 0.0014034967
0.045879304 0.0014869738
0.04540916 0.0014701174
0.05969412 0.0017232782
0.04590652 0.0014874139
0.043048073 0.0014282361
0.042309172 0.0014025643
0.04530612 0.0014683852
0.059663266 0.0017227537
0.03660758 0.0011638488
0.042330436 0.0014034732
0.04177189 0.0013850926
0.04233629 0.0014037407
0.041759793 0.0013845477
0.043048225 0.0014282635
0.04233844 0.0014038396
0.045875005 0.001486903
0.036611013 0.0011640578
0.045897443 0.0014872827
0.04173929 0.0013835928
0.04519032 0.0014666016
0.05966704 0.001722816
0.041745543 0.0013838817
0.04177176 0.0013850875
0.04233107 0.0014035009
0.059663765 0.0017227612
0.041771334 0.0013850686
0.036598004 0.0011634567
0.045877818 0.0014869518
0.041775085 0.0013852273
0.059632037 0.0017222221
0.045312446 0.0014684815
0.041759614 0.0013845225
0.04177462 0.0013852076
0.042357814 0.0014046363
0.045857392 0.0014866021
0.05966783 0.00172283
0.042335 0.0014036807
0.059666462 0.0017227997
0.042335358 0.0014036997
0.042343117 0.0014040541
0.043045633 0.0014280976
0.04176927 0.0013849774
0.04588142 0.0014870141
0.03660765 0.00116386
0.045316406 0.0014685428
0.042337134 0.001403781
0.04175512 0.0013843294
0.045324985 0.0014686766
0.045877315 0.0014869433
0.04245876 0.0014079162
0.04233428 0.0014036503
0.03628705 0.001144229
0.045848258 0.0014864394
0.045316942 0.0014685511
0.042335693 0.0014037129
0.04229599 0.0014019972
0.045327492 0.0014687214
0.04233919 0.0014038751
0.042337596 0.0014038028
0.05965503 0.0017226287
0.0423378 0.001403807
0.042329844 0.0014034606
0.042332422 0.0014035627
0.036615223 0.0011641874
0.041785322 0.0013856668
0.04233648 0.0014037509
0.04232395 0.0014031974
0.036599673 0.0011635274
0.045338858 0.0014689078
0.04232005 0.0014030391
0.041782744 0.0013855569
0.05965401 0.0017225925
0.042336006 0.0014037343
0.042330675 0.001403492
0.041772198 0.0013851016
0.059671544 0.0017228944
0.042336658 0.0014037576
0.045427263 0.0014704308
0.042490076 0.0014098589
0.041786928 0.0013857228
0.045870733 0.0014868374
0.042319763 0.0014029967
0.041772917 0.0013851386
0.045291096 0.0014681485
0.041763287 0.0013846932
0.041777182 0.0013853427
0.0423266 0.0014033116
0.041780315 0.001385453
0.04532075 0.0014686172
0.04530987 0.001468441
0.041755997 0.0013843611
0.042318817 0.0014029685
0.05966571 0.0017227947
0.045295898 0.0014682248
0.04233193 0.0014035429
0.04532816 0.0014687263
0.04249002 0.0014097467
0.036623072 0.0011644326
0.036623072 0.0011644326
0.04177152 0.0013850773
0.042328466 0.0014033974
0.04232296 0.0014031659
0.04590581 0.001487386
0.05964582 0.0017225667
0.041755736 0.0013843424
0.041767526 0.0013849016
0.042330466 0.001403475
0.041766923 0.0013848625
0.041769862 0.001384991
0.041762765 0.0013846646
0.045866597 0.0014867587
0.059667338 0.0017228199
0.042338748 0.0014038552
0.0423545 0.0014045755
0.04176109 0.0013845904
0.04530571 0.0014683744
0.045354042 0.0014691828
0.042488165 0.0014095198
0.041760843 0.0013845895
0.041780755 0.0013854714
0.05966428 0.0017227697
0.036585175 0.0011629069
0.04176628 0.0013848426
0.041763693 0.0013847101
0.04177341 0.0013851654
0.045870136 0.001486827
0.042317018 0.0014028988
0.042338837 0.0014038592
0.05956686 0.001710792
0.041760713 0.0013845804
0.045926645 0.0014877163
0.03661579 0.0011642178
0.041749675 0.0013840765
0.036302637 0.0011451538
0.041776285 0.0013852802
0.04304985 0.0014284066
0.045387853 0.0014697494
0.04233891 0.0014038611
0.03660491 0.001163753
0.04588113 0.0014870086
0.045893565 0.0014872187
0.041772556 0.0013851209
0.045309044 0.001468428
0.04234069 0.0014039262
0.04586782 0.0014867889
0.04177241 0.0013851143
0.041765552 0.0013848024
0.045876842 0.0014869322
0.043063167 0.0014313118
0.042330924 0.001403495
0.04586902 0.0014867968
0.041762814 0.0013846658
0.042307287 0.0014024804
0.045321614 0.0014686343
0.036293395 0.001144437
0.045323405 0.001468651
0.03637398 0.0011471901
0.04233569 0.0014037124
0.03660699 0.0011638411
0.045379087 0.0014696049
0.0597005 0.0017233891
0.059655007 0.0017226279
