0.08322667 0.0020938208
0.08322386 0.0020937687
0.08315101 0.0020923791
0.044807564 0.0014950677
0.041104235 0.0013733053
0.041103914 0.0013732623
0.04110063 0.0013732256
0.04109341 0.001372879
0.041088235 0.0013726306
0.041071907 0.0013718468
0.041064005 0.0013714676
0.04074077 0.0013567092
0.037356123 0.0012013067
0.035105977 0.0010980846
0.034627933 0.0010761148
0.034211922 0.0010570633
0.033042513 0.0010031951
0.032707788 0.0009878778
0.031602975 0.00093727023
0.031109465 0.0009146159
0.029713428 0.0008502689
0.02908875 0.00082179485
0.029051961 0.0008201884
0.029051961 0.0008201884
0.034707617 0.0010795435
0.03212442 0.0009610776
0.03212442 0.0009610776
0.03212442 0.0009610776
0.03212442 0.0009610776
0.03212442 0.0009610776
0.03212442 0.0009610776
0.03212442 0.0009610776
0.03212442 0.0009610776
0.03212442 0.0009610776
0.03212442 0.0009610776
0.03212442 0.0009610776
0.03212442 0.0009610776
0.03212442 0.0009610776
0.03212442 0.0009610776
0.03212442 0.0009610776
0.03212442 0.0009610776
0.03212442 0.0009610776
0.03212442 0.0009610776
0.03212442 0.0009610776
0.03212442 0.0009610776
0.03212442 0.0009610776
0.03212442 0.0009610776
0.03212442 0.0009610776
0.03212442 0.0009610776
0.03212442 0.0009610776
0.03212442 0.0009610776
0.03212442 0.0009610776
0.03212442 0.0009610776
0.03212442 0.0009610776
0.03212442 0.0009610776
0.03212442 0.0009610776
0.03212442 0.0009610776
0.03212442 0.0009610776
0.03212442 0.0009610776
0.03212442 0.0009610776
0.03212442 0.0009610776
0.03212442 0.0009610776
0.03212442 0.0009610776
0.03212442 0.0009610776
0.03212442 0.0009610776
0.03212442 0.0009610776
0.03212442 0.0009610776
0.03212442 0.0009610776
0.03212442 0.0009610776
0.03212442 0.0009610776
0.03212442 0.0009610776
0.03212442 0.0009610776
0.03212442 0.0009610776
0.03212442 0.0009610776
0.03212442 0.0009610776
0.03212442 0.0009610776
0.03212442 0.0009610776
0.03212442 0.0009610776
0.03212442 0.0009610776
0.03212442 0.0009610776
0.03212442 0.0009610776
0.03212442 0.0009610776
0.03212442 0.0009610776
0.03212442 0.0009610776
0.03212442 0.0009610776
0.03212442 0.0009610776
0.03212442 0.0009610776
0.03212442 0.0009610776
0.03212442 0.0009610776
0.03212442 0.0009610776
0.03212442 0.0009610776
0.03212442 0.0009610776
0.03212442 0.0009610776
0.03212442 0.0009610776
0.03212442 0.0009610776
0.03212442 0.0009610776
0.03212442 0.0009610776
0.03212442 0.0009610776
0.03212442 0.0009610776
0.03212442 0.0009610776
0.03212442 0.0009610776
0.03212442 0.0009610776
0.03212442 0.0009610776
0.03212442 0.0009610776
0.03212442 0.0009610776
0.03212442 0.0009610776
0.03212442 0.0009610776
0.03212442 0.0009610776
0.03212442 0.0009610776
0.03212442 0.0009610776
0.03212442 0.0009610776
0.03212442 0.0009610776
0.03212442 0.0009610776
0.03212442 0.0009610776
0.03212442 0.0009610776
0.03212442 0.0009610776
0.03212442 0.0009610776
0.03212442 0.0009610776
0.03212442 0.0009610776
0.03212442 0.0009610776
0.03212442 0.0009610776
0.03212442 0.0009610776
0.03212442 0.0009610776
0.03212442 0.0009610776
0.03212442 0.0009610776
0.03212442 0.0009610776
0.03212442 0.0009610776
0.03212442 0.0009610776
0.03212442 0.0009610776
0.03212442 0.0009610776
0.03212442 0.0009610776
0.03212442 0.0009610776
0.03212442 0.0009610776
0.03212442 0.0009610776
0.03212442 0.0009610776
0.03212442 0.0009610776
0.03212442 0.0009610776
0.03212442 0.0009610776
0.03212442 0.0009610776
0.03212442 0.0009610776
0.03212442 0.0009610776
0.03212442 0.0009610776
0.03212442 0.0009610776
0.03212442 0.0009610776
0.03212442 0.0009610776
0.03212442 0.0009610776
0.03212442 0.0009610776
0.03212442 0.0009610776
0.03212442 0.0009610776
0.03212442 0.0009610776
0.03212442 0.0009610776
0.03212442 0.0009610776
0.03212442 0.0009610776
0.03212442 0.0009610776
0.03212442 0.0009610776
0.03212442 0.0009610776
0.03212442 0.0009610776
0.03212442 0.0009610776
0.03212442 0.0009610776
0.03212442 0.0009610776
0.03212442 0.0009610776
0.03212442 0.0009610776
0.03212442 0.0009610776
0.03212442 0.0009610776
0.03212442 0.0009610776
0.03212442 0.0009610776
0.03212442 0.0009610776
0.03212442 0.0009610776
0.03212442 0.0009610776
0.03212442 0.0009610776
0.03212442 0.0009610776
0.03212442 0.0009610776
0.03212442 0.0009610776
0.03212442 0.0009610776
0.03212442 0.0009610776
0.03212442 0.0009610776
0.03212442 0.0009610776
0.03212442 0.0009610776
0.03212442 0.0009610776
0.03212442 0.0009610776
0.03212442 0.0009610776
0.03212442 0.0009610776
0.03212442 0.0009610776
0.03212442 0.0009610776
0.03212442 0.0009610776
0.03212442 0.0009610776
0.03212442 0.0009610776
0.03212442 0.0009610776
0.03212442 0.0009610776
0.03212442 0.0009610776
0.03212442 0.0009610776
0.03212442 0.0009610776
0.03212442 0.0009610776
0.03212442 0.0009610776
0.03212442 0.0009610776
0.03212442 0.0009610776
0.03212442 0.0009610776
0.03212442 0.0009610776
0.03212442 0.0009610776
0.03212442 0.0009610776
0.03212442 0.0009610776
0.03212442 0.0009610776
0.03212442 0.0009610776
0.03212442 0.0009610776
0.03212442 0.0009610776
0.03212442 0.0009610776
0.03212442 0.0009610776
0.03212442 0.0009610776
0.03212442 0.0009610776
0.03212442 0.0009610776
0.03212442 0.0009610776
0.03212442 0.0009610776
0.03212442 0.0009610776
0.03212442 0.0009610776
0.03212442 0.0009610776
0.03212442 0.0009610776
0.03212442 0.0009610776
0.03212442 0.0009610776
0.03212442 0.0009610776
0.03212442 0.0009610776
0.03212442 0.0009610776
0.03212442 0.0009610776
0.03212442 0.0009610776
0.03212442 0.0009610776
0.03212442 0.0009610776
0.03212442 0.0009610776
0.03212442 0.0009610776
0.03212442 0.0009610776
0.03212442 0.0009610776
0.03212442 0.0009610776
0.03212442 0.0009610776
0.03212442 0.0009610776
0.03212442 0.0009610776
0.03212442 0.0009610776
0.03212442 0.0009610776
0.03212442 0.0009610776
0.03212442 0.0009610776
0.03212442 0.0009610776
0.03212442 0.0009610776
0.03212442 0.0009610776
0.03212442 0.0009610776
0.03212442 0.0009610776
0.03212442 0.0009610776
0.03212442 0.0009610776
0.03212442 0.0009610776
0.03212442 0.0009610776
0.03212442 0.0009610776
0.03212442 0.0009610776
0.03212442 0.0009610776
0.03212442 0.0009610776
0.03212442 0.0009610776
0.03212442 0.0009610776
0.03212442 0.0009610776
0.03212442 0.0009610776
0.03212442 0.0009610776
0.03212442 0.0009610776
0.03212442 0.0009610776
0.03212442 0.0009610776
0.03212442 0.0009610776
0.03212442 0.0009610776
0.03212442 0.0009610776
0.03212442 0.0009610776
0.03212442 0.0009610776
0.03212442 0.0009610776
0.03212442 0.0009610776
0.03212442 0.0009610776
0.03212442 0.0009610776
0.03212442 0.0009610776
0.03212442 0.0009610776
0.03212442 0.0009610776
0.03212442 0.0009610776
0.03212442 0.0009610776
0.03212442 0.0009610776
0.03212442 0.0009610776
0.03212442 0.0009610776
0.03212442 0.0009610776
0.03212442 0.0009610776
0.03212442 0.0009610776
0.03212442 0.0009610776
0.03212442 0.0009610776
0.03212442 0.0009610776
0.03212442 0.0009610776
0.03212442 0.0009610776
0.03212442 0.0009610776
0.03212442 0.0009610776
0.03212442 0.0009610776
0.03212442 0.0009610776
0.03212442 0.0009610776
0.03212442 0.0009610776
0.03212442 0.0009610776
0.03212442 0.0009610776
0.03212442 0.0009610776
0.03212442 0.0009610776
0.03212442 0.0009610776
0.03212442 0.0009610776
0.03212442 0.0009610776
0.03212442 0.0009610776
0.03212442 0.0009610776
0.03212442 0.0009610776
0.03212442 0.0009610776
0.03212442 0.0009610776
0.03212442 0.0009610776
0.03212442 0.0009610776
0.03212442 0.0009610776
0.03212442 0.0009610776
0.03212442 0.0009610776
0.03212442 0.0009610776
0.03212442 0.0009610776
0.03212442 0.0009610776
0.03212442 0.0009610776
0.03212442 0.0009610776
0.03212442 0.0009610776
0.03212442 0.0009610776
0.03212442 0.0009610776
0.03212442 0.0009610776
0.03212442 0.0009610776
0.03212442 0.0009610776
0.03212442 0.0009610776
0.03212442 0.0009610776
0.03212442 0.0009610776
0.03212442 0.0009610776
0.03212442 0.0009610776
0.03212442 0.0009610776
0.03212442 0.0009610776
0.03212442 0.0009610776
0.03212442 0.0009610776
0.03212442 0.0009610776
0.03212442 0.0009610776
0.03212442 0.0009610776
0.03212442 0.0009610776
0.03212442 0.0009610776
0.03212442 0.0009610776
0.03212442 0.0009610776
0.03212442 0.0009610776
0.03212442 0.0009610776
0.03212442 0.0009610776
0.03212442 0.0009610776
0.03212442 0.0009610776
0.03212442 0.0009610776
0.03212442 0.0009610776
0.03212442 0.0009610776
0.03212442 0.0009610776
0.03212442 0.0009610776
0.03212442 0.0009610776
0.03212442 0.0009610776
0.03212442 0.0009610776
0.03212442 0.0009610776
0.03212442 0.0009610776
0.03212442 0.0009610776
0.03212442 0.0009610776
0.03212442 0.0009610776
0.03212442 0.0009610776
0.03212442 0.0009610776
0.03212442 0.0009610776
0.03212442 0.0009610776
0.03212442 0.0009610776
0.03212442 0.0009610776
0.03212442 0.0009610776
0.03212442 0.0009610776
0.03212442 0.0009610776
0.03212442 0.0009610776
0.03212442 0.0009610776
0.03212442 0.0009610776
0.03212442 0.0009610776
0.03212442 0.0009610776
0.03212442 0.0009610776
0.03212442 0.0009610776
0.03212442 0.0009610776
0.03212442 0.0009610776
0.03212442 0.0009610776
0.03212442 0.0009610776
0.03212442 0.0009610776
0.03212442 0.0009610776
0.03212442 0.0009610776
0.03212442 0.0009610776
0.03212442 0.0009610776
0.03212442 0.0009610776
0.03212442 0.0009610776
0.03212442 0.0009610776
0.03212442 0.0009610776
0.03212442 0.0009610776
0.03212442 0.0009610776
0.03212442 0.0009610776
0.03212442 0.0009610776
0.03212442 0.0009610776
0.03212442 0.0009610776
0.03212442 0.0009610776
0.03212442 0.0009610776
0.03212442 0.0009610776
0.03212442 0.0009610776
0.03212442 0.0009610776
0.03212442 0.0009610776
0.03212442 0.0009610776
0.03212442 0.0009610776
0.03212442 0.0009610776
0.03212442 0.0009610776
0.03212442 0.0009610776
0.03212442 0.0009610776
0.03212442 0.0009610776
0.03212442 0.0009610776
0.03212442 0.0009610776
0.03212442 0.0009610776
0.03212442 0.0009610776
0.03212442 0.0009610776
0.03212442 0.0009610776
0.03212442 0.0009610776
0.03212442 0.0009610776
0.03212442 0.0009610776
0.03212442 0.0009610776
0.03212442 0.0009610776
0.03212442 0.0009610776
0.03212442 0.0009610776
0.03212442 0.0009610776
0.03212442 0.0009610776
0.03212442 0.0009610776
0.03212442 0.0009610776
0.03212442 0.0009610776
0.03212442 0.0009610776
0.03212442 0.0009610776
0.03212442 0.0009610776
0.03212442 0.0009610776
0.03212442 0.0009610776
0.03212442 0.0009610776
0.03212442 0.0009610776
0.03212442 0.0009610776
0.03212442 0.0009610776
0.03212442 0.0009610776
0.03212442 0.0009610776
0.03212442 0.0009610776
0.03212442 0.0009610776
0.03212442 0.0009610776
0.03212442 0.0009610776
0.03212442 0.0009610776
0.03212442 0.0009610776
0.03212442 0.0009610776
0.03212442 0.0009610776
0.03212442 0.0009610776
0.03212442 0.0009610776
0.03212442 0.0009610776
0.03212442 0.0009610776
0.03212442 0.0009610776
0.03212442 0.0009610776
0.03212442 0.0009610776
0.03212442 0.0009610776
0.03212442 0.0009610776
0.03212442 0.0009610776
0.03212442 0.0009610776
0.03212442 0.0009610776
0.03212442 0.0009610776
0.03212442 0.0009610776
0.03212442 0.0009610776
0.03212442 0.0009610776
0.03212442 0.0009610776
0.03212442 0.0009610776
0.03212442 0.0009610776
0.03212442 0.0009610776
0.03212442 0.0009610776
0.03212442 0.0009610776
0.03212442 0.0009610776
0.03212442 0.0009610776
0.03212442 0.0009610776
0.03212442 0.0009610776
0.03212442 0.0009610776
0.03212442 0.0009610776
0.03212442 0.0009610776
0.03212442 0.0009610776
0.03212442 0.0009610776
0.03212442 0.0009610776
0.03212442 0.0009610776
0.03212442 0.0009610776
0.03212442 0.0009610776
0.03212442 0.0009610776
0.03212442 0.0009610776
0.03212442 0.0009610776
0.03212442 0.0009610776
0.03212442 0.0009610776
0.03212442 0.0009610776
0.03212442 0.0009610776
0.03212442 0.0009610776
0.03212442 0.0009610776
0.03212442 0.0009610776
0.03212442 0.0009610776
0.03212442 0.0009610776
0.03212442 0.0009610776
0.03212442 0.0009610776
0.03212442 0.0009610776
0.03212442 0.0009610776
0.03212442 0.0009610776
0.03212442 0.0009610776
0.03212442 0.0009610776
0.03212442 0.0009610776
0.03212442 0.0009610776
0.03212442 0.0009610776
0.03212442 0.0009610776
0.03212442 0.0009610776
0.03212442 0.0009610776
0.03212442 0.0009610776
0.03212442 0.0009610776
0.03212442 0.0009610776
0.03212442 0.0009610776
0.03212442 0.0009610776
0.03212442 0.0009610776
0.03212442 0.0009610776
0.03212442 0.0009610776
0.03212442 0.0009610776
0.03212442 0.0009610776
0.03212442 0.0009610776
0.03212442 0.0009610776
0.03212442 0.0009610776
0.03212442 0.0009610776
0.03212442 0.0009610776
0.03212442 0.0009610776
0.03212442 0.0009610776
0.03212442 0.0009610776
0.03212442 0.0009610776
0.03212442 0.0009610776
0.03212442 0.0009610776
0.03212442 0.0009610776
0.03212442 0.0009610776
0.03212442 0.0009610776
0.03212442 0.0009610776
0.03212442 0.0009610776
0.03212442 0.0009610776
0.08112583 0.002057741
0.08088045 0.002053545
0.07932591 0.0020270182
0.0783932 0.0020110914
0.0783932 0.0020110914
0.0783932 0.0020110914
0.07802233 0.0020047352
0.07725589 0.001991681
0.075857565 0.0019678695
0.075639695 0.001964081
0.07516701 0.0019559735
0.075057276 0.001954144
0.075057276 0.001954144
0.07489517 0.0019513702
0.07489517 0.0019513702
0.07489517 0.0019513702
0.07415806 0.0019386059
0.07393912 0.001935011
0.07252523 0.0019108362
0.06916383 0.0018530223
0.06905362 0.0018512028
0.038211014 0.0012404444
0.035061166 0.0010959345
0.035061166 0.0010959345
0.035061166 0.0010959345
0.035061166 0.0010959345
0.035061166 0.0010959345
0.035061166 0.0010959345
0.03499849 0.0010931415
0.034856662 0.0010865525
0.03485457 0.0010865366
0.03485457 0.0010865366
0.03485457 0.0010865366
0.034804493 0.0010842116
0.034803852 0.0010842006
0.034798328 0.0010838662
0.03478592 0.0010832964
0.034498826 0.0010701896
0.03426083 0.0010592815
0.034169987 0.0010549999
0.034086186 0.0010512548
0.03386699 0.0010411702
0.03386699 0.0010411702
0.033807516 0.0010384684
0.033722818 0.0010342491
0.03361935 0.0010298514
0.033617258 0.0010297118
0.033617258 0.0010297118
0.033617258 0.0010297118
0.033613462 0.0010294156
0.033606466 0.0010291766
0.033499077 0.0010242113
0.033494487 0.0010238813
0.033330932 0.0010166165
0.033269722 0.0010137944
0.033251878 0.0010129885
0.03322203 0.0010116162
0.03318442 0.0010098739
0.03318442 0.0010098739
0.03316976 0.0010089963
0.033149462 0.0010082377
0.033149462 0.0010082377
0.033126075 0.0010069937
0.033126075 0.0010069937
0.033093903 0.0010056988
0.03299481 0.0010011749
0.032832947 0.0009937547
0.032828238 0.000993492
0.0327252 0.000988791
0.032724224 0.0009883336
0.032683633 0.0009868864
0.032683633 0.0009868864
0.03255402 0.0009809036
0.03251653 0.0009790531
0.032467328 0.0009769244
0.032249298 0.00096680346
0.032249298 0.00096680346
0.03224739 0.000966716
0.032183055 0.0009638986
0.032129705 0.0009614444
0.032104015 0.00096026825
0.032003064 0.00095553615
0.031999603 0.0009552507
0.031928375 0.0009520927
0.031928375 0.0009520927
0.031928375 0.0009520927
0.031928375 0.0009520927
0.031928375 0.0009520927
0.031928375 0.0009520927
0.031928375 0.0009520927
0.031928375 0.0009520927
0.031928375 0.0009520927
0.031928375 0.0009520927
0.031928375 0.0009520927
0.031928375 0.0009520927
0.031928375 0.0009520927
0.031928375 0.0009520927
0.031924035 0.0009518938
0.031924035 0.0009518938
0.031924035 0.0009518938
0.031924035 0.0009518938
0.031924035 0.0009518938
0.031924035 0.0009518938
0.031924035 0.0009518938
0.031924035 0.0009518938
0.031924035 0.0009518938
0.031924035 0.0009518938
0.031924035 0.0009518938
0.031924035 0.0009518938
0.031924035 0.0009518938
0.031924035 0.0009518938
0.031924035 0.0009518938
0.031924035 0.0009518938
0.031924035 0.0009518938
0.031924035 0.0009518938
0.031924035 0.0009518938
0.03190524 0.0009510305
0.03176257 0.0009446116
0.031672284 0.00094035384
0.03145206 0.0009302675
0.03145206 0.0009302675
0.031419083 0.00092884427
0.03139329 0.0009276613
0.031373866 0.0009262837
0.031373866 0.0009262837
0.031310767 0.0009237777
0.031220896 0.00091968954
0.031143736 0.0009157056
0.031088337 0.0009136703
0.030957473 0.0009075127
0.030800749 0.00090027996
0.030782944 0.0008995481
0.030773379 0.00089914934
0.030773379 0.00089914934
0.030755633 0.0008983077
0.030755633 0.0008983077
0.03066225 0.00089394103
0.030656943 0.000893812
0.030583361 0.0008904391
0.030567989 0.00088977936
0.030555414 0.0008891581
0.030555414 0.0008891581
0.030539464 0.0008883214
0.030521726 0.0008875556
0.030521726 0.0008875556
0.030521726 0.0008875556
0.030521726 0.0008875556
0.030415526 0.0008826916
0.030415526 0.0008826916
0.03015557 0.00087082974
0.03015557 0.00087082974
0.03015557 0.00087082974
0.02922756 0.00082820305
0.0832314 0.0020939365
0.08323048 0.0020939228
0.057621863 0.0016807399
0.044804238 0.0014948482
0.04470865 0.0014906314
0.04465611 0.0014882784
0.044620648 0.001486766
0.04447016 0.0014795437
0.041682158 0.001392353
0.041111525 0.0013733485
0.041099366 0.0013731485
0.04109446 0.0013729203
0.041094378 0.0013728999
0.041091412 0.0013727506
0.041091062 0.001372733
0.04108617 0.0013724868
0.04108002 0.0013722152
0.04107815 0.0013721238
0.041077554 0.0013720529
0.04107641 0.0013719954
0.041063555 0.001371411
0.04106213 0.0013712768
0.04105849 0.0013710933
0.04105007 0.0013706696
0.041043732 0.0013703506
0.040999983 0.0013683065
0.04072402 0.001355805
0.040092807 0.0013266907
0.03907791 0.001279953
0.03892507 0.0012731834
0.038754612 0.0012651022
0.038688816 0.0012624467
0.038358103 0.0012472768
0.037957545 0.0012289177
0.037892535 0.001225906
0.0372559 0.0011965914
0.03709293 0.0011889162
0.03687875 0.0011790798
0.03661238 0.001167043
0.036603443 0.0011668099
0.03648166 0.0011609717
0.03632543 0.0011540479
0.036289267 0.001152065
0.0359075 0.0011347462
0.03580614 0.0011299853
0.035697553 0.0011251327
0.035539716 0.0011179644
0.035341825 0.0011088499
0.035208646 0.0011027401
0.035170287 0.00110103
0.03507791 0.0010967685
0.035064187 0.0010961608
0.0350417 0.0010951252
0.03498538 0.0010925509
0.034957353 0.0010909155
0.03490138 0.001088682
0.034733847 0.0010809955
0.034725748 0.0010803079
0.034589387 0.0010743352
0.03451005 0.0010706744
0.034498114 0.0010700126
0.03445926 0.0010684016
0.03443045 0.0010670736
0.03428369 0.0010603409
0.03422285 0.0010575346
0.034195933 0.0010561488
0.034190916 0.0010559548
0.03418801 0.0010559355
0.034187183 0.0010559261
0.034147248 0.0010540696
0.03406911 0.0010505021
0.03406683 0.0010503795
0.03398433 0.0010466066
0.033979077 0.0010463448
0.033873074 0.0010414643
0.03385775 0.0010407452
0.03369945 0.0010335399
0.033360593 0.0010175498
0.033204984 0.0010107998
0.033130962 0.0010073918
0.033110823 0.0010064706
0.033102598 0.0010061263
0.03289667 0.0009965912
0.03280467 0.0009922042
0.032646842 0.0009851317
0.032616813 0.0009837585
0.032493744 0.0009778503
0.03241655 0.0009745862
0.032410823 0.00097425684
0.032370985 0.0009725525
0.03234551 0.0009713912
0.032166243 0.0009630877
0.031967536 0.0009540384
0.031959966 0.00095362624
0.03182968 0.00094771397
0.03129022 0.0009229564
0.030967934 0.0009081119
0.030672252 0.0008942767
0.03051858 0.00088753557
0.030516291 0.00088739017
0.029963937 0.00086202385
0.029479904 0.0008398338
0.029037982 0.00081955723
0.029031882 0.00081929157
0.02903127 0.0008192675
0.02903126 0.0008192671
0.02903126 0.0008192671
0.029031236 0.00081926613
0.029030565 0.0008192398
0.029030189 0.0008192251
0.02903015 0.0008192235
0.02903015 0.0008192235
0.029029462 0.0008191965
0.029028904 0.0008191517
0.029028904 0.0008191517
0.0320898 0.00095961505
0.031814195 0.00094685477
0.031814195 0.00094685477
0.031814195 0.00094685477
0.031814195 0.00094685477
0.031814195 0.00094685477
0.031814195 0.00094685477
0.031814195 0.00094685477
0.031814195 0.00094685477
0.031814195 0.00094685477
0.031814195 0.00094685477
0.031814195 0.00094685477
0.031814195 0.00094685477
0.031814195 0.00094685477
0.031814195 0.00094685477
0.031814195 0.00094685477
0.031814195 0.00094685477
0.031814195 0.00094685477
0.031814195 0.00094685477
0.031814195 0.00094685477
0.031814195 0.00094685477
0.031814195 0.00094685477
0.031814195 0.00094685477
0.031814195 0.00094685477
0.031814195 0.00094685477
0.031814195 0.00094685477
0.031814195 0.00094685477
0.031814195 0.00094685477
0.031814195 0.00094685477
0.031814195 0.00094685477
0.031814195 0.00094685477
0.031814195 0.00094685477
0.031814195 0.00094685477
0.031814195 0.00094685477
0.031814195 0.00094685477
0.031814195 0.00094685477
0.031814195 0.00094685477
0.031814195 0.00094685477
0.031814195 0.00094685477
0.031814195 0.00094685477
0.031814195 0.00094685477
0.031814195 0.00094685477
0.031814195 0.00094685477
0.031814195 0.00094685477
0.031814195 0.00094685477
0.031814195 0.00094685477
0.031814195 0.00094685477
0.031814195 0.00094685477
0.031814195 0.00094685477
0.031814195 0.00094685477
0.031814195 0.00094685477
0.031814195 0.00094685477
0.031814195 0.00094685477
0.031814195 0.00094685477
0.031814195 0.00094685477
0.031814195 0.00094685477
0.031814195 0.00094685477
0.031814195 0.00094685477
0.031814195 0.00094685477
0.031814195 0.00094685477
0.031814195 0.00094685477
0.031814195 0.00094685477
0.031814195 0.00094685477
0.031814195 0.00094685477
0.031814195 0.00094685477
0.031814195 0.00094685477
0.031814195 0.00094685477
0.031814195 0.00094685477
0.031814195 0.00094685477
0.031814195 0.00094685477
0.031814195 0.00094685477
0.031814195 0.00094685477
0.031814195 0.00094685477
0.031814195 0.00094685477
0.031814195 0.00094685477
0.031814195 0.00094685477
0.031814195 0.00094685477
0.031814195 0.00094685477
0.031814195 0.00094685477
0.031814195 0.00094685477
0.031814195 0.00094685477
0.031814195 0.00094685477
0.031814195 0.00094685477
0.031814195 0.00094685477
0.031814195 0.00094685477
0.031814195 0.00094685477
0.031814195 0.00094685477
0.031814195 0.00094685477
0.031814195 0.00094685477
0.031814195 0.00094685477
0.031814195 0.00094685477
0.031814195 0.00094685477
0.031814195 0.00094685477
0.031814195 0.00094685477
0.031814195 0.00094685477
0.031814195 0.00094685477
0.031814195 0.00094685477
0.031814195 0.00094685477
0.031814195 0.00094685477
0.031814195 0.00094685477
0.031814195 0.00094685477
0.031814195 0.00094685477
0.031814195 0.00094685477
0.031814195 0.00094685477
0.031814195 0.00094685477
0.031814195 0.00094685477
0.031814195 0.00094685477
0.031814195 0.00094685477
0.031814195 0.00094685477
0.031814195 0.00094685477
0.031814195 0.00094685477
0.031814195 0.00094685477
0.031814195 0.00094685477
0.031814195 0.00094685477
0.031814195 0.00094685477
0.031814195 0.00094685477
0.031814195 0.00094685477
0.031814195 0.00094685477
0.031814195 0.00094685477
0.031814195 0.00094685477
0.031814195 0.00094685477
0.031814195 0.00094685477
0.031814195 0.00094685477
0.031814195 0.00094685477
0.031814195 0.00094685477
0.031814195 0.00094685477
0.031814195 0.00094685477
0.031814195 0.00094685477
0.031814195 0.00094685477
0.031814195 0.00094685477
0.031814195 0.00094685477
0.031814195 0.00094685477
0.031814195 0.00094685477
0.031814195 0.00094685477
0.031814195 0.00094685477
0.031814195 0.00094685477
0.031814195 0.00094685477
0.031814195 0.00094685477
0.031814195 0.00094685477
0.031814195 0.00094685477
0.031814195 0.00094685477
0.031814195 0.00094685477
0.031814195 0.00094685477
0.031814195 0.00094685477
0.031814195 0.00094685477
0.031814195 0.00094685477
0.031814195 0.00094685477
0.031814195 0.00094685477
0.031814195 0.00094685477
0.031814195 0.00094685477
0.031814195 0.00094685477
0.031814195 0.00094685477
0.031814195 0.00094685477
0.031814195 0.00094685477
0.031814195 0.00094685477
0.031814195 0.00094685477
0.031814195 0.00094685477
0.031814195 0.00094685477
0.031814195 0.00094685477
0.031814195 0.00094685477
0.031814195 0.00094685477
0.031814195 0.00094685477
0.031814195 0.00094685477
0.031814195 0.00094685477
0.031814195 0.00094685477
0.031814195 0.00094685477
0.031814195 0.00094685477
0.031814195 0.00094685477
0.031814195 0.00094685477
0.031814195 0.00094685477
0.031814195 0.00094685477
0.031814195 0.00094685477
0.031814195 0.00094685477
0.031814195 0.00094685477
0.031814195 0.00094685477
0.031814195 0.00094685477
0.031814195 0.00094685477
0.031814195 0.00094685477
0.031814195 0.00094685477
0.031814195 0.00094685477
0.031814195 0.00094685477
0.031814195 0.00094685477
0.031814195 0.00094685477
0.031814195 0.00094685477
0.031814195 0.00094685477
0.031814195 0.00094685477
0.031814195 0.00094685477
0.031814195 0.00094685477
0.031814195 0.00094685477
0.031814195 0.00094685477
0.031814195 0.00094685477
0.031814195 0.00094685477
0.031814195 0.00094685477
0.031814195 0.00094685477
0.031814195 0.00094685477
0.031814195 0.00094685477
0.031814195 0.00094685477
0.031814195 0.00094685477
0.031814195 0.00094685477
0.031814195 0.00094685477
0.031814195 0.00094685477
0.031814195 0.00094685477
0.031814195 0.00094685477
0.031814195 0.00094685477
0.031814195 0.00094685477
0.031814195 0.00094685477
0.031814195 0.00094685477
0.031814195 0.00094685477
0.031814195 0.00094685477
0.031814195 0.00094685477
0.031814195 0.00094685477
0.031814195 0.00094685477
0.031814195 0.00094685477
0.031814195 0.00094685477
0.031814195 0.00094685477
0.031814195 0.00094685477
0.031814195 0.00094685477
0.031814195 0.00094685477
0.031814195 0.00094685477
0.031814195 0.00094685477
0.031814195 0.00094685477
0.031814195 0.00094685477
0.031814195 0.00094685477
0.031814195 0.00094685477
0.031814195 0.00094685477
0.031814195 0.00094685477
0.031814195 0.00094685477
0.031814195 0.00094685477
0.031814195 0.00094685477
0.031814195 0.00094685477
0.031814195 0.00094685477
0.031814195 0.00094685477
0.031814195 0.00094685477
0.031814195 0.00094685477
0.031814195 0.00094685477
0.031814195 0.00094685477
0.031814195 0.00094685477
0.031814195 0.00094685477
0.031814195 0.00094685477
0.031814195 0.00094685477
0.031814195 0.00094685477
0.031814195 0.00094685477
0.031814195 0.00094685477
0.031814195 0.00094685477
0.031814195 0.00094685477
0.031814195 0.00094685477
0.031814195 0.00094685477
0.031814195 0.00094685477
0.031814195 0.00094685477
0.031814195 0.00094685477
0.031814195 0.00094685477
0.031814195 0.00094685477
0.031814195 0.00094685477
0.031814195 0.00094685477
0.031814195 0.00094685477
0.031814195 0.00094685477
0.031814195 0.00094685477
0.031814195 0.00094685477
0.031814195 0.00094685477
0.031814195 0.00094685477
0.031814195 0.00094685477
0.031814195 0.00094685477
0.031814195 0.00094685477
0.031814195 0.00094685477
0.031814195 0.00094685477
0.031814195 0.00094685477
0.031814195 0.00094685477
0.031814195 0.00094685477
0.031814195 0.00094685477
0.031814195 0.00094685477
0.031814195 0.00094685477
0.031814195 0.00094685477
0.031814195 0.00094685477
0.031814195 0.00094685477
0.031814195 0.00094685477
0.031814195 0.00094685477
0.031814195 0.00094685477
0.031814195 0.00094685477
0.031814195 0.00094685477
0.031814195 0.00094685477
0.031814195 0.00094685477
0.031814195 0.00094685477
0.031814195 0.00094685477
0.031814195 0.00094685477
0.031814195 0.00094685477
0.031814195 0.00094685477
0.031814195 0.00094685477
0.031814195 0.00094685477
0.031814195 0.00094685477
0.031814195 0.00094685477
0.031814195 0.00094685477
0.031814195 0.00094685477
0.031814195 0.00094685477
0.031814195 0.00094685477
0.031814195 0.00094685477
0.031814195 0.00094685477
0.031814195 0.00094685477
0.031814195 0.00094685477
0.031814195 0.00094685477
0.031814195 0.00094685477
0.031814195 0.00094685477
0.031814195 0.00094685477
0.031814195 0.00094685477
0.031814195 0.00094685477
0.031814195 0.00094685477
0.031814195 0.00094685477
0.031814195 0.00094685477
0.031814195 0.00094685477
0.031814195 0.00094685477
0.031814195 0.00094685477
0.031814195 0.00094685477
0.031814195 0.00094685477
0.031814195 0.00094685477
0.031814195 0.00094685477
0.031814195 0.00094685477
0.031814195 0.00094685477
0.031814195 0.00094685477
0.031814195 0.00094685477
0.031814195 0.00094685477
0.031814195 0.00094685477
0.031814195 0.00094685477
0.031814195 0.00094685477
0.031814195 0.00094685477
0.031814195 0.00094685477
0.031814195 0.00094685477
0.031814195 0.00094685477
0.031814195 0.00094685477
0.031814195 0.00094685477
0.031814195 0.00094685477
0.031814195 0.00094685477
0.031814195 0.00094685477
0.031814195 0.00094685477
0.031814195 0.00094685477
0.031814195 0.00094685477
0.031814195 0.00094685477
0.031814195 0.00094685477
0.031814195 0.00094685477
0.031814195 0.00094685477
0.031814195 0.00094685477
0.031814195 0.00094685477
0.031814195 0.00094685477
0.031814195 0.00094685477
0.031814195 0.00094685477
0.031814195 0.00094685477
0.031814195 0.00094685477
0.031814195 0.00094685477
0.031814195 0.00094685477
0.031814195 0.00094685477
0.031814195 0.00094685477
0.031814195 0.00094685477
0.031814195 0.00094685477
0.031814195 0.00094685477
0.031814195 0.00094685477
0.031814195 0.00094685477
0.031814195 0.00094685477
0.031814195 0.00094685477
0.031814195 0.00094685477
0.031814195 0.00094685477
0.031814195 0.00094685477
0.031814195 0.00094685477
0.031814195 0.00094685477
0.031814195 0.00094685477
0.031814195 0.00094685477
0.031814195 0.00094685477
0.031814195 0.00094685477
0.031814195 0.00094685477
0.031814195 0.00094685477
0.031814195 0.00094685477
0.031814195 0.00094685477
0.031814195 0.00094685477
0.031814195 0.00094685477
0.031814195 0.00094685477
0.031814195 0.00094685477
0.031814195 0.00094685477
0.031814195 0.00094685477
0.031814195 0.00094685477
0.031814195 0.00094685477
0.031814195 0.00094685477
0.031814195 0.00094685477
0.031814195 0.00094685477
0.031814195 0.00094685477
0.031814195 0.00094685477
0.031814195 0.00094685477
0.031814195 0.00094685477
0.031814195 0.00094685477
0.031814195 0.00094685477
0.031814195 0.00094685477
0.031814195 0.00094685477
0.031814195 0.00094685477
0.031814195 0.00094685477
0.031814195 0.00094685477
0.031814195 0.00094685477
0.031814195 0.00094685477
0.031814195 0.00094685477
0.031814195 0.00094685477
0.031814195 0.00094685477
0.031814195 0.00094685477
0.031814195 0.00094685477
0.031814195 0.00094685477
0.031814195 0.00094685477
0.031814195 0.00094685477
0.031814195 0.00094685477
0.031814195 0.00094685477
0.031814195 0.00094685477
0.031814195 0.00094685477
0.031814195 0.00094685477
0.031814195 0.00094685477
0.031814195 0.00094685477
0.031814195 0.00094685477
0.031814195 0.00094685477
0.031814195 0.00094685477
0.031814195 0.00094685477
0.031814195 0.00094685477
0.031814195 0.00094685477
0.031814195 0.00094685477
0.031814195 0.00094685477
0.031814195 0.00094685477
0.031814195 0.00094685477
0.031814195 0.00094685477
0.031814195 0.00094685477
0.031814195 0.00094685477
0.031814195 0.00094685477
0.031814195 0.00094685477
0.031814195 0.00094685477
0.031814195 0.00094685477
0.031814195 0.00094685477
0.031814195 0.00094685477
0.031814195 0.00094685477
0.031814195 0.00094685477
0.031814195 0.00094685477
0.031814195 0.00094685477
0.031814195 0.00094685477
0.031814195 0.00094685477
0.031814195 0.00094685477
0.031814195 0.00094685477
0.031814195 0.00094685477
0.031814195 0.00094685477
0.031814195 0.00094685477
0.031814195 0.00094685477
0.031814195 0.00094685477
0.031814195 0.00094685477
0.031814195 0.00094685477
0.031814195 0.00094685477
0.031814195 0.00094685477
0.031814195 0.00094685477
0.031814195 0.00094685477
0.031814195 0.00094685477
0.031814195 0.00094685477
0.031814195 0.00094685477
0.031814195 0.00094685477
0.031814195 0.00094685477
0.031814195 0.00094685477
0.031814195 0.00094685477
0.031814195 0.00094685477
0.031814195 0.00094685477
0.031814195 0.00094685477
0.031814195 0.00094685477
0.031814195 0.00094685477
0.031814195 0.00094685477
0.031814195 0.00094685477
0.031814195 0.00094685477
0.031814195 0.00094685477
0.031814195 0.00094685477
0.031814195 0.00094685477
0.031814195 0.00094685477
0.031814195 0.00094685477
0.031814195 0.00094685477
0.031814195 0.00094685477
0.031814195 0.00094685477
0.031814195 0.00094685477
0.031814195 0.00094685477
0.031814195 0.00094685477
0.031814195 0.00094685477
0.031814195 0.00094685477
0.031814195 0.00094685477
0.031814195 0.00094685477
0.031814195 0.00094685477
0.031814195 0.00094685477
0.031814195 0.00094685477
0.031814195 0.00094685477
0.031814195 0.00094685477
0.031814195 0.00094685477
0.031814195 0.00094685477
0.031814195 0.00094685477
0.031814195 0.00094685477
0.031814195 0.00094685477
0.031814195 0.00094685477
0.031814195 0.00094685477
0.031814195 0.00094685477
0.031814195 0.00094685477
0.031814195 0.00094685477
0.031814195 0.00094685477
0.031814195 0.00094685477
0.031814195 0.00094685477
0.031814195 0.00094685477
0.031814195 0.00094685477
0.031814195 0.00094685477
0.031814195 0.00094685477
0.031814195 0.00094685477
0.03180746 0.00094666163
0.08306088 0.0020902625
0.06681178 0.0018365443
0.044709843 0.0014910281
0.04470842 0.0014902088
0.04266689 0.0014235483
0.04266689 0.0014235483
0.04266689 0.0014235483
0.04260927 0.0014220258
0.042497016 0.0014180983
0.04221936 0.001408014
0.041020308 0.0013688972
0.040987406 0.0013672328
0.040921476 0.001364906
0.040830802 0.0013588325
0.039638583 0.0013053895
0.039272234 0.0012890322
0.039097104 0.0012802631
0.038889356 0.0012710508
0.0384387 0.0012509548
0.037707094 0.0012165055
0.037693862 0.001216366
0.03701475 0.0011854937
0.03677624 0.0011743223
0.03614774 0.0011458256
0.036062326 0.0011414838
0.036004107 0.0011392727
0.03595096 0.0011366919
0.035800625 0.0011299722
0.03562031 0.0011216606
0.035447348 0.0011135574
0.035281822 0.00110597
0.035158783 0.0011002895
0.034731153 0.0010807755
0.03410552 0.001052119
0.03313947 0.0010077544
0.031627912 0.0009384027
0.029548204 0.0008428703
0.08195965 0.0020724614
0.08156156 0.0020655903
0.081517026 0.0020648323
0.08142806 0.002063318
0.08015941 0.0020417233
0.077704266 0.0020017477
0.0767531 0.0019851476
0.07554152 0.001963119
0.07438773 0.001944559
0.07426541 0.0019407653
0.06933378 0.0018753031
0.0665512 0.0018313917
0.060243778 0.001732681
0.044676743 0.0014899974
0.043225322 0.001440245
0.042891007 0.0014310039
0.042824816 0.0014273096
0.042683553 0.0014240489
0.042541366 0.0014198855
0.042427406 0.0014156743
0.04228047 0.0014110754
0.04227406 0.0014085243
0.04213928 0.0014052361
0.04163752 0.0013899058
0.041636057 0.0013881271
0.041602343 0.0013879312
0.04151353 0.0013853435
0.041456096 0.0013826829
0.04133305 0.0013801816
0.041311443 0.0013774541
0.04125976 0.0013772785
0.04124636 0.0013768862
0.041210365 0.0013765555
0.041208614 0.0013765037
0.03902004 0.0012775107
0.035189774 0.0011010793
0.035189774 0.0011010793
0.035189774 0.0011010793
0.035189774 0.0011010793
0.035189774 0.0011010793
0.035189774 0.0011010793
0.035130333 0.0010991638
0.035056815 0.0010957603
0.035024814 0.0010943209
0.035024814 0.0010943209
0.034981295 0.0010922925
0.034897186 0.0010884652
0.034844346 0.0010860359
0.034839302 0.0010858048
0.034830607 0.0010853825
0.034784228 0.0010832809
0.034713533 0.0010800449
0.034670506 0.0010780592
0.034599338 0.0010747935
0.034591526 0.0010744384
0.03443819 0.0010673902
0.03442973 0.001066998
0.034405127 0.0010658076
0.034399435 0.0010656248
0.03431201 0.001061599
0.033898048 0.0010425318
0.033657197 0.0010315647
0.033516865 0.0010251062
0.033317745 0.0010150337
0.033228517 0.0010118198
0.03313708 0.0010076569
0.03305709 0.0010039614
0.032956075 0.0009993062
0.032847207 0.000994355
0.03227972 0.0009680388
0.03211178 0.00096061593
0.031713687 0.00094091386
0.031686053 0.00094085495
0.03157518 0.0009354563
0.031476192 0.00093141734
0.031230563 0.00092014304
0.031106513 0.00091421773
0.031075846 0.0009126549
0.031024018 0.0009103381
0.030914353 0.0009042249
0.030914353 0.0009042249
0.030812982 0.00090065174
0.030801576 0.0009004423
0.030787796 0.0008998092
0.030754423 0.00089819584
0.03075065 0.00089811237
0.030748954 0.00089772796
0.030598251 0.0008910487
0.030454751 0.0008845208
0.030396488 0.0008816331
0.03037963 0.0008808634
0.030318206 0.00087805855
0.03027096 0.00087590114
0.030267825 0.0008745378
0.030222273 0.00087367784
0.030209558 0.0008730973
0.030058388 0.0008663246
0.030034373 0.00086509774
0.030008465 0.00086391467
0.02995586 0.0008615126
0.029942159 0.00086100254
0.029942159 0.00086100254
0.029942159 0.00086100254
0.029900067 0.00085896486
0.029893657 0.0008587816
0.029869793 0.0008576889
0.029869793 0.0008576889
0.029851329 0.0008567393
0.02983755 0.0008562125
0.029777672 0.00085347076
0.029758679 0.000852601
0.029747806 0.0008520122
0.029736739 0.0008515068
0.029721826 0.0008508258
0.029718114 0.00085045805
0.029718114 0.00085045805
0.029701227 0.00084993785
0.029698292 0.00084983587
0.029683746 0.0008490869
0.029657459 0.0008478866
0.029657459 0.0008478866
0.029609492 0.00084569625
0.029594367 0.0008450056
0.029589806 0.00084479735
0.02957373 0.0008440632
0.029559225 0.00084340083
0.029520052 0.00084161205
0.029520052 0.00084161205
0.029520052 0.00084161205
0.029520052 0.00084161205
0.029520052 0.00084161205
0.029520052 0.00084161205
0.029520052 0.00084161205
0.029494697 0.0008404543
0.029491698 0.00084031734
0.029491698 0.00084031734
0.029491698 0.00084031734
0.029491698 0.00084031734
0.029491698 0.00084031734
0.029491698 0.00084031734
0.029491698 0.00084031734
0.029491698 0.00084031734
0.029491698 0.00084031734
0.029491698 0.00084031734
0.029483946 0.0008399634
0.029347721 0.000833651
0.029325048 0.0008326865
0.029325048 0.0008326865
0.081659436 0.0020690577
0.079758264 0.0020336048
0.07971192 0.0020327987
0.07843271 0.0020174626
0.07751357 0.0019945644
0.07039525 0.0018901526
0.06926014 0.0018711181
0.066611305 0.0018331789
0.06434588 0.0017974856
0.0634719 0.001780335
0.04803153 0.0015446407
0.041390102 0.00138184
0.04013028 0.0013276133
0.039973065 0.0013199825
0.034349818 0.0010630094
0.03337245 0.0010177647
0.032550473 0.0009799502
0.032550473 0.0009799502
0.032550473 0.0009799502
0.032550473 0.0009799502
0.032550473 0.0009799502
0.032550473 0.0009799502
0.032550473 0.0009799502
0.032550473 0.0009799502
0.032550473 0.0009799502
0.032550473 0.0009799502
0.032550473 0.0009799502
0.032550473 0.0009799502
0.032550473 0.0009799502
0.032550473 0.0009799502
0.032550473 0.0009799502
0.032550473 0.0009799502
0.032550473 0.0009799502
0.032550473 0.0009799502
0.031212542 0.0009188714
0.03119993 0.0009182956
0.03119993 0.0009182956
0.03119993 0.0009182956
0.03114854 0.00091594964
0.031038584 0.0009109299
0.031038584 0.0009109299
0.030448765 0.00088281045
0.030448765 0.00088281045
0.030370165 0.00087928824
0.030365445 0.00087907666
0.030363016 0.00087896787
0.030270867 0.00087483844
0.030270867 0.00087483844
0.030270867 0.00087483844
0.030029418 0.0008640186
0.030029418 0.0008640186
0.030029418 0.0008640186
0.030029418 0.0008640186
0.030029418 0.0008640186
0.030029418 0.0008640186
0.030029418 0.0008640186
0.030029418 0.0008640186
0.030029418 0.0008640186
0.030029418 0.0008640186
0.030029418 0.0008640186
0.030029418 0.0008640186
0.02983558 0.00085533224
0.029677115 0.00084823114
0.029675579 0.0008481623
0.029675579 0.0008481623
0.029675579 0.0008481623
0.029675579 0.0008481623
0.029675048 0.0008481384
0.029675048 0.0008481384
0.029675048 0.0008481384
0.029675048 0.0008481384
0.029675048 0.0008481384
0.029675048 0.0008481384
0.029675048 0.0008481384
0.029675048 0.0008481384
0.029675048 0.0008481384
0.029654533 0.00084721914
0.029654533 0.00084721914
0.029654533 0.00084721914
0.029654533 0.00084721914
0.029623192 0.0008458147
0.029623192 0.0008458147
0.02947949 0.0008393751
0.029458275 0.0008384244
0.08307905 0.0020905554
0.04482217 0.0014957174
0.04482217 0.0014957174
0.04482217 0.0014957174
0.04482124 0.0014956762
0.029032346 0.00081929663
0.029032318 0.00081929564
0.02903222 0.000819292
0.02903222 0.000819292
0.02903055 0.00081923086
0.029030483 0.00081922836
0.029030483 0.00081922836
0.029030483 0.00081922836
0.029030483 0.00081922836
0.029030481 0.0008192283
0.029029813 0.00081920385
0.029029813 0.00081920385
0.029029813 0.00081920385
0.029029813 0.00081920385
0.029029813 0.00081920385
0.029029813 0.00081920385
0.029029813 0.00081920385
0.029029813 0.00081920385
0.029029813 0.00081920385
0.029029813 0.00081920385
0.029029813 0.00081920385
0.029029813 0.00081920385
0.029029813 0.00081920385
0.029029813 0.00081920385
0.029029813 0.00081920385
0.029029813 0.00081920385
0.029029813 0.00081920385
0.029029813 0.00081920385
0.029029813 0.00081920385
0.029029813 0.00081920385
0.029029813 0.00081920385
0.029029813 0.00081920385
0.029029813 0.00081920385
0.029029813 0.00081920385
0.029029813 0.00081920385
0.029029813 0.00081920385
0.029029813 0.00081920385
0.029029813 0.00081920385
0.029029813 0.00081920385
0.029029813 0.00081920385
0.029029813 0.00081920385
0.029029813 0.00081920385
0.029029386 0.0008191882
0.029029386 0.0008191882
0.029029371 0.0008191876
0.029029282 0.00081918435
0.029029254 0.00081918336
0.035035066 0.0010948103
0.035035066 0.0010948103
0.034999713 0.0010931425
0.034959834 0.0010913518
0.034935944 0.0010902615
0.034825083 0.0010851497
0.03471572 0.0010801603
0.034700986 0.0010794837
0.034651652 0.0010771875
0.034610227 0.0010752805
0.034569692 0.001073412
0.034552976 0.0010726653
0.034552976 0.0010726653
0.034459185 0.0010683603
0.034400042 0.0010656392
0.034230016 0.0010578291
0.034081567 0.0010509719
0.03400375 0.0010474448
0.033196624 0.0010104274
0.03310871 0.0010062773
0.03310871 0.0010062773
0.03310871 0.0010062773
0.03310871 0.0010062773
0.03310871 0.0010062773
0.03310871 0.0010062773
0.03310871 0.0010062773
0.03310871 0.0010062773
0.03310871 0.0010062773
0.03310871 0.0010062773
0.03310871 0.0010062773
0.03310871 0.0010062773
0.03310871 0.0010062773
0.03310871 0.0010062773
0.03310871 0.0010062773
0.03310871 0.0010062773
0.03310871 0.0010062773
0.03310871 0.0010062773
0.03310871 0.0010062773
0.03310871 0.0010062773
0.03310871 0.0010062773
0.03310871 0.0010062773
0.03310871 0.0010062773
0.03310871 0.0010062773
0.03310871 0.0010062773
0.03310871 0.0010062773
0.03310871 0.0010062773
0.03310871 0.0010062773
0.03310871 0.0010062773
0.03310871 0.0010062773
0.03310871 0.0010062773
0.03310871 0.0010062773
0.03310871 0.0010062773
0.03310871 0.0010062773
0.03310871 0.0010062773
0.03310871 0.0010062773
0.03310871 0.0010062773
0.03310871 0.0010062773
0.03310871 0.0010062773
0.03310871 0.0010062773
0.03310871 0.0010062773
0.03310871 0.0010062773
0.03310871 0.0010062773
0.03310871 0.0010062773
0.03310871 0.0010062773
0.03310871 0.0010062773
0.03310871 0.0010062773
0.03310871 0.0010062773
0.03310871 0.0010062773
0.03310871 0.0010062773
0.03310871 0.0010062773
0.03310871 0.0010062773
0.03310871 0.0010062773
0.03310871 0.0010062773
0.03310871 0.0010062773
0.03310871 0.0010062773
0.03310871 0.0010062773
0.03310871 0.0010062773
0.03310871 0.0010062773
0.03310871 0.0010062773
0.03310871 0.0010062773
0.03310871 0.0010062773
0.03310871 0.0010062773
0.03310871 0.0010062773
0.03310871 0.0010062773
0.03310871 0.0010062773
0.03310871 0.0010062773
0.03310871 0.0010062773
0.03310871 0.0010062773
0.03310871 0.0010062773
0.03310871 0.0010062773
0.03310871 0.0010062773
0.03310871 0.0010062773
0.03310871 0.0010062773
0.03310871 0.0010062773
0.03310871 0.0010062773
0.03310871 0.0010062773
0.03310871 0.0010062773
0.03310871 0.0010062773
0.03310871 0.0010062773
0.03310871 0.0010062773
0.03310871 0.0010062773
0.03310871 0.0010062773
0.03310871 0.0010062773
0.03310871 0.0010062773
0.03310871 0.0010062773
0.03310871 0.0010062773
0.03310871 0.0010062773
0.03310871 0.0010062773
0.03310871 0.0010062773
0.03310871 0.0010062773
0.03310871 0.0010062773
0.03310871 0.0010062773
0.03310871 0.0010062773
0.03310871 0.0010062773
0.03310871 0.0010062773
0.03310871 0.0010062773
0.03310871 0.0010062773
0.03310871 0.0010062773
0.03310871 0.0010062773
0.03310871 0.0010062773
0.03310871 0.0010062773
0.03310871 0.0010062773
0.03310871 0.0010062773
0.03310871 0.0010062773
0.03310871 0.0010062773
0.03310871 0.0010062773
0.03310871 0.0010062773
0.03310871 0.0010062773
0.03310871 0.0010062773
0.03310871 0.0010062773
0.03310871 0.0010062773
0.03310871 0.0010062773
0.03310871 0.0010062773
0.03310871 0.0010062773
0.03310871 0.0010062773
0.03310871 0.0010062773
0.03310871 0.0010062773
0.03310871 0.0010062773
0.03310871 0.0010062773
0.03310871 0.0010062773
0.03310871 0.0010062773
0.03310871 0.0010062773
0.03310871 0.0010062773
0.03310871 0.0010062773
0.03310871 0.0010062773
0.03310871 0.0010062773
0.03310871 0.0010062773
0.03310871 0.0010062773
0.03310871 0.0010062773
0.03310871 0.0010062773
0.03310871 0.0010062773
0.03310871 0.0010062773
0.03310871 0.0010062773
0.03310871 0.0010062773
0.03310871 0.0010062773
0.03310871 0.0010062773
0.03310871 0.0010062773
0.03310871 0.0010062773
0.03310871 0.0010062773
0.03310871 0.0010062773
0.03310871 0.0010062773
0.03310871 0.0010062773
0.03310871 0.0010062773
0.03310871 0.0010062773
0.03310871 0.0010062773
0.03310871 0.0010062773
0.03310871 0.0010062773
0.03310871 0.0010062773
0.03310871 0.0010062773
0.03310871 0.0010062773
0.03310871 0.0010062773
0.03310871 0.0010062773
0.03310871 0.0010062773
0.03310871 0.0010062773
0.03310871 0.0010062773
0.03310871 0.0010062773
0.03310871 0.0010062773
0.03310871 0.0010062773
0.03310871 0.0010062773
0.03310871 0.0010062773
0.03310871 0.0010062773
0.03310871 0.0010062773
0.03310871 0.0010062773
0.03310871 0.0010062773
0.03310871 0.0010062773
0.03310871 0.0010062773
0.03310871 0.0010062773
0.03310871 0.0010062773
0.03310871 0.0010062773
0.03310871 0.0010062773
0.03310871 0.0010062773
0.03310871 0.0010062773
0.03310871 0.0010062773
0.03310871 0.0010062773
0.03310871 0.0010062773
0.03310871 0.0010062773
0.03310871 0.0010062773
0.03310871 0.0010062773
0.03310871 0.0010062773
0.03310871 0.0010062773
0.03310871 0.0010062773
0.03310871 0.0010062773
0.03310871 0.0010062773
0.03310871 0.0010062773
0.03310871 0.0010062773
0.03310871 0.0010062773
0.03310871 0.0010062773
0.03310871 0.0010062773
0.03310871 0.0010062773
0.03310871 0.0010062773
0.03310871 0.0010062773
0.03310871 0.0010062773
0.03310871 0.0010062773
0.03310871 0.0010062773
0.03310871 0.0010062773
0.03310871 0.0010062773
0.03310871 0.0010062773
0.03310871 0.0010062773
0.03310871 0.0010062773
0.03310871 0.0010062773
0.03310871 0.0010062773
0.03310871 0.0010062773
0.03310871 0.0010062773
0.03310871 0.0010062773
0.03310871 0.0010062773
0.03310871 0.0010062773
0.03310871 0.0010062773
0.03310871 0.0010062773
0.03310871 0.0010062773
0.03310871 0.0010062773
0.03310871 0.0010062773
0.03310871 0.0010062773
0.03310871 0.0010062773
0.03310871 0.0010062773
0.03310871 0.0010062773
0.03310871 0.0010062773
0.03310871 0.0010062773
0.03310871 0.0010062773
0.03310871 0.0010062773
0.03310871 0.0010062773
0.03310871 0.0010062773
0.03310871 0.0010062773
0.03310871 0.0010062773
0.03310871 0.0010062773
0.03310871 0.0010062773
0.03310871 0.0010062773
0.03310871 0.0010062773
0.03310871 0.0010062773
0.03310871 0.0010062773
0.03310871 0.0010062773
0.03310871 0.0010062773
0.03310871 0.0010062773
0.03310871 0.0010062773
0.03310871 0.0010062773
0.03310871 0.0010062773
0.03310871 0.0010062773
0.03310871 0.0010062773
0.03310871 0.0010062773
0.03310871 0.0010062773
0.03310871 0.0010062773
0.03310871 0.0010062773
0.03310871 0.0010062773
0.03310871 0.0010062773
0.03310871 0.0010062773
0.03310871 0.0010062773
0.03310871 0.0010062773
0.03310871 0.0010062773
0.03310871 0.0010062773
0.03310871 0.0010062773
0.03310871 0.0010062773
0.03310871 0.0010062773
0.03310871 0.0010062773
0.03310871 0.0010062773
0.03310871 0.0010062773
0.03310871 0.0010062773
0.03310871 0.0010062773
0.03310871 0.0010062773
0.03310871 0.0010062773
0.03310871 0.0010062773
0.03310871 0.0010062773
0.03310871 0.0010062773
0.03310871 0.0010062773
0.03310871 0.0010062773
0.03310871 0.0010062773
0.03310871 0.0010062773
0.03310871 0.0010062773
0.03310871 0.0010062773
0.03310871 0.0010062773
0.03310871 0.0010062773
0.03310871 0.0010062773
0.03310871 0.0010062773
0.03310871 0.0010062773
0.03310871 0.0010062773
0.03310871 0.0010062773
0.03310871 0.0010062773
0.03310871 0.0010062773
0.03310871 0.0010062773
0.03310871 0.0010062773
0.03310871 0.0010062773
0.03310871 0.0010062773
0.03310871 0.0010062773
0.03310871 0.0010062773
0.03310871 0.0010062773
0.03310871 0.0010062773
0.03310871 0.0010062773
0.03310871 0.0010062773
0.03310871 0.0010062773
0.03310871 0.0010062773
0.03310871 0.0010062773
0.03310871 0.0010062773
0.03310871 0.0010062773
0.03310871 0.0010062773
0.03310871 0.0010062773
0.03310871 0.0010062773
0.03310871 0.0010062773
0.03310871 0.0010062773
0.03310871 0.0010062773
0.03310871 0.0010062773
0.03310871 0.0010062773
0.03310871 0.0010062773
0.03310871 0.0010062773
0.03310871 0.0010062773
0.03310871 0.0010062773
0.03310871 0.0010062773
0.03310871 0.0010062773
0.03310871 0.0010062773
0.03310871 0.0010062773
0.03310871 0.0010062773
0.03310871 0.0010062773
0.03310871 0.0010062773
0.03310871 0.0010062773
0.03310871 0.0010062773
0.03310871 0.0010062773
0.03310871 0.0010062773
0.03310871 0.0010062773
0.03310871 0.0010062773
0.03310871 0.0010062773
0.03310871 0.0010062773
0.03310871 0.0010062773
0.03310871 0.0010062773
0.03310871 0.0010062773
0.03310871 0.0010062773
0.03310871 0.0010062773
0.03310871 0.0010062773
0.03310871 0.0010062773
0.03310871 0.0010062773
0.03310871 0.0010062773
0.03310871 0.0010062773
0.03310871 0.0010062773
0.03310871 0.0010062773
0.03310871 0.0010062773
0.03310871 0.0010062773
0.03310871 0.0010062773
0.03310871 0.0010062773
0.03310871 0.0010062773
0.03310871 0.0010062773
0.03310871 0.0010062773
0.03310871 0.0010062773
0.03310871 0.0010062773
0.03310871 0.0010062773
0.03310871 0.0010062773
0.03310871 0.0010062773
0.03310871 0.0010062773
0.03310871 0.0010062773
0.03310871 0.0010062773
0.03310871 0.0010062773
0.03310871 0.0010062773
0.03310871 0.0010062773
0.03310871 0.0010062773
0.03310871 0.0010062773
0.03310871 0.0010062773
0.03310871 0.0010062773
0.03310871 0.0010062773
0.03310871 0.0010062773
0.03310871 0.0010062773
0.03310871 0.0010062773
0.03310871 0.0010062773
0.03310871 0.0010062773
0.03310871 0.0010062773
0.03310871 0.0010062773
0.03310871 0.0010062773
0.03310871 0.0010062773
0.03310871 0.0010062773
0.03310871 0.0010062773
0.03310871 0.0010062773
0.03310871 0.0010062773
0.03310871 0.0010062773
0.03310871 0.0010062773
0.03310871 0.0010062773
0.03310871 0.0010062773
0.03310871 0.0010062773
0.03310871 0.0010062773
0.03310871 0.0010062773
0.03310871 0.0010062773
0.03310871 0.0010062773
0.03310871 0.0010062773
0.03310871 0.0010062773
0.03310871 0.0010062773
0.03310871 0.0010062773
0.03310871 0.0010062773
0.03310871 0.0010062773
0.03310871 0.0010062773
0.03310871 0.0010062773
0.03310871 0.0010062773
0.03310871 0.0010062773
0.03310871 0.0010062773
0.03310871 0.0010062773
0.03310871 0.0010062773
0.03310871 0.0010062773
0.03310871 0.0010062773
0.03310871 0.0010062773
0.03310871 0.0010062773
0.03291161 0.0009973097
0.03291161 0.0009973097
0.03291161 0.0009973097
0.03291161 0.0009973097
0.03291161 0.0009973097
0.03291161 0.0009973097
0.03291161 0.0009973097
0.03291161 0.0009973097
0.03291161 0.0009973097
0.03291161 0.0009973097
0.03291161 0.0009973097
0.03291161 0.0009973097
0.03291161 0.0009973097
0.03291161 0.0009973097
0.03291161 0.0009973097
0.03291161 0.0009973097
0.03291161 0.0009973097
0.03291161 0.0009973097
0.03291161 0.0009973097
0.03291161 0.0009973097
0.03291161 0.0009973097
0.03291161 0.0009973097
0.03291161 0.0009973097
0.032772586 0.0009904945
0.032772586 0.0009904945
0.03112634 0.00091528846
0.029888215 0.00085823843
0.029321402 0.0008321714
0.029299919 0.00083121745
0.029272096 0.00082998193
0.029253269 0.00082914584
0.029182218 0.0008259908
0.029135996 0.00082393823
0.029132895 0.0008238005
0.029132895 0.0008238005
0.029126845 0.00082353194
0.029119866 0.0008231579
0.029109845 0.0008227769
0.029089333 0.00082186615
0.02907562 0.0008212572
0.08313732 0.0020922
0.083124526 0.002091693
0.08311535 0.0020913281
0.08306562 0.002090436
0.08305212 0.002090148
0.08301832 0.0020899305
0.08298183 0.002088648
0.08259104 0.0020809276
0.08257488 0.0020805981
0.08254881 0.002079347
0.08242342 0.002078584
0.08238406 0.002077833
0.08235826 0.0020753418
0.08230166 0.0020744624
0.082240224 0.0020726256
0.049599532 0.0015697707
0.04479427 0.0014946848
0.044730213 0.0014916623
0.04472035 0.0014914945
0.04402711 0.0014671484
0.04245118 0.0014162455
0.042360194 0.0014132962
0.04166125 0.00139118
0.04102883 0.0013697447
0.040785503 0.0013579546
0.037786905 0.0012208333
0.037777632 0.0012202248
0.03654097 0.0011637864
0.036419995 0.0011583638
0.03641241 0.0011580379
0.03572661 0.0011265395
0.035370428 0.0011101355
0.034996316 0.0010930226
0.034981534 0.0010923514
0.03492025 0.0010893974
0.034730893 0.0010804893
0.034397922 0.0010653514
0.033491094 0.0010238173
0.033491094 0.0010238173
0.033491094 0.0010238173
0.03346377 0.0010226932
0.03345636 0.0010222866
0.033456173 0.0010214718
0.03340331 0.0010191515
0.03318239 0.0010091773
0.032930795 0.0009980303
0.032930795 0.0009980303
0.032930795 0.0009980303
0.03259793 0.0009824838
0.032568775 0.0009810872
0.032281376 0.00096841
0.031532254 0.00093341677
0.03151196 0.00093254045
0.03133351 0.0009243477
0.03133351 0.0009243477
0.03133351 0.0009243477
0.0311622 0.0009163993
0.03064179 0.000893173
0.030167816 0.00087084784
0.030094074 0.0008680016
0.02954566 0.0008428299
0.029419925 0.0008363573
0.02941654 0.0008361965
0.029318644 0.00083211664
0.029102895 0.0008224859
0.029076425 0.0008213044
0.082979515 0.0020885814
0.08287833 0.0020882704
0.044776924 0.0014938578
0.044776775 0.0014938517
0.044748593 0.0014926887
0.044742096 0.0014924203
0.044519417 0.001485007
0.044196077 0.0014742393
0.04084025 0.0013601717
0.03453051 0.001071541
0.034096375 0.0010516216
0.0338534 0.0010405136
0.033712868 0.0010339005
0.03341802 0.0010198306
0.03293345 0.0009983027
0.032378267 0.00097283407
0.032257248 0.00096723525
0.031824023 0.0009473459
0.03090524 0.0009038723
0.030665668 0.0008940709
0.02925373 0.0008291511
0.02925373 0.0008291511
0.02925373 0.0008291511
0.02925373 0.0008291511
0.02925373 0.0008291511
0.02925373 0.0008291511
0.08043706 0.0020504259
0.06134628 0.001753118
0.054963708 0.0016536003
0.052954745 0.0016216557
0.047103815 0.001531255
0.035667658 0.0011236164
0.03484344 0.0010860289
0.034355912 0.0010635437
0.03259942 0.0009826242
0.031993795 0.00095477776
0.031075882 0.00091288466
0.031075882 0.00091288466
0.031075882 0.00091288466
0.031075882 0.00091288466
0.030998714 0.0009093523
0.030998714 0.0009093523
0.04481186 0.0014952713
0.044799667 0.0014947419
0.044756003 0.0014927145
0.04467474 0.001489031
0.043716438 0.0014588981
0.043410253 0.0014491992
0.043358862 0.0014469813
0.04327987 0.0014447242
0.041934658 0.0014006561
0.041179355 0.0013751582
0.03744106 0.0012048109
0.03494938 0.0010907816
0.03488711 0.001087974
0.034849532 0.0010861417
0.03484106 0.001085875
0.03484106 0.001085875
0.034840997 0.001085805
0.034791343 0.0010835858
0.03476726 0.0010825007
0.034765918 0.0010824221
0.034765918 0.0010824221
0.034627665 0.0010760503
0.034619063 0.0010756836
0.034565262 0.0010731934
0.0345519 0.0010726086
0.03452029 0.0010711458
0.034508273 0.0010705618
0.034506597 0.0010704958
0.034506597 0.0010704958
0.03448742 0.001069676
0.034451026 0.0010679249
0.034451026 0.0010679249
0.034451026 0.0010679249
0.034451026 0.0010679249
0.03442879 0.0010669525
0.034424227 0.0010666383
0.0344119 0.0010660674
0.0344119 0.0010660674
0.0344119 0.0010660674
0.034387376 0.0010650585
0.034335267 0.0010626401
0.034294788 0.0010607934
0.034244686 0.0010585065
0.034237858 0.001058208
0.03413627 0.0010535211
0.034127314 0.0010531126
0.034031127 0.0010486657
0.033997126 0.0010471046
0.03399561 0.0010470815
0.03399561 0.0010470815
0.03391687 0.0010434643
0.033877462 0.0010415612
0.033877462 0.0010415612
0.033877462 0.0010415612
0.033877462 0.0010415612
0.033877462 0.0010415612
0.03385098 0.0010404249
0.03380412 0.0010382435
0.033750765 0.001035773
0.03375055 0.0010357444
0.033283547 0.0010144159
0.03326572 0.0010135199
0.033251267 0.0010128918
0.03316323 0.0010088107
0.033127353 0.0010071733
0.032999437 0.0010013169
0.03296921 0.0009999118
0.032861438 0.0009950023
0.032820243 0.0009930725
0.032734495 0.0009891727
0.032703705 0.0009877724
0.03265601 0.0009855698
0.032632787 0.0009844672
0.032577775 0.0009820255
0.032520525 0.0009793608
0.03246615 0.0009768301
0.032433663 0.0009753295
0.032354668 0.0009717772
0.032353997 0.00097166654
0.032255236 0.0009671335
0.032138072 0.00096174754
0.032087345 0.00095939846
0.0320442 0.00095729553
0.031912208 0.0009515006
0.031884413 0.0009499467
0.031853225 0.0009485645
0.031803057 0.00094641984
0.031460457 0.00093073235
0.031442173 0.0009296352
0.031166662 0.00091698125
0.030843025 0.0009023302
0.030706419 0.00089603185
0.030562645 0.0008893511
0.030542832 0.0008884952
0.029947229 0.0008612034
0.029945763 0.0008610251
0.029938368 0.0008608061
0.02978297 0.00085362885
0.029677646 0.00084879197
0.029677646 0.00084879197
0.029525232 0.0008417619
0.029489323 0.00084019726
0.02913117 0.00082354294
0.029125167 0.0008232868
0.029124368 0.0008232527
0.029124368 0.0008232527
0.029112905 0.00082292303
0.02910669 0.00082269835
0.02910669 0.00082269835
0.02910669 0.00082269835
0.029047282 0.0008200186
0.0832267 0.0020938257
0.08320587 0.0020936127
0.08312261 0.0020913733
0.07147558 0.0019108201
0.05918106 0.0017190938
0.05882022 0.0017137707
0.045834042 0.0015114385
0.045262817 0.0015024343
0.044818774 0.0014955711
0.043666743 0.0014572223
0.04110254 0.0013732342
0.041065037 0.0013715845
0.040510464 0.0013461367
0.04022218 0.0013317724
0.040135216 0.0013286886
0.040051814 0.0013249164
0.039924964 0.0013188968
0.03982253 0.0013143636
0.03976749 0.0013119583
0.039749157 0.0013110247
0.0396983 0.0013086976
0.039459508 0.0012977327
0.039131273 0.0012826369
0.038824417 0.001265702
0.038715594 0.0012636079
0.038596 0.0012581346
0.03813976 0.0012369966
0.03786172 0.0012242361
0.037580717 0.001211528
0.03755965 0.0012104538
0.03734694 0.0012006658
0.037225842 0.0011950223
0.03716897 0.0011926645
0.037084144 0.001188643
0.037058257 0.0011869929
0.036931403 0.0011817276
0.03664178 0.0011684177
0.036340263 0.0011546591
0.036146965 0.0011456426
0.03611889 0.0011440426
0.035911147 0.0011349854
0.03585542 0.0011319706
0.035797603 0.0011298389
0.0357768 0.001128722
0.03577434 0.0011286368
0.03571701 0.0011259492
0.03557381 0.0011194793
0.035538357 0.0011179356
0.035340775 0.0011076232
0.0353033 0.0011068372
0.035263088 0.0011052351
0.03523433 0.0011038744
0.035041727 0.0010951504
0.0350218 0.0010942318
0.034940783 0.0010903105
0.034878273 0.0010876466
0.03467643 0.0010782188
0.034459848 0.0010684441
0.03444308 0.001067615
0.034329887 0.0010624768
0.03421742 0.0010573147
0.03390612 0.0010429453
0.033798527 0.001037989
0.033295415 0.0010149989
0.03178793 0.0009456824
0.0317539 0.00094424817
0.031283326 0.00092229666
0.030370692 0.0008807588
0.029261574 0.00082960696
0.02923898 0.0008285842
0.029238619 0.00082856807
0.029219279 0.0008277121
0.029137267 0.00082403794
0.02910807 0.0008227299
0.029087147 0.0008217925
0.02908335 0.0008216314
0.029067347 0.0008208715
0.029059036 0.0008205316
0.029056292 0.00082041026
0.029044405 0.00081987685
0.029044105 0.0008198642
0.029042274 0.00081978465
0.029040681 0.0008197109
0.02903957 0.000819627
0.029038167 0.00081956846
0.029036954 0.00081954343
0.029036585 0.00081952737
0.029035032 0.00081945746
0.029033363 0.0008193827
0.02903326 0.0008193784
0.02903302 0.0008193685
0.029031282 0.0008192896
0.029027734 0.0008190716
0.029027734 0.0008190716
0.029027734 0.0008190716
0.07668807 0.0019813597
0.06382474 0.0017913089
0.06277323 0.0017751526
0.059967116 0.0017258072
0.05827744 0.0017050256
0.05480038 0.0016507539
0.053244516 0.0016262188
0.053032193 0.0016229065
0.053032193 0.0016229065
0.05130811 0.00159601
0.050367277 0.0015817852
0.049875483 0.0015740494
0.04918268 0.001563416
0.04286973 0.0014308722
0.042156868 0.0014076266
0.083176546 0.002093052
0.08317525 0.0020930145
0.08280094 0.0020865381
0.04482001 0.0014956362
0.04481247 0.0014953247
0.044782326 0.0014943057
0.044779666 0.0014939696
0.04474136 0.0014922605
0.04473778 0.001492072
0.04473313 0.0014920474
0.044121094 0.0014726473
0.04378891 0.001461707
0.04309816 0.0014378884
0.042966638 0.0014346525
0.041161813 0.0013743843
0.04111636 0.0013737337
0.04111636 0.0013737337
0.04108065 0.0013722499
0.041077793 0.0013721108
0.041072503 0.0013718534
0.040931378 0.0013653636
0.035214227 0.0011030474
0.03506814 0.0010962974
0.035049114 0.001095464
0.03504848 0.0010954369
0.03503997 0.0010950642
0.035039913 0.0010949394
0.035039913 0.0010949394
0.035015874 0.0010939431
0.035007156 0.0010935409
0.034988165 0.0010926754
0.034988165 0.0010926754
0.034988105 0.0010926679
0.034984786 0.0010925203
0.034971483 0.0010918624
0.034969296 0.0010918053
0.034969296 0.0010918053
0.03496679 0.0010916858
0.03492292 0.0010896735
0.03492292 0.0010896735
0.03492292 0.0010896735
0.03492292 0.0010896735
0.03489724 0.0010884774
0.034881957 0.0010877934
0.034875177 0.0010874864
0.034864485 0.0010869891
0.034860384 0.0010867985
0.034859333 0.0010866201
0.034823205 0.0010850965
0.03482312 0.001085086
0.03482312 0.001085086
0.034822106 0.0010850534
0.03481721 0.0010848236
0.03481584 0.0010846658
0.034789443 0.0010835492
0.034779467 0.0010830646
0.03477457 0.0010828595
0.034773834 0.0010828492
0.034754187 0.0010819288
0.03474665 0.0010815542
0.034689985 0.0010790006
0.03468746 0.0010788635
0.034684 0.0010787077
0.034665994 0.0010778792
0.034665275 0.0010778646
0.034655172 0.0010773628
0.034655172 0.0010773628
0.034646235 0.001076976
0.03464433 0.0010768245
0.034639593 0.0010766959
0.03463381 0.0010764105
0.03463381 0.0010764105
0.03462226 0.0010758789
0.03461697 0.0010756187
0.034615263 0.0010755496
0.03454444 0.00107228
0.03451279 0.0010708375
0.03446212 0.0010685284
0.03445514 0.0010682021
0.03443028 0.0010670673
0.03440646 0.0010659645
0.034379788 0.0010647379
0.034372613 0.0010644387
0.034371797 0.001064378
0.034338642 0.0010627747
0.03432626 0.0010622871
0.03429583 0.001060887
0.03429583 0.001060887
0.03428166 0.0010602496
0.034273684 0.0010598707
0.034251533 0.0010588623
0.034242235 0.0010584198
0.034225628 0.001057688
0.034214266 0.0010571234
0.034166735 0.0010548995
0.03416522 0.0010548953
0.034142964 0.0010538809
0.034132566 0.0010534001
0.03411175 0.0010524155
0.034100175 0.001051913
0.034071505 0.0010505953
0.034028105 0.0010485777
0.03401548 0.0010480012
0.034003776 0.0010474662
0.033989336 0.0010468188
0.03397553 0.0010461754
0.033971608 0.0010459606
0.033957813 0.0010453691
0.033943612 0.0010447162
0.033935152 0.0010443643
0.03392024 0.0010435316
0.03388255 0.0010419183
0.033873588 0.0010415184
0.033870008 0.0010413744
0.033838995 0.0010398665
0.033821996 0.0010391275
0.033808403 0.0010384785
0.033808403 0.0010384785
0.033808403 0.0010384785
0.033746768 0.0010356968
0.033739217 0.0010353543
0.03370541 0.001033703
0.03368684 0.0010329504
0.033686016 0.0010328972
0.0336736 0.0010323047
0.03366916 0.0010321218
0.033634137 0.0010305146
0.033630706 0.0010300509
0.033582024 0.0010281254
0.033566974 0.001027433
0.033542197 0.0010262728
0.033540297 0.0010262085
0.03353991 0.001025966
0.03353178 0.0010258306
0.033484604 0.0010236597
0.033483967 0.0010235684
0.033431202 0.0010212074
0.033424396 0.0010205992
0.033384755 0.0010190227
0.033344556 0.0010171956
0.033330113 0.001016546
0.033321224 0.0010161634
0.033273637 0.0010139766
0.033219732 0.0010115252
0.033158842 0.0010086986
0.033154644 0.0010085002
0.033120636 0.0010069521
0.032993678 0.0010011282
0.032979544 0.0010004741
0.032957733 0.0009994556
0.032942537 0.0009986855
0.03290905 0.0009972323
0.032860324 0.0009949971
0.032796577 0.0009920769
0.032773066 0.0009909949
0.032762263 0.0009904768
0.032675784 0.0009865253
0.03252807 0.0009797359
0.032525565 0.0009795224
0.032517884 0.0009792845
0.032481685 0.0009776499
0.032466494 0.0009768937
0.032460745 0.0009765977
0.032447867 0.0009760679
0.032413706 0.0009745041
0.032393295 0.00097354874
0.032384854 0.0009730943
0.032328233 0.00097057666
0.03232595 0.00097022176
0.03228303 0.0009685107
0.032240923 0.000966557
0.032170575 0.00096334034
0.032158844 0.00096283655
0.0319644 0.0009537999
0.0319492 0.0009531613
0.03190787 0.00095125596
0.03188619 0.0009503215
0.031839754 0.0009480749
0.03176537 0.0009447376
0.031751696 0.0009441118
0.03167418 0.00094041886
0.031660523 0.0009398564
0.031644434 0.00093915407
0.031608842 0.0009375223
0.03160714 0.0009374799
0.031592976 0.0009367273
0.03157737 0.0009360794
0.031558618 0.00093526253
0.031547394 0.0009347339
0.03153486 0.0009341677
0.031389646 0.0009273948
0.03126226 0.00092163606
0.031240344 0.00092058926
0.03118039 0.0009178934
0.031179683 0.0009178504
0.031061273 0.00091241684
0.031008715 0.0009099952
0.03100293 0.0009097411
0.030853495 0.00090285053
0.030853495 0.00090285053
0.030853495 0.00090285053
0.030853495 0.00090285053
0.030853404 0.0009028186
0.030850802 0.0009027533
0.030826 0.0009016254
0.030819122 0.00090123713
0.030706886 0.0008961279
0.030691823 0.0008954644
0.030681875 0.0008949987
0.030615553 0.0008919655
0.0305264 0.0008878705
0.03029714 0.0008773521
0.03022249 0.0008739162
0.030187616 0.000872323
0.030119045 0.00086918846
0.030098598 0.00086822273
0.030064357 0.0008667077
0.030036256 0.00086538447
0.029818488 0.0008551829
0.029792443 0.0008541782
0.029694106 0.00084967114
0.029603405 0.0008455053
0.029549269 0.00084303826
0.029413156 0.00083580473
0.029391238 0.0008357649
0.029385723 0.0008346179
0.029361406 0.00083432236
0.029318376 0.0008317043
0.029315531 0.0008315812
0.029300407 0.0008315707
0.029295579 0.000830718
0.029284297 0.0008302299
0.02928264 0.0008301583
0.029246353 0.0008285883
0.029246353 0.0008285883
0.029246306 0.00082858634
0.029237607 0.00082821003
0.029237607 0.00082821003
0.029227227 0.00082776096
0.02921466 0.00082746544
0.029210452 0.0008273932
0.029203443 0.00082707475
0.029198444 0.0008268606
0.029197617 0.00082681683
0.029196339 0.00082642457
0.029186422 0.0008263925
0.029176291 0.0008258174
0.029176118 0.0008257355
0.029168881 0.0008256059
0.029168664 0.00082546327
0.029161017 0.0008251992
0.029151948 0.00082482916
0.02914602 0.00082448823
0.02913856 0.000824215
0.029131828 0.0008236336
0.029131738 0.0008236297
0.029129542 0.0008235348
0.029126603 0.0008234076
0.029125718 0.00082336937
0.029125491 0.0008233595
0.02912243 0.0008232271
0.029121405 0.00082318275
0.02912104 0.0008231669
0.029119369 0.0008230946
0.029119369 0.0008230946
0.029112771 0.00082280923
0.029112771 0.00082280923
0.0291054 0.0008226617
0.029102992 0.0008225623
0.029101076 0.0008224826
0.029098673 0.0008223854
0.029097104 0.0008222015
0.029094918 0.0008222012
0.029094374 0.0008221882
0.029091666 0.0008220526
0.029085357 0.00082173664
0.029082777 0.00082161184
0.0290819 0.00082160975
0.02908112 0.0008214399
0.029078092 0.0008214324
0.02907542 0.0008211933
0.02907509 0.000821179
0.02907182 0.000821134
0.02907182 0.000821134
0.029071763 0.00082111964
0.029071717 0.000821033
0.029071137 0.000821008
0.02907016 0.00082100125
0.029069884 0.0008209538
0.029069154 0.0008209222
0.02906896 0.0008209138
0.029068869 0.0008209099
0.029068869 0.0008209099
0.029068535 0.0008208955
0.029068332 0.0008208867
0.02906806 0.00082087494
0.029067235 0.0008208392
0.029065326 0.00082082005
0.029065259 0.00082075375
0.029064888 0.0008207376
0.029063845 0.0008207338
0.029062185 0.0008207116
0.02906109 0.0008206614
0.029060915 0.00082065334
0.029060915 0.00082065334
0.029060788 0.0008206417
0.029059168 0.0008205732
0.029058985 0.0008204823
0.029056998 0.00082047033
0.029056158 0.00082036
0.029054312 0.0008203505
0.029054312 0.0008203505
0.02905392 0.0008203325
0.029053684 0.000820295
0.029052632 0.0008202734
0.0290526 0.000820249
0.029052455 0.0008201997
0.029052285 0.0008201924
0.029052239 0.00082019035
0.029052207 0.000820189
0.029051844 0.0008201733
0.02905174 0.0008201689
0.029051632 0.00082016416
0.02905134 0.00082015153
0.029051267 0.0008201483
0.029050976 0.00082013576
0.029050449 0.000820113
0.0290504 0.0008201109
0.029050384 0.00082011014
0.029050136 0.0008200994
0.02904981 0.00082008535
0.02904981 0.00082008535
0.029049765 0.00082008337
0.02904973 0.00082008186
0.029048141 0.00082006736
0.029047327 0.0008200278
0.029047327 0.0008200278
0.029047327 0.0008200278
0.02904668 0.00082000036
0.02904668 0.00082000036
0.02904668 0.00082000036
0.029046223 0.00081993017
0.029046208 0.00081992947
0.029046208 0.00081992947
0.029046208 0.00081992947
0.029046208 0.00081992947
0.029046208 0.00081992947
0.029046208 0.00081992947
0.029046208 0.00081992947
0.029046208 0.00081992947
0.029046208 0.00081992947
0.02904555 0.000819901
0.029045396 0.0008198943
0.029045396 0.0008198943
0.029045396 0.0008198943
0.029045317 0.000819891
0.029045211 0.0008198864
0.02904516 0.0008198842
0.02904516 0.0008198842
0.02904516 0.0008198842
0.02904501 0.0008198776
0.02904501 0.0008198776
0.029043725 0.00081986416
0.029043542 0.0008198412
0.029042877 0.0008198259
0.029042093 0.00081975147
0.029041976 0.0008197464
0.029041976 0.0008197464
0.029041762 0.00081973715
0.029041696 0.00081973436
0.029041696 0.00081973436
0.029041601 0.0008197302
0.029041601 0.0008197302
0.029041601 0.0008197302
0.029039873 0.00081966957
0.029038781 0.0008196082
0.08319112 0.002093294
0.08313716 0.0020916974
0.062328905 0.0017681886
0.05782764 0.0016981284
0.045046378 0.0014980441
0.04499179 0.0014976447
0.044942748 0.0014971148
0.044925496 0.0014970021
0.04488684 0.0014965107
0.044817254 0.0014954518
0.04481614 0.0014953957
0.044804644 0.0014949081
0.044759594 0.0014927305
0.044670526 0.001488493
0.044651486 0.0014875875
0.04109906 0.0013730866
0.041098952 0.0013730803
0.040616702 0.0013505525
0.039322317 0.0012914024
0.03921848 0.0012867188
0.03867457 0.0012606647
0.038062036 0.001233586
0.037611574 0.0012130495
0.035973355 0.001137813
0.035899725 0.0011344525
0.035594773 0.0011196372
0.035537746 0.0011178608
0.035401504 0.0011116189
0.035109982 0.0010982334
0.035031155 0.0010946174
0.03452526 0.0010713766
0.034511495 0.0010707043
0.034476623 0.0010689542
0.033773154 0.0010367007
0.033562716 0.0010270538
0.033511333 0.0010248596
0.033497423 0.0010241746
0.03295314 0.0009992067
0.031524587 0.00093326584
0.029344462 0.00083341444
0.029036066 0.0008194776
0.029036066 0.0008194776
0.029036066 0.0008194776
0.029036066 0.0008194776
0.082281396 0.0020741632
0.07785718 0.0020032607
0.072651945 0.0019280617
0.06402985 0.0017932948
0.055557292 0.0016612922
0.05272683 0.0016097552
0.044658653 0.0014884915
0.042624105 0.0014223077
0.04253061 0.0014188106
0.041033432 0.0013699683
0.040723354 0.0013549476
0.03969756 0.0013077874
0.037046902 0.0011860484
0.03623136 0.0011491902
0.031133909 0.00091536454
0.08301433 0.0020896902
0.068379834 0.0018461847
0.043499213 0.0014521683
0.040999826 0.0013682373
0.04049718 0.001345302
0.040060863 0.0013253416
0.039699644 0.0013087403
0.039597485 0.0013029977
0.039213233 0.0012865402
0.03920556 0.0012850842
0.03852466 0.0012547896
0.038281776 0.0012437499
0.037374057 0.0012019936
0.03735097 0.0012010098
0.037277278 0.0011976591
0.03711061 0.0011899526
0.03690961 0.0011807827
0.036555104 0.0011645426
0.036312077 0.0011534314
0.036050647 0.001141429
0.036031984 0.0011405722
0.0358632 0.0011327928
0.035844855 0.0011319143
0.035516597 0.0011168537
0.03551485 0.001116794
0.035391297 0.0011110817
0.035239812 0.0011041795
0.0350769 0.0010967316
0.034695193 0.0010790427
0.03454836 0.001072464
0.032882623 0.0009952263
0.032625474 0.0009841911
0.032220032 0.00096529134
0.03205793 0.00095734023
0.030551376 0.0008888442
0.082685806 0.0020852636
0.053948466 0.0016374245
0.044473205 0.0014834208
0.044396766 0.0014774043
0.044379253 0.0014766704
0.044109736 0.001468776
0.043928344 0.0014631947
0.04386828 0.001462166
0.04374135 0.0014591655
0.04327517 0.0014426729
0.043200288 0.0014393826
0.043190517 0.0014388211
0.03303283 0.0010020643
0.029517468 0.00084047084
0.029517468 0.00084047084
0.029388895 0.00083464204
0.029280737 0.0008301551
0.08322042 0.0020936988
0.08322042 0.0020936988
0.044821337 0.0014956775
0.044813666 0.0014953509
0.04479248 0.0014944325
0.04479248 0.0014944325
0.044790395 0.0014943421
0.04438521 0.0014769016
0.041087653 0.0013726265
0.041052107 0.0013709682
0.038199842 0.0012400876
0.03413125 0.0010533194
0.03352627 0.0010255622
0.033071678 0.001004688
0.033071678 0.001004688
0.029032368 0.0008193433
0.02903074 0.00081925263
0.029028855 0.0008191431
0.029028855 0.0008191431
0.029028721 0.00081914046
0.029028721 0.00081914046
0.029028721 0.00081914046
0.029028721 0.00081914046
0.029028721 0.00081914046
0.029028721 0.00081914046
0.029028721 0.00081914046
0.029028721 0.00081914046
0.029028721 0.00081914046
0.029028721 0.00081914046
0.029028721 0.00081914046
0.029028721 0.00081914046
0.029028721 0.00081914046
0.029028721 0.00081914046
0.029028721 0.00081914046
0.029028721 0.00081914046
0.029028721 0.00081914046
0.029028721 0.00081914046
0.029028721 0.00081914046
0.029028721 0.00081914046
0.029028721 0.00081914046
0.029028721 0.00081914046
0.029028721 0.00081914046
0.029028721 0.00081914046
0.029028721 0.00081914046
0.029028721 0.00081914046
0.029028721 0.00081914046
0.029028721 0.00081914046
0.029028721 0.00081914046
0.029028721 0.00081914046
0.029028721 0.00081914046
0.029028721 0.00081914046
0.029028721 0.00081914046
0.029028721 0.00081914046
0.029028721 0.00081914046
0.029028721 0.00081914046
0.029028721 0.00081914046
0.029028721 0.00081914046
0.029028721 0.00081914046
0.029028721 0.00081914046
0.029028721 0.00081914046
0.029028721 0.00081914046
0.029028721 0.00081914046
0.029028721 0.00081914046
0.029028721 0.00081914046
0.029028721 0.00081914046
0.029028721 0.00081914046
0.029028721 0.00081914046
0.029028721 0.00081914046
0.029028721 0.00081914046
0.029028721 0.00081914046
0.029028721 0.00081914046
0.029028721 0.00081914046
0.029028721 0.00081914046
0.029028721 0.00081914046
0.029028721 0.00081914046
0.029028721 0.00081914046
0.029028721 0.00081914046
0.029028721 0.00081914046
0.029028721 0.00081914046
0.029028721 0.00081914046
0.029028721 0.00081914046
0.029028721 0.00081914046
0.029028721 0.00081914046
0.029028721 0.00081914046
0.029028721 0.00081914046
0.029028721 0.00081914046
0.029028721 0.00081914046
0.029028721 0.00081914046
0.029028721 0.00081914046
0.029028721 0.00081914046
0.029028721 0.00081914046
0.029028721 0.00081914046
0.029028721 0.00081914046
0.029028721 0.00081914046
0.029028721 0.00081914046
0.029028721 0.00081914046
0.029028721 0.00081914046
0.029028721 0.00081914046
0.029028721 0.00081914046
0.029028721 0.00081914046
0.029028721 0.00081914046
0.029028721 0.00081914046
0.029028721 0.00081914046
0.029028721 0.00081914046
0.029028721 0.00081914046
0.029028721 0.00081914046
0.029028721 0.00081914046
0.029028721 0.00081914046
0.029028721 0.00081914046
0.029028721 0.00081914046
0.029028721 0.00081914046
0.029028721 0.00081914046
0.029028721 0.00081914046
0.029028721 0.00081914046
0.029028721 0.00081914046
0.029028721 0.00081914046
0.029028721 0.00081914046
0.029028721 0.00081914046
0.029028721 0.00081914046
0.029028721 0.00081914046
0.029028721 0.00081914046
0.029028721 0.00081914046
0.029028721 0.00081914046
0.029028721 0.00081914046
0.029028721 0.00081914046
0.029028721 0.00081914046
0.029028721 0.00081914046
0.029028721 0.00081914046
0.029028721 0.00081914046
0.029028721 0.00081914046
0.029028721 0.00081914046
0.029028721 0.00081914046
0.029028721 0.00081914046
0.029028721 0.00081914046
0.029028721 0.00081914046
0.029028721 0.00081914046
0.029028721 0.00081914046
0.029028721 0.00081914046
0.029028721 0.00081914046
0.029028721 0.00081914046
0.029028721 0.00081914046
0.029028721 0.00081914046
0.029028721 0.00081914046
0.029028721 0.00081914046
0.029028721 0.00081914046
0.029028721 0.00081914046
0.029028721 0.00081914046
0.029028721 0.00081914046
0.029028721 0.00081914046
0.029028721 0.00081914046
0.029028721 0.00081914046
0.029028721 0.00081914046
0.029028721 0.00081914046
0.029028721 0.00081914046
0.029028721 0.00081914046
0.029028721 0.00081914046
0.029028721 0.00081914046
0.029028721 0.00081914046
0.029028721 0.00081914046
0.029028721 0.00081914046
0.029028721 0.00081914046
0.029028721 0.00081914046
0.029028721 0.00081914046
0.029028721 0.00081914046
0.029028721 0.00081914046
0.029028721 0.00081914046
0.029028721 0.00081914046
0.029028721 0.00081914046
0.029028721 0.00081914046
0.029028721 0.00081914046
0.029028721 0.00081914046
0.029028721 0.00081914046
0.029028721 0.00081914046
0.029028721 0.00081914046
0.029028721 0.00081914046
0.029028721 0.00081914046
0.029028721 0.00081914046
0.029028721 0.00081914046
0.029028721 0.00081914046
0.029028721 0.00081914046
0.029028721 0.00081914046
0.029028721 0.00081914046
0.029028721 0.00081914046
0.029028721 0.00081914046
0.029028721 0.00081914046
0.029028721 0.00081914046
0.029028721 0.00081914046
0.029028721 0.00081914046
0.029028721 0.00081914046
0.029028721 0.00081914046
0.029028721 0.00081914046
0.029028721 0.00081914046
0.029028721 0.00081914046
0.029028721 0.00081914046
0.029028721 0.00081914046
0.029028721 0.00081914046
0.029028721 0.00081914046
0.029028721 0.00081914046
0.029028721 0.00081914046
0.029028721 0.00081914046
0.029028721 0.00081914046
0.029028721 0.00081914046
0.029028721 0.00081914046
0.029028721 0.00081914046
0.029028721 0.00081914046
0.029028721 0.00081914046
0.029028721 0.00081914046
0.029028721 0.00081914046
0.029028721 0.00081914046
0.029028721 0.00081914046
0.029028721 0.00081914046
0.029028721 0.00081914046
0.029028721 0.00081914046
0.029028721 0.00081914046
0.029028721 0.00081914046
0.029028721 0.00081914046
0.029028721 0.00081914046
0.029028721 0.00081914046
0.029028721 0.00081914046
0.029028721 0.00081914046
0.029028721 0.00081914046
0.029028721 0.00081914046
0.029028721 0.00081914046
0.029028721 0.00081914046
0.029028721 0.00081914046
0.029028721 0.00081914046
0.029028721 0.00081914046
0.029028721 0.00081914046
0.029028721 0.00081914046
0.029028721 0.00081914046
0.029028721 0.00081914046
0.029028721 0.00081914046
0.029028721 0.00081914046
0.029028721 0.00081914046
0.029028721 0.00081914046
0.029028721 0.00081914046
0.029028721 0.00081914046
0.029028721 0.00081914046
0.029028721 0.00081914046
0.029028721 0.00081914046
0.029028721 0.00081914046
0.029028721 0.00081914046
0.029028721 0.00081914046
0.029028721 0.00081914046
0.029028721 0.00081914046
0.029028721 0.00081914046
0.029028721 0.00081914046
0.029028721 0.00081914046
0.029028721 0.00081914046
0.029028721 0.00081914046
0.029028721 0.00081914046
0.029028721 0.00081914046
0.029028721 0.00081914046
0.029028721 0.00081914046
0.029028721 0.00081914046
0.029028721 0.00081914046
0.029028721 0.00081914046
0.029028721 0.00081914046
0.029028721 0.00081914046
0.029028721 0.00081914046
0.029028721 0.00081914046
0.029028721 0.00081914046
0.029028721 0.00081914046
0.029028721 0.00081914046
0.029028721 0.00081914046
0.029028721 0.00081914046
0.029028721 0.00081914046
0.029028721 0.00081914046
0.029028721 0.00081914046
0.029028721 0.00081914046
0.029028721 0.00081914046
0.029028721 0.00081914046
0.029028721 0.00081914046
0.029028721 0.00081914046
0.029028721 0.00081914046
0.029028721 0.00081914046
0.029028721 0.00081914046
0.029028721 0.00081914046
0.029028721 0.00081914046
0.029028721 0.00081914046
0.029028721 0.00081914046
0.029028721 0.00081914046
0.029028721 0.00081914046
0.029028721 0.00081914046
0.029028721 0.00081914046
0.029028721 0.00081914046
0.029028721 0.00081914046
0.029028721 0.00081914046
0.029028721 0.00081914046
0.029028721 0.00081914046
0.029028721 0.00081914046
0.029028721 0.00081914046
0.029028721 0.00081914046
0.029028721 0.00081914046
0.029028721 0.00081914046
0.029028721 0.00081914046
0.029028721 0.00081914046
0.029028721 0.00081914046
0.029028721 0.00081914046
0.029028721 0.00081914046
0.029028721 0.00081914046
0.029028721 0.00081914046
0.029028721 0.00081914046
0.029028721 0.00081914046
0.029028721 0.00081914046
0.029028721 0.00081914046
0.029028721 0.00081914046
0.029028721 0.00081914046
0.029028721 0.00081914046
0.029028721 0.00081914046
0.029028721 0.00081914046
0.029028721 0.00081914046
0.029028721 0.00081914046
0.029028721 0.00081914046
0.029028721 0.00081914046
0.029028721 0.00081914046
0.029028721 0.00081914046
0.029028721 0.00081914046
0.029028721 0.00081914046
0.029028721 0.00081914046
0.029028721 0.00081914046
0.029028721 0.00081914046
0.029028721 0.00081914046
0.029028721 0.00081914046
0.029028721 0.00081914046
0.029028721 0.00081914046
0.029028721 0.00081914046
0.029028721 0.00081914046
0.029028721 0.00081914046
0.029028721 0.00081914046
0.029028721 0.00081914046
0.029028721 0.00081914046
0.029028721 0.00081914046
0.029028721 0.00081914046
0.029028721 0.00081914046
0.029028721 0.00081914046
0.029028721 0.00081914046
0.029028721 0.00081914046
0.029028721 0.00081914046
0.029028721 0.00081914046
0.029028721 0.00081914046
0.029028721 0.00081914046
0.029028721 0.00081914046
0.029028721 0.00081914046
0.029028721 0.00081914046
0.029028721 0.00081914046
0.029028721 0.00081914046
0.029028721 0.00081914046
0.029028721 0.00081914046
0.029028721 0.00081914046
0.029028721 0.00081914046
0.029028721 0.00081914046
0.029028721 0.00081914046
0.029028721 0.00081914046
0.029028721 0.00081914046
0.029028721 0.00081914046
0.029028721 0.00081914046
0.029028721 0.00081914046
0.029028721 0.00081914046
0.029028721 0.00081914046
0.029028721 0.00081914046
0.029028721 0.00081914046
0.029028721 0.00081914046
0.029028721 0.00081914046
0.029028721 0.00081914046
0.029028721 0.00081914046
0.029028721 0.00081914046
0.029028721 0.00081914046
0.029028721 0.00081914046
0.029028721 0.00081914046
0.029028721 0.00081914046
0.029028721 0.00081914046
0.029028721 0.00081914046
0.029028721 0.00081914046
0.029028721 0.00081914046
0.029028721 0.00081914046
0.029028721 0.00081914046
0.029028721 0.00081914046
0.029028721 0.00081914046
0.029028721 0.00081914046
0.029028721 0.00081914046
0.029028721 0.00081914046
0.029028721 0.00081914046
0.029028721 0.00081914046
0.029028721 0.00081914046
0.029028721 0.00081914046
0.029028721 0.00081914046
0.029028721 0.00081914046
0.029028721 0.00081914046
0.029028721 0.00081914046
0.029028721 0.00081914046
0.029028721 0.00081914046
0.029028721 0.00081914046
0.08316993 0.002092517
0.08316693 0.0020925014
0.08266209 0.002081069
0.08193209 0.0020705701
0.06705652 0.0018417872
0.065652244 0.0018157142
0.042777695 0.0014268176
0.042351026 0.0014128115
0.042130973 0.0014009074
0.041857492 0.0013978981
0.041738845 0.001394051
0.041097943 0.0013730708
0.041097842 0.0013730656
0.04109682 0.0013730129
0.041095864 0.0013729637
0.041095242 0.0013729315
0.041092955 0.0013728137
0.041089643 0.0013726432
0.041087538 0.0013725348
0.041082613 0.001372281
0.041058432 0.0013710355
0.041008204 0.0013687322
0.041007917 0.0013684336
0.041005827 0.0013683259
0.040964037 0.001366921
0.040951006 0.0013660577
0.040920354 0.0013649021
0.04090719 0.0013640539
0.040892955 0.0013636356
0.04085692 0.0013619702
0.040838942 0.0013592025
0.04081773 0.0013580681
0.040723484 0.0013558032
0.040696606 0.0013545612
0.040667605 0.0013532207
0.040555757 0.0013480514
0.040525775 0.0013465883
0.04047281 0.0013443171
0.040442478 0.001342816
0.04037625 0.001339942
0.040273514 0.0013351341
0.04023766 0.0013333499
0.04014097 0.0013288812
0.039738417 0.0013088398
0.03956061 0.0013020583
0.03955337 0.0013009835
0.039427392 0.001296397
0.03938278 0.0012943591
0.03925388 0.0012882311
0.039073866 0.0012798667
0.03905393 0.0012777151
0.03901668 0.0012761874
0.038942087 0.001274097
0.03886646 0.001270559
0.038854845 0.0012694399
0.038641483 0.0012602677
0.038576875 0.0012569214
0.038517065 0.0012541726
0.038484436 0.0012526419
0.038467057 0.0012513807
0.038304113 0.0012439867
0.038037248 0.0012307946
0.037923 0.0012273351
0.037745688 0.001219181
0.037626337 0.0012136713
0.03736351 0.0012015158
0.037116222 0.0011903382
0.03704818 0.0011867889
0.03699551 0.0011847242
0.036894325 0.0011792682
0.03670909 0.001171583
0.036650557 0.0011688941
0.036601793 0.0011660487
0.03650344 0.0011620506
0.036270887 0.0011515229
0.036251284 0.0011496661
0.03619609 0.0011469434
0.036159992 0.0011464423
0.036159188 0.0011463407
0.03601851 0.0011399487
0.03600772 0.0011394408
0.035994694 0.0011388557
0.035991553 0.0011385834
0.03596618 0.0011375608
0.035929076 0.0011355121
0.03588488 0.0011328633
0.035837483 0.0011316494
0.035747778 0.0011271783
0.03569159 0.001124707
0.03567223 0.0011240606
0.035642963 0.0011219556
0.03556377 0.0011189998
0.035524238 0.0011172713
0.035488226 0.001115524
0.035436794 0.0011132265
0.035294656 0.0011067324
0.035282664 0.001106135
0.03527892 0.0011057022
0.03512671 0.0010990091
0.035120998 0.0010987007
0.034837816 0.0010857593
0.034432378 0.0010671484
0.033931773 0.0010439864
0.033115495 0.001006538
0.032617718 0.000983797
0.030926485 0.00090549735
0.070728324 0.0018986393
0.044638153 0.0014874634
0.044555936 0.0014863388
0.04433566 0.001474526
0.043597523 0.0014552163
0.043165315 0.0014387871
0.043002754 0.001435364
0.042885777 0.0014309861
0.042851757 0.0014305267
0.04277595 0.0014247895
0.040915772 0.0013641901
0.04034651 0.0013382393
0.039916653 0.0013182926
0.039812636 0.0013134658
0.039582822 0.0013028017
0.0392506 0.0012871678
0.039152082 0.001282814
0.038480304 0.0012516411
0.038412817 0.0012485095
0.038059395 0.0012315912
0.03732562 0.0011994687
0.036968987 0.0011831832
0.036581602 0.0011654098
0.035468962 0.0011144174
0.035468962 0.0011144174
0.03543161 0.0011128158
0.035408683 0.0011116418
0.033891663 0.0010420271
0.033317998 0.0010156805
0.029642608 0.00084674364
0.029430145 0.0008373228
0.04291781 0.0014329711
0.04232794 0.0014123853
0.03494692 0.0010907464
0.034925804 0.0010897502
0.03469868 0.0010793187
0.03402982 0.0010486437
0.03378721 0.0010374278
0.033470545 0.001023018
0.033003297 0.0010015717
0.03288605 0.0009961644
0.03180551 0.0009465648
0.029217497 0.00082757213
0.029149825 0.0008245618
0.029115299 0.000823026
0.08315854 0.0020924201
0.08314075 0.0020922434
0.08308818 0.0020912287
0.083028495 0.002090077
0.08298982 0.0020893305
0.079440944 0.0020325263
0.044866722 0.0014963706
0.044817045 0.0014954292
0.044816945 0.001495424
0.044816863 0.0014954198
0.044815794 0.0014953644
0.044809088 0.001495182
0.044800326 0.0014948187
0.044800326 0.0014948187
0.044731695 0.0014919717
0.044700045 0.001490088
0.04442215 0.001479131
0.041087147 0.0013724981
0.041083645 0.0013723144
0.04105823 0.0013709823
0.040291462 0.0013357361
0.03795586 0.0012287936
0.037305307 0.0011989138
0.03550164 0.0011159558
0.035469793 0.0011146512
0.035025436 0.001094326
0.03501412 0.0010937824
0.034885902 0.001087899
0.03480541 0.0010842655
0.034741744 0.0010813002
0.034681 0.0010785336
0.03457199 0.0010735295
0.034505498 0.0010704559
0.034420494 0.0010663875
0.03411662 0.0010525576
0.03410447 0.0010520979
0.03405323 0.0010495925
0.03378856 0.0010375752
0.033373486 0.0010178777
0.03325026 0.0010120965
0.03322615 0.0010116446
0.03283787 0.0009938962
0.032640994 0.000984895
0.032637265 0.0009846861
0.031951755 0.00095321465
0.030844128 0.00090236653
0.030787576 0.0008997748
0.030759975 0.0008985148
0.03048137 0.0008857099
0.030384729 0.0008813203
0.030216739 0.0008735138
0.03015403 0.0008707292
0.03005357 0.00086607266
0.029602602 0.0008454184
0.029602602 0.0008454184
0.029259983 0.0008293203
0.029143956 0.0008242297
0.029132605 0.0008237316
0.02911783 0.0008230834
0.029111018 0.00082278455
0.029081604 0.00082149403
0.029074315 0.0008211742
0.029059032 0.0008205037
0.029050501 0.00082012935
0.029050501 0.00082012935
0.029049328 0.00082007796
0.082685456 0.0020810813
0.061940104 0.001760514
0.06161218 0.0017557981
0.06101894 0.0017467232
0.050907668 0.0015863001
0.044807035 0.0014950624
0.04480562 0.0014950009
0.044793177 0.001494461
0.044792116 0.0014944148
0.044790532 0.0014943461
0.044774707 0.0014936592
0.044759903 0.0014934912
0.04463229 0.001487017
0.044400796 0.0014774294
0.043087393 0.0014359741
0.041074004 0.0013719897
0.041044056 0.0013706211
0.04103654 0.001370274
0.04103654 0.001370274
0.041034397 0.0013701419
0.04102483 0.0013696958
0.04102361 0.0013696387
0.04092797 0.0013651769
0.04090095 0.0013640114
0.03988738 0.00131507
0.03925175 0.00128739
0.039006617 0.0012755413
0.037784085 0.0012206824
0.036761183 0.0011740484
0.03513601 0.0010993079
0.034609705 0.0010748423
0.033033464 0.0010029662
0.033033464 0.0010029662
0.029447522 0.0008380739
0.03681094 0.0011762921
