0.060394805 0.001726983
0.059052773 0.001705178
0.04002729 0.0013079566
0.04002729 0.0013079566
0.0530406 0.0015935515
0.037271008 0.0011895668
0.037542615 0.0012017695
0.037209276 0.0011864965
0.03694835 0.0011749995
0.03718007 0.0011855232
0.037039533 0.0011788891
0.05151746 0.0015694591
0.06126213 0.0017408485
0.061733674 0.0017483843
0.036036264 0.0011313722
0.04266007 0.0013985492
0.036019206 0.0011306879
0.041687913 0.0013546274
0.03708557 0.0011806232
0.061683025 0.0017475847
0.0626401 0.0017627055
0.03771884 0.0012093851
0.062494658 0.0017602377
0.03681973 0.0011685112
0.060402304 0.0017274638
0.06218074 0.0017554427
0.036768127 0.001166264
0.06283762 0.0017656842
0.04221762 0.0013869208
0.061771184 0.0017491389
0.061771184 0.0017491389
0.03661165 0.0011590035
0.0363773 0.001148216
0.042566296 0.0013977982
0.06167565 0.001747429
0.03670016 0.0011630727
0.06007703 0.0017224633
0.06116311 0.0017394344
0.06116311 0.0017394344
0.060457658 0.0017284936
0.060457658 0.0017284936
0.062308785 0.001757349
0.059046168 0.0017046997
0.05989086 0.0017193941
0.036785517 0.0011669305
0.036785517 0.0011669305
0.060222715 0.0017246776
0.03694241 0.0011743756
0.03694241 0.0011743756
0.036961798 0.001175135
0.036905542 0.0011725822
0.036515605 0.0011547065
0.037404455 0.0011954049
0.062193424 0.0017563263
0.03657007 0.001156882
0.037496194 0.0011996259
0.037496194 0.0011996259
0.037717372 0.0012093356
0.037715465 0.0012091971
0.06005996 0.0017219395
0.06005996 0.0017219395
0.042298276 0.0013899079
0.056601293 0.0016645159
0.03604543 0.0011327139
0.059764165 0.0017176197
0.061123095 0.001738509
0.03632509 0.0011449092
0.037155334 0.00118449
0.036148377 0.0011376143
0.039157256 0.0012708923
0.036542848 0.0011554692
0.037693135 0.0012086792
0.037150223 0.0011838374
0.039193247 0.0012724553
0.06205331 0.0017534433
0.03655209 0.0011556315
0.060838852 0.0017346692
0.037164304 0.0011847096
0.0374435 0.0011974203
0.062001925 0.0017529217
0.062132087 0.0017545439
0.042097177 0.0013804843
0.03641177 0.0011495415
0.06167946 0.0017474855
0.06167946 0.0017474855
0.037092574 0.0011810123
0.04014889 0.0013133051
0.03721164 0.0011866165
0.06136262 0.0017428589
0.059752863 0.0017167312
0.037310697 0.0011915115
0.058685124 0.00170108
0.058685124 0.00170108
0.037267637 0.0011894174
0.06186291 0.0017507924
0.037126422 0.0011830219
0.035934806 0.0011273001
0.06173958 0.0017484596
0.06173958 0.0017484596
0.05940895 0.0017124186
0.059336133 0.0017108807
0.037659034 0.0012068939
0.06104009 0.0017375835
0.036639374 0.0011601113
0.036639374 0.0011601113
0.036421835 0.001150433
0.036421835 0.001150433
0.0372657 0.001189191
0.062056836 0.0017535153
0.03671727 0.0011640505
0.03962736 0.0012907538
0.041558117 0.0013465591
0.060742997 0.0017327231
0.060009435 0.0017205906
0.060009435 0.0017205906
0.036654886 0.0011609929
0.036654886 0.0011609929
0.036797877 0.0011674721
0.036574017 0.0011580979
0.062273584 0.0017568794
0.06074318 0.0017330999
0.036483627 0.0011529864
0.036483627 0.0011529864
0.06119525 0.0017398386
0.055566255 0.0016487921
0.037444845 0.0011976318
0.037444845 0.0011976318
0.05360484 0.0016069562
0.034072705 0.0005475601
0.0588266 0.0017017045
0.039339077 0.0012788827
0.040123057 0.0013116908
0.038049135 0.0012241744
0.038049135 0.0012241744
0.03951644 0.0012857618
0.03585192 0.0011238825
0.05962079 0.001713932
0.038911637 0.0012605309
0.039545815 0.0012875648
0.035876513 0.0011245129
0.05646845 0.0016610548
0.039861035 0.0013005576
0.03925944 0.0012751655
0.055966657 0.0016526112
0.039890356 0.0013020394
0.057664804 0.0016832468
0.057004396 0.0016723714
0.041694578 0.0013557253
0.03983671 0.0013000283
0.035486814 0.0010641922
0.054014184 0.0016164554
0.052954312 0.0015915406
0.035579868 0.0010961578
0.05121057 0.001563512
0.03902536 0.0012657589
0.03619074 0.0011386297
0.03619074 0.0011386297
0.039023716 0.001265232
0.03657238 0.0011575973
0.05811647 0.0016913807
0.03710283 0.0011814919
0.059072614 0.0017054658
0.059072614 0.0017054658
0.035321616 0.0010353256
0.036552552 0.0011556826
0.036057983 0.0011329695
0.06187921 0.0017513474
0.06187921 0.0017513474
0.03687457 0.0011712732
0.03622608 0.0011397508
0.037215292 0.0011871535
0.03706952 0.0011804687
0.03592357 0.0011267491
0.03686403 0.0011702147
0.0375782 0.001203358
0.061485376 0.0017453532
0.06157175 0.0017460361
0.039876215 0.0013012846
0.060641512 0.001731467
0.040435813 0.0013236374
0.03678766 0.001167267
0.042149194 0.001383958
0.03544 0.001041957
0.036852792 0.0011699857
0.039015617 0.0012651029
0.040215 0.0013157951
0.04997992 0.0015458958
0.037409816 0.0011959173
0.040300276 0.0013192995
0.0369753 0.0011756724
0.034731213 0.0010041296
0.060848974 0.0017347625
0.036877826 0.0011713953
0.037025314 0.0011778214
0.061799455 0.001749732
0.037212953 0.001187114
0.037172932 0.0011852717
0.038386755 0.0012385271
0.03687057 0.001170784
0.03687057 0.001170784
0.037021462 0.0011775871
0.036978845 0.0011762442
0.061130617 0.0017386933
0.06027642 0.0017251666
0.056067236 0.0016540057
0.03725062 0.0011885294
0.036917195 0.0011730989
0.036807016 0.0011679624
0.036807016 0.0011679624
0.041652907 0.0013524378
0.03649066 0.0011530357
0.06114984 0.0017387326
0.037652932 0.0012065612
0.060527142 0.001728839
0.037502714 0.0011998162
0.039162524 0.0012708931
0.03680183 0.0011676098
0.03680183 0.0011676098
0.040166356 0.0013139977
0.049906887 0.0015450194
0.03652996 0.0011552171
0.042305864 0.0013918927
0.054155346 0.0016205148
0.062251776 0.0017567142
0.039373748 0.0012809229
0.059900343 0.0017202164
0.036629926 0.001159694
0.037241325 0.0011880966
0.061743084 0.001748513
0.061743084 0.001748513
0.06289056 0.0017665143
0.060824383 0.001733856
0.060285937 0.0017253697
0.060285937 0.0017253697
0.0368492 0.0011697428
0.058828242 0.0017018111
0.03720564 0.0011863199
0.06049817 0.0017287306
0.06103732 0.0017370706
0.039190046 0.0012723327
0.038026273 0.0012233133
0.036095083 0.0011345781
0.038895536 0.0012601912
0.039766856 0.0012972462
0.057119384 0.0016746853
0.057536248 0.0016815108
0.038477782 0.0012425688
0.0569306 0.0016688836
0.05553732 0.0016471006
0.05752949 0.0016809418
0.050343417 0.0015541266
0.04019672 0.0013148304
0.06160189 0.0017464244
0.05964631 0.0017141929
0.055788364 0.0016498362
0.060531035 0.0017292764
0.049705718 0.0015424143
0.034183018 0.00058749615
0.05856438 0.0016988645
0.054132037 0.0016166331
0.056760654 0.0016649091
0.039950456 0.0013047733
0.039950456 0.0013047733
0.03750909 0.0012001293
0.039724775 0.0012952419
0.040111333 0.0013115049
0.039215714 0.0012736038
0.038097695 0.0012260651
0.038097695 0.0012260651
0.036106933 0.0011351905
0.038149774 0.0012285413
0.058875643 0.00170235
0.058864355 0.0017021686
0.037794214 0.0012129402
0.03633259 0.0011454637
0.04184016 0.0013650809
0.04184016 0.0013650809
0.03732737 0.0011920664
0.037813786 0.0012139652
0.037813786 0.0012139652
0.038981367 0.0012639406
0.04192335 0.0013705743
0.03759069 0.0012038155
0.03759069 0.0012038155
0.03956237 0.0012884807
0.042161934 0.0013844987
0.05815109 0.0016914611
0.038111504 0.0012267701
0.038111504 0.0012267701
0.039208476 0.0012734982
0.0627824 0.0017646553
0.037825152 0.0012143033
0.037825152 0.0012143033
0.03762142 0.0012053183
0.059659604 0.0017146558
0.037784558 0.0012126873
0.03766515 0.0012073258
0.03783739 0.0012149788
0.03905274 0.0012670214
0.04161919 0.0013504599
0.036697477 0.0011623498
0.03617738 0.0011376581
0.038238585 0.0012323774
0.039134506 0.0012706114
0.03753747 0.0012014379
0.038148995 0.0012284581
0.038292002 0.001234683
0.03911184 0.0012692997
0.037663877 0.00120718
0.037663877 0.00120718
0.03898409 0.0012640874
0.03901885 0.0012651081
0.03901885 0.0012651081
0.038116615 0.0012270721
0.037398126 0.0011950212
0.038100414 0.0012262269
0.06130292 0.0017416311
0.061048355 0.0017376895
0.037767477 0.001211751
0.041626953 0.0013508758
0.03650038 0.0011536055
0.03650038 0.0011536055
0.036284193 0.0011433748
0.042127322 0.0013820803
0.03767918 0.0012081631
0.06108562 0.001737995
0.059245713 0.0017087338
0.039947156 0.0013046849
0.039947156 0.0013046849
0.03780953 0.0012137828
0.059206344 0.0017073773
0.05864312 0.0016989013
0.05684551 0.0016675397
0.05684551 0.0016675397
0.055350516 0.001643576
0.05524986 0.001642163
0.038334165 0.0012363467
0.0377331 0.0012104152
0.037630234 0.0012058351
0.040123757 0.001311963
0.036871508 0.0011709702
0.0530981 0.0016037801
0.05619539 0.0016594956
0.054267634 0.0016236083
0.055945348 0.0016511354
0.036448903 0.0011506034
0.039163202 0.0012710593
0.042230073 0.0013876569
0.039805222 0.0012983866
0.040451687 0.0013236998
0.040451687 0.0013236998
0.036128 0.0011364564
0.060772657 0.0017335331
0.06012229 0.0017233704
0.040154364 0.0013135131
0.050191693 0.0015512418
0.04134361 0.001331044
0.040351123 0.0013218016
0.06142064 0.0017431196
0.037492838 0.0011994687
0.037492838 0.0011994687
0.06072066 0.001732291
0.036932994 0.0011736151
0.038466696 0.0012422871
0.03864414 0.0012499641
0.06096365 0.0017361428
0.06096365 0.0017361428
0.042116757 0.0013816924
0.03823854 0.0012323615
0.03823854 0.0012323615
0.038359806 0.0012376173
0.03816392 0.0012291633
0.03738054 0.0011945702
0.06254293 0.0017612306
0.0388041 0.0012566226
0.0388041 0.0012566226
0.037470132 0.001198495
0.03804547 0.0012239865
0.037514642 0.0012005259
0.037514642 0.0012005259
0.04171469 0.0013583621
0.04171469 0.0013583621
0.0381143 0.0012268964
0.06283353 0.0017652257
0.038323052 0.0012361042
0.038323052 0.0012361042
0.038750634 0.0012545794
0.038750634 0.0012545794
0.038368687 0.0012384035
0.03841215 0.0012401367
0.038165633 0.001229412
0.038165633 0.001229412
0.038255326 0.0012333904
0.038255326 0.0012333904
0.061272655 0.0017410639
0.061272655 0.0017410639
0.037517764 0.0012006795
0.03782277 0.0012140952
0.039805897 0.0012994987
0.037731394 0.0012101291
0.06321712 0.0017710947
0.06321712 0.0017710947
0.037624907 0.0012054835
0.03791967 0.0012184947
0.0382992 0.0012351893
0.03782708 0.0012143069
0.03782708 0.0012143069
0.062086217 0.0017542447
0.06279788 0.0017651685
0.037817556 0.0012140305
0.037817556 0.0012140305
0.04990864 0.0015453498
0.06120943 0.0017399241
0.06120943 0.0017399241
0.03728912 0.0011900525
0.03728912 0.0011900525
0.03823552 0.0012322281
0.03823552 0.0012322281
0.06299089 0.0017682285
0.037700396 0.0012088929
0.038106173 0.0012263685
0.03710403 0.0011819242
0.04141014 0.0013362378
0.04141014 0.0013362378
0.041880842 0.0013696714
0.03940859 0.0012814149
0.038025193 0.0012231113
0.037527915 0.0012010505
0.037527915 0.0012010505
0.037283372 0.0011898488
0.03711777 0.0011826883
0.041925207 0.001371767
0.03880258 0.0012566099
0.05129205 0.0015689243
0.038805094 0.0012569356
0.060032982 0.0017209257
0.03765622 0.0012068128
0.041841593 0.0013665464
0.041841593 0.0013665464
0.06106499 0.0017379274
0.04150418 0.0013449574
0.037724964 0.001209877
0.037724964 0.001209877
0.0374834 0.0011993439
0.042238127 0.0013887485
0.0388428 0.0012582198
0.038669754 0.0012513429
0.06355604 0.0017763742
0.0375935 0.0012040866
0.03772223 0.0012098168
0.03760951 0.0012050398
0.06298464 0.0017678196
0.03474692 0.0010320401
0.06313235 0.0017703741
0.0508986 0.0015634904
0.03769738 0.0012088483
0.041751478 0.0013605844
0.041700248 0.0013579614
0.05463847 0.0016304936
0.038969535 0.0012639235
0.037270073 0.0011894673
0.03739617 0.0011950011
0.06403887 0.0017837868
0.03800076 0.0012221279
0.06346195 0.0017747872
0.038324863 0.0012361327
0.04148045 0.0013429574
0.038363576 0.001237932
0.03828015 0.0012343085
0.037893992 0.0012175079
0.037893992 0.0012175079
0.038132373 0.0012278564
0.037709814 0.0012091537
0.03697235 0.0011752987
0.037664622 0.0012072118
0.06348845 0.0017754938
0.038440846 0.0012412348
0.038294077 0.0012350074
0.035768475 0.0011193155
0.037564147 0.001203326
0.062920675 0.0017667001
0.062920675 0.0017667001
0.037564147 0.001203326
0.059177715 0.0017070593
0.041896075 0.0013697888
0.03773184 0.0012103226
0.03773184 0.0012103226
0.037399556 0.0011952476
0.037426416 0.0011967617
0.0378409 0.0012154379
0.038245413 0.0012330286
0.038245413 0.0012330286
0.037881657 0.0012172768
0.03804513 0.0012237452
0.03804513 0.0012237452
0.037956584 0.0012199639
0.041969456 0.0013738421
0.03779681 0.0012130563
0.03779681 0.0012130563
0.039919607 0.0013035868
0.037824772 0.0012141262
0.037824772 0.0012141262
0.037651364 0.0012064655
0.04221653 0.0013867237
0.042012006 0.001376518
0.04217261 0.0013853455
0.03902444 0.0012652697
0.05950901 0.0017132206
0.05950901 0.0017132206
0.037035704 0.0011783566
0.037474178 0.0011991622
0.037459146 0.0011982876
0.037459146 0.0011982876
0.03939401 0.0012810802
0.062192768 0.0017556594
0.061103106 0.0017382158
0.05791491 0.0016882254
0.037718903 0.0012094331
0.0372951 0.0011906876
0.0372951 0.0011906876
0.039459392 0.0012838213
0.037465423 0.0011984205
0.037755404 0.0012114476
0.06176819 0.0017486116
0.037365735 0.0011944376
0.062557325 0.0017615142
0.050508164 0.0015575654
0.050508164 0.0015575654
0.037594385 0.0012045566
0.037342694 0.0011929149
0.03783402 0.00121493
0.049330357 0.001537241
0.06264152 0.0017630723
0.041441277 0.0013393203
0.041441277 0.0013393203
0.04168806 0.0013550089
0.04168806 0.0013550089
0.037528172 0.0012012235
0.037528172 0.0012012235
0.037259888 0.0011891703
0.037259888 0.0011891703
0.0374017 0.0011953276
0.05844832 0.0016961609
0.05037541 0.001555254
0.061464936 0.0017444013
0.06143512 0.0017438442
0.061802447 0.0017505366
0.057325874 0.0016776657
0.037333388 0.0011922178
0.0362371 0.0011410161
0.058337513 0.0016939362
0.058296066 0.0016935786
0.058296066 0.0016935786
0.040250864 0.0013170541
0.06044515 0.0017275314
0.036340725 0.0011456243
0.054159757 0.0016224317
0.050766494 0.0015629973
0.059590694 0.001713829
0.05922292 0.0017080925
0.05922292 0.0017080925
0.039846152 0.0013003902
0.039067276 0.0012671475
0.039067276 0.0012671475
0.036009952 0.0011301892
0.059669055 0.0017152686
0.03940445 0.0012812571
0.03940445 0.0012812571
0.035997733 0.0011296588
0.035997733 0.0011296588
0.049553163 0.0015386076
0.04275486 0.001401236
0.05867981 0.0016994451
0.0393416 0.0012792121
0.039019227 0.0012651945
0.052114636 0.001578386
0.041674625 0.0013527325
0.03736549 0.0011933704
0.035951544 0.0011275642
0.03801662 0.0012227277
0.03801662 0.0012227277
0.037712205 0.0012091843
0.037712205 0.0012091843
0.06223052 0.0017563489
0.03732948 0.0011921152
0.037729543 0.0012099082
0.06084376 0.0017347119
0.06084376 0.0017347119
0.03771719 0.0012092823
0.061336864 0.0017421639
0.061336864 0.0017421639
0.03917582 0.0012722138
0.04205757 0.0013791675
0.041495956 0.0013435483
0.03745825 0.0011979672
0.042228624 0.0013874022
0.06154799 0.0017453777
0.037169933 0.0011848363
0.042078566 0.0013800963
0.042078566 0.0013800963
0.037690327 0.0012083203
0.050163783 0.0015472423
0.037234798 0.0011878446
0.03767626 0.0012077397
0.038473953 0.001242402
0.037853546 0.0012155626
0.04211189 0.0013816708
0.061338376 0.0017424383
0.037010055 0.0011775427
0.03827232 0.0012337348
0.03706783 0.0011798076
0.037457515 0.0011978669
0.037336204 0.0011923878
0.0631473 0.0017704049
0.038321838 0.0012357343
0.038321838 0.0012357343
0.03721136 0.0011865693
0.06076947 0.0017333545
0.06076947 0.0017333545
0.06273417 0.0017645198
0.038106825 0.0012265255
0.038106825 0.0012265255
0.060624063 0.0017311613
0.037424367 0.0011963923
0.062379625 0.0017581662
0.037538465 0.0012017551
0.036946114 0.0011746894
0.036946114 0.0011746894
0.03688785 0.0011719087
0.037551392 0.001202429
0.037618786 0.0012052156
0.042031344 0.0013773496
0.03717137 0.0011848623
0.03742491 0.00119649
0.03742491 0.00119649
0.038175944 0.0012298994
0.037726343 0.0012098918
0.037726343 0.0012098918
0.062299516 0.0017571034
0.03678251 0.0011666629
0.06252038 0.0017609053
0.04025419 0.0013179437
0.0593689 0.0017116211
0.0593689 0.0017116211
0.0378282 0.0012144356
0.037518628 0.0012008592
0.037326038 0.0011918093
0.037326038 0.0011918093
0.037256323 0.0011885508
0.037256323 0.0011885508
0.039181523 0.0012723312
0.035354234 0.0010367477
0.037179776 0.0011854132
0.037179776 0.0011854132
0.037404697 0.0011954063
0.037639145 0.0012062568
0.062655814 0.0017642428
0.062655814 0.0017642428
0.037504878 0.0011999627
0.037504878 0.0011999627
0.039298274 0.0012773653
0.06155473 0.0017455508
0.037582435 0.0012035924
0.037533987 0.0012013596
0.0371829 0.0011862208
0.039479733 0.001285633
0.038544368 0.0012455719
0.037319627 0.0011916579
0.06161618 0.00174682
0.038262747 0.001233536
0.037266504 0.0011893652
0.06215947 0.0017550747
0.062132873 0.0017548405
0.037378773 0.0011945304
0.061653104 0.001747162
0.03937637 0.0012809893
0.03787249 0.0012166179
0.037926722 0.0012187305
0.038013574 0.0012225959
0.039958414 0.0013061404
0.039891783 0.0013031525
0.04136795 0.0013347993
0.03713082 0.0011836151
0.03697696 0.0011759151
0.059274152 0.0017098177
0.036832098 0.0011694869
0.037176024 0.0011853339
0.05972199 0.0017165832
0.037498605 0.0011997769
0.03729878 0.0011911684
0.03708211 0.0011805809
0.038187888 0.0012304365
0.0401003 0.0013111264
0.041461065 0.0013423148
0.042062216 0.0013792589
0.03810032 0.0012262224
0.04160393 0.0013502147
0.037514515 0.0012005031
0.061450716 0.0017438922
0.03640039 0.0011488323
0.042176392 0.0013856681
0.037041325 0.0011791561
0.037108596 0.0011822276
0.037256375 0.0011887096
0.037256375 0.0011887096
0.061232936 0.0017404633
0.037805315 0.0012135484
0.037527204 0.0012009043
0.03833617 0.001236785
0.03749571 0.0011995997
0.036648147 0.0011604379
0.036648147 0.0011604379
0.061119962 0.0017383165
0.061119962 0.0017383165
0.042024575 0.001376594
0.03755013 0.0012021952
0.06289015 0.0017657425
0.06289015 0.0017657425
0.037349023 0.0011932413
0.037554048 0.001202986
0.062072765 0.0017535273
0.062072765 0.0017535273
0.038892712 0.0012601467
0.042149443 0.0013840104
0.042149443 0.0013840104
0.03702199 0.0011777695
0.039932992 0.0013046723
0.039932992 0.0013046723
0.036913045 0.0011727309
0.06302589 0.0017684995
0.038899742 0.0012604463
0.06044791 0.0017282903
0.06044791 0.0017282903
0.061239585 0.0017406025
0.061239585 0.0017406025
0.036796678 0.0011674238
0.036740467 0.0011651244
0.03880136 0.0012564115
0.04182156 0.0013644765
0.0602467 0.0017248554
0.03984745 0.001300458
0.058905527 0.0017024318
0.06053284 0.0017295986
0.03729499 0.0011904414
0.03729499 0.0011904414
0.03735527 0.0011932957
0.041415516 0.0013363262
0.036063194 0.0011330708
0.037087318 0.001180802
0.040062703 0.0013098541
0.04039975 0.0013228494
0.04039975 0.0013228494
0.039447464 0.0012832838
0.03950025 0.0012856354
0.049329832 0.0015350265
0.036212202 0.0011396618
0.057144035 0.0016751887
0.059573796 0.0017136233
0.041459627 0.0013395402
0.058947742 0.0017032955
0.036626905 0.0011596852
0.06147954 0.0017445629
0.039467167 0.001284258
0.039467167 0.001284258
0.053646956 0.0016099695
0.036942385 0.0011739914
0.036942385 0.0011739914
0.061658476 0.001747346
0.03689714 0.00117224
0.03727544 0.0011896915
0.062495667 0.001760862
0.05633462 0.0016597494
0.05633462 0.0016597494
0.04020932 0.0013156103
0.04020932 0.0013156103
0.040339597 0.0013201049
0.06252124 0.0017611566
0.03811132 0.0012265643
0.036851384 0.0011698345
0.03754597 0.0012018706
0.060979586 0.0017363046
0.060979586 0.0017363046
0.061388552 0.0017430976
0.06146983 0.0017444034
0.042100675 0.0013808083
0.0373933 0.0011948909
0.037067633 0.0011797126
0.037067633 0.0011797126
0.061778758 0.0017491629
0.06069322 0.0017321993
0.03589335 0.0011249402
0.03708953 0.0011809084
0.03708953 0.0011809084
0.06126531 0.0017409893
0.06276505 0.0017645604
0.06276505 0.0017645604
0.060886804 0.0017357059
0.060886804 0.0017357059
0.042366214 0.0013931339
0.05911302 0.0017067
0.037769604 0.001211827
0.037150126 0.00118381
0.037711054 0.0012091736
0.061946463 0.0017525911
0.05924988 0.0017092233
0.05924988 0.0017092233
0.037236392 0.0011879947
0.03899675 0.001264855
0.06203089 0.0017532869
0.04214658 0.001383825
0.03804244 0.0012236737
0.03804244 0.0012236737
0.038704496 0.001251914
0.060988788 0.0017366
0.06193533 0.0017514755
0.042292465 0.0013890478
0.042106144 0.0013811968
0.06367235 0.0017781217
0.037937567 0.0012198241
0.03758188 0.0012033812
0.037035897 0.0011783772
0.03789987 0.0012176916
0.036511075 0.0011543587
0.037700426 0.0012090979
0.037700426 0.0012090979
0.04218404 0.0013864471
0.06310185 0.0017694666
0.059827134 0.0017188207
0.039987493 0.0013072735
0.06210342 0.001754325
0.04185894 0.0013687484
0.04062003 0.0013310135
0.03780285 0.0012134812
0.039663993 0.0012932848
0.063105665 0.0017703356
0.042098086 0.0013806631
0.03629425 0.0011443391
0.06227516 0.0017569732
0.037653446 0.0012065707
0.036112424 0.0011359766
0.061560422 0.0017456475
0.061334625 0.0017420176
0.060188413 0.0017240539
0.060188413 0.0017240539
0.037611954 0.0012051156
0.038019277 0.001222861
0.062109184 0.0017543617
0.061251532 0.00174069
0.062315926 0.0017574218
0.03741637 0.0011962216
0.049795866 0.0015438208
0.037641067 0.0012064645
0.060479373 0.0017286969
0.037318107 0.0011916187
0.037318107 0.0011916187
0.060396966 0.001727422
0.060396966 0.001727422
0.06172439 0.0017482828
0.037293088 0.0011903697
0.06001348 0.0017208161
0.062365137 0.0017579636
0.037771028 0.0012118479
0.03743634 0.0011971468
0.037287723 0.0011900133
0.06016596 0.0017235175
0.041384824 0.0013362342
0.04179351 0.0013639601
0.03926372 0.0012766367
0.03652355 0.0011549484
0.0383948 0.0012398668
0.042133145 0.0013832854
0.038118962 0.0012277861
0.038118962 0.0012277861
0.038550865 0.0012460293
0.03838926 0.0012389903
0.03838926 0.0012389903
0.03865337 0.001250582
0.03865337 0.001250582
0.037853956 0.0012158564
0.037853956 0.0012158564
0.038011495 0.00122256
0.037636947 0.0012059992
0.038177688 0.0012301635
0.038177688 0.0012301635
0.038226537 0.0012321878
0.038226537 0.0012321878
0.038443882 0.0012414396
0.038443882 0.0012414396
0.038347613 0.0012373247
0.038347613 0.0012373247
0.038775228 0.0012558786
0.038447984 0.001241598
0.038998775 0.0012648611
0.038998775 0.0012648611
0.037816662 0.0012139737
0.037816662 0.0012139737
0.063548066 0.0017759377
0.063548066 0.0017759377
0.038218156 0.0012317883
0.038218156 0.0012317883
0.037833493 0.0012148796
0.041945104 0.0013738209
0.038336106 0.0012367802
0.038455304 0.0012419571
0.038457498 0.001242066
0.06336932 0.0017731504
0.03842101 0.0012407758
0.03842101 0.0012407758
0.038023863 0.0012228976
0.038046442 0.0012240007
0.03861073 0.0012487057
0.041815817 0.0013643971
0.0388125 0.0012571281
0.03873445 0.0012539566
0.03873445 0.0012539566
0.03814996 0.001228952
0.039112046 0.0012701872
0.04172616 0.0013599436
0.03863419 0.0012498094
0.06333699 0.0017726313
0.03902974 0.001266647
0.03881837 0.0012571899
0.038141474 0.0012283808
0.038141474 0.0012283808
0.038016465 0.0012227276
0.03788611 0.0012174579
0.037931453 0.0012192772
0.057841405 0.0016868176
0.038746946 0.0012544612
0.038746946 0.0012544612
0.037964195 0.0012209727
0.037964195 0.0012209727
0.063378625 0.0017737568
0.063378625 0.0017737568
0.037866008 0.0012165876
0.03775909 0.0012116197
0.03775909 0.0012116197
0.038955394 0.0012633558
0.036689945 0.0011623381
0.03750904 0.0012001008
0.038270127 0.0012336541
0.037692565 0.0012086435
0.03898687 0.0012645174
0.038844116 0.0012584418
0.038570303 0.0012472855
0.038924824 0.0012622606
0.038924824 0.0012622606
0.03781078 0.0012139435
0.03885184 0.0012591135
0.03885184 0.0012591135
0.03820993 0.0012316237
0.03820993 0.0012316237
0.038414966 0.0012405259
0.03959591 0.0012907255
0.038498916 0.0012440392
0.038498916 0.0012440392
0.06390764 0.0017820424
0.03870959 0.0012527807
0.041932587 0.0013723992
0.03759422 0.0012044434
0.038154762 0.0012291494
0.059112586 0.0017062392
0.059112586 0.0017062392
0.03738884 0.001194579
0.03738884 0.001194579
0.03774056 0.0012104674
0.03811785 0.001227534
0.039036855 0.0012667708
0.063217506 0.0017712961
0.038282428 0.0012346525
0.03797276 0.0012216917
0.038874283 0.0012600011
0.038280554 0.0012346053
0.038280554 0.0012346053
0.03795717 0.0012204738
0.03778768 0.0012128127
0.03883755 0.0012579763
0.039075334 0.0012691158
0.038311265 0.0012356472
0.05890773 0.0017031366
0.03565082 0.0011144656
0.03879037 0.0012563863
0.038737293 0.0012540773
0.038611975 0.0012491305
0.03819785 0.001231161
0.06360971 0.001777088
0.06381663 0.001780881
0.038824864 0.0012576516
0.041978706 0.0013763789
0.035626404 0.0011122783
0.038240705 0.0012326682
0.038553484 0.0012468096
0.038301677 0.0012355237
0.039227083 0.0012749524
0.03783148 0.0012148613
0.03783148 0.0012148613
0.038515367 0.0012445101
0.034488775 0.000940088
0.042033214 0.0013782405
0.039684214 0.0012946376
0.04284367 0.001405351
0.037472382 0.0011989009
0.038831197 0.0012578047
0.05794242 0.0016882712
0.038032275 0.001223613
0.037900537 0.001218314
0.038419485 0.0012406775
0.037666384 0.0012075782
0.03827249 0.0012341328
0.038019326 0.0012228853
0.03813449 0.0012281708
0.060523048 0.0017287446
0.05503019 0.0016413718
0.05503019 0.0016413718
0.03805516 0.0012250721
0.04204719 0.0013789001
0.03833739 0.001237258
0.03774248 0.0012112615
0.041809484 0.0013643663
0.038551003 0.0012467758
0.038515847 0.0012450594
0.041777212 0.0013635982
0.03877143 0.0012554567
0.036810797 0.0011683488
0.036362536 0.0011462108
0.03780022 0.0012133913
0.03907099 0.0012686093
0.03907099 0.0012686093
0.06318399 0.0017706509
0.06318399 0.0017706509
0.038238984 0.0012325902
0.038664773 0.0012512843
0.038177766 0.0012302593
0.038437717 0.0012411161
0.038058504 0.0012250997
0.038335897 0.0012367539
0.03854831 0.0012459109
0.039279096 0.0012772066
0.038914606 0.0012617178
0.037874363 0.0012167258
0.037874363 0.0012167258
0.038066845 0.0012253922
0.037858404 0.0012158995
0.038309444 0.0012355744
0.037858404 0.0012158995
0.03819154 0.0012305864
0.06305207 0.0017687588
0.03799498 0.0012221223
0.06377316 0.0017795268
0.06324982 0.0017718703
0.042252213 0.0013887525
0.062946625 0.0017673059
0.03836627 0.0012379434
0.037603658 0.0012046985
0.061161496 0.0017388848
0.04207875 0.0013804648
0.037339512 0.0011924949
0.037781615 0.001212354
0.03920344 0.0012731572
0.03920344 0.0012731572
0.03872246 0.0012534658
0.038206745 0.001231294
0.037937324 0.0012192772
0.05833072 0.0016937134
0.06328427 0.0017722049
0.038000993 0.0012223376
0.038084902 0.0012259728
0.038084902 0.0012259728
0.06345518 0.0017744894
0.038079835 0.0012259037
0.037921738 0.0012185063
0.03822006 0.0012321208
0.038942996 0.0012630073
0.06341257 0.0017741217
0.041970294 0.0013751298
0.062377997 0.0017579703
0.038583986 0.0012476691
0.038427975 0.0012408915
0.038427975 0.0012408915
0.03777135 0.0012123265
0.037608653 0.0012047107
0.038679376 0.001251617
0.060120195 0.00172305
0.060120195 0.00172305
0.038052972 0.0012243385
0.03871716 0.0012534023
0.037257932 0.001188791
0.061637826 0.001746908
0.03752672 0.001200904
0.03752672 0.001200904
0.036667045 0.0011614141
0.036903933 0.0011724416
0.060312152 0.001726138
0.037095286 0.0011812829
0.037095286 0.0011812829
0.03710218 0.0011812946
0.06288002 0.0017656912
0.036746066 0.0011654095
0.06056746 0.0017306678
0.037151493 0.0011838616
0.037288878 0.0011900153
0.03735815 0.0011933383
0.03735815 0.0011933383
0.037548006 0.0012019698
0.037783545 0.001212369
0.037783545 0.001212369
0.036989182 0.0011763589
0.036989182 0.0011763589
0.06131115 0.0017419369
0.06131115 0.0017419369
0.037730422 0.0012099859
0.060473032 0.001728685
0.0367941 0.0011673933
0.06168734 0.0017477128
0.037323955 0.0011917955
0.037323955 0.0011917955
0.037234306 0.001187764
0.037389062 0.0011947509
0.037389062 0.0011947509
0.037038226 0.0011787587
0.037333768 0.001192316
0.0369917 0.0011766417
0.03690009 0.0011723166
0.060788795 0.0017336399
0.06207497 0.0017537982
0.037225913 0.0011876049
0.037233785 0.0011876131
0.03720385 0.0011863171
0.037154026 0.0011844396
0.037154026 0.0011844396
0.03679124 0.0011673864
0.04259833 0.0013979535
0.062407844 0.0017599973
0.06130348 0.001741703
0.037481524 0.001199252
0.036921896 0.0011734231
0.059836365 0.0017190694
0.059836365 0.0017190694
0.059281547 0.0017101896
0.037209753 0.0011865492
0.037209753 0.0011865492
0.03739933 0.0011951795
0.037436087 0.0011969154
0.060339008 0.0017269228
0.060339008 0.0017269228
0.061039876 0.0017373514
0.042669617 0.0014008584
0.042669617 0.0014008584
0.036856133 0.0011701913
0.04136027 0.0013334894
0.04136027 0.0013334894
0.037456203 0.0011978191
0.035962176 0.0011289278
0.062026016 0.0017532789
0.03762882 0.00120553
0.034270626 0.00063419755
0.036472287 0.0011522024
0.06029507 0.0017261188
0.037452012 0.0011976903
0.03730935 0.0011913612
0.062159628 0.0017553418
0.037245117 0.0011885061
0.036783483 0.0011666964
0.06157193 0.0017462005
0.040054943 0.0013087762
0.047782302 0.0014324102
0.036995623 0.0011773906
0.061161753 0.0017391684
0.061161753 0.0017391684
0.03765351 0.001206581
0.041370265 0.0013348229
0.0402902 0.0013191756
0.036865078 0.0011706561
0.05854293 0.0016969854
0.036755957 0.0011658466
0.061212815 0.0017402411
0.037141312 0.0011836236
0.041358892 0.0013332072
0.04229714 0.0013894038
0.04229712 0.0013894023
0.037472177 0.001198546
0.061420873 0.0017435077
0.042473517 0.0013945064
0.06164778 0.0017469698
0.06100386 0.0017369007
0.06145667 0.0017443751
0.042123746 0.0013818934
0.037511867 0.0012002575
0.03705119 0.0011795197
0.03702849 0.0011783215
0.036626093 0.0011595489
0.042489726 0.0013950313
0.062325135 0.0017577492
0.03740608 0.0011956793
0.03922066 0.0012736402
0.06310184 0.0017690096
0.060669813 0.0017315763
0.060669813 0.0017315763
0.03729249 0.001190154
0.041684538 0.0013544033
0.061994515 0.00175262
0.061994515 0.00175262
0.037495244 0.0011995282
0.037495244 0.0011995282
0.041680973 0.00135433
0.037207194 0.0011864279
0.06167091 0.0017473758
0.036938302 0.0011737989
0.062577836 0.0017621715
0.060827624 0.0017342581
0.06087994 0.0017352153
0.0413479 0.0013330106
0.059037406 0.0017037747
0.039738033 0.0012963462
0.038318835 0.0012356504
0.0383536 0.0012374247
0.03854052 0.0012452676
0.038531363 0.0012452313
0.041918334 0.0013699754
0.038387295 0.001238783
0.038387295 0.001238783
0.038465273 0.0012421691
0.038465273 0.0012421691
0.03866127 0.0012507258
0.041756988 0.001361308
0.038861193 0.0012598269
0.038861193 0.0012598269
0.038758736 0.0012551681
0.038683217 0.0012518195
0.038683217 0.0012518195
0.03782138 0.0012140552
0.038113322 0.0012268402
0.038299363 0.0012353326
0.041568793 0.0013500646
0.041568793 0.0013500646
0.038611062 0.0012488985
0.038200296 0.0012312556
0.03859513 0.0012483663
0.03859513 0.0012483663
0.03848498 0.0012427383
0.038165364 0.0012291913
0.03782926 0.0012144654
0.038099337 0.0012261629
0.0393525 0.0012798693
0.054478403 0.0016296423
0.03849338 0.0012434849
0.03849338 0.0012434849
0.041514337 0.0013459491
0.05914974 0.0017068266
0.059179183 0.0017073001
0.041755117 0.0013610428
0.03833225 0.0012361914
0.03833225 0.0012361914
0.038486797 0.0012434422
0.038486797 0.0012434422
0.038153697 0.0012290294
0.038153697 0.0012290294
0.057398047 0.0016792803
0.038318925 0.0012356711
0.03673969 0.001165008
0.05682654 0.0016664807
0.05780272 0.0016857286
0.0425434 0.0013954856
0.037281908 0.001189771
0.052223805 0.0015904307
0.04004471 0.0013084536
0.056167588 0.0016555354
0.061692733 0.0017482545
0.036466353 0.0011519068
0.05479304 0.0016331719
0.051522303 0.0015740131
0.060184468 0.0017237063
0.05122203 0.0015685838
0.05122203 0.0015685838
0.039331313 0.0012776596
0.06239315 0.0017594682
0.039796606 0.001297977
0.04007453 0.0013102648
0.03673359 0.0011648043
0.039439544 0.0012827123
0.039314818 0.0012774047
0.039314818 0.0012774047
0.036885522 0.0011714516
0.057040744 0.0016727473
0.037112538 0.0011824496
0.03629074 0.0011435718
0.03448705 0.000752123
