0.03784714526823338 0.0006989587178555058
0.03855608126066662 0.0007278724712428707
0.03860804954929585 0.0007445860771216957
0.038688953982352524 0.0007479654853334192
0.03869334652036377 0.0007652635083072658
0.03901244943421637 0.0008110396045704343
0.03901244943421637 0.0008110396045704343
0.03948710280134873 0.0008347224929795212
0.039858131313178204 0.0008651037486434523
0.04008396153429108 0.0008652968403773974
0.0401695621775331 0.0008724223471219898
0.04017239558403361 0.00087428032725758
0.040176142117224214 0.0008767104637423631
0.040176142117224214 0.0008767104637423631
0.040503486794885205 0.0008784873551407908
0.04052018940527941 0.0008963276659040807
0.04057854534022359 0.0009002425125092742
0.04082476465056847 0.0009292888915005559
0.04082476465056847 0.0009292888915005559
0.04143155847169932 0.0009582128150898878
0.04194465271111598 0.0009589488661612694
0.04227381956481519 0.0009698262500133331
0.0423821370232761 0.0009842071706836495
0.04248095372412755 0.0009959883207676773
0.04259008077143588 0.0009964986357554077
0.043207391718729504 0.0010018618521051917
0.04324448476435765 0.0010087953137420972
0.04340750710759464 0.0010285967364473741
0.043933803206779865 0.0010367456261240191
0.044553746002006345 0.001067493370996867
0.044852900623505554 0.0010699689618480419
0.04530558559534472 0.0010910297096992894
0.046272439584232855 0.0011213921232519947
