0.03780166502121308 0.00041932027834978164
0.03794497044665859 0.0004464238167726112
0.03811707028722699 0.0004524536438402646
0.038152100728206295 0.0005832515310444121
0.0381545429988994 0.0005958154666159341
0.038301054724319494 0.000626461953373509
0.038322799650156704 0.0006734678278736639
0.03873784388908364 0.0006818697630418763
0.038747456632891426 0.0006920250633463977
0.038747456632891426 0.0006920250633463977
0.03879920293751049 0.0007820623346094839
0.03897285086573128 0.0008446305638837538
0.04023493059705958 0.0008464455045456258
0.04025256836820643 0.0008477423008572068
0.040286845977468906 0.0008582295827642337
0.040334903470902427 0.000893535573670444
0.04055789692388929 0.0009032343709656789
0.041234827060896595 0.0009104066830458275
0.04129330994801422 0.000912518566636083
0.04131382883094061 0.0009303436576304548
0.04137194245390144 0.0009453931280672169
0.041402471381450284 0.0009536191819378234
0.04145890798485433 0.0009551723943623273
0.04152813056704918 0.0009552952600450312
0.04156803999382572 0.0009567245476639986
0.04156803999382572 0.0009567245476639986
0.04156803999382572 0.0009567245476639986
0.04156803999382572 0.0009567245476639986
0.04156803999382572 0.0009567245476639986
0.04156803999382572 0.0009567245476639986
0.041768745604463364 0.0009620999947742939
0.04178691862013846 0.0009805421503524443
0.04220282040319588 0.0010234344701355311
0.04220282040319588 0.0010234344701355311
0.04324087140589676 0.0010323441371516313
0.0441759688220805 0.0010398382186429347
0.04441984198340362 0.0010484150593138275
0.044800304243629074 0.0010519698697926542
0.044855779415080455 0.0010588362859690207
0.045459715648134114 0.0010659851044698074
0.046084273482187445 0.0010812163355296655
0.04615196565310825 0.0011046393082113116
