0.033236277724543996 0.000719755470849979
0.03409920802053636 0.0007562427505717963
0.034863113959028164 0.0007903452915227433
0.036228347502158746 0.0007915179913556599
0.03649189829825042 0.0008264253717937006
0.03680318532263986 0.0008643772517096145
0.03680372350379566 0.0008823981219628476
0.03705684350159838 0.0008849240118275547
0.037709586856722516 0.0009189463047991379
0.039601189799906844 0.0009312989726979828
0.04092193093505412 0.0009403456882462796
0.04100461850752205 0.0009569295112204755
0.041514739112372426 0.0010363004300198877
0.04331249775810344 0.001088727855135506
0.04716810245558611 0.001095771435519471
0.04896166774108334 0.0012252558130481602
