0.03297685603195106 0.0005112596132100865
0.03303471765306465 0.0005958534491822391
0.03313712110551792 0.0006684712425695358
0.03314349828591583 0.0006834094626683828
0.033189185316023995 0.0006925991110545074
0.03382660585410261 0.0007014060597101337
0.03417099994742055 0.0007014190987857718
0.03434590174920049 0.0007076355272727256
0.03444053474513725 0.0007111216194131428
0.03457923849039931 0.000761426813750011
0.03513854086159354 0.000787747168825715
0.035412871785379475 0.0008368794463058939
0.03573756537341559 0.0008406861839079956
0.03603140458050188 0.0008895193659948361
0.036532985724355274 0.0009115248678591989
0.0380395325613817 0.0009482171458292924
0.038168260901820995 0.0009658695331163688
0.03841658565479853 0.0009725440245201939
0.03857411113549019 0.0009726044842408535
0.039447131477174414 0.0009746078550653597
0.04093894912589007 0.0009811770021705348
0.040991005716497164 0.0009826104795478067
0.044211013519268684 0.0009842770289278252
0.0450606275359402 0.0010475090000850768
0.045893333356093274 0.0010533437118083592
0.04669858758392809 0.0011989690269274375
0.05009576083857223 0.0012464645510426552
0.054600564566214836 0.0012574063701006398
