0.03285770889461832 0.0005877317192243426
0.033251993155434895 0.0007156333996146806
0.034030767761526325 0.0007562182598505569
0.034646491890699835 0.0007685249364231182
0.034828631932942423 0.000809310023826681
0.03513038967507241 0.0008260925700902598
0.03515594260419749 0.0008315572374044953
0.035647422736543595 0.0008590003346727014
0.035981528296634785 0.0008873305619752981
0.036770728803626175 0.0009030949578277489
0.03724228016488269 0.0009330128903715273
0.03789077031526086 0.0010024783099491028
0.039849674007357797 0.001012248012979023
0.040717698570298735 0.0010690373764409048
0.04292558332566454 0.001073103209983633
0.04507870255271363 0.0011199320913865805
0.04544090980045155 0.001123942961624037
0.046879752134620374 0.0011711852908904779
0.04772873216137794 0.001194694469141382
0.047927856092152984 0.001216568341141731
0.04893817227243637 0.0012384084086010509
0.04937909249019379 0.0012659252740175294
0.057600900713329406 0.001315353680957216
0.06045288955503899 0.0013826770842941662
