0.009688977726632068 0.0004743699516093208
0.00971864232473639 0.0005571712396771365
0.010005618896617835 0.0005801094267774485
0.01003593738278975 0.0006481359960311732
0.010269449214428433 0.0007037650267274521
0.010334716997488882 0.0007493071791673605
0.010396366369109108 0.00078841763033302
0.01067638091339377 0.0007972040478369297
0.010707232665693758 0.000845259643403708
0.010959661051783611 0.0008973718477950236
0.011361757596660953 0.0009452746173980765
0.012656544790657821 0.0009500908853946269
0.01326410765208901 0.0009770935814171757
0.014088486789117942 0.0009783420203176175
0.014194772587652279 0.0010006284244502392
0.015343799206153943 0.0010541851065535726
0.015976462533883327 0.0010773542977813642
0.016137395838879784 0.0010882478356690828
0.016545222269780144 0.0010908469569430312
0.016710086544384075 0.0010923923473287395
0.016967727871178256 0.001103958728831237
0.017166747686858677 0.0011304490730539832
0.01742234785211104 0.00116299496161017
0.01748928399012537 0.0011856096413303916
0.01845505249488124 0.0012420211470140956
0.019582440342267825 0.00125209921590514
0.024146456021029897 0.001329031758459948
0.024870936659708916 0.001347286647247735
