0.03273709176964618 0.0006265052537559417
0.03286059601306618 0.0007173917347195864
0.0338639813697977 0.000721751420475086
0.03433183186090717 0.0008059733617110184
0.034392112995518094 0.0008076116781442942
0.03464312806111983 0.0008259594408576596
0.035113755954314346 0.0008401128100673011
0.03564224977562226 0.0008482389360657207
0.03580380770810439 0.0009012826579680448
0.03703580383848831 0.0009224910587224736
0.03728169910812721 0.0009828048117798377
0.03868805596612333 0.00101264774765339
0.03897151319911864 0.001039630114591523
0.041576495672015025 0.001080946813813581
0.046286703511344396 0.0010917043137643786
0.046982473280302674 0.001140595265025629
0.051120145133142766 0.0013032921127022752
