0.04375647380948067 0.0012328810480539687
0.04339352482929826 0.0012225454265717417
0.04339352482929826 0.0012225454265717417
0.04375647380948067 0.0012328810480539687
0.042679982841946185 0.0012029822173644789
0.042679982841946185 0.0012029822173644789
0.04375647380948067 0.0012328810480539687
0.042679982841946185 0.0012029822173644789
0.04375647380948067 0.0012328810480539687
0.03848563530482352 0.0010831141771632247
0.049023292725905776 0.0013330473011592403
0.04375647380948067 0.0012328810480539687
0.042679982841946185 0.0012029822173644789
0.0395803457358852 0.0011106461242889054
0.04470585228409618 0.0012514392583398148
0.04339352482929826 0.0012225454265717417
0.0395803457358852 0.0011106461242889054
0.04375647380948067 0.0012328810480539687
0.04375647380948067 0.0012328810480539687
0.04410845844540745 0.0012398602557368577
0.042679982841946185 0.0012029822173644789
0.04339352482929826 0.0012225454265717417
0.042679982841946185 0.0012029822173644789
0.04375647380948067 0.0012328810480539687
0.03848563530482352 0.0010831141771632247
0.04339352482929826 0.0012225454265717417
0.04375647380948067 0.0012328810480539687
0.04339352482929826 0.0012225454265717417
0.0395803457358852 0.0011106461242889054
0.04375647380948067 0.0012328810480539687
0.04375647380948067 0.0012328810480539687
0.040293887723237276 0.0011302093334961683
0.040293887723237276 0.0011302093334961683
0.042679982841946185 0.0012029822173644789
0.04375647380948067 0.0012328810480539687
0.04375647380948067 0.0012328810480539687
0.04375647380948067 0.0012328810480539687
0.0395803457358852 0.0011106461242889054
0.04375647380948067 0.0012328810480539687
0.0395803457358852 0.0011106461242889054
0.040293887723237276 0.0011302093334961683
0.040293887723237276 0.0011302093334961683
0.04375647380948067 0.0012328810480539687
0.04339352482929826 0.0012225454265717417
0.042679982841946185 0.0012029822173644789
0.04410845844540745 0.0012398602557368577
0.04375647380948067 0.0012328810480539687
0.0395803457358852 0.0011106461242889054
0.04375647380948067 0.0012328810480539687
0.0395803457358852 0.0011106461242889054
0.04375647380948067 0.0012328810480539687
0.04375647380948067 0.0012328810480539687
0.042679982841946185 0.0012029822173644789
0.042679982841946185 0.0012029822173644789
0.04375647380948067 0.0012328810480539687
0.03848563530482352 0.0010831141771632247
0.04375647380948067 0.0012328810480539687
0.04375647380948067 0.0012328810480539687
0.03848563530482352 0.0010831141771632247
0.04410845844540745 0.0012398602557368577
0.042679982841946185 0.0012029822173644789
0.040293887723237276 0.0011302093334961683
0.0395803457358852 0.0011106461242889054
0.042679982841946185 0.0012029822173644789
0.04410845844540745 0.0012398602557368577
0.04339352482929826 0.0012225454265717417
0.04375647380948067 0.0012328810480539687
0.04339352482929826 0.0012225454265717417
0.04375647380948067 0.0012328810480539687
0.0395803457358852 0.0011106461242889054
0.040293887723237276 0.0011302093334961683
0.042679982841946185 0.0012029822173644789
0.04339352482929826 0.0012225454265717417
0.04375647380948067 0.0012328810480539687
0.0395803457358852 0.0011106461242889054
0.042679982841946185 0.0012029822173644789
0.04410845844540745 0.0012398602557368577
0.04375647380948067 0.0012328810480539687
0.0395803457358852 0.0011106461242889054
0.04375647380948067 0.0012328810480539687
0.042679982841946185 0.0012029822173644789
0.04375647380948067 0.0012328810480539687
0.0395803457358852 0.0011106461242889054
0.04375647380948067 0.0012328810480539687
0.042679982841946185 0.0012029822173644789
0.042679982841946185 0.0012029822173644789
0.03848563530482352 0.0010831141771632247
0.04339352482929826 0.0012225454265717417
0.042679982841946185 0.0012029822173644789
0.04375647380948067 0.0012328810480539687
0.04375647380948067 0.0012328810480539687
0.04339352482929826 0.0012225454265717417
0.04470585228409618 0.0012514392583398148
0.0395803457358852 0.0011106461242889054
0.042679982841946185 0.0012029822173644789
0.042679982841946185 0.0012029822173644789
0.04470585228409618 0.0012514392583398148
0.042679982841946185 0.0012029822173644789
0.03848563530482352 0.0010831141771632247
0.04339352482929826 0.0012225454265717417
0.04339352482929826 0.0012225454265717417
0.042679982841946185 0.0012029822173644789
0.0395803457358852 0.0011106461242889054
0.04339352482929826 0.0012225454265717417
0.042679982841946185 0.0012029822173644789
0.04375647380948067 0.0012328810480539687
0.04410845844540745 0.0012398602557368577
0.042679982841946185 0.0012029822173644789
0.04375647380948067 0.0012328810480539687
0.04375647380948067 0.0012328810480539687
0.04375647380948067 0.0012328810480539687
0.0395803457358852 0.0011106461242889054
0.04375647380948067 0.0012328810480539687
0.04339352482929826 0.0012225454265717417
0.04410845844540745 0.0012398602557368577
0.04410845844540745 0.0012398602557368577
0.042679982841946185 0.0012029822173644789
0.0395803457358852 0.0011106461242889054
0.04375647380948067 0.0012328810480539687
0.0395803457358852 0.0011106461242889054
0.04375647380948067 0.0012328810480539687
0.04339352482929826 0.0012225454265717417
0.04375647380948067 0.0012328810480539687
0.042679982841946185 0.0012029822173644789
0.04375647380948067 0.0012328810480539687
0.04375647380948067 0.0012328810480539687
0.042679982841946185 0.0012029822173644789
0.04375647380948067 0.0012328810480539687
0.040293887723237276 0.0011302093334961683
0.04410845844540745 0.0012398602557368577
0.0395803457358852 0.0011106461242889054
0.04375647380948067 0.0012328810480539687
0.042679982841946185 0.0012029822173644789
0.04375647380948067 0.0012328810480539687
0.04339352482929826 0.0012225454265717417
0.04375647380948067 0.0012328810480539687
0.042679982841946185 0.0012029822173644789
0.04410845844540745 0.0012398602557368577
0.042679982841946185 0.0012029822173644789
0.04375647380948067 0.0012328810480539687
0.04375647380948067 0.0012328810480539687
0.0395803457358852 0.0011106461242889054
0.0395803457358852 0.0011106461242889054
0.04410845844540745 0.0012398602557368577
0.04375647380948067 0.0012328810480539687
0.04339352482929826 0.0012225454265717417
0.040293887723237276 0.0011302093334961683
0.042679982841946185 0.0012029822173644789
0.042679982841946185 0.0012029822173644789
0.03848563530482352 0.0010831141771632247
0.03848563530482352 0.0010831141771632247
0.03848563530482352 0.0010831141771632247
0.042679982841946185 0.0012029822173644789
0.04339352482929826 0.0012225454265717417
0.04339352482929826 0.0012225454265717417
0.042679982841946185 0.0012029822173644789
0.04375647380948067 0.0012328810480539687
0.042679982841946185 0.0012029822173644789
0.042679982841946185 0.0012029822173644789
0.0395803457358852 0.0011106461242889054
0.04375647380948067 0.0012328810480539687
0.0395803457358852 0.0011106461242889054
0.042679982841946185 0.0012029822173644789
0.0395803457358852 0.0011106461242889054
0.04410845844540745 0.0012398602557368577
0.04375647380948067 0.0012328810480539687
0.04470585228409618 0.0012514392583398148
0.0395803457358852 0.0011106461242889054
0.04339352482929826 0.0012225454265717417
0.03848563530482352 0.0010831141771632247
0.04339352482929826 0.0012225454265717417
0.04410845844540745 0.0012398602557368577
0.042679982841946185 0.0012029822173644789
0.0395803457358852 0.0011106461242889054
0.042679982841946185 0.0012029822173644789
0.038081153528764844 0.0010441131271363702
0.0395803457358852 0.0011106461242889054
0.04375647380948067 0.0012328810480539687
0.042679982841946185 0.0012029822173644789
0.0395803457358852 0.0011106461242889054
0.04375647380948067 0.0012328810480539687
0.0395803457358852 0.0011106461242889054
0.040293887723237276 0.0011302093334961683
0.04470585228409618 0.0012514392583398148
0.04339352482929826 0.0012225454265717417
0.04375647380948067 0.0012328810480539687
0.04375647380948067 0.0012328810480539687
0.0395803457358852 0.0011106461242889054
0.042679982841946185 0.0012029822173644789
0.04375647380948067 0.0012328810480539687
0.042679982841946185 0.0012029822173644789
0.042679982841946185 0.0012029822173644789
0.040293887723237276 0.0011302093334961683
0.04410845844540745 0.0012398602557368577
0.040293887723237276 0.0011302093334961683
0.04375647380948067 0.0012328810480539687
0.04375647380948067 0.0012328810480539687
0.0395803457358852 0.0011106461242889054
0.04470585228409618 0.0012514392583398148
0.042679982841946185 0.0012029822173644789
0.04375647380948067 0.0012328810480539687
0.04410845844540745 0.0012398602557368577
0.04375647380948067 0.0012328810480539687
0.03738441306632012 0.0009505117377557326
0.04375647380948067 0.0012328810480539687
0.042679982841946185 0.0012029822173644789
0.04375647380948067 0.0012328810480539687
0.0395803457358852 0.0011106461242889054
0.03848563530482352 0.0010831141771632247
0.04375647380948067 0.0012328810480539687
0.042679982841946185 0.0012029822173644789
0.04375647380948067 0.0012328810480539687
0.03848563530482352 0.0010831141771632247
0.04339352482929826 0.0012225454265717417
0.04339352482929826 0.0012225454265717417
0.04375647380948067 0.0012328810480539687
0.04339352482929826 0.0012225454265717417
0.042679982841946185 0.0012029822173644789
0.04470585228409618 0.0012514392583398148
0.04339352482929826 0.0012225454265717417
0.042679982841946185 0.0012029822173644789
0.04375647380948067 0.0012328810480539687
0.042679982841946185 0.0012029822173644789
0.04410845844540745 0.0012398602557368577
0.04339352482929826 0.0012225454265717417
0.03848563530482352 0.0010831141771632247
0.042679982841946185 0.0012029822173644789
0.04339352482929826 0.0012225454265717417
0.04339352482929826 0.0012225454265717417
0.04375647380948067 0.0012328810480539687
0.042679982841946185 0.0012029822173644789
0.0395803457358852 0.0011106461242889054
0.04410845844540745 0.0012398602557368577
0.042679982841946185 0.0012029822173644789
0.04339352482929826 0.0012225454265717417
0.04375647380948067 0.0012328810480539687
0.042679982841946185 0.0012029822173644789
0.04339352482929826 0.0012225454265717417
0.04470585228409618 0.0012514392583398148
0.040293887723237276 0.0011302093334961683
0.04339352482929826 0.0012225454265717417
0.042679982841946185 0.0012029822173644789
0.04410845844540745 0.0012398602557368577
0.0395803457358852 0.0011106461242889054
0.040293887723237276 0.0011302093334961683
0.0395803457358852 0.0011106461242889054
0.0395803457358852 0.0011106461242889054
0.04375647380948067 0.0012328810480539687
0.04375647380948067 0.0012328810480539687
0.04375647380948067 0.0012328810480539687
0.04339352482929826 0.0012225454265717417
0.04339352482929826 0.0012225454265717417
0.04375647380948067 0.0012328810480539687
0.042679982841946185 0.0012029822173644789
0.040293887723237276 0.0011302093334961683
0.042679982841946185 0.0012029822173644789
0.04375647380948067 0.0012328810480539687
0.04375647380948067 0.0012328810480539687
0.042679982841946185 0.0012029822173644789
0.04375647380948067 0.0012328810480539687
0.042679982841946185 0.0012029822173644789
0.03848563530482352 0.0010831141771632247
0.04375647380948067 0.0012328810480539687
0.04375647380948067 0.0012328810480539687
0.04375647380948067 0.0012328810480539687
0.04375647380948067 0.0012328810480539687
0.040293887723237276 0.0011302093334961683
0.042679982841946185 0.0012029822173644789
0.04375647380948067 0.0012328810480539687
0.042679982841946185 0.0012029822173644789
0.04339352482929826 0.0012225454265717417
0.04410845844540745 0.0012398602557368577
0.04375647380948067 0.0012328810480539687
0.04375647380948067 0.0012328810480539687
0.03738441306632012 0.0009505117377557326
0.04339352482929826 0.0012225454265717417
0.03848563530482352 0.0010831141771632247
0.04339352482929826 0.0012225454265717417
0.04339352482929826 0.0012225454265717417
0.03848563530482352 0.0010831141771632247
0.04470585228409618 0.0012514392583398148
0.0395803457358852 0.0011106461242889054
0.042679982841946185 0.0012029822173644789
0.040293887723237276 0.0011302093334961683
0.04375647380948067 0.0012328810480539687
0.04375647380948067 0.0012328810480539687
0.042679982841946185 0.0012029822173644789
0.03848563530482352 0.0010831141771632247
0.03848563530482352 0.0010831141771632247
0.042679982841946185 0.0012029822173644789
0.04375647380948067 0.0012328810480539687
0.042679982841946185 0.0012029822173644789
0.042679982841946185 0.0012029822173644789
0.0395803457358852 0.0011106461242889054
0.04375647380948067 0.0012328810480539687
0.042679982841946185 0.0012029822173644789
0.042679982841946185 0.0012029822173644789
0.04375647380948067 0.0012328810480539687
0.04410845844540745 0.0012398602557368577
0.04375647380948067 0.0012328810480539687
0.042679982841946185 0.0012029822173644789
0.03848563530482352 0.0010831141771632247
0.03848563530482352 0.0010831141771632247
0.0395803457358852 0.0011106461242889054
0.042679982841946185 0.0012029822173644789
0.0395803457358852 0.0011106461242889054
0.04375647380948067 0.0012328810480539687
0.0395803457358852 0.0011106461242889054
0.04339352482929826 0.0012225454265717417
0.04375647380948067 0.0012328810480539687
0.0395803457358852 0.0011106461242889054
0.03848563530482352 0.0010831141771632247
0.04339352482929826 0.0012225454265717417
0.042679982841946185 0.0012029822173644789
0.04339352482929826 0.0012225454265717417
0.042679982841946185 0.0012029822173644789
0.047928844462148845 0.0013134213295415975
0.0395803457358852 0.0011106461242889054
0.042679982841946185 0.0012029822173644789
0.03738441306632012 0.0009505117377557326
0.04375647380948067 0.0012328810480539687
0.04375647380948067 0.0012328810480539687
0.04470585228409618 0.0012514392583398148
0.0395803457358852 0.0011106461242889054
0.042679982841946185 0.0012029822173644789
0.04339352482929826 0.0012225454265717417
0.04339352482929826 0.0012225454265717417
0.040293887723237276 0.0011302093334961683
0.0395803457358852 0.0011106461242889054
0.04375647380948067 0.0012328810480539687
0.04375647380948067 0.0012328810480539687
0.04339352482929826 0.0012225454265717417
0.0395803457358852 0.0011106461242889054
0.04375647380948067 0.0012328810480539687
0.04375647380948067 0.0012328810480539687
0.042679982841946185 0.0012029822173644789
0.04375647380948067 0.0012328810480539687
0.04339352482929826 0.0012225454265717417
0.04410845844540745 0.0012398602557368577
0.04470585228409618 0.0012514392583398148
0.042679982841946185 0.0012029822173644789
0.042679982841946185 0.0012029822173644789
0.049023292725905776 0.0013330473011592403
0.04375647380948067 0.0012328810480539687
0.042679982841946185 0.0012029822173644789
0.042679982841946185 0.0012029822173644789
0.04375647380948067 0.0012328810480539687
0.0395803457358852 0.0011106461242889054
0.04339352482929826 0.0012225454265717417
0.04410845844540745 0.0012398602557368577
0.03848563530482352 0.0010831141771632247
0.0395803457358852 0.0011106461242889054
0.04375647380948067 0.0012328810480539687
0.0395803457358852 0.0011106461242889054
0.04375647380948067 0.0012328810480539687
0.03848563530482352 0.0010831141771632247
0.04375647380948067 0.0012328810480539687
0.042679982841946185 0.0012029822173644789
0.04375647380948067 0.0012328810480539687
0.04375647380948067 0.0012328810480539687
0.042679982841946185 0.0012029822173644789
0.042679982841946185 0.0012029822173644789
0.0395803457358852 0.0011106461242889054
0.04375647380948067 0.0012328810480539687
0.042679982841946185 0.0012029822173644789
0.042679982841946185 0.0012029822173644789
0.04375647380948067 0.0012328810480539687
0.04410845844540745 0.0012398602557368577
0.04375647380948067 0.0012328810480539687
0.04375647380948067 0.0012328810480539687
0.04375647380948067 0.0012328810480539687
0.04375647380948067 0.0012328810480539687
0.04339352482929826 0.0012225454265717417
0.04410845844540745 0.0012398602557368577
0.04375647380948067 0.0012328810480539687
0.040293887723237276 0.0011302093334961683
0.04339352482929826 0.0012225454265717417
0.042679982841946185 0.0012029822173644789
0.04470585228409618 0.0012514392583398148
0.042679982841946185 0.0012029822173644789
0.04375647380948067 0.0012328810480539687
0.04470585228409618 0.0012514392583398148
0.04375647380948067 0.0012328810480539687
0.042679982841946185 0.0012029822173644789
0.0395803457358852 0.0011106461242889054
0.04375647380948067 0.0012328810480539687
0.04470585228409618 0.0012514392583398148
0.042679982841946185 0.0012029822173644789
0.0395803457358852 0.0011106461242889054
0.04339352482929826 0.0012225454265717417
0.042679982841946185 0.0012029822173644789
0.042679982841946185 0.0012029822173644789
0.04470585228409618 0.0012514392583398148
0.042679982841946185 0.0012029822173644789
0.04375647380948067 0.0012328810480539687
0.04375647380948067 0.0012328810480539687
0.04375647380948067 0.0012328810480539687
0.04339352482929826 0.0012225454265717417
0.042679982841946185 0.0012029822173644789
0.04375647380948067 0.0012328810480539687
0.04375647380948067 0.0012328810480539687
0.04375647380948067 0.0012328810480539687
0.04375647380948067 0.0012328810480539687
0.042679982841946185 0.0012029822173644789
0.04470585228409618 0.0012514392583398148
0.04410845844540745 0.0012398602557368577
0.04375647380948067 0.0012328810480539687
0.04375647380948067 0.0012328810480539687
0.04375647380948067 0.0012328810480539687
0.04339352482929826 0.0012225454265717417
0.03848563530482352 0.0010831141771632247
0.049023292725905776 0.0013330473011592403
0.040293887723237276 0.0011302093334961683
0.04339352482929826 0.0012225454265717417
0.040293887723237276 0.0011302093334961683
0.04339352482929826 0.0012225454265717417
0.0395803457358852 0.0011106461242889054
0.04375647380948067 0.0012328810480539687
0.0395803457358852 0.0011106461242889054
0.040293887723237276 0.0011302093334961683
0.04375647380948067 0.0012328810480539687
0.042679982841946185 0.0012029822173644789
0.04339352482929826 0.0012225454265717417
0.042679982841946185 0.0012029822173644789
0.04339352482929826 0.0012225454265717417
0.042679982841946185 0.0012029822173644789
0.04339352482929826 0.0012225454265717417
0.0395803457358852 0.0011106461242889054
0.042679982841946185 0.0012029822173644789
0.040293887723237276 0.0011302093334961683
0.042679982841946185 0.0012029822173644789
0.03848563530482352 0.0010831141771632247
0.04410845844540745 0.0012398602557368577
0.042679982841946185 0.0012029822173644789
0.042679982841946185 0.0012029822173644789
0.042679982841946185 0.0012029822173644789
0.042679982841946185 0.0012029822173644789
0.042679982841946185 0.0012029822173644789
0.042679982841946185 0.0012029822173644789
0.04375647380948067 0.0012328810480539687
0.0395803457358852 0.0011106461242889054
0.0395803457358852 0.0011106461242889054
0.04375647380948067 0.0012328810480539687
0.04410845844540745 0.0012398602557368577
0.042679982841946185 0.0012029822173644789
0.042679982841946185 0.0012029822173644789
0.042679982841946185 0.0012029822173644789
0.04375647380948067 0.0012328810480539687
0.04339352482929826 0.0012225454265717417
0.04410845844540745 0.0012398602557368577
0.042679982841946185 0.0012029822173644789
0.0395803457358852 0.0011106461242889054
0.04375647380948067 0.0012328810480539687
0.04375647380948067 0.0012328810480539687
0.04375647380948067 0.0012328810480539687
0.04375647380948067 0.0012328810480539687
0.0395803457358852 0.0011106461242889054
0.04375647380948067 0.0012328810480539687
0.04375647380948067 0.0012328810480539687
0.04339352482929826 0.0012225454265717417
0.04470585228409618 0.0012514392583398148
0.042679982841946185 0.0012029822173644789
0.042679982841946185 0.0012029822173644789
0.04339352482929826 0.0012225454265717417
0.04375647380948067 0.0012328810480539687
0.040293887723237276 0.0011302093334961683
0.04375647380948067 0.0012328810480539687
0.042679982841946185 0.0012029822173644789
0.04375647380948067 0.0012328810480539687
0.04375647380948067 0.0012328810480539687
0.04375647380948067 0.0012328810480539687
0.04339352482929826 0.0012225454265717417
0.042679982841946185 0.0012029822173644789
0.042679982841946185 0.0012029822173644789
0.04375647380948067 0.0012328810480539687
0.042679982841946185 0.0012029822173644789
0.04375647380948067 0.0012328810480539687
0.038081153528764844 0.0010441131271363702
0.04375647380948067 0.0012328810480539687
0.04375647380948067 0.0012328810480539687
0.04375647380948067 0.0012328810480539687
0.042679982841946185 0.0012029822173644789
0.0395803457358852 0.0011106461242889054
0.0395803457358852 0.0011106461242889054
0.040293887723237276 0.0011302093334961683
0.04410845844540745 0.0012398602557368577
0.04375647380948067 0.0012328810480539687
0.04375647380948067 0.0012328810480539687
0.04375647380948067 0.0012328810480539687
0.04410845844540745 0.0012398602557368577
0.03848563530482352 0.0010831141771632247
0.042679982841946185 0.0012029822173644789
0.04339352482929826 0.0012225454265717417
