0.040293887723237276 0.0011302093334961683
0.04339352482929826 0.0012225454265717417
0.042679982841946185 0.0012029822173644789
0.04339352482929826 0.0012225454265717417
0.04375647380948067 0.0012328810480539687
0.042679982841946185 0.0012029822173644789
0.03848563530482352 0.0010831141771632247
0.042679982841946185 0.0012029822173644789
0.03848563530482352 0.0010831141771632247
0.04375647380948067 0.0012328810480539687
0.042679982841946185 0.0012029822173644789
0.04375647380948067 0.0012328810480539687
0.04375647380948067 0.0012328810480539687
0.04339352482929826 0.0012225454265717417
0.04375647380948067 0.0012328810480539687
0.04339352482929826 0.0012225454265717417
0.042679982841946185 0.0012029822173644789
0.04375647380948067 0.0012328810480539687
0.042679982841946185 0.0012029822173644789
0.04339352482929826 0.0012225454265717417
0.04375647380948067 0.0012328810480539687
0.0395803457358852 0.0011106461242889054
0.04375647380948067 0.0012328810480539687
0.042679982841946185 0.0012029822173644789
0.0395803457358852 0.0011106461242889054
0.0395803457358852 0.0011106461242889054
0.04339352482929826 0.0012225454265717417
0.042679982841946185 0.0012029822173644789
0.04303196747787297 0.0012099614250473678
0.042679982841946185 0.0012029822173644789
0.0395803457358852 0.0011106461242889054
0.04339352482929826 0.0012225454265717417
0.042679982841946185 0.0012029822173644789
0.042679982841946185 0.0012029822173644789
0.04339352482929826 0.0012225454265717417
0.04375647380948067 0.0012328810480539687
0.042679982841946185 0.0012029822173644789
0.0395803457358852 0.0011106461242889054
0.042679982841946185 0.0012029822173644789
0.04339352482929826 0.0012225454265717417
0.042679982841946185 0.0012029822173644789
0.04375647380948067 0.0012328810480539687
0.042679982841946185 0.0012029822173644789
0.03848563530482352 0.0010831141771632247
0.04375647380948067 0.0012328810480539687
0.0372055908665061 0.0008853344743329217
0.04375647380948067 0.0012328810480539687
0.04375647380948067 0.0012328810480539687
0.042679982841946185 0.0012029822173644789
0.04339352482929826 0.0012225454265717417
0.042679982841946185 0.0012029822173644789
0.0395803457358852 0.0011106461242889054
0.03848563530482352 0.0010831141771632247
0.04339352482929826 0.0012225454265717417
0.04375647380948067 0.0012328810480539687
0.03848563530482352 0.0010831141771632247
0.0395803457358852 0.0011106461242889054
0.042679982841946185 0.0012029822173644789
0.04375647380948067 0.0012328810480539687
0.04375647380948067 0.0012328810480539687
0.040293887723237276 0.0011302093334961683
0.04399091866798699 0.0012341244291746989
0.042679982841946185 0.0012029822173644789
0.042679982841946185 0.0012029822173644789
0.04339352482929826 0.0012225454265717417
0.0395803457358852 0.0011106461242889054
0.042679982841946185 0.0012029822173644789
0.04339352482929826 0.0012225454265717417
0.0395803457358852 0.0011106461242889054
0.04375647380948067 0.0012328810480539687
0.042679982841946185 0.0012029822173644789
0.042679982841946185 0.0012029822173644789
0.0395803457358852 0.0011106461242889054
0.042679982841946185 0.0012029822173644789
0.0395803457358852 0.0011106461242889054
0.042679982841946185 0.0012029822173644789
0.03815281728748232 0.0010491356633792748
0.042679982841946185 0.0012029822173644789
0.04375647380948067 0.0012328810480539687
0.040293887723237276 0.0011302093334961683
0.0395803457358852 0.0011106461242889054
0.04375647380948067 0.0012328810480539687
0.042679982841946185 0.0012029822173644789
0.0395803457358852 0.0011106461242889054
0.04375647380948067 0.0012328810480539687
0.04375647380948067 0.0012328810480539687
0.042679982841946185 0.0012029822173644789
0.04339352482929826 0.0012225454265717417
0.042679982841946185 0.0012029822173644789
0.04375647380948067 0.0012328810480539687
0.04375647380948067 0.0012328810480539687
0.04410845844540745 0.0012398602557368577
0.04375647380948067 0.0012328810480539687
0.042679982841946185 0.0012029822173644789
0.04375647380948067 0.0012328810480539687
0.04375647380948067 0.0012328810480539687
0.04375647380948067 0.0012328810480539687
0.03848563530482352 0.0010831141771632247
0.042679982841946185 0.0012029822173644789
0.042679982841946185 0.0012029822173644789
0.04375647380948067 0.0012328810480539687
0.042679982841946185 0.0012029822173644789
0.04375647380948067 0.0012328810480539687
0.04375647380948067 0.0012328810480539687
0.042679982841946185 0.0012029822173644789
0.04375647380948067 0.0012328810480539687
0.042679982841946185 0.0012029822173644789
0.042679982841946185 0.0012029822173644789
0.040293887723237276 0.0011302093334961683
0.042679982841946185 0.0012029822173644789
0.04375647380948067 0.0012328810480539687
0.042679982841946185 0.0012029822173644789
0.03848563530482352 0.0010831141771632247
0.042679982841946185 0.0012029822173644789
0.042679982841946185 0.0012029822173644789
0.04339352482929826 0.0012225454265717417
0.04375647380948067 0.0012328810480539687
0.03848563530482352 0.0010831141771632247
0.042679982841946185 0.0012029822173644789
0.042679982841946185 0.0012029822173644789
0.04375647380948067 0.0012328810480539687
0.042679982841946185 0.0012029822173644789
0.042679982841946185 0.0012029822173644789
0.04375647380948067 0.0012328810480539687
0.042679982841946185 0.0012029822173644789
0.04339352482929826 0.0012225454265717417
0.03848563530482352 0.0010831141771632247
0.04375647380948067 0.0012328810480539687
0.042679982841946185 0.0012029822173644789
0.03848563530482352 0.0010831141771632247
0.042679982841946185 0.0012029822173644789
0.040293887723237276 0.0011302093334961683
0.04375647380948067 0.0012328810480539687
0.040293887723237276 0.0011302093334961683
0.04375647380948067 0.0012328810480539687
0.042679982841946185 0.0012029822173644789
0.04339352482929826 0.0012225454265717417
0.0395803457358852 0.0011106461242889054
0.04375647380948067 0.0012328810480539687
0.04375647380948067 0.0012328810480539687
0.03848563530482352 0.0010831141771632247
0.04375647380948067 0.0012328810480539687
0.04303196747787297 0.0012099614250473678
0.03848563530482352 0.0010831141771632247
0.040293887723237276 0.0011302093334961683
0.04375647380948067 0.0012328810480539687
0.042679982841946185 0.0012029822173644789
0.0395803457358852 0.0011106461242889054
0.04375647380948067 0.0012328810480539687
0.042679982841946185 0.0012029822173644789
0.042679982841946185 0.0012029822173644789
0.042679982841946185 0.0012029822173644789
0.04375647380948067 0.0012328810480539687
0.042679982841946185 0.0012029822173644789
0.042679982841946185 0.0012029822173644789
0.0395803457358852 0.0011106461242889054
0.0395803457358852 0.0011106461242889054
0.04375647380948067 0.0012328810480539687
0.03848563530482352 0.0010831141771632247
0.042679982841946185 0.0012029822173644789
0.03848563530482352 0.0010831141771632247
0.042679982841946185 0.0012029822173644789
0.0374560768250376 0.0009555342739986372
0.042679982841946185 0.0012029822173644789
0.0395803457358852 0.0011106461242889054
0.0372055908665061 0.0008853344743329217
0.04375647380948067 0.0012328810480539687
0.042679982841946185 0.0012029822173644789
0.04375647380948067 0.0012328810480539687
0.04375647380948067 0.0012328810480539687
0.04375647380948067 0.0012328810480539687
0.042679982841946185 0.0012029822173644789
0.03848563530482352 0.0010831141771632247
0.04339352482929826 0.0012225454265717417
0.03848563530482352 0.0010831141771632247
0.04339352482929826 0.0012225454265717417
0.04375647380948067 0.0012328810480539687
0.042679982841946185 0.0012029822173644789
0.042679982841946185 0.0012029822173644789
0.042679982841946185 0.0012029822173644789
0.0395803457358852 0.0011106461242889054
0.042679982841946185 0.0012029822173644789
0.04375647380948067 0.0012328810480539687
0.04375647380948067 0.0012328810480539687
0.04375647380948067 0.0012328810480539687
0.042679982841946185 0.0012029822173644789
0.04375647380948067 0.0012328810480539687
0.04375647380948067 0.0012328810480539687
0.04375647380948067 0.0012328810480539687
0.04339352482929826 0.0012225454265717417
0.040293887723237276 0.0011302093334961683
0.0395803457358852 0.0011106461242889054
0.042679982841946185 0.0012029822173644789
0.03848563530482352 0.0010831141771632247
0.040293887723237276 0.0011302093334961683
0.04375647380948067 0.0012328810480539687
0.042679982841946185 0.0012029822173644789
0.0395803457358852 0.0011106461242889054
0.042679982841946185 0.0012029822173644789
0.04339352482929826 0.0012225454265717417
0.042679982841946185 0.0012029822173644789
0.04375647380948067 0.0012328810480539687
0.03848563530482352 0.0010831141771632247
0.042679982841946185 0.0012029822173644789
0.04339352482929826 0.0012225454265717417
0.04375647380948067 0.0012328810480539687
0.042679982841946185 0.0012029822173644789
0.04375647380948067 0.0012328810480539687
0.04399091866798699 0.0012341244291746989
0.0372055908665061 0.0008853344743329217
0.042679982841946185 0.0012029822173644789
0.04375647380948067 0.0012328810480539687
0.04375647380948067 0.0012328810480539687
0.042679982841946185 0.0012029822173644789
0.040293887723237276 0.0011302093334961683
0.042679982841946185 0.0012029822173644789
0.04375647380948067 0.0012328810480539687
0.04375647380948067 0.0012328810480539687
0.0395803457358852 0.0011106461242889054
0.042679982841946185 0.0012029822173644789
0.0395803457358852 0.0011106461242889054
0.0395803457358852 0.0011106461242889054
0.042679982841946185 0.0012029822173644789
0.04375647380948067 0.0012328810480539687
0.04375647380948067 0.0012328810480539687
0.04339352482929826 0.0012225454265717417
0.04399091866798699 0.0012341244291746989
0.04375647380948067 0.0012328810480539687
0.042679982841946185 0.0012029822173644789
0.04375647380948067 0.0012328810480539687
0.042679982841946185 0.0012029822173644789
0.042679982841946185 0.0012029822173644789
0.042679982841946185 0.0012029822173644789
0.042679982841946185 0.0012029822173644789
0.04339352482929826 0.0012225454265717417
0.042679982841946185 0.0012029822173644789
0.04375647380948067 0.0012328810480539687
0.04339352482929826 0.0012225454265717417
0.04339352482929826 0.0012225454265717417
0.042679982841946185 0.0012029822173644789
0.03848563530482352 0.0010831141771632247
0.04375647380948067 0.0012328810480539687
0.0395803457358852 0.0011106461242889054
0.042679982841946185 0.0012029822173644789
0.04410845844540745 0.0012398602557368577
0.04375647380948067 0.0012328810480539687
0.042679982841946185 0.0012029822173644789
0.04375647380948067 0.0012328810480539687
0.03848563530482352 0.0010831141771632247
0.0395803457358852 0.0011106461242889054
0.042679982841946185 0.0012029822173644789
0.04375647380948067 0.0012328810480539687
0.042679982841946185 0.0012029822173644789
0.04375647380948067 0.0012328810480539687
0.04375647380948067 0.0012328810480539687
0.0395803457358852 0.0011106461242889054
0.0395803457358852 0.0011106461242889054
0.0395803457358852 0.0011106461242889054
0.042679982841946185 0.0012029822173644789
0.04375647380948067 0.0012328810480539687
0.042679982841946185 0.0012029822173644789
0.04375647380948067 0.0012328810480539687
0.042679982841946185 0.0012029822173644789
0.04375647380948067 0.0012328810480539687
0.042679982841946185 0.0012029822173644789
0.042679982841946185 0.0012029822173644789
0.04375647380948067 0.0012328810480539687
0.0395803457358852 0.0011106461242889054
0.04375647380948067 0.0012328810480539687
0.042679982841946185 0.0012029822173644789
0.042679982841946185 0.0012029822173644789
0.042679982841946185 0.0012029822173644789
0.04339352482929826 0.0012225454265717417
0.042679982841946185 0.0012029822173644789
0.042679982841946185 0.0012029822173644789
0.042679982841946185 0.0012029822173644789
0.03815281728748232 0.0010491356633792748
0.04375647380948067 0.0012328810480539687
0.04375647380948067 0.0012328810480539687
0.04375647380948067 0.0012328810480539687
0.042679982841946185 0.0012029822173644789
0.042679982841946185 0.0012029822173644789
0.04375647380948067 0.0012328810480539687
0.04375647380948067 0.0012328810480539687
0.03848563530482352 0.0010831141771632247
0.04375647380948067 0.0012328810480539687
0.0395803457358852 0.0011106461242889054
0.042679982841946185 0.0012029822173644789
0.042679982841946185 0.0012029822173644789
0.04375647380948067 0.0012328810480539687
0.042679982841946185 0.0012029822173644789
0.04375647380948067 0.0012328810480539687
0.03848563530482352 0.0010831141771632247
0.042679982841946185 0.0012029822173644789
0.042679982841946185 0.0012029822173644789
0.042679982841946185 0.0012029822173644789
0.04375647380948067 0.0012328810480539687
0.040293887723237276 0.0011302093334961683
0.040293887723237276 0.0011302093334961683
0.04375647380948067 0.0012328810480539687
0.042679982841946185 0.0012029822173644789
0.042679982841946185 0.0012029822173644789
0.040293887723237276 0.0011302093334961683
0.0395803457358852 0.0011106461242889054
0.042679982841946185 0.0012029822173644789
0.04375647380948067 0.0012328810480539687
0.040293887723237276 0.0011302093334961683
0.042679982841946185 0.0012029822173644789
0.042679982841946185 0.0012029822173644789
0.04375647380948067 0.0012328810480539687
0.04339352482929826 0.0012225454265717417
0.04375647380948067 0.0012328810480539687
0.042679982841946185 0.0012029822173644789
0.04339352482929826 0.0012225454265717417
0.0395803457358852 0.0011106461242889054
0.042679982841946185 0.0012029822173644789
0.03848563530482352 0.0010831141771632247
0.0383770486805588 0.0010763768950710073
0.042679982841946185 0.0012029822173644789
0.04339352482929826 0.0012225454265717417
0.04375647380948067 0.0012328810480539687
0.0395803457358852 0.0011106461242889054
0.042679982841946185 0.0012029822173644789
0.040293887723237276 0.0011302093334961683
0.04375647380948067 0.0012328810480539687
0.0395803457358852 0.0011106461242889054
0.042679982841946185 0.0012029822173644789
0.04375647380948067 0.0012328810480539687
0.04375647380948067 0.0012328810480539687
0.04375647380948067 0.0012328810480539687
0.03848563530482352 0.0010831141771632247
0.042679982841946185 0.0012029822173644789
0.04375647380948067 0.0012328810480539687
0.04375647380948067 0.0012328810480539687
0.0383770486805588 0.0010763768950710073
0.0395803457358852 0.0011106461242889054
0.04375647380948067 0.0012328810480539687
0.04375647380948067 0.0012328810480539687
0.040293887723237276 0.0011302093334961683
0.04339352482929826 0.0012225454265717417
0.0395803457358852 0.0011106461242889054
0.04328493820503354 0.0012158081444795243
0.04375647380948067 0.0012328810480539687
0.042679982841946185 0.0012029822173644789
0.04375647380948067 0.0012328810480539687
0.03848563530482352 0.0010831141771632247
0.040293887723237276 0.0011302093334961683
0.04375647380948067 0.0012328810480539687
0.042679982841946185 0.0012029822173644789
0.04375647380948067 0.0012328810480539687
0.04339352482929826 0.0012225454265717417
0.0395803457358852 0.0011106461242889054
0.04339352482929826 0.0012225454265717417
0.042679982841946185 0.0012029822173644789
0.042679982841946185 0.0012029822173644789
0.0395803457358852 0.0011106461242889054
0.0395803457358852 0.0011106461242889054
0.0395803457358852 0.0011106461242889054
0.04375647380948067 0.0012328810480539687
0.0395803457358852 0.0011106461242889054
0.03848563530482352 0.0010831141771632247
0.04375647380948067 0.0012328810480539687
0.0395803457358852 0.0011106461242889054
0.04375647380948067 0.0012328810480539687
0.03848563530482352 0.0010831141771632247
0.04375647380948067 0.0012328810480539687
0.04339352482929826 0.0012225454265717417
0.042679982841946185 0.0012029822173644789
0.042679982841946185 0.0012029822173644789
0.04375647380948067 0.0012328810480539687
0.04375647380948067 0.0012328810480539687
0.042679982841946185 0.0012029822173644789
0.04375647380948067 0.0012328810480539687
0.04410845844540745 0.0012398602557368577
0.04375647380948067 0.0012328810480539687
0.040293887723237276 0.0011302093334961683
0.04375647380948067 0.0012328810480539687
0.042679982841946185 0.0012029822173644789
0.04375647380948067 0.0012328810480539687
0.04339352482929826 0.0012225454265717417
0.04375647380948067 0.0012328810480539687
0.042679982841946185 0.0012029822173644789
0.042679982841946185 0.0012029822173644789
0.0395803457358852 0.0011106461242889054
0.0372055908665061 0.0008853344743329217
0.0395803457358852 0.0011106461242889054
0.0395803457358852 0.0011106461242889054
0.04375647380948067 0.0012328810480539687
0.0372055908665061 0.0008853344743329217
0.04375647380948067 0.0012328810480539687
0.042679982841946185 0.0012029822173644789
0.0395803457358852 0.0011106461242889054
0.042679982841946185 0.0012029822173644789
0.042679982841946185 0.0012029822173644789
0.04375647380948067 0.0012328810480539687
0.04375647380948067 0.0012328810480539687
0.04375647380948067 0.0012328810480539687
0.04339352482929826 0.0012225454265717417
0.04339352482929826 0.0012225454265717417
0.042679982841946185 0.0012029822173644789
0.04375647380948067 0.0012328810480539687
0.04410845844540745 0.0012398602557368577
0.0395803457358852 0.0011106461242889054
0.04375647380948067 0.0012328810480539687
0.04339352482929826 0.0012225454265717417
0.042679982841946185 0.0012029822173644789
0.03848563530482352 0.0010831141771632247
0.03848563530482352 0.0010831141771632247
0.042679982841946185 0.0012029822173644789
0.04339352482929826 0.0012225454265717417
0.0395803457358852 0.0011106461242889054
0.0395803457358852 0.0011106461242889054
0.04339352482929826 0.0012225454265717417
0.042679982841946185 0.0012029822173644789
0.04375647380948067 0.0012328810480539687
0.042679982841946185 0.0012029822173644789
0.0395803457358852 0.0011106461242889054
0.03848563530482352 0.0010831141771632247
0.04375647380948067 0.0012328810480539687
0.042679982841946185 0.0012029822173644789
0.042679982841946185 0.0012029822173644789
0.042679982841946185 0.0012029822173644789
0.042679982841946185 0.0012029822173644789
0.040293887723237276 0.0011302093334961683
0.042679982841946185 0.0012029822173644789
0.042679982841946185 0.0012029822173644789
0.04375647380948067 0.0012328810480539687
0.04339352482929826 0.0012225454265717417
0.04375647380948067 0.0012328810480539687
0.04375647380948067 0.0012328810480539687
0.040293887723237276 0.0011302093334961683
0.042679982841946185 0.0012029822173644789
0.04339352482929826 0.0012225454265717417
0.04375647380948067 0.0012328810480539687
0.042679982841946185 0.0012029822173644789
0.03848563530482352 0.0010831141771632247
0.0395803457358852 0.0011106461242889054
0.042679982841946185 0.0012029822173644789
0.042679982841946185 0.0012029822173644789
0.0395803457358852 0.0011106461242889054
0.04375647380948067 0.0012328810480539687
0.04375647380948067 0.0012328810480539687
0.04410845844540745 0.0012398602557368577
0.04375647380948067 0.0012328810480539687
0.03848563530482352 0.0010831141771632247
0.042679982841946185 0.0012029822173644789
0.04375647380948067 0.0012328810480539687
0.040293887723237276 0.0011302093334961683
0.03848563530482352 0.0010831141771632247
0.0395803457358852 0.0011106461242889054
0.0395803457358852 0.0011106461242889054
0.042679982841946185 0.0012029822173644789
0.04375647380948067 0.0012328810480539687
0.042679982841946185 0.0012029822173644789
0.042679982841946185 0.0012029822173644789
0.042679982841946185 0.0012029822173644789
0.042679982841946185 0.0012029822173644789
0.042679982841946185 0.0012029822173644789
0.04339352482929826 0.0012225454265717417
0.03848563530482352 0.0010831141771632247
0.04375647380948067 0.0012328810480539687
0.04375647380948067 0.0012328810480539687
0.042679982841946185 0.0012029822173644789
0.04375647380948067 0.0012328810480539687
0.0395803457358852 0.0011106461242889054
0.03848563530482352 0.0010831141771632247
0.04375647380948067 0.0012328810480539687
0.04375647380948067 0.0012328810480539687
0.040293887723237276 0.0011302093334961683
0.042679982841946185 0.0012029822173644789
0.04339352482929826 0.0012225454265717417
0.03848563530482352 0.0010831141771632247
