0.008949223805757661 0.0002826380033661638
0.009090816691647536 0.0003397050251427798
0.00918497431483998 0.00033972827941645896
0.009210794079641205 0.0004353222368802558
0.00939078309756207 0.0004899372657051116
0.009396939630894212 0.0004918166468655715
0.009396939630894212 0.0004918166468655715
0.00948058687652112 0.0004954161437930434
0.009481101372046013 0.0005044485188052774
0.00980820352740246 0.0005321429387385207
0.009877832807623216 0.0005482577578146612
0.009952695320448955 0.0005487834971415468
0.010075726509177695 0.0005811040898374446
0.010082551847735686 0.0007214424923666979
0.010471149804501659 0.0008105569994297426
0.010558621551978996 0.0008575483410225952
0.010857823136199301 0.0008603076681724845
0.011109177029322355 0.0008926077486932062
0.011469231607808411 0.0009363791831775103
0.011916390572287907 0.000991843377482817
0.012370354643329062 0.0010506349064203092
0.015829960556924955 0.001140323542025028
0.016442185394868337 0.0011591222986210336
0.01847788251930759 0.001238659665662644
