0.009830720636649588 0.0003396613919401119
0.010016885441014096 0.0005291462033083313
0.010018104399199205 0.0006112228926179979
0.010368894702670663 0.0006882557918640492
0.010433795046902205 0.0006953883961206822
0.010482758194642942 0.0007506491894051308
0.010557681951336852 0.0009299081877957777
0.010586777673832903 0.000935766487754279
0.010728764937475453 0.000961044448956117
0.011072618509862315 0.0009616303310147338
0.011303798619611134 0.0010028459910329467
0.01170055635151752 0.0010625277749484188
0.013022927601650535 0.0010802089429044616
0.015231901719968844 0.0010907517648143538
0.0162499171920591 0.0010915678647288683
0.016274875887304825 0.0011071100942300423
0.016526924455519013 0.0011445858607137217
0.017088845583741172 0.0012319571800296384
0.02524648492750006 0.0012635236997996467
