0.009764282075225693 0.0003061984804160858
0.009908928034426345 0.00046242612584625225
0.010025695038387671 0.0005005329091634555
0.010143381546924268 0.0005101434352445328
0.010201332303287512 0.0007708682771458294
0.010459981907957328 0.0007856461580194063
0.010676622596047857 0.0007892988915528499
0.010711695346396858 0.0008514130462946156
0.010808007659487511 0.0009481276367107785
0.011203575899232182 0.0009842037964713636
0.01185469009748168 0.0009963499640495159
0.01195613568279294 0.0010179884522946226
0.013785264769740692 0.0010210605676307949
0.014537368472846488 0.0010692762834982436
0.015547156529731349 0.0011076505954296543
0.017387127197277044 0.0011145786676135068
0.018064696129905907 0.0013242419690193243
