0.009416729691212957 0.0003972113800954914
0.009740790153374678 0.0006098287815429551
0.01022149291710907 0.0007188586490117365
0.010335781586958314 0.0009371398548285246
0.01124181315421047 0.0009488129771861161
0.011930865038658634 0.0010089777100351493
0.013604369578527589 0.001033461480959353
0.015177999358262431 0.0010378996439097648
0.015212801166277932 0.001062010435254754
0.01577176187118276 0.001070086313861409
0.016567936092494642 0.001103366641794609
0.016799249628263364 0.0011393463984339116
0.0214299776135176 0.001180516158410839
0.02247123467784342 0.0012755425774492756
