0.009549639863504338 0.00036223931542730075
0.009628470581012875 0.0005242926048379095
0.009660725234184646 0.0005821157109245448
0.010086656684952552 0.0006198558688467835
0.010171547353442384 0.0006252802972218582
0.010256118715019195 0.000695866026184302
0.010322474037800082 0.0007337557186236762
0.010333650487231578 0.0008003040193692556
0.010688470286174971 0.0008098797777104693
0.010805487795906869 0.0008631441082684393
0.010950307385289605 0.0009459338872866072
0.011862654540906301 0.0009588343771466933
0.011906246068699885 0.0009800618469594723
0.01221308174901023 0.0009880277699729986
0.012795498654865404 0.0010062553650289972
0.013911639204409534 0.0010903093609263717
0.016365693453004405 0.0011004741012611138
0.017134350839176887 0.0011764751369085368
0.017193007509520433 0.0012075259929106262
0.017539871228701 0.001239799053968436
0.018227144515532222 0.0012497796804449921
0.022031173677754493 0.0013797624562549957
