0.009863082912311003 0.0004016935871033803
0.00992373344946771 0.0006196413876051513
0.01002311742217081 0.0007533085738746385
0.010144397994265773 0.000847734514337837
0.01063527161415868 0.0008603120393597508
0.01091569726851098 0.0009288408135265618
0.011050830277614564 0.000989718956293921
0.011195017243683176 0.0010008890215427706
0.012970079482062998 0.0010239739761634605
0.013114653956222 0.0010384343561352957
0.014842425696920208 0.001105340578164222
0.015778478545499748 0.0011438416369227114
0.017417082347585933 0.001231675348063972
0.018911305107097234 0.0012730051737798983
0.020242463464267755 0.001313802459968619
