0.000265918018175
0.00023978364315
0.000284369923634
0.000276573478121
0.000286184824868
0.000294666330331
0.000264622148283
0.000246792094827
0.00032660280376
0.000263689462209
0.000288242880324
0.000454506590461
0.000241614496558
0.000207400081602
0.000254772637077
0.000279817055367
0.000291948154796
0.000213313292658
0.000310394400233
0.000303192924757
0.000327569409403
0.000305593434661
0.000255555684283
0.000193256825077
0.000214597336032
0.000216306683442
0.000301033912798
0.00027367049161
0.000288169716305
0.00038815113344
