0.038912736 0.0007840127
0.04513362 0.0009692177
0.04374091 0.0009358517
0.044472158 0.0009618692
0.041257516 0.00085762853
0.037244163 0.00044543043
0.037244163 0.00044543043
0.043664053 0.00092468236
0.04297405 0.00092436717
0.03936149 0.00081042584
0.037443865 0.0005691444
0.037443865 0.0005691444
0.037339352 0.00048631715
0.037932817 0.00072463026
0.037861086 0.0006945296
0.037679233 0.0006748474
0.037542537 0.0006208218
0.037493292 0.0005983667
0.037351765 0.0005348605
0.037514478 0.00060071226
0.039528698 0.0008409981
0.03894922 0.00080334645
0.038523186 0.0007438861
0.03861078 0.000751435
0.038486443 0.00074033655
0.043978613 0.0009395286
0.04164753 0.0008682167
0.03757014 0.00064222363
0.03866569 0.00076015916
0.041792568 0.0008942142
0.0409382 0.0008440287
0.038368836 0.00073816796
0.038862094 0.0007754994
0.038130756 0.0007366213
0.037866194 0.000714583
0.041941542 0.00092028
