0.039771426 0.0011168962
0.03977265 0.001116919
0.039771996 0.0011169069
0.039772443 0.0011169151
0.039771818 0.0011169035
0.039773133 0.001116928
0.03997531 0.0011226976
0.038719002 0.0010886264
0.039123572 0.001099871
0.039704297 0.0011156247
0.038719434 0.0010886424
0.03970226 0.0011155871
0.038718797 0.0010886188
0.03977959 0.0011170361
0.03912862 0.0010999888
0.039125197 0.0010999091
0.038718313 0.0010886008
0.08324075 0.002094173
0.08324075 0.002094173
0.08324075 0.002094173
0.08324075 0.002094173
0.08324075 0.002094173
0.08324075 0.002094173
0.08324075 0.002094173
0.08324075 0.002094173
0.08324075 0.002094173
0.08324075 0.002094173
0.08324075 0.002094173
0.08324075 0.002094173
0.08324075 0.002094173
0.08324075 0.002094173
0.08324075 0.002094173
0.08324075 0.002094173
0.08324075 0.002094173
0.08324075 0.002094173
0.08324075 0.002094173
0.08324075 0.002094173
0.08324075 0.002094173
0.08324075 0.002094173
0.08324075 0.002094173
0.08324075 0.002094173
0.08324075 0.002094173
0.08324075 0.002094173
0.08324075 0.002094173
0.08324075 0.002094173
0.08324075 0.002094173
0.08324075 0.002094173
0.08324075 0.002094173
0.08324075 0.002094173
0.08324075 0.002094173
0.08324075 0.002094173
0.08324075 0.002094173
0.08324075 0.002094173
0.08324075 0.002094173
0.08324075 0.002094173
0.08324075 0.002094173
0.08324075 0.002094173
0.08324075 0.002094173
0.08324075 0.002094173
0.038658623 0.0010864179
0.038658038 0.0010863967
0.03865601 0.001086322
0.039251372 0.0011028849
0.03976438 0.0011167489
0.038664255 0.0010866257
0.038665395 0.0010866675
0.039765865 0.0011167772
0.039729 0.0011160916
0.03976264 0.0011167162
0.039762218 0.0011167091
0.038659018 0.0010864321
0.038689144 0.001087543
0.038659073 0.0010864353
0.039764117 0.0011167442
0.038690425 0.00108759
0.039762042 0.0011167055
0.03869037 0.0010875881
0.038664266 0.0010866262
0.038659 0.0010864321
0.03865971 0.0010864583
0.038659867 0.001086464
0.038689554 0.0010875582
0.038690455 0.0010875915
0.03866511 0.0010866573
0.039094154 0.0010991757
0.038626973 0.0010856967
0.039094523 0.0010991843
0.039396185 0.0011062779
0.03939182 0.0011061747
0.03949876 0.001108711
0.039837237 0.001118097
0.03998835 0.0011974656
0.03902089 0.0010974584
0.039391425 0.0011061652
0.03998835 0.0011974656
0.039395772 0.001106268
0.039395712 0.0011062666
0.039524604 0.0011093239
0.03952025 0.0011092206
0.03998835 0.0011974656
0.03998835 0.0011974656
0.03998835 0.0011974656
0.03998835 0.0011974656
0.03998835 0.0011974656
0.03998835 0.0011974656
0.03998835 0.0011974656
0.03998835 0.0011974656
0.03998835 0.0011974656
0.03998835 0.0011974656
0.03998835 0.0011974656
0.03998835 0.0011974656
0.03998835 0.0011974656
0.03998835 0.0011974656
0.03998835 0.0011974656
0.03998835 0.0011974656
0.03998835 0.0011974656
0.03998835 0.0011974656
0.03998835 0.0011974656
0.03998835 0.0011974656
0.03998835 0.0011974656
0.03998835 0.0011974656
0.03998835 0.0011974656
0.03998835 0.0011974656
0.03998835 0.0011974656
0.03998835 0.0011974656
0.03998835 0.0011974656
0.03998835 0.0011974656
0.03998835 0.0011974656
0.03998835 0.0011974656
0.03998835 0.0011974656
0.03998835 0.0011974656
0.03998835 0.0011974656
0.03998835 0.0011974656
0.03998835 0.0011974656
0.03998835 0.0011974656
0.03998835 0.0011974656
0.03998835 0.0011974656
0.03998835 0.0011974656
0.03998835 0.0011974656
0.03998835 0.0011974656
0.08324075 0.002094173
0.08324075 0.002094173
0.08324075 0.002094173
0.08324075 0.002094173
0.08324075 0.002094173
0.08324075 0.002094173
0.08324075 0.002094173
0.08324075 0.002094173
0.08324075 0.002094173
0.08324075 0.002094173
0.08324075 0.002094173
0.08324075 0.002094173
0.039752856 0.0011165511
0.03974784 0.0011164576
0.03974942 0.001116487
0.039737906 0.0011162729
0.039754473 0.001116581
0.030714555 0.00057283556
0.039753012 0.001116554
0.038669266 0.0010867994
0.039750393 0.0011165054
0.03975521 0.0011165949
0.030714555 0.00057283556
0.03974702 0.0011164423
0.039743975 0.0011163856
0.030714555 0.00057283556
0.039746154 0.0011164262
0.039741296 0.0011163357
0.030714555 0.00057283556
0.03974523 0.001116409
0.039756414 0.0011166173
0.03975641 0.0011166172
0.030714555 0.00057283556
0.03974805 0.0011164614
0.039752524 0.0011165449
0.030714555 0.00057283556
0.030714555 0.00057283556
0.039770473 0.0011168796
0.039756224 0.0011166137
0.030714555 0.00057283556
0.030714555 0.00057283556
0.03782224 0.0010644589
0.037802845 0.0010639939
0.037390508 0.001041451
0.03781609 0.0010643082
0.037379216 0.0010411353
0.037837762 0.0010648232
0.038072936 0.001073244
0.037397828 0.0010487613
0.037840128 0.0010650884
0.03781166 0.0010642331
0.03807144 0.0010731394
0.037387397 0.0010413129
0.037836973 0.0010647175
0.037359435 0.0010405345
0.03739754 0.0010417587
0.03785773 0.0010652291
0.037394214 0.0010415568
0.03779672 0.001063837
0.03735357 0.0010403679
0.037374277 0.0010409608
0.036557846 0.00084790954
0.038485635 0.0010831142
0.038485635 0.0010831142
0.038564455 0.0010845625
0.0386464 0.0010860683
0.038590956 0.0010850495
0.038546477 0.0010842322
0.039049115 0.0010981233
0.038485635 0.0010831142
0.030714555 0.00057283556
0.030714555 0.00057283556
0.030714555 0.00057283556
0.030714555 0.00057283556
0.030714555 0.00057283556
0.030714555 0.00057283556
0.030714555 0.00057283556
0.030714555 0.00057283556
0.030714555 0.00057283556
0.030714555 0.00057283556
0.030714555 0.00057283556
0.030714555 0.00057283556
0.030714555 0.00057283556
0.030714555 0.00057283556
0.030714555 0.00057283556
0.030714555 0.00057283556
0.030714555 0.00057283556
0.030714555 0.00057283556
0.030714555 0.00057283556
0.030714555 0.00057283556
0.030714555 0.00057283556
0.030714555 0.00057283556
0.030714555 0.00057283556
0.030714555 0.00057283556
0.030714555 0.00057283556
0.030714555 0.00057283556
0.030714555 0.00057283556
0.030714555 0.00057283556
0.030714555 0.00057283556
0.030714555 0.00057283556
0.030714555 0.00057283556
0.030714555 0.00057283556
0.030714555 0.00057283556
0.030714555 0.00057283556
0.030714555 0.00057283556
0.030714555 0.00057283556
0.030714555 0.00057283556
0.030714555 0.00057283556
0.030714555 0.00057283556
0.03939046 0.0011060997
0.0393847 0.0011059627
0.08324075 0.002094173
0.039387062 0.0011060183
0.08324075 0.002094173
0.08324075 0.002094173
0.08324075 0.002094173
0.08324075 0.002094173
0.08324075 0.002094173
0.08324075 0.002094173
0.08324075 0.002094173
0.08324075 0.002094173
0.038485635 0.0010831142
0.08324075 0.002094173
0.039387755 0.0011060352
0.08324075 0.002094173
0.08324075 0.002094173
0.038485635 0.0010831142
0.08324075 0.002094173
0.08324075 0.002094173
0.038485635 0.0010831142
0.030714555 0.00057283556
0.030714555 0.00057283556
0.030714555 0.00057283556
0.030714555 0.00057283556
0.030714555 0.00057283556
0.030714555 0.00057283556
0.030714555 0.00057283556
0.030714555 0.00057283556
0.030714555 0.00057283556
0.030714555 0.00057283556
0.030714555 0.00057283556
0.030714555 0.00057283556
0.030714555 0.00057283556
0.030714555 0.00057283556
0.030714555 0.00057283556
0.030714555 0.00057283556
0.030714555 0.00057283556
0.030714555 0.00057283556
0.030714555 0.00057283556
0.030714555 0.00057283556
0.030714555 0.00057283556
0.030714555 0.00057283556
0.030714555 0.00057283556
0.030714555 0.00057283556
0.030714555 0.00057283556
0.030714555 0.00057283556
0.030714555 0.00057283556
0.030714555 0.00057283556
0.030714555 0.00057283556
0.030714555 0.00057283556
0.030714555 0.00057283556
0.030714555 0.00057283556
0.030714555 0.00057283556
0.030714555 0.00057283556
0.030714555 0.00057283556
0.030714555 0.00057283556
0.030714555 0.00057283556
0.03972584 0.0011160272
0.039726526 0.0011160398
0.0386461 0.0010860447
0.03977863 0.0011170172
0.038293824 0.0010759918
0.03987145 0.0011196625
0.03972665 0.0011160421
0.03972551 0.0011160207
0.039725736 0.0011160253
0.03972638 0.001116037
0.038645774 0.0010860387
0.038597796 0.0010851714
0.03983767 0.0011185744
0.038699158 0.0010878814
0.039725833 0.0011160267
0.03864628 0.0010860481
0.03864559 0.0010860353
0.03972534 0.0011160176
0.039769992 0.0011168482
0.039725203 0.0011160149
0.038485635 0.0010831142
0.038657453 0.0010863631
0.03829435 0.0010760251
0.038485635 0.0010831142
0.038716976 0.0010885705
0.038656756 0.0010863378
0.039766956 0.001116798
0.038294908 0.0010760458
0.039768677 0.00111683
0.038295697 0.0010760748
0.038657814 0.0010863765
0.038657945 0.0010863821
0.03865765 0.0010863706
0.038294002 0.0010760122
0.03865755 0.0010863668
0.03976943 0.0011168441
0.038657706 0.0010863729
0.03865719 0.0010863532
0.038697675 0.0010878454
0.03869768 0.0010878457
0.03926018 0.001103095
0.038686313 0.0010868111
0.03866295 0.0010865683
0.038685966 0.0010868047
0.038686376 0.0010868122
0.038660716 0.001086486
0.03924616 0.0011027585
0.039973445 0.0011226487
0.038620856 0.0010856296
0.0392421 0.0011026631
0.038685903 0.0010868035
0.03868611 0.0010868075
0.03939475 0.0011062656
0.039247945 0.0011028005
0.038661063 0.0010864987
0.039246224 0.00110276
0.03924601 0.001102755
0.039007876 0.0010956198
0.038661536 0.0010865162
0.039446257 0.0011074813
0.03924755 0.0011027912
0.039247673 0.001102794
0.038661413 0.0010865116
0.039248556 0.0011028147
0.039462402 0.0011078623
0.039247703 0.0011027947
0.039246727 0.0011027717
0.039247286 0.0011027849
0.039247602 0.0011027923
0.039245456 0.0011027418
0.038485635 0.0010831142
0.039257232 0.0011030186
0.039247695 0.0011027945
0.039280258 0.0011035631
0.0392484 0.001102811
0.039961226 0.0011223606
0.039245438 0.0011027415
0.038660515 0.0010864787
0.039248127 0.0011028046
0.03924685 0.0011027746
0.039247047 0.0011027793
0.039248407 0.0011028112
0.03868716 0.0010868269
0.039511804 0.001109001
0.03838503 0.0010793868
0.03924801 0.0011028018
0.039324276 0.0011046021
0.039247174 0.0011027823
0.039248165 0.0011028055
0.039248303 0.0011028087
0.03924808 0.0011028035
0.03868579 0.0010868015
0.039244875 0.0011027282
0.039960388 0.0011223409
0.03925683 0.00110301
0.038485635 0.0010831142
0.038485635 0.0010831142
0.038485635 0.0010831142
0.03941758 0.001106779
0.039338045 0.0011048896
0.03933818 0.0011048927
0.038256176 0.0010745856
0.038256217 0.0010745871
0.03832721 0.0010772258
0.03933804 0.0011048894
0.039434105 0.0011071716
0.038377423 0.0010790922
0.038485635 0.0010831142
0.03825594 0.001074577
0.039375488 0.001105779
0.038485635 0.0010831142
0.038256325 0.0010745911
0.039338265 0.0011048947
0.039338674 0.0011049043
0.038485635 0.0010831142
0.039337937 0.0011048869
0.038430627 0.0010810872
0.03825621 0.0010745868
0.038256146 0.0010745844
0.038256336 0.0010745914
0.038706955 0.0010881779
0.038485635 0.0010831142
0.03856237 0.0010845204
0.038237963 0.001073926
0.039338417 0.0011048982
0.039337758 0.0011048826
0.038256347 0.0010745918
0.038256213 0.001074587
0.038613416 0.0010854555
0.03933742 0.0011048745
0.03825621 0.0010745866
0.03933763 0.0011048798
0.03728212 0.00089291384
0.038256317 0.0010745906
0.038256418 0.0010745936
0.03728213 0.0008929143
0.03825603 0.0010745804
0.03845269 0.0010818896
0.039339013 0.0011049126
0.038256243 0.0010745879
0.03933833 0.0011048963
0.039337773 0.001104883
0.039337724 0.0011048818
0.038256202 0.0010745865
0.039337743 0.0011048823
0.03933815 0.001104892
0.03946049 0.0011077183
0.039460603 0.0011077209
0.03946095 0.0011077294
0.039460592 0.0011077207
0.03946154 0.0011077436
0.038485635 0.0010831142
0.038485635 0.0010831142
0.038485635 0.0010831142
0.038485635 0.0010831142
0.08324075 0.002094173
0.08324075 0.002094173
0.08324075 0.002094173
0.08324075 0.002094173
0.08324075 0.002094173
0.08324075 0.002094173
0.08324075 0.002094173
0.08324075 0.002094173
0.08324075 0.002094173
0.08324075 0.002094173
0.08324075 0.002094173
0.08324075 0.002094173
0.08324075 0.002094173
0.08324075 0.002094173
0.08324075 0.002094173
0.08324075 0.002094173
0.08324075 0.002094173
0.08324075 0.002094173
0.08324075 0.002094173
0.08324075 0.002094173
0.08324075 0.002094173
0.08324075 0.002094173
0.08324075 0.002094173
0.08324075 0.002094173
0.08324075 0.002094173
0.08324075 0.002094173
0.08324075 0.002094173
0.08324075 0.002094173
0.08324075 0.002094173
0.08324075 0.002094173
0.08324075 0.002094173
0.08324075 0.002094173
0.039430384 0.0011070666
0.039927464 0.0011203524
0.038485635 0.0010831142
0.038485635 0.0010831142
0.039430533 0.0011070701
0.039430592 0.0011070714
0.0394309 0.0011070787
0.039430916 0.0011070791
0.038530026 0.0010839314
0.039693624 0.0011154381
0.039430182 0.0011070617
0.039554827 0.001110037
0.039431144 0.0011070844
0.039430596 0.0011070715
0.039430965 0.0011070803
0.03943105 0.0011070824
0.03943122 0.0011070863
0.03943101 0.0011070814
0.039430983 0.0011070807
0.03943073 0.0011070747
0.039511878 0.0011090117
0.03971868 0.0011159253
0.039476734 0.0011081728
0.039430257 0.0011070635
0.03943031 0.0011070648
0.03957349 0.0011132226
0.039431345 0.0011070892
0.039430566 0.0011070708
0.039430674 0.0011070734
0.039430175 0.0011070616
0.039430186 0.0011070619
0.039431676 0.0011070971
0.038650874 0.0010861565
0.039431315 0.0011070885
0.0394311 0.0011070834
0.039430615 0.001107072
0.038485635 0.0010831142
0.03874536 0.0010896461
0.038319133 0.001076979
0.03841637 0.0010805491
0.038585335 0.0010849236
0.038485635 0.0010831142
0.038485635 0.0010831142
0.038485635 0.0010831142
0.038485635 0.0010831142
0.039667543 0.0011149502
0.03905553 0.0010982851
0.030714555 0.00057283556
0.030714555 0.00057283556
0.03851751 0.0010836982
0.030714555 0.00057283556
0.030714555 0.00057283556
0.030714555 0.00057283556
0.030714555 0.00057283556
0.039055724 0.0010982895
0.030714555 0.00057283556
0.030714555 0.00057283556
0.039667055 0.0011149411
0.030714555 0.00057283556
0.030714555 0.00057283556
0.030714555 0.00057283556
0.030714555 0.00057283556
0.030714555 0.00057283556
0.030714555 0.00057283556
0.030714555 0.00057283556
0.038543466 0.0010841737
0.030714555 0.00057283556
0.030714555 0.00057283556
0.03979966 0.0011174104
0.030714555 0.00057283556
0.039730914 0.0011161291
0.03976574 0.0011167771
0.038686574 0.0010868174
0.03866166 0.0010865225
0.039769363 0.001116844
0.039729554 0.0011161035
0.039727822 0.0011160714
0.0398147 0.0011180259
0.0398663 0.0011186713
0.038685665 0.0010868002
0.039576694 0.0011132819
0.039563112 0.0011130312
0.038686946 0.0010868243
0.03864898 0.0010861179
0.039759975 0.0011166696
0.039728083 0.0011160761
0.03972817 0.0011160781
0.038485635 0.0010831142
0.03864923 0.0010861227
0.039728034 0.0011160752
0.038687088 0.0010868268
0.0397319 0.0011161473
0.0386499 0.0010861353
0.03868759 0.001086836
0.038650293 0.0010861427
0.03976371 0.0011167392
0.039762266 0.0011167122
0.039728537 0.0011160849
0.039765522 0.0011167731
0.038650412 0.0010861446
0.039729778 0.0011161077
0.03977014 0.0011168588
0.039764434 0.0011167525
0.03972684 0.0011160533
0.038485635 0.0010831142
0.039378915 0.0011058608
0.039375085 0.0011057692
0.03937411 0.0011057451
0.03937841 0.0011058487
0.039375618 0.001105782
0.039368536 0.001105612
0.039375354 0.001105776
0.03937854 0.0011058508
0.044825017 0.0014958429
0.044825017 0.0014958429
0.044825017 0.0014958429
0.044825017 0.0014958429
0.044825017 0.0014958429
0.044825017 0.0014958429
0.044825017 0.0014958429
0.044825017 0.0014958429
0.044825017 0.0014958429
0.044825017 0.0014958429
0.044825017 0.0014958429
0.044825017 0.0014958429
0.044825017 0.0014958429
0.044825017 0.0014958429
0.044825017 0.0014958429
0.044825017 0.0014958429
0.044825017 0.0014958429
0.044825017 0.0014958429
0.044825017 0.0014958429
0.044825017 0.0014958429
0.044825017 0.0014958429
0.044825017 0.0014958429
0.044825017 0.0014958429
0.044825017 0.0014958429
0.044825017 0.0014958429
0.044825017 0.0014958429
0.044825017 0.0014958429
0.044825017 0.0014958429
0.044825017 0.0014958429
0.044825017 0.0014958429
0.044825017 0.0014958429
0.039276663 0.001103477
0.03870582 0.0010881488
0.039777264 0.0011169885
0.03977836 0.0011170085
0.039151713 0.0011005405
0.03927585 0.0011034578
0.039151672 0.0011005395
0.039777152 0.0011169865
0.03861799 0.0010855488
0.03977816 0.0011170052
0.03927541 0.0011034474
0.038485635 0.0010831142
0.038733024 0.0010891382
0.039680608 0.0011151878
0.038485635 0.0010831142
0.038485635 0.0010831142
0.039687395 0.0011153136
0.03860165 0.0010852512
0.03976222 0.001116711
0.039685473 0.0011153074
0.039688397 0.0011153326
0.08324075 0.002094173
0.08324075 0.002094173
0.08324075 0.002094173
0.08324075 0.002094173
0.08324075 0.002094173
0.08324075 0.002094173
0.08324075 0.002094173
0.08324075 0.002094173
0.08324075 0.002094173
0.08324075 0.002094173
0.08324075 0.002094173
0.08324075 0.002094173
0.08324075 0.002094173
0.08324075 0.002094173
0.08324075 0.002094173
0.08324075 0.002094173
0.08324075 0.002094173
0.08324075 0.002094173
0.08324075 0.002094173
0.08324075 0.002094173
0.08324075 0.002094173
0.08324075 0.002094173
0.08324075 0.002094173
0.08324075 0.002094173
0.08324075 0.002094173
0.08324075 0.002094173
0.08324075 0.002094173
0.08324075 0.002094173
0.08324075 0.002094173
0.08324075 0.002094173
0.08324075 0.002094173
0.038238984 0.0010739537
0.038238265 0.0010739275
0.039654274 0.0011147086
0.0382384 0.0010739322
0.039411634 0.0011066132
0.038238276 0.0010739277
0.03939789 0.0011062984
0.039393503 0.0011061939
0.03881205 0.0010920921
0.039373588 0.0011057191
0.039373074 0.0011057069
0.039102662 0.0010994207
0.038359433 0.001078427
0.038238812 0.0010739475
0.038906295 0.0010947986
0.039373137 0.0011057085
0.038265854 0.001074952
0.039531812 0.0011094877
0.03983631 0.0011180601
0.039863374 0.0011185776
0.03937792 0.0011058209
0.039372876 0.0011057024
0.038485635 0.0010831142
0.08324075 0.002094173
0.08324075 0.002094173
0.08324075 0.002094173
0.08324075 0.002094173
0.08324075 0.002094173
0.08324075 0.002094173
0.039423175 0.0011069028
0.08324075 0.002094173
0.08324075 0.002094173
0.08324075 0.002094173
0.08324075 0.002094173
0.03856445 0.0010845279
0.08324075 0.002094173
0.08324075 0.002094173
0.08324075 0.002094173
0.08324075 0.002094173
0.038766116 0.0010903474
0.08324075 0.002094173
0.08324075 0.002094173
0.08324075 0.002094173
0.08324075 0.002094173
0.08324075 0.002094173
0.08324075 0.002094173
0.08324075 0.002094173
0.08324075 0.002094173
0.08324075 0.002094173
0.08324075 0.002094173
0.08324075 0.002094173
0.08324075 0.002094173
0.08324075 0.002094173
0.08324075 0.002094173
0.08324075 0.002094173
0.08324075 0.002094173
0.08324075 0.002094173
0.08324075 0.002094173
0.08324075 0.002094173
0.08324075 0.002094173
0.08324075 0.002094173
0.08324075 0.002094173
0.08324075 0.002094173
0.08324075 0.002094173
0.08324075 0.002094173
0.08324075 0.002094173
0.08324075 0.002094173
0.08324075 0.002094173
0.08324075 0.002094173
0.08324075 0.002094173
0.08324075 0.002094173
0.08324075 0.002094173
0.08324075 0.002094173
0.08324075 0.002094173
0.08324075 0.002094173
0.08324075 0.002094173
0.08324075 0.002094173
0.08324075 0.002094173
0.08324075 0.002094173
0.08324075 0.002094173
0.08324075 0.002094173
0.08324075 0.002094173
0.08324075 0.002094173
0.08324075 0.002094173
0.038485635 0.0010831142
0.03976099 0.0011166916
0.03860787 0.001085345
0.038485635 0.0010831142
0.03978905 0.0011172069
0.038848583 0.0010934498
0.039705835 0.0011156591
0.039294343 0.0011038842
0.03929507 0.0011039014
0.03978746 0.0011171772
0.039376207 0.0011058181
0.03930785 0.0011042015
0.03970536 0.00111565
0.039788615 0.0011171987
0.039788328 0.0011171935
0.08324075 0.002094173
0.08324075 0.002094173
0.08324075 0.002094173
0.08324075 0.002094173
0.08324075 0.002094173
0.08324075 0.002094173
0.08324075 0.002094173
0.08324075 0.002094173
0.08324075 0.002094173
0.08324075 0.002094173
0.08324075 0.002094173
0.08324075 0.002094173
0.08324075 0.002094173
0.08324075 0.002094173
0.08324075 0.002094173
0.08324075 0.002094173
0.08324075 0.002094173
0.08324075 0.002094173
0.08324075 0.002094173
0.08324075 0.002094173
0.08324075 0.002094173
0.08324075 0.002094173
0.08324075 0.002094173
0.08324075 0.002094173
0.08324075 0.002094173
0.08324075 0.002094173
0.08324075 0.002094173
0.08324075 0.002094173
0.08324075 0.002094173
0.08324075 0.002094173
0.03938678 0.0011059784
0.03939027 0.0011060614
0.03823217 0.0010736436
0.0382336 0.001073697
0.039386846 0.0011059807
0.038485635 0.0010831142
0.039015535 0.0010972561
0.039390385 0.001106063
0.038485635 0.0010831142
0.038495068 0.0010832896
0.03823337 0.0010736876
0.039390303 0.0011060623
0.039389823 0.001106051
0.038229536 0.0010735466
0.038231973 0.0010736368
0.03823071 0.00107359
0.039428543 0.0011069842
0.039345782 0.0011050146
0.03823334 0.0010736869
0.038485635 0.0010831142
0.039306123 0.0011041621
0.03930637 0.0011041679
0.039306153 0.0011041629
0.03930658 0.0011041729
0.03930638 0.0011041682
0.03930602 0.0011041596
0.03930599 0.001104159
0.039306555 0.0011041722
0.03930597 0.0011041586
0.039306417 0.0011041691
0.030714555 0.00057283556
0.030714555 0.00057283556
0.03936341 0.0011055167
0.039306395 0.0011041686
0.039443426 0.0011074077
0.039306123 0.0011041622
0.039318737 0.00110446
0.039306086 0.0011041613
0.039306313 0.0011041666
0.039306194 0.0011041638
0.03930762 0.0011041973
0.039306596 0.0011041734
0.039306175 0.0011041634
0.03930632 0.0011041668
0.030714555 0.00057283556
0.030714555 0.00057283556
0.030714555 0.00057283556
0.030714555 0.00057283556
0.030714555 0.00057283556
0.030714555 0.00057283556
0.030714555 0.00057283556
0.030714555 0.00057283556
0.030714555 0.00057283556
0.030714555 0.00057283556
0.030714555 0.00057283556
0.030714555 0.00057283556
0.030714555 0.00057283556
0.030714555 0.00057283556
0.030714555 0.00057283556
0.030714555 0.00057283556
0.030714555 0.00057283556
0.030714555 0.00057283556
0.030714555 0.00057283556
0.030714555 0.00057283556
0.030714555 0.00057283556
0.030714555 0.00057283556
0.030714555 0.00057283556
0.030714555 0.00057283556
0.030714555 0.00057283556
0.030714555 0.00057283556
0.030714555 0.00057283556
0.030714555 0.00057283556
0.030714555 0.00057283556
0.030714555 0.00057283556
0.030714555 0.00057283556
0.030714555 0.00057283556
0.030714555 0.00057283556
0.030714555 0.00057283556
0.030714555 0.00057283556
0.030714555 0.00057283556
0.030714555 0.00057283556
0.030714555 0.00057283556
0.030714555 0.00057283556
0.030714555 0.00057283556
0.08324075 0.002094173
0.08324075 0.002094173
0.08324075 0.002094173
0.08324075 0.002094173
0.08324075 0.002094173
0.08324075 0.002094173
0.08324075 0.002094173
0.08324075 0.002094173
0.08324075 0.002094173
0.08324075 0.002094173
0.08324075 0.002094173
0.08324075 0.002094173
0.08324075 0.002094173
0.08324075 0.002094173
0.08324075 0.002094173
0.08324075 0.002094173
0.08324075 0.002094173
0.08324075 0.002094173
0.08324075 0.002094173
0.08324075 0.002094173
0.08324075 0.002094173
0.08324075 0.002094173
0.08324075 0.002094173
0.08324075 0.002094173
0.08324075 0.002094173
0.08324075 0.002094173
0.08324075 0.002094173
0.08324075 0.002094173
0.08324075 0.002094173
0.08324075 0.002094173
0.08324075 0.002094173
0.08324075 0.002094173
0.03964581 0.001114554
0.038554553 0.0010843775
0.038509913 0.0010835596
0.039740056 0.0011162868
0.03862864 0.0010857382
0.038640544 0.0010859539
0.039201055 0.0011016867
0.039739944 0.0011162853
0.03974019 0.0011162896
0.039572317 0.0011132004
0.038618658 0.0010855546
0.039724402 0.0011160013
0.039800595 0.0011178008
0.038485635 0.0010831142
0.038485635 0.0010831142
0.038485635 0.0010831142
0.038485635 0.0010831142
0.038485635 0.0010831142
0.041105315 0.0013734505
0.041105315 0.0013734505
0.041105315 0.0013734505
0.041105315 0.0013734505
0.041105315 0.0013734505
0.041105315 0.0013734505
0.038485635 0.0010831142
0.038485635 0.0010831142
0.038485635 0.0010831142
0.038485635 0.0010831142
0.038485635 0.0010831142
0.038485635 0.0010831142
0.038485635 0.0010831142
0.038485635 0.0010831142
0.038485635 0.0010831142
0.038485635 0.0010831142
0.038485635 0.0010831142
0.038485635 0.0010831142
0.038485635 0.0010831142
0.038485635 0.0010831142
0.038485635 0.0010831142
0.038485635 0.0010831142
0.039752 0.0011165095
0.039867483 0.0011186806
0.03975212 0.0011165115
0.03975195 0.0011165087
0.039752167 0.0011165126
