0.0443661636672914 0.000955007684069642
0.04045822052285075 0.0007509331360324722
0.044347069691866636 0.0009520160908778053
0.043676017434336245 0.0009304555489961785
0.04036034643650055 0.0006723946307829465
0.040980868274345994 0.0007831272948806145
0.04040871956385672 0.0006952070893930795
0.04095474083442241 0.000781911920512357
0.04353142180480063 0.0009200490051171073
0.04506935062818229 0.0009589818855602061
0.04129939142148942 0.0008259820078819757
0.04246378946118057 0.0008846357616221212
0.039841108839027584 0.0006713984566886211
0.039813267649151385 0.0005082837310510513
0.045845555840060115 0.001036564177411492
0.04106712818611413 0.0007832788651285227
0.04062055726535618 0.0007814366936145234
0.042626999667845666 0.0008940431634982815
0.04167756950482726 0.0008547185730094498
