0.04450484784319997 0.0009546843602947774
0.04531613946892321 0.001007467618364899
0.039575167233124375 0.0005060778048573411
0.044742446625605226 0.0009933443952832022
0.04064861382357776 0.0007805916332017659
0.039683548850007355 0.0005630188616123633
0.04499670467339456 0.001005747380986577
0.04124066815711558 0.0008241875505063945
0.041713127167895436 0.00086206593323368
0.04159478994552046 0.0008254996059804398
0.040949082700535655 0.0007815184728769964
0.04347940848674625 0.000917637710699637
0.039898389019072056 0.0006893346935612499
0.04395551048219204 0.0009238963568805048
0.04426284064538777 0.0009328499927505618
0.03974979231134057 0.0005942853238138923
