0.014372535690199584 0.0006812169413024094
0.014777646778384224 0.0007323139277559676
0.013888530898839235 0.0005311488785082474
0.01573488287976943 0.0008343885770045745
0.01860435528215021 0.0009779858010006137
0.013973084191093221 0.000553728543991383
0.013608028530143201 0.00042817522012228437
0.013445175485685468 0.0003330478584757657
0.016865781595697626 0.000961177335739194
0.013725508004426956 0.0004411648235418397
0.015821830660570413 0.0008573034865548834
0.01491768695996143 0.0007717676398897311
0.016205876832827926 0.0008903051177640009
0.01447455512243323 0.0007101961309672333
0.015750571037642658 0.0008350269863512949
0.014233313064323738 0.0006449390486977791
0.016546541766729206 0.0009442578357266029
0.015352285758126527 0.0008027889061850146
0.015460847469512373 0.0008097421095953905
0.013937353913206607 0.0005329166442606947
0.013391525892075151 0.00026065932775054534
0.014033095329068601 0.0005966293397250411
0.015859761100728065 0.0008725464103918057
0.014162815932650119 0.000641503307633684
0.01570997081580572 0.0008297733672861796
0.014004572440171614 0.000591924168247715
