0.039873718516901135 0.0006492895527117071
0.04357081465423107 0.0009133995099546155
0.04069936869200319 0.0007882083280037477
0.04426895431242883 0.0009606199273548555
0.04177532717585564 0.0008560846949876577
0.039591024396941066 0.000604868062737296
0.04057484748773277 0.0007500358062770829
0.04220490565057844 0.0008581626627801597
0.04031012509949505 0.000686953350850672
0.040697758551687 0.0007512550764658954
0.04139447445049882 0.000793466806271681
0.04162587225437164 0.0008501664458435698
0.039458473678678274 0.0005896266700347041
0.043426583521068096 0.0009131395863732905
0.04419764853082597 0.0009507785007372149
0.04466731892898679 0.0009915851996993297
0.040304688503965735 0.0006511736007723812
