0.013592849514679983 0.000365682557458058
0.015320807375246659 0.0008068256420301623
0.01406045543262735 0.0005781301301794883
0.014124789042398334 0.0006430545220155182
0.015636053285561502 0.0008246039858477161
0.015772594895679504 0.0008610854465587181
0.01950660059810616 0.000981017390586203
0.018103022885043174 0.0009594344403467403
0.015316156059270725 0.0008018547305255197
0.016271083790343255 0.0008896258013919578
0.016751574410591274 0.0009420945498277433
0.014185972540872172 0.000646176929876674
0.01498358411481604 0.0007675192609895021
0.01652574265608564 0.0009336641642221366
0.01446764069260098 0.0006947539495740784
0.015767677105031908 0.0008433099137619138
0.017369808541843668 0.0009525412151560886
0.014956667058868334 0.00073625003642519
0.013876742159482092 0.0005700964729840052
0.0137368768628221 0.0004920327303352678
0.014297662943135947 0.0006534546246257378
0.015311708528315648 0.0007989916421138332
0.014723768283147365 0.0007286551717697876
