0.013689641 0.0014402631
0.01408469 0.0014787487
0.01408469 0.0014787487
0.014281215 0.0014972176
0.01408469 0.0014787487
0.013968404 0.0014673017
0.0136504695 0.0014364038
0.0136504695 0.0014364038
0.014570317 0.0015249738
0.013964976 0.0014670675
0.013871936 0.0014580293
0.01408469 0.0014787487
0.0141373435 0.0014836537
0.009919399 0.0008684231
0.011759942 0.0011812943
0.0140711395 0.0014772374
0.0140562365 0.0014757569
0.013812784 0.0014522613
0.013397349 0.0014117033
0.013825689 0.0014535054
0.013925525 0.0014632234
0.013012251 0.0012313857
0.013499442 0.0014216612
0.013831576 0.0014540718
0.013854988 0.0014563148
0.013660697 0.0014373974
0.01312765 0.0013854015
0.009919399 0.0008684231
0.013499442 0.0014216612
0.014039088 0.0014742126
0.01370357 0.0014416041
0.01370357 0.0014416041
0.013974654 0.0014679317
0.014008373 0.001471288
0.0138383955 0.0014548008
0.013873812 0.0014582231
0.013789903 0.0014500367
0.013749445 0.0014460773
0.013807662 0.0014518343
0.014418427 0.0015102039
0.012953077 0.0012289946
0.014256644 0.0014949711
0.0115946075 0.0011722945
0.0140711395 0.0014772374
0.013857843 0.0014566366
0.014286085 0.001497754
0.013779823 0.0014490121
0.01352932 0.0014244905
0.01427699 0.0014969573
0.013873812 0.0014582231
0.013826283 0.0014535711
0.0135750575 0.0014291203
0.013955335 0.0014660578
0.013857883 0.0014567527
0.0138383955 0.0014548008
0.014128243 0.0014827875
0.014177366 0.0014873507
0.013808507 0.001451842
0.012955526 0.0012290446
0.013455839 0.0014174136
0.012932732 0.0012284211
0.013937454 0.0014643373
0.013808918 0.0014518809
0.0139334425 0.0014639562
0.014077158 0.0014778947
0.01352932 0.0014244905
0.0141373435 0.0014836537
0.012916469 0.0012277158
0.013807662 0.0014518343
0.013831235 0.0014539789
0.013953396 0.0014658793
0.013809596 0.0014519384
0.01348403 0.0014202814
0.014034961 0.0014737487
0.014143935 0.0014843412
0.013143891 0.0013871887
0.013878348 0.0014585527
0.010532984 0.001102449
0.00992809 0.0008748105
0.00992809 0.0008748105
0.009932953 0.0008757358
0.009926814 0.00087328936
0.013544557 0.0014260582
0.014217241 0.0014911902
0.014217241 0.0014911902
0.013616295 0.0014332819
0.013783171 0.001449332
0.014465464 0.0015149637
0.014318728 0.0015009345
0.013783171 0.001449332
0.014318728 0.0015009345
0.010532984 0.001102449
0.014217241 0.0014911902
0.011904478 0.0011872835
0.0143336635 0.001502327
0.013611771 0.0014327673
0.014218666 0.0014913136
0.013995511 0.0014699512
0.013747154 0.0014457685
0.013747154 0.0014457685
0.013950217 0.0014655746
0.013730384 0.0014441935
0.013951366 0.0014656647
0.014003707 0.0014707698
0.014112549 0.0014812336
0.013853326 0.0014561597
0.013878348 0.0014585527
0.010019701 0.0009049294
0.013968797 0.0014674639
0.013820057 0.0014529895
0.013730735 0.001444307
0.011883729 0.0011861986
0.014039699 0.0014742719
0.014039088 0.0014742126
0.013806925 0.0014516575
0.014048858 0.0014750502
0.014048858 0.0014750502
0.013868448 0.0014576624
0.013868448 0.0014576624
0.013966174 0.001467123
0.013749445 0.0014460773
0.0099377055 0.00087613065
0.0099377055 0.00087613065
0.0138383955 0.0014548008
0.013961176 0.0014666992
0.013863634 0.0014572152
0.014071962 0.001477491
0.014071962 0.001477491
0.011883729 0.0011861986
0.013973766 0.0014678703
0.014044117 0.0014746214
0.014044117 0.0014746214
0.01378433 0.0014494878
0.013455839 0.0014174136
0.013660697 0.0014373974
0.013544557 0.0014260582
0.014137081 0.001483572
0.013595892 0.0014311993
0.013856867 0.0014565124
0.013856867 0.0014565124
0.013885909 0.0014593747
0.013906226 0.0014612922
0.013863557 0.0014571218
0.013863557 0.0014571218
0.013822281 0.001453193
0.013766838 0.0014477068
0.013720771 0.0014432769
0.013766838 0.0014477068
0.013603585 0.0014318734
0.013879069 0.0014586895
0.013603585 0.0014318734
0.038572256 0.0020977587
0.013654162 0.0014368322
0.013819511 0.0014528619
0.013819511 0.0014528619
0.013958128 0.0014663972
0.013852868 0.0014561058
0.013277972 0.0014002608
0.013945962 0.0014653512
0.013742853 0.0014454564
0.013742853 0.0014454564
0.013595496 0.0014311598
0.013720771 0.0014432769
0.013865438 0.0014574766
0.013895274 0.0014602531
0.013974203 0.0014679233
0.03805548 0.0020877812
0.03805548 0.0020877812
0.013905432 0.0014612351
0.0135386735 0.0014256487
0.013852903 0.001456114
0.013905432 0.0014612351
0.013911237 0.0014618295
0.011947665 0.0011887572
0.013765008 0.0014476259
0.009932106 0.0008755173
0.013610179 0.0014323713
0.009870878 0.0008416864
0.01389645 0.0014604663
0.013907986 0.0014615394
0.013944373 0.0014651341
0.013014973 0.0012319909
0.013847268 0.0014555828
0.009910209 0.00086322706
0.03779632 0.002079105
0.01662689 0.0015989149
0.013800571 0.0014510707
0.013598225 0.0014314159
0.013783891 0.001449448
0.013634692 0.001434901
0.009904006 0.00085916335
0.013976939 0.0014682491
0.013575708 0.001429219
0.009917796 0.0008676429
0.0138144195 0.0014523948
0.013751587 0.0014462776
0.013751587 0.0014462776
0.013889667 0.001459714
0.014026363 0.0014729339
0.013905869 0.0014612861
0.03549847 0.0020150885
0.013760522 0.0014471856
0.013905869 0.0014612861
0.011947581 0.0011886723
0.013496587 0.0014214084
0.013859728 0.001456818
0.01359336 0.0014309363
0.013821269 0.0014531001
0.0138874445 0.0014594785
0.013803858 0.0014513631
0.013629716 0.0014344307
0.0145270545 0.0015208306
0.013888409 0.0014596625
0.013812979 0.0014522834
0.009833583 0.00082044257
0.009833583 0.00082044257
0.013854788 0.0014562821
0.013895106 0.00146022
0.01400993 0.0014713894
0.013676104 0.0014390012
0.013913938 0.0014620983
0.013897473 0.0014605188
0.0137794735 0.001448987
0.013704711 0.0014417584
0.013832709 0.0014542852
0.013852903 0.001456114
0.013953374 0.0014658485
0.013953374 0.0014658485
0.010027045 0.00090981345
0.013680027 0.0014394234
0.01396857 0.0014673024
0.01396857 0.0014673024
0.01375405 0.0014465209
0.013879069 0.0014586895
0.013655668 0.0014370969
0.013612908 0.0014328813
0.0136475 0.0014362398
0.013693352 0.0014406585
0.013693352 0.0014406585
0.016986607 0.0016285522
0.014026363 0.0014729339
0.013772875 0.0014482681
0.013783891 0.001449448
0.013875059 0.0014582864
0.013740498 0.0014454249
0.013992279 0.001469681
0.013992279 0.001469681
0.013264289 0.0013988812
0.009924688 0.0008717663
0.013855519 0.0014563702
0.013855519 0.0014563702
0.013846742 0.0014555168
0.0136209205 0.0014337094
0.013971516 0.0014677308
0.013727351 0.0014439765
0.013727351 0.0014439765
0.0138275465 0.0014536949
0.013277972 0.0014002608
0.009924688 0.0008717663
0.013264289 0.0013988812
0.014343163 0.0015031452
0.0136983665 0.0014410516
0.016600704 0.0015950688
0.009855647 0.0008319543
0.016600704 0.0015950688
0.013277485 0.0014000066
0.013738196 0.0014449352
0.013937826 0.0014643745
0.013758073 0.0014468967
0.014402827 0.0015087368
0.009920046 0.0008690621
0.013509055 0.0014226488
0.013509055 0.0014226488
0.013684089 0.0014396259
0.013985967 0.0014689835
0.013985967 0.0014689835
0.014288909 0.0014981094
0.013997394 0.0014702143
0.013684089 0.0014396259
0.013253569 0.0013976044
0.014013881 0.0014718767
0.013973829 0.0014678873
0.009831342 0.00081273436
0.009831623 0.0008129122
0.013382707 0.0014102416
0.0138035705 0.0014513154
0.0138212945 0.001453114
0.013951431 0.0014656669
0.013951431 0.0014656669
0.013923413 0.0014629797
0.022509534 0.0017523759
0.014470092 0.001515368
0.013913572 0.0014620622
0.01303156 0.0012324705
0.0137563525 0.0014468262
0.013452228 0.0014170996
0.01361061 0.0014326265
0.013343158 0.0014062016
0.014136255 0.0014835203
0.014136255 0.0014835203
0.013530225 0.001424626
0.013678986 0.0014391703
0.014433362 0.0015118901
0.013087567 0.0013816934
0.013664629 0.0014377824
0.011732329 0.0011798878
0.015610766 0.0015693988
0.0135154305 0.0014232108
0.041886322 0.0021835205
0.013969965 0.0014674761
0.013912805 0.0014619377
0.013317056 0.0014039853
0.013452228 0.0014170996
0.013702555 0.0014414926
0.0139638055 0.0014669262
0.009843548 0.0008267017
0.009843548 0.0008267017
0.014121078 0.001482037
0.013546082 0.0014262194
0.011631874 0.0011752932
0.013546082 0.0014262194
0.013570449 0.0014285492
0.013638304 0.0014353134
0.0135154305 0.0014232108
0.013849653 0.0014558998
0.013849653 0.0014558998
0.013867564 0.0014575577
0.011950671 0.0011894433
0.014255935 0.0014948474
0.013641498 0.0014356921
0.013679537 0.0014393018
0.014394347 0.0015081232
0.013472538 0.0014191006
0.013976768 0.0014681411
0.013707693 0.0014421775
0.013918006 0.0014624309
0.013721904 0.0014434211
0.013710439 0.0014422457
0.01384374 0.0014552624
0.013802145 0.0014512085
0.01384374 0.0014552624
0.013864789 0.0014572884
0.013472538 0.0014191006
0.013918006 0.0014624309
0.014074337 0.0014775181
0.014074337 0.0014775181
0.014063018 0.001476609
0.013739267 0.0014451292
0.013739267 0.0014451292
0.013710439 0.0014422457
0.012763297 0.0012200313
0.014063018 0.001476609
0.013880768 0.0014588588
0.014108196 0.0014808787
0.014087361 0.0014788291
0.0139342155 0.0014640965
0.0138179995 0.0014527629
0.013975753 0.0014681255
0.011777503 0.0011820024
0.013830816 0.0014539588
0.014736674 0.0015412697
0.0132362535 0.0013960972
0.014003728 0.0014708554
0.013492488 0.0014209991
0.0140350135 0.00147375
0.012799125 0.001221941
0.013813407 0.0014523235
0.013966205 0.0014671617
0.01392571 0.0014632513
0.009788283 0.00078794017
0.014121977 0.0014822035
0.014095729 0.0014797646
0.014213533 0.0014911222
0.013590506 0.0014305441
0.013492488 0.0014209991
0.009917159 0.0008663277
0.01395127 0.0014656594
0.013824452 0.0014534433
0.014042352 0.0014744906
0.013749197 0.0014460754
0.013888206 0.001459553
0.014553452 0.001523341
0.013634321 0.0014348372
0.013820623 0.0014529995
0.011777503 0.0011820024
0.012750552 0.0012197888
0.01398478 0.0014688828
0.013178736 0.0013903897
0.013967303 0.0014672858
0.013967303 0.0014672858
0.013634321 0.0014348372
0.0138562955 0.0014564835
0.014047698 0.0014750236
0.0135685215 0.0014284019
0.014041512 0.0014744096
0.014025709 0.0014729021
0.014553452 0.001523341
0.013841853 0.0014551925
0.0128841 0.0012263638
0.013862549 0.0014571021
0.013917481 0.001462417
0.012781243 0.0012209663
0.014047156 0.0014749555
0.014009173 0.0014713121
0.013665167 0.0014379094
0.014108375 0.0014810043
0.013911222 0.0014618133
0.012763103 0.0012200219
0.01395127 0.0014656594
0.013966915 0.0014672021
0.011815378 0.0011835838
0.013981393 0.001468549
0.014130437 0.0014830827
0.013182054 0.0013908056
0.014171246 0.0014867632
0.012671219 0.0012158278
0.014130437 0.0014830827
0.0139954975 0.0014698947
0.01358827 0.0014303481
0.01358827 0.0014303481
0.011639461 0.0011761693
0.013905817 0.0014612447
0.013891764 0.0014600061
0.014056464 0.0014758379
0.013911222 0.0014618133
0.013571724 0.0014285556
0.013820623 0.0014529995
0.013947945 0.001465376
0.011639461 0.0011761693
0.014009173 0.0014713121
0.039971817 0.002131071
0.0118271485 0.0011839272
0.013980512 0.0014685319
0.011815378 0.0011835838
0.011815378 0.0011835838
0.009803923 0.0007911014
0.013989631 0.0014695098
0.0136946095 0.0014407668
0.013178736 0.0013903897
0.01398656 0.001469075
0.013638768 0.0014353225
0.011907238 0.001187624
0.013482069 0.0014199754
0.014082537 0.0014783503
0.013313815 0.0014036087
0.010397684 0.0010056418
0.014183731 0.0014879488
0.014316496 0.0015007947
0.014123409 0.0014822849
0.012781243 0.0012209663
0.013185881 0.0013910647
0.012786018 0.0012215581
0.012786018 0.0012215581
0.013926709 0.0014633635
0.013571724 0.0014285556
0.011748361 0.0011809207
0.011748361 0.0011809207
0.013469718 0.0014188288
0.014084568 0.0014785726
0.014084568 0.0014785726
0.013887397 0.0014594761
0.013313815 0.0014036087
0.014119284 0.001481832
0.014119284 0.001481832
0.014120302 0.0014819473
0.014467587 0.0015151295
0.014174948 0.0014871731
0.014051875 0.0014754749
0.013848431 0.0014557134
0.013996617 0.0014700508
0.014068116 0.0014769173
0.013721756 0.0014433481
0.014150452 0.001484876
0.013603583 0.0014318712
0.011948605 0.0011889376
0.012722022 0.0012184276
0.014034208 0.0014736985
0.014034208 0.0014736985
0.014067571 0.0014769072
0.013732203 0.0014443673
0.0142504815 0.0014943286
0.013978754 0.0014682948
0.013940083 0.001464582
0.014135109 0.0014833639
0.013684638 0.0014397595
0.014054105 0.0014756013
0.0142504815 0.0014943286
0.014135109 0.0014833639
0.014265885 0.001496014
0.013940083 0.001464582
0.013716691 0.0014430822
0.014123173 0.0014822494
0.01358299 0.0014299102
0.011834044 0.0011846061
0.013563523 0.0014281676
0.013921746 0.0014628805
0.013541262 0.0014257596
0.013918046 0.0014624512
0.013883584 0.0014591157
0.013978754 0.0014682948
0.014253098 0.0014947039
0.011784285 0.0011824834
0.013994911 0.0014698904
0.014152895 0.00148515
0.014344188 0.0015033586
0.013963211 0.0014668492
0.013925445 0.0014631795
0.013964943 0.0014670327
0.014000154 0.0014704249
0.014036132 0.0014738378
0.011834044 0.0011846061
0.014054861 0.0014756476
0.014013213 0.0014716333
0.014067571 0.0014769072
0.013614754 0.0014329974
0.012716713 0.0012182716
0.014239639 0.0014934478
0.014069876 0.0014771173
0.014016372 0.0014719488
0.013189206 0.0013914773
0.014127233 0.0014826319
0.014093617 0.0014794011
0.013729141 0.0014441097
0.013883584 0.0014591157
0.014071418 0.0014773267
0.013962549 0.0014668455
0.013138836 0.00138667
0.013868142 0.0014576103
0.013426068 0.0014146866
0.013918372 0.0014625003
0.01589329 0.0015840841
0.013969988 0.0014674789
0.013969988 0.0014674789
0.014357506 0.0015048933
0.013353013 0.0014072623
0.014076775 0.0014777794
0.0141048 0.0014805429
0.013918046 0.0014624512
0.013927606 0.0014634382
0.014357506 0.0015048933
0.014430738 0.001511716
0.014016372 0.0014719488
0.014013388 0.001471655
0.014013388 0.001471655
0.014038944 0.001474175
0.013914362 0.0014621455
0.013971439 0.0014676406
0.01589329 0.0015840841
0.014067081 0.0014768617
0.0141513655 0.0014849744
0.013707443 0.0014419563
0.0138998795 0.0014607053
0.011969444 0.0011899198
0.014173237 0.0014870183
0.014133096 0.0014831674
0.014034758 0.0014737246
0.014034758 0.0014737246
0.014032667 0.0014735612
0.013964943 0.0014670327
0.014157525 0.0014855855
0.013906387 0.001461306
0.013906387 0.001461306
0.013906387 0.001461306
0.0136204595 0.00143341
0.01357755 0.0014292935
0.011898225 0.0011869647
0.014133096 0.0014831674
0.014121515 0.0014821185
0.013993385 0.0014698512
0.009929868 0.00087506586
0.014054536 0.001475618
0.013862059 0.0014570648
0.013931126 0.001463724
0.014071179 0.001477259
0.014071179 0.001477259
0.014029212 0.0014733191
0.014129259 0.0014828221
0.013819094 0.0014528242
0.013841052 0.0014551104
0.014049144 0.0014751347
0.013898676 0.0014606501
0.013819094 0.0014528242
0.013914054 0.0014621448
0.0139239235 0.0014630697
0.009929868 0.00087506586
0.013697241 0.0014410187
0.013886226 0.0014593822
0.013966781 0.0014671917
0.013957469 0.0014663133
0.013835279 0.0014545585
0.0140878055 0.0014790414
0.013992814 0.001469701
0.013931226 0.0014637804
0.013771414 0.0014482618
0.013579877 0.001429528
0.014100065 0.0014800499
0.014054536 0.001475618
0.013872783 0.0014580638
0.013092914 0.0013822479
0.013928422 0.0014635521
0.01384749 0.001455638
0.013860727 0.0014569205
0.0139067555 0.0014613856
0.013932997 0.001463921
0.013559683 0.0014274329
0.013767354 0.0014479326
0.014018071 0.0014721663
0.013559683 0.0014274329
0.013579877 0.001429528
0.013966781 0.0014671917
0.013670592 0.001438491
0.01364717 0.0014360573
0.011743812 0.0011805866
0.013856144 0.0014564567
0.013851191 0.0014560729
0.013814824 0.0014524852
0.013972887 0.0014677799
0.013989146 0.0014693927
0.009906619 0.0008615535
0.013910618 0.0014617399
0.014036169 0.0014738713
0.009940419 0.0008812106
0.014002932 0.0014707285
0.013847001 0.001455559
0.009905471 0.0008600774
0.014007213 0.0014711331
0.013861056 0.0014569667
0.013601145 0.0014316309
0.013757442 0.0014468967
0.013847001 0.001455559
0.0138791725 0.0014588236
0.013941131 0.0014647004
0.013754706 0.0014466727
0.014155104 0.0014853682
0.01397876 0.0014682981
0.014042422 0.0014745487
0.013982762 0.001468763
0.013940349 0.0014646951
0.013982762 0.001468763
0.013778113 0.001448816
0.013630272 0.0014345238
0.013933387 0.0014639429
0.013913395 0.001462033
0.013630272 0.0014345238
0.014046276 0.0014749103
0.013885671 0.0014593637
0.013632121 0.0014346921
0.01376727 0.0014477137
0.01376727 0.0014477137
0.014061246 0.0014763634
0.01402 0.0014723204
0.01418925 0.0014886314
0.042361412 0.0022294167
0.010042994 0.0009198969
0.013448934 0.0014167577
0.013871187 0.0014579198
0.014091223 0.0014792212
0.013674559 0.0014387148
0.013850828 0.0014559865
0.014155104 0.0014853682
0.013845509 0.0014554729
0.013923078 0.0014629614
0.013901229 0.00146094
0.013976913 0.0014681716
0.014013512 0.0014717085
0.014042604 0.0014745811
0.014006218 0.0014710489
0.013940272 0.0014646122
0.013981682 0.0014685969
0.01273013 0.0012194893
0.013684405 0.0014396856
0.013797397 0.0014507701
0.013797397 0.0014507701
0.011747936 0.0011808202
0.01385715 0.0014566293
0.013878368 0.0014586707
0.014090672 0.00147916
0.013964293 0.0014670087
0.013581078 0.0014297295
0.013830286 0.0014539438
0.013726185 0.0014437716
0.0139091015 0.0014617192
0.014027423 0.0014729988
0.013934132 0.0014640143
0.013963981 0.001466978
0.0099140005 0.00086523074
0.009884128 0.0008482198
0.013932241 0.0014638477
0.014174927 0.0014871345
0.013781266 0.0014492822
0.013803654 0.0014513409
0.014233467 0.0014927967
0.013970107 0.0014675555
0.013093961 0.0013823296
0.01393283 0.001463913
0.009493949 0.0006157915
0.013998253 0.0014703652
0.009817679 0.0008126209
0.013938264 0.001464548
0.013961544 0.0014667428
0.011747936 0.0011808202
0.013827344 0.0014536615
0.014035655 0.0014738283
0.014292092 0.001498501
0.016627185 0.0015993211
0.014056919 0.0014758615
0.013674623 0.0014387352
0.013901924 0.0014609958
0.013892681 0.0014601192
0.013830286 0.0014539438
0.013882869 0.0014590629
0.014037947 0.0014741234
0.013982111 0.0014687034
0.013532522 0.0014248842
0.013851993 0.0014560777
0.013849386 0.00145581
0.013803654 0.0014513409
0.013941865 0.0014648974
0.014010954 0.0014714623
0.013915287 0.0014622624
0.013806868 0.0014516303
0.040021148 0.0021459248
0.01395356 0.0014659505
0.0138455555 0.0014555001
0.013882869 0.0014590629
0.014017392 0.001472145
0.013960179 0.0014665509
0.014184863 0.0014882415
0.013934132 0.0014640143
0.016541282 0.0015938313
0.014027968 0.001473115
0.042361412 0.0022294167
0.012857612 0.0012257729
0.01401166 0.0014715195
0.023426093 0.0017761996
0.013902898 0.001461102
0.013830286 0.0014539438
0.014050129 0.0014752717
0.013900168 0.0014608271
0.014042211 0.0014744833
0.013813763 0.0014523574
0.013813763 0.0014523574
0.013889366 0.0014596732
0.013895455 0.0014602826
0.04062997 0.002158915
0.013703279 0.0014415666
0.013816412 0.0014526272
0.0139730135 0.001467864
0.013505175 0.0014222736
0.013505175 0.0014222736
0.014013512 0.0014717085
0.013884279 0.0014591935
0.009931094 0.0008750948
0.034454327 0.001971619
0.014061246 0.0014763634
0.013726185 0.0014437716
0.013901924 0.0014609958
0.012688508 0.0012166357
0.013932997 0.001463921
0.009915597 0.00086616987
0.0139067555 0.0014613856
0.013849386 0.00145581
0.013949594 0.00146551
0.013774189 0.0014487098
0.013916183 0.0014623748
0.013448934 0.0014167577
0.0141168935 0.0014816589
0.01390733 0.0014614916
0.014020083 0.0014723676
0.013900168 0.0014608271
0.014160529 0.0014859479
0.014160529 0.0014859479
0.014292092 0.001498501
0.014060758 0.0014763541
0.013917199 0.0014624124
0.013917199 0.0014624124
0.013843865 0.0014554155
0.014064866 0.0014766486
0.013948062 0.0014653986
0.013845509 0.0014554729
0.014006218 0.0014710489
0.013919973 0.0014626544
0.013982111 0.0014687034
0.013982111 0.0014687034
0.009493949 0.0006157915
0.013901229 0.00146094
0.013856596 0.0014564865
0.011913659 0.0011885181
0.013846585 0.0014555149
0.013846585 0.0014555149
0.0138455555 0.0014555001
0.0138455555 0.0014555001
0.014035655 0.0014738283
0.013879103 0.0014586938
0.013977594 0.0014682868
0.013977594 0.0014682868
0.013950372 0.0014655758
0.013950372 0.0014655758
0.014181121 0.0014878857
0.014052077 0.0014755152
0.013882869 0.0014590629
0.016586514 0.0015950508
0.014148182 0.0014846524
0.014020083 0.0014723676
0.013892681 0.0014601192
0.012857612 0.0012257729
0.013920826 0.001462788
0.013925801 0.0014632528
0.013880952 0.0014588936
0.01400075 0.0014705968
0.013998253 0.0014703652
0.01393283 0.001463913
0.013745774 0.0014457358
0.013770285 0.0014482124
0.013485531 0.0014203748
0.009493949 0.0006157915
0.014086843 0.0014787697
0.014065109 0.0014767594
0.01367799 0.0014390834
0.0137689365 0.001447966
0.0137689365 0.001447966
0.014048888 0.0014750812
0.016586514 0.0015950508
0.013485531 0.0014203748
0.016469449 0.0015885297
0.011717066 0.0011792947
0.009923909 0.0008710881
0.013879103 0.0014586938
0.013995459 0.001469891
0.0138902245 0.0014598452
0.014036784 0.001473968
0.014036784 0.001473968
0.014036784 0.001473968
0.014036784 0.001473968
0.014036784 0.001473968
0.014036784 0.001473968
0.014036784 0.001473968
0.014367863 0.0015053365
0.013831504 0.001454063
0.013757145 0.0014468615
0.037535045 0.002058534
0.013701876 0.001441443
0.013701876 0.001441443
0.0138093075 0.0014518867
0.013753395 0.0014463451
0.0138093075 0.0014518867
0.0389032 0.0021005804
0.013706967 0.0014418896
0.013753395 0.0014463451
0.013228585 0.0013953125
0.013682467 0.0014395284
0.013912794 0.0014619104
0.013674843 0.0014389055
0.014135375 0.0014835173
0.014168584 0.0014865502
0.014482412 0.0015166006
0.014037191 0.0014740985
0.014057541 0.0014759231
0.013944088 0.0014649645
0.037743837 0.0020737974
0.0136574665 0.0014371157
0.014380517 0.0015066306
0.013881017 0.0014589125
0.013920746 0.0014627052
0.013920746 0.0014627052
0.01184427 0.001184668
0.013640603 0.001435533
0.01402755 0.0014730545
0.013733492 0.0014444487
0.013837626 0.0014546295
0.043127354 0.0022368473
0.014235138 0.0014931222
0.014018544 0.0014721763
0.013735358 0.0014447337
0.011783081 0.0011820571
0.014098031 0.0014799307
0.013924464 0.001463093
0.010018946 0.00090286584
0.013910912 0.0014617697
0.014013498 0.0014716551
0.017096732 0.001631897
0.013942998 0.0014649027
0.014513479 0.0015196733
0.0136574665 0.0014371157
0.014013498 0.0014716551
0.0143190315 0.0015010161
0.04259344 0.0022346282
0.013958684 0.0014664483
0.013863296 0.0014571174
0.013863296 0.0014571174
0.03891442 0.0021218571
0.013955521 0.0014662734
0.0137921255 0.0014502549
0.0139655145 0.001467089
0.013697103 0.0014410069
0.0139359785 0.0014641886
0.014093509 0.0014793993
0.011783081 0.0011820571
0.0139655145 0.001467089
0.01402755 0.0014730545
0.011891118 0.001186582
0.009475759 0.00060337206
0.009475759 0.00060337206
0.03744422 0.002055883
0.03744422 0.002055883
0.014051608 0.001475325
0.01406803 0.0014769172
0.014074414 0.0014775334
0.013851134 0.0014559891
0.013818994 0.0014527705
0.013914794 0.0014622002
0.014077077 0.001477814
0.014057176 0.0014758895
0.012699102 0.0012174787
0.014445794 0.0015130776
0.013952534 0.0014658141
0.014070855 0.0014771821
0.01391301 0.0014619968
0.0137360515 0.00144474
0.01401597 0.0014719117
0.01391301 0.0014619968
0.013465874 0.0014184797
0.013896238 0.001460327
0.014074794 0.0014775498
0.014045594 0.0014747462
0.014179533 0.0014876964
0.014043431 0.0014746086
0.014177732 0.001487504
0.014259148 0.0014955247
0.013600518 0.0014314812
0.013896238 0.001460327
0.013896238 0.001460327
0.043435995 0.0022458015
0.014223272 0.0014918864
0.013508958 0.0014224054
0.01406032 0.0014761561
0.013241576 0.0013965894
0.013793326 0.0014503541
0.013967844 0.0014672866
0.014162662 0.0014861145
0.014223272 0.0014918864
0.014156776 0.0014855046
0.011801695 0.001183101
0.014120548 0.0014820104
0.013589166 0.001430358
0.013591505 0.0014305932
0.0138226915 0.0014532955
0.0376099 0.002065373
0.04397299 0.0022558658
0.013482081 0.0014200759
0.013574427 0.0014289609
0.0134622315 0.0014180545
0.014265644 0.001495979
0.0134622315 0.0014180545
0.0134622315 0.0014180545
0.014188688 0.001488516
0.013876683 0.0014585136
0.013805666 0.0014515988
0.014233501 0.0014929683
0.013510934 0.0014227397
0.0133778555 0.001409258
0.014222441 0.00149186
0.0141112 0.0014811363
0.014079178 0.0014779718
0.013482081 0.0014200759
0.014142384 0.0014840409
0.0138978055 0.001460612
0.015290157 0.001541375
0.014079178 0.0014779718
0.014079178 0.0014779718
0.014120548 0.0014820104
0.01406032 0.0014761561
0.01406032 0.0014761561
0.014074414 0.0014775334
0.016833441 0.001613247
0.016833441 0.001613247
0.013981993 0.0014686183
0.0135862995 0.0014301196
0.013324688 0.0014046197
0.013495348 0.0014212616
0.013495348 0.0014212616
0.0132894395 0.0014009419
0.012815663 0.0012223442
0.01752669 0.0016495176
0.013930435 0.0014636911
0.01415042 0.0014848076
0.012784974 0.0012211797
0.014055358 0.0014757013
0.013786238 0.0014497088
0.014102091 0.0014802385
0.01367207 0.0014385255
0.013586966 0.0014302586
0.046123233 0.0022885127
0.013251429 0.0013975428
0.01415042 0.0014848076
0.013525928 0.001424254
0.014129614 0.001482956
0.014094366 0.0014794908
0.013695797 0.001440793
0.014434084 0.0015119415
0.01367207 0.0014385255
0.012842606 0.0012236532
0.014445041 0.0015130145
0.047535695 0.0023242687
0.018303454 0.0016827253
0.013986436 0.0014690349
0.013825691 0.0014535172
0.04737616 0.002321789
0.01366417 0.0014377788
0.01367207 0.0014385255
0.014129614 0.001482956
0.014210437 0.0014905479
0.013773144 0.0014483057
0.013726072 0.001443744
0.013726072 0.001443744
0.01299619 0.0012306478
0.013825691 0.0014535172
0.013825691 0.0014535172
0.013765427 0.0014476762
0.0114766 0.0011659155
0.015444169 0.0015536225
0.015444169 0.0015536225
0.013770119 0.0014480607
0.011829251 0.001184019
0.011829251 0.001184019
0.012717389 0.0012183295
0.01283857 0.0012235586
0.020730328 0.0017306162
0.014132191 0.001483087
0.013780637 0.0014491965
0.013450982 0.0014168046
0.014132191 0.001483087
0.013524884 0.0014241106
0.01283857 0.0012235586
0.0128085865 0.0012221347
0.010546731 0.0011029287
0.014104595 0.0014804271
0.013479251 0.0014196035
0.014190998 0.0014887312
0.01284595 0.001223931
0.013107332 0.0013835513
0.01320154 0.0013927479
0.014258538 0.0014953727
0.013107332 0.0013835513
0.037193052 0.0020546285
0.01283037 0.0012232546
0.012844118 0.0012237873
0.012844118 0.0012237873
0.013650006 0.0014363001
0.014198916 0.0014894494
0.03520455 0.0019934261
0.01284595 0.001223931
0.01534028 0.0015459347
0.01534028 0.0015459347
0.037193052 0.0020546285
0.01280956 0.0012221844
0.013345161 0.0014065471
0.013362171 0.0014082711
0.013362171 0.0014082711
0.014165959 0.0014863502
0.014258538 0.0014953727
0.02075746 0.0017494601
0.01419372 0.0014891261
0.012759633 0.0012199972
0.012759633 0.0012199972
0.012844118 0.0012237873
0.01419372 0.0014891261
0.025465835 0.0018451868
0.01317167 0.0013895996
0.014055316 0.0014756862
0.012816225 0.0012225073
0.014190998 0.0014887312
0.015362966 0.0015482195
0.011795557 0.0011827576
0.014104595 0.0014804271
0.015362966 0.0015482195
0.014206814 0.0014901678
0.014073542 0.001477502
0.01180596 0.0011831362
0.014005452 0.0014709615
0.013978099 0.0014682873
0.013233433 0.0013957731
0.014123095 0.0014822391
0.011883906 0.001186336
0.013974687 0.0014679881
0.016609479 0.0015968438
0.013713087 0.0014425088
0.01667756 0.0016028342
0.036234412 0.0020194193
0.014311768 0.0015003135
0.014012923 0.0014716221
0.013931349 0.0014638443
0.014311768 0.0015003135
0.0136525575 0.0014366127
0.0136525575 0.0014366127
0.014206814 0.0014901678
0.013667922 0.0014380725
0.014031317 0.0014734258
0.014107153 0.0014806906
0.013722669 0.0014434612
0.013764021 0.0014475563
0.01180596 0.0011831362
0.0140994955 0.0014799375
0.014382946 0.0015074151
0.014382946 0.0015074151
0.016559714 0.0015947691
0.016559714 0.0015947691
0.014157337 0.0014855118
0.01268286 0.0012164995
0.013987704 0.0014693227
0.0139871435 0.001469174
0.014062077 0.0014763899
0.014243131 0.001493722
0.012651399 0.0012152654
0.011906254 0.0011873802
0.013884302 0.0014593557
0.0140203135 0.0014724645
0.014436689 0.0015122874
0.013937684 0.0014643676
0.014101441 0.0014802279
0.014102445 0.0014803138
0.013794709 0.0014504498
0.013795003 0.0014504576
0.014263262 0.0014958401
0.014263262 0.0014958401
0.014133601 0.0014832694
0.014103794 0.001480378
0.013918844 0.0014626391
0.015564694 0.001566802
0.014082007 0.0014782842
0.014082007 0.0014782842
0.014031317 0.0014734258
0.014050902 0.0014752795
0.014050902 0.0014752795
0.011673845 0.001177833
0.014062077 0.0014763899
0.014128799 0.0014827917
0.01375848 0.0014469662
0.014127568 0.0014826459
0.01414527 0.0014843587
0.01351834 0.001423552
0.009452014 0.00058165204
0.014127568 0.0014826459
0.014124514 0.0014824034
0.014103794 0.001480378
0.014406227 0.0015093727
0.014159109 0.001485608
0.014448424 0.0015134484
0.013899935 0.0014607304
0.013899935 0.0014607304
0.014406128 0.0015088357
0.014077392 0.0014779124
0.014077392 0.0014779124
0.009771592 0.000775905
0.015406861 0.0015513289
0.014359952 0.0015050366
0.01269415 0.0012167022
0.013899935 0.0014607304
0.0139659 0.0014671002
0.0139659 0.0014671002
0.014151294 0.001484945
0.014406227 0.0015093727
0.009452014 0.00058165204
0.015417438 0.001552334
0.014203104 0.0014899021
0.015417438 0.001552334
0.015735814 0.0015742269
0.013713087 0.0014425088
0.014032283 0.0014734576
0.01268495 0.0012166222
0.01268495 0.0012166222
0.01268495 0.0012166222
0.01268495 0.0012166222
0.01388945 0.0014596824
0.013739187 0.0014450423
0.013739187 0.0014450423
0.013925239 0.0014631201
0.013803362 0.001451283
0.01368973 0.0014403088
0.01368973 0.0014403088
0.013763059 0.0014474605
0.0139211 0.0014627972
0.013922519 0.0014628901
0.013922519 0.0014628901
0.01378506 0.0014495461
0.012825537 0.0012230614
0.014492164 0.0015173743
0.013780319 0.0014491078
0.013849361 0.0014557868
0.013536223 0.0014252356
0.013536223 0.0014252356
0.0135600045 0.0014275801
0.013469887 0.0014188563
0.013597958 0.0014313132
0.03744409 0.0020551137
0.013490174 0.0014204732
0.014280469 0.001497122
0.013048026 0.0012330329
0.011439315 0.0011655155
0.01377769 0.0014488078
0.013792429 0.0014502844
0.013750142 0.0014461805
0.012815385 0.0012223313
0.013061101 0.001233736
0.010064087 0.0009214654
0.01378676 0.0014497733
0.038871154 0.0020992681
0.038871154 0.0020992681
0.014107616 0.0014807419
0.009482099 0.00060588
0.014027415 0.0014729964
0.046656236 0.002316999
0.046656236 0.002316999
0.0468695 0.0023175855
0.014557069 0.0015237844
0.014556347 0.0015236287
0.01060062 0.0011046162
0.01381247 0.0014522413
0.0139040295 0.0014611895
0.0139040295 0.0014611895
0.013838385 0.0014546941
0.013829722 0.0014539049
0.011972129 0.0011901994
0.013970342 0.0014675806
0.013829722 0.0014539049
0.013552464 0.0014267901
0.009898396 0.0008564428
0.010064087 0.0009214654
0.014556347 0.0015236287
0.013939656 0.0014645758
0.013803996 0.0014513994
0.013939656 0.0014645758
0.009902933 0.000858625
0.04660096 0.0023151513
0.01060062 0.0011046162
0.04660096 0.0023151513
0.013739213 0.001445085
0.013838385 0.0014546941
0.013918621 0.0014625529
0.0140821235 0.0014782975
0.013734981 0.0014447095
0.013876069 0.0014584708
0.013951432 0.0014657294
0.01388954 0.0014596896
0.013766218 0.0014476902
0.013766218 0.0014476902
0.014133831 0.0014832795
0.014019276 0.0014722717
0.013518107 0.0014235515
0.01386423 0.0014572707
0.013860081 0.0014568829
0.013860081 0.0014568829
0.0117452545 0.0011807833
0.01395209 0.0014657627
0.01379542 0.0014505725
0.013906449 0.0014613236
0.013679635 0.0014394007
0.013823738 0.0014534167
0.013952187 0.0014657904
0.01382666 0.0014536023
0.01379542 0.0014505725
0.013905493 0.0014612352
0.013676299 0.0014390061
0.01370989 0.0014422418
0.014019276 0.0014722717
0.01370391 0.0014417409
0.013855888 0.0014564473
0.013535443 0.001425217
0.01382881 0.0014537753
0.013855888 0.0014564473
0.013804762 0.001451501
0.013669206 0.0014382947
0.01384965 0.0014558226
0.013877954 0.0014585386
0.014115545 0.0014815301
0.014068371 0.0014770807
0.014488888 0.0015171777
0.012997432 0.0012311253
0.013754238 0.0014465983
0.013816594 0.0014526746
0.013722963 0.0014434693
0.013981773 0.0014686047
0.014083413 0.0014784213
0.014055665 0.0014757267
0.014055665 0.0014757267
0.013622752 0.0014337824
0.013895181 0.00146022
0.01419298 0.0014889676
0.013616098 0.0014331465
0.013925893 0.001463294
0.014171384 0.0014867724
0.013857085 0.0014565896
0.013820945 0.001453042
0.013799313 0.0014509642
0.014102755 0.0014803167
0.013797799 0.0014508223
0.013797799 0.0014508223
0.014018938 0.0014722171
0.011979501 0.0011906017
0.013826843 0.0014536318
0.013953027 0.0014658193
0.013929091 0.0014636348
0.013911784 0.0014618683
0.01321485 0.0013941017
0.013796398 0.0014507301
0.013959692 0.0014664793
0.01377399 0.0014485428
0.0139491875 0.001465471
0.009914352 0.0008656841
0.011816546 0.0011838495
0.014018938 0.0014722171
0.013769358 0.0014480411
0.01363954 0.0014354831
0.013679989 0.001439412
0.013572719 0.0014289158
0.025279617 0.0018384065
0.013773389 0.0014484696
0.013938128 0.0014643903
0.013945015 0.0014652138
0.013996062 0.0014699872
0.013830178 0.001453933
0.013996469 0.0014700153
0.013769358 0.0014480411
0.0137365395 0.0014449159
0.014090055 0.0014791563
0.014090055 0.0014791563
0.013699003 0.0014412492
0.013967059 0.0014672079
0.0134701915 0.0014189065
0.013981773 0.0014686047
0.009867898 0.0008386802
0.012819523 0.0012228487
0.013690101 0.0014403572
0.009911114 0.0008639682
0.01373111 0.0014443224
0.013929091 0.0014636348
0.014120911 0.001482036
0.01385301 0.0014561234
0.0136781335 0.0014391623
0.013803924 0.0014513982
0.013797799 0.0014508223
0.039951302 0.002128794
0.013474067 0.0014193277
0.013474067 0.0014193277
0.013801192 0.0014511539
0.013572464 0.0014288644
0.013817245 0.001452705
0.013725307 0.0014437397
0.009911114 0.0008639682
0.014221152 0.0014917256
0.017330961 0.0016418893
0.013785907 0.0014496685
0.013844858 0.0014554297
0.013578806 0.0014293633
0.01377816 0.0014489765
0.013759164 0.0014470634
0.011389402 0.0011613017
0.013783176 0.0014493851
0.013715597 0.0014429252
0.0119455205 0.0011885191
0.0119455205 0.0011885191
0.013827734 0.0014537554
0.013976732 0.0014681377
0.013976732 0.0014681377
0.013790428 0.0014500702
0.014093492 0.0014793484
0.014093492 0.0014793484
0.011508954 0.0011693259
0.01381638 0.0014525804
0.01381638 0.0014525804
0.013953162 0.0014658424
0.010621634 0.0011051528
0.014097257 0.0014799265
0.013894587 0.0014601998
0.03960691 0.0021250166
0.017330961 0.0016418893
0.0137202805 0.0014432238
0.013844858 0.0014554297
0.013679989 0.001439412
0.013875306 0.001458336
0.013618813 0.0014333855
0.014180027 0.0014878619
0.014180027 0.0014878619
0.01398769 0.001469199
0.013144774 0.0013872322
0.013733783 0.0014446264
0.014145619 0.0014843836
0.013709714 0.0014421927
0.013809497 0.0014519147
0.013809497 0.0014519147
0.013953027 0.0014658193
0.01382611 0.0014535245
0.01382611 0.0014535245
0.013722963 0.0014434693
0.013827734 0.0014537554
0.013827734 0.0014537554
0.0137202805 0.0014432238
0.0137702 0.0014480982
0.013670226 0.0014383438
0.014145619 0.0014843836
0.050679326 0.0023689552
0.013666103 0.0014379945
0.013428618 0.0014149131
0.01382611 0.0014535245
0.01382611 0.0014535245
0.01381638 0.0014525804
0.014206802 0.0014901585
0.03960691 0.0021250166
0.013780515 0.0014491152
0.013893769 0.0014601528
0.013835128 0.001454412
0.013527164 0.0014244345
0.013527164 0.0014244345
0.013868975 0.00145777
0.013725307 0.0014437397
0.013725307 0.0014437397
0.014083413 0.0014784213
0.013761858 0.001447393
0.013762567 0.0014474016
0.01389583 0.0014602965
0.013773174 0.0014484116
0.014120911 0.001482036
0.013871336 0.0014579231
0.0136781335 0.0014391623
0.013790428 0.0014500702
0.013871336 0.0014579231
0.013871336 0.0014579231
0.01372734 0.0014439408
0.01372734 0.0014439408
0.013759164 0.0014470634
0.013759164 0.0014470634
0.014110288 0.001481038
0.013736317 0.0014448939
0.013837196 0.0014545679
0.013855504 0.0014563364
0.013855504 0.0014563364
0.009902648 0.0008567166
0.009863592 0.0008329024
0.009863592 0.0008329024
0.014118359 0.0014817078
0.013793707 0.0014504396
0.0139360335 0.0014642365
0.013640736 0.0014355432
0.009895638 0.0008545366
0.013486017 0.0014204448
0.01373732 0.0014449325
0.009891969 0.0008516192
0.013834823 0.0014543631
0.013870234 0.0014579142
0.047948845 0.0023329442
0.013784212 0.001449464
0.009891684 0.0008506933
0.01284752 0.0012242701
0.013777675 0.0014488075
0.013997191 0.0014701497
0.009914259 0.00086537516
0.013057896 0.0012332436
0.0143621415 0.0015050878
0.013711519 0.0014423259
0.014442055 0.0015125334
0.013057896 0.0012332436
0.009902045 0.0008565022
0.013941597 0.0014648059
0.014016282 0.0014719454
0.014016282 0.0014719454
0.013870234 0.0014579142
0.013448179 0.0014164252
0.013444219 0.0014162431
0.014010631 0.001471398
0.014424557 0.0015110415
0.014139503 0.0014838731
0.014139503 0.0014838731
0.0137273595 0.001444051
0.009902045 0.0008565022
0.013711519 0.0014423259
0.013711519 0.0014423259
0.013912547 0.0014618939
0.01284752 0.0012242701
0.013853606 0.0014561875
0.014139503 0.0014838731
0.014169008 0.001486618
0.013795014 0.0014504831
0.009906052 0.0008607965
0.014401366 0.0015086285
0.013853606 0.0014561875
0.013929845 0.0014636577
0.013929845 0.0014636577
0.013605607 0.0014320516
0.014153472 0.001485194
0.013669153 0.0014380789
0.014153472 0.001485194
0.0135227395 0.0014239063
0.013748531 0.0014459679
0.016519813 0.0015896527
0.014382541 0.0015067684
0.0138218645 0.0014531254
0.014378037 0.0015065685
0.014378037 0.0015065685
0.013809419 0.0014519145
0.014115661 0.0014815591
0.013933903 0.0014639931
0.013809419 0.0014519145
0.01411675 0.0014816083
0.013987602 0.0014691886
0.009878781 0.00084295304
0.013831581 0.0014541758
0.013831581 0.0014541758
0.013653866 0.0014367215
0.013542932 0.0014258821
0.014115661 0.0014815591
0.013983033 0.0014688269
0.013542932 0.0014258821
0.013983033 0.0014688269
0.014348016 0.001503761
0.013933903 0.0014639931
0.013852324 0.001456102
0.013555719 0.001427307
0.013198626 0.0013922805
0.013521951 0.001423906
0.014079303 0.0014782838
0.013983942 0.0014688781
0.0118012745 0.0011829055
0.013983033 0.0014688269
0.014173811 0.0014870805
0.013877486 0.0014585207
0.013849238 0.0014557469
0.013940219 0.0014646017
0.013815461 0.0014525512
0.0118012745 0.0011829055
0.013936713 0.0014643241
0.013791126 0.0014501852
0.013763546 0.0014474862
0.013831581 0.0014541758
0.014378037 0.0015065685
0.0138537865 0.0014562525
0.0138218645 0.0014531254
0.0138218645 0.0014531254
0.04487648 0.0022638936
0.04487648 0.0022638936
0.013831581 0.0014541758
0.013984852 0.0014689296
0.013984852 0.0014689296
0.013984852 0.0014689296
0.014382541 0.0015067684
0.014382541 0.0015067684
0.013958068 0.0014663348
0.013071943 0.001380266
0.04487648 0.0022638936
0.013893628 0.0014601325
0.013893628 0.0014601325
0.013893628 0.0014601325
0.013893628 0.0014601325
0.013893628 0.0014601325
0.013893628 0.0014601325
0.013893628 0.0014601325
0.013893628 0.0014601325
0.013804561 0.0014514388
0.013891509 0.0014599013
0.01386861 0.0014577189
0.01386861 0.0014577189
0.038526945 0.0020891204
0.038526945 0.0020891204
0.01434602 0.0015036402
0.013960479 0.001466631
0.013732055 0.0014443501
0.013950799 0.001465644
0.016954748 0.0016276077
0.01383757 0.0014546001
0.0141185755 0.0014817497
0.013152883 0.001387866
0.013663079 0.0014376049
0.014246684 0.0014941113
0.013786827 0.0014498589
0.014036641 0.0014739259
0.012962171 0.0012298123
0.014035262 0.0014737666
0.013978781 0.0014683327
0.016743377 0.0016063161
0.013968588 0.001467314
0.013978781 0.0014683327
0.013205635 0.001393229
0.014477971 0.0015163852
0.014477971 0.0015163852
0.013881665 0.0014589544
0.013888382 0.0014595803
0.013943735 0.001464903
0.013732055 0.0014443501
0.011958809 0.0011897341
0.014075723 0.0014777699
0.015467177 0.0015639202
0.014011437 0.0014714702
0.014011437 0.0014714702
0.013829063 0.0014538242
0.0140331695 0.0014735821
0.013839588 0.0014549396
0.014026375 0.0014729827
0.013968588 0.001467314
0.013673283 0.0014386652
0.014036641 0.0014739259
0.0142037505 0.0014900077
0.012769955 0.0012207119
0.011707714 0.0011787607
0.013839588 0.0014549396
0.0140917385 0.0014792721
0.014302206 0.0014994164
0.014306248 0.0014998323
0.013802201 0.0014512693
0.020620516 0.0016935363
0.020620516 0.0016935363
0.013864892 0.0014573311
0.024272906 0.0017872313
0.014053605 0.0014755756
0.014327643 0.001501688
0.014327643 0.001501688
0.012832134 0.0012232822
0.0139265675 0.001463312
0.013924403 0.0014630882
0.013924403 0.0014630882
0.0140917385 0.0014792721
0.0127676055 0.001220453
0.01338055 0.0014095756
0.014195121 0.0014891668
0.013786827 0.0014498589
0.013829063 0.0014538242
0.013829063 0.0014538242
0.013103605 0.0013830103
0.014113273 0.0014815063
0.013673283 0.0014386652
0.013802201 0.0014512693
0.014045731 0.0014747884
0.014015885 0.0014718866
0.01399675 0.0014701148
0.011967682 0.0011898127
0.013222592 0.0013947957
0.013984563 0.0014688787
0.013999176 0.0014703738
0.014027627 0.0014730955
0.014319385 0.001501046
0.011899873 0.0011872622
0.014116328 0.001481573
0.01419896 0.001489564
0.014130038 0.0014829943
0.014112918 0.0014812354
0.014196945 0.0014893037
0.014107454 0.0014807171
0.014309909 0.0015000756
0.014112918 0.0014812354
0.014204495 0.0014901545
0.014154187 0.0014852079
0.013972658 0.0014677327
0.0140364 0.0014739118
0.013963567 0.0014668799
0.014197877 0.001489442
0.014190374 0.0014886782
0.0142350085 0.0014929733
0.01399591 0.0014699672
0.015333123 0.0015450128
0.014107454 0.0014807171
0.013799927 0.0014509656
0.014027627 0.0014730955
0.013984563 0.0014688787
0.014120331 0.0014819573
0.01398176 0.0014685971
0.014106716 0.0014805993
0.0137826465 0.0014493142
0.0141003365 0.0014800637
0.013520747 0.0014236333
0.014470563 0.001515563
0.014151645 0.0014850046
0.014160357 0.0014859204
0.014425371 0.0015111663
0.014248641 0.0014943129
0.014092017 0.0014793064
0.012773134 0.0012207836
0.013986288 0.0014690252
0.014075136 0.0014776574
0.014256775 0.001495056
0.014229656 0.0014923724
0.011853384 0.0011855385
0.013139485 0.0013866744
0.014041709 0.0014744117
0.014106716 0.0014805993
0.014170077 0.0014867105
0.013986288 0.0014690252
0.013994474 0.0014698536
0.01413496 0.0014833427
0.014188275 0.0014884823
0.014019908 0.0014723026
0.014019908 0.0014723026
0.009898224 0.00085556204
0.0137826465 0.0014493142
0.014049449 0.0014752067
0.010400733 0.001012576
0.013322947 0.0014043265
0.014137468 0.0014838157
0.014229642 0.0014923558
0.014229642 0.0014923558
0.014143536 0.0014842297
0.014094749 0.0014795995
0.014188275 0.0014884823
0.014164205 0.0014862098
0.013979015 0.0014684884
0.014092017 0.0014793064
0.013363353 0.0014084107
0.013210361 0.0013934325
0.013210361 0.0013934325
0.014120331 0.0014819573
0.012818364 0.0012227333
0.041089043 0.0021811007
0.0133065665 0.0014028407
0.014268802 0.0014963037
0.024122013 0.0017820214
0.014340751 0.0015028801
0.0339232 0.0019606363
0.013550815 0.0014265864
0.014237888 0.0014931648
0.014364714 0.0015052339
0.01155987 0.0011705412
0.01356172 0.0014275897
0.01414782 0.0014846341
0.014364714 0.0015052339
0.014165242 0.0014863068
0.013555574 0.0014269804
0.011703564 0.0011781788
0.013713513 0.0014425651
0.013329235 0.0014050951
0.0134989675 0.001421516
0.014428861 0.0015114729
0.010393971 0.0010047331
0.013028945 0.0012322854
0.013454438 0.0014172188
0.04524935 0.00226474
0.013555196 0.0014269189
0.012904912 0.0012267381
0.013276584 0.0013999036
0.015766699 0.0015835676
0.013477176 0.0014193511
0.013555196 0.0014269189
0.03498683 0.001987505
0.014472712 0.0015157997
0.014271662 0.001496406
0.01326191 0.0013984749
0.013563058 0.0014277758
0.013416088 0.0014135662
0.012857513 0.0012243596
0.010007219 0.00088255067
0.013637807 0.0014350066
0.014450987 0.0015137666
0.011875873 0.0011861273
0.010543076 0.001102724
0.010543076 0.001102724
0.012795989 0.0012216442
0.013625163 0.0014338505
0.01403687 0.001473999
0.014157877 0.0014856007
0.013625163 0.0014338505
0.013625163 0.0014338505
0.013822089 0.0014531575
0.012795989 0.0012216442
0.013452004 0.0014169046
0.013274164 0.0013997587
0.01410125 0.0014801932
0.014078958 0.0014779159
0.013567662 0.001428287
0.013567662 0.001428287
0.014110698 0.0014811044
0.014110698 0.0014811044
0.013231916 0.0013953963
0.014110698 0.0014811044
0.013567662 0.001428287
0.01415029 0.0014847544
0.014105614 0.001480593
0.015290261 0.0015429734
0.013943797 0.0014649462
0.013744528 0.0014454722
0.014113261 0.0014812455
0.013822089 0.0014531575
0.013231916 0.0013953963
0.012826534 0.001223196
0.010549927 0.0011031178
0.014113261 0.0014812455
0.010549927 0.0011031178
0.013511907 0.0014227863
0.014066769 0.0014767948
0.013231916 0.0013953963
0.01410125 0.0014801932
0.014110698 0.0014811044
0.009811224 0.00080575276
0.0140669085 0.0014768026
0.03682205 0.0020438258
0.014105614 0.001480593
0.011866931 0.0011856005
0.012767113 0.0012202301
0.014209595 0.0014905297
0.014209595 0.0014905297
0.014209595 0.0014905297
0.014209595 0.0014905297
0.014209595 0.0014905297
0.014209595 0.0014905297
0.014209595 0.0014905297
0.0138264205 0.0014535845
0.013830892 0.0014539672
0.013830892 0.0014539672
0.01423243 0.001492713
0.013899513 0.0014606819
0.013785835 0.0014495781
0.0142757455 0.0014968154
0.014166048 0.0014865501
0.013899513 0.0014606819
0.0142757455 0.0014968154
0.034707822 0.001980381
0.014298171 0.0014989718
0.014298171 0.0014989718
0.013740144 0.0014451627
0.014170853 0.0014867107
0.0138249975 0.0014534987
0.013354566 0.0014075685
0.013806939 0.0014516674
0.013819718 0.0014528979
0.013849913 0.0014559274
0.013849913 0.0014559274
0.013803047 0.0014512803
0.0099229235 0.0008709571
0.013674359 0.0014387148
0.0138872275 0.0014594324
0.013523264 0.0014240182
0.014372125 0.0015060254
0.01376981 0.0014480496
0.013872966 0.001458118
0.013837254 0.0014545693
0.009897006 0.00085473846
0.013543948 0.0014260459
0.013881888 0.0014590234
0.011765661 0.0011815741
0.014314825 0.0015005447
0.01376981 0.0014480496
0.013700853 0.0014412822
0.01414693 0.001484543
0.01417242 0.0014869695
0.011772788 0.001181949
0.013646699 0.0014359944
0.014298934 0.001498976
0.011772788 0.001181949
0.013802878 0.0014512731
0.013802878 0.0014512731
0.014011929 0.0014715843
0.014287432 0.0014980279
0.01386091 0.0014569332
0.011686527 0.001178028
0.011686527 0.001178028
0.016695943 0.0016032136
0.013674359 0.0014387148
0.013543948 0.0014260459
0.01376981 0.0014480496
0.01376981 0.0014480496
0.013986138 0.0014689896
0.013986138 0.0014689896
0.013872966 0.001458118
0.014012836 0.0014716078
0.013523264 0.0014240182
0.013644242 0.0014358112
0.0138431955 0.0014552104
0.013768389 0.0014479483
0.009873809 0.0008422841
0.014002302 0.0014706879
0.013861254 0.001457029
0.013852204 0.0014560982
0.016695943 0.0016032136
0.049575187 0.0023569867
0.013861254 0.001457029
0.013534057 0.0014250932
0.013354566 0.0014075685
0.013354566 0.0014075685
0.0141695775 0.0014866409
0.0141695775 0.0014866409
0.013224028 0.0013948105
0.0138431955 0.0014552104
0.009897006 0.00085473846
0.013863058 0.0014571092
0.013863058 0.0014571092
0.014314825 0.0015005447
0.013761053 0.0014473009
0.014440463 0.0015122959
0.009473209 0.00060106383
0.010007438 0.00088878017
0.01673025 0.0016044087
0.011814052 0.0011834443
0.013587663 0.0014302685
0.018342655 0.0016833087
0.014342329 0.0015029936
0.012926657 0.0012279603
0.009457779 0.00058664335
0.01359217 0.0014306454
0.00985448 0.00082846644
0.01362577 0.0014341129
0.00985448 0.00082846644
0.011781591 0.0011820323
0.013550264 0.0014265447
0.009445726 0.0005756456
0.009445726 0.0005756456
0.013550264 0.0014265447
0.0114964675 0.0011673014
0.012906056 0.001226912
0.013829168 0.0014538314
0.009478459 0.00060395175
0.009478459 0.00060395175
0.014311437 0.00150023
0.013924233 0.0014630707
0.0104002375 0.0010073491
0.013705817 0.0014417731
0.013748654 0.0014459746
0.013924233 0.0014630707
0.015439542 0.0015529671
0.013726049 0.0014437417
0.01295872 0.0012291089
0.009359375 0.0005165511
0.0133480495 0.0014068981
0.013305064 0.0014027517
0.013023616 0.0012320332
0.013644637 0.0014359537
0.0132994875 0.001402154
0.0094602555 0.0005909632
0.009413293 0.00055476755
0.013585105 0.0014299279
0.01380184 0.0014512069
0.01377664 0.0014487099
0.013610436 0.0014324606
0.014143101 0.001484075
0.014242079 0.0014935791
0.013961535 0.0014667052
0.014242079 0.0014935791
0.014243738 0.0014938404
0.014262957 0.0014955414
0.013961535 0.0014667052
0.013343961 0.00140648
0.013579044 0.0014294299
0.013981144 0.0014685367
0.013558234 0.0014274073
0.014274495 0.0014967909
0.014197724 0.0014894233
0.014036351 0.001473908
0.014615594 0.0015295997
0.013610436 0.0014324606
0.014230814 0.0014925866
0.0141713945 0.0014868443
0.013661558 0.001437405
0.014296231 0.001498851
0.015358839 0.0015464973
0.014036351 0.001473908
0.013698883 0.0014410825
0.013276609 0.0013999268
0.014342898 0.0015030606
0.013259058 0.0013983446
0.011848101 0.0011849003
0.013893844 0.0014601878
0.013720198 0.0014431904
0.014041807 0.0014744571
0.014061502 0.0014763691
0.014056017 0.0014757533
0.013558234 0.0014274073
0.014163825 0.0014861587
0.013986519 0.0014690412
0.013633008 0.0014347105
0.011473543 0.0011655558
0.013698883 0.0014410825
0.014227486 0.0014923094
0.014230814 0.0014925866
0.014124266 0.0014823993
0.014304258 0.0014994917
0.014192234 0.0014888013
0.013556914 0.0014273194
0.013556914 0.0014273194
0.0141794775 0.0014875883
0.014056017 0.0014757533
0.014016694 0.0014720212
0.023097167 0.001759423
0.01169546 0.001178118
0.012780471 0.0012207931
0.013960065 0.0014665142
0.014324325 0.0015015695
0.014350913 0.0015039849
0.0133508025 0.0014072529
0.013990687 0.0014696581
0.013997211 0.0014701784
0.01319072 0.0013916426
0.013529662 0.0014245192
0.0141713945 0.0014868443
0.01169546 0.001178118
0.01429377 0.0014985483
0.013661993 0.0014375006
0.013768943 0.0014479974
0.01384932 0.0014557763
0.013517382 0.0014234656
0.014074066 0.0014775078
0.0141760195 0.0014872098
0.014074066 0.0014775078
0.013217365 0.0013942939
0.014453527 0.0015139069
0.01355991 0.0014275205
0.0118914535 0.0011867743
0.013882903 0.0014590861
0.013882903 0.0014590861
0.013693023 0.0014404677
0.014107826 0.0014808199
0.013986721 0.0014691614
0.013986721 0.0014691614
0.011876979 0.0011861701
0.013672958 0.0014385787
0.014168711 0.0014865521
0.013691977 0.0014403852
0.013715031 0.0014427743
0.011716621 0.0011791126
0.01430182 0.0014993283
0.013217365 0.0013942939
0.013865599 0.0014575174
0.010015621 0.00090225664
0.010015621 0.00090225664
0.013954391 0.0014660455
0.014140386 0.0014839714
0.014140386 0.0014839714
0.013954391 0.0014660455
0.011824256 0.0011839145
0.01402364 0.0014727712
0.013217365 0.0013942939
0.01355991 0.0014275205
0.024730226 0.0018047477
0.024730226 0.0018047477
0.013693023 0.0014404677
0.01429377 0.0014985483
0.009938341 0.0008789351
0.014227295 0.0014921104
0.014227295 0.0014921104
0.014168711 0.0014865521
0.013838156 0.0014546798
0.014057652 0.0014761444
0.01407922 0.0014779932
0.013948984 0.0014654212
0.011824256 0.0011839145
0.014051293 0.0014752821
0.013819367 0.001452858
0.013551516 0.0014267366
0.014057652 0.0014761444
0.0141773475 0.0014872627
0.01371119 0.0014422629
0.009905175 0.0008596977
0.009905175 0.0008596977
0.014518831 0.0015199928
0.011716621 0.0011791126
0.013855668 0.0014564192
0.014051293 0.0014752821
0.013925284 0.001463139
0.014000615 0.0014704304
0.013819367 0.001452858
0.01402364 0.0014727712
0.014448224 0.0015132746
0.014448224 0.0015132746
0.013691977 0.0014403852
0.014151708 0.0014851465
0.014151708 0.0014851465
0.014191607 0.0014887644
0.024730226 0.0018047477
0.014164877 0.0014862665
0.011716621 0.0011791126
0.010015621 0.00090225664
0.010015621 0.00090225664
0.01407922 0.0014779932
0.01371119 0.0014422629
0.013877575 0.0014585344
0.013877575 0.0014585344
0.013627966 0.0014343661
0.013855668 0.0014564192
0.013855413 0.00145633
0.013855413 0.00145633
0.013614388 0.001432955
0.013614388 0.001432955
0.013719952 0.0014431463
0.013719952 0.0014431463
0.01417559 0.0014871844
0.011508165 0.0011688204
0.013837102 0.0014545625
0.012911133 0.001227348
0.013837899 0.0014546543
0.013920596 0.0014626757
0.013886968 0.0014594183
0.017703606 0.0016600045
0.011623298 0.0011747112
0.02058481 0.0016840077
0.04304008 0.0022366173
0.013946587 0.0014653725
0.013463519 0.00141829
0.014147137 0.001484592
0.014242012 0.0014935728
0.014147137 0.001484592
0.013807003 0.0014517109
0.013232164 0.0013956963
0.013788416 0.0014500243
0.013788416 0.0014500243
0.013529118 0.0014244814
0.013531887 0.001424712
0.013886968 0.0014594183
0.013417876 0.0014137896
0.013137619 0.0013864016
0.012979314 0.0012304687
0.011623298 0.0011747112
0.013887806 0.0014595187
0.013887806 0.0014595187
0.017268984 0.0016335984
0.013788416 0.0014500243
0.013731841 0.0014443385
0.012803151 0.0012220887
0.012803151 0.0012220887
0.013593317 0.0014307685
0.013701002 0.0014414095
0.013701002 0.0014414095
0.013920596 0.0014626757
0.013658414 0.0014372971
0.013417876 0.0014137896
0.0137038985 0.0014416471
0.009442934 0.000574575
0.013504487 0.0014221914
0.013800219 0.0014510081
0.013723303 0.0014435567
0.013607183 0.0014323454
0.013883625 0.0014591583
0.013504487 0.0014221914
0.013694744 0.0014407781
0.0138054425 0.0014515482
0.014415093 0.0015099983
0.0138054425 0.0014515482
0.013607183 0.0014323454
0.013712095 0.0014424296
0.012960638 0.0012296588
0.023917574 0.0017772854
0.013681134 0.0014394687
0.03665406 0.002041849
0.013700007 0.0014412798
0.013700007 0.0014412798
0.013042977 0.0012326114
0.013665878 0.0014379116
0.013738378 0.0014449871
0.013831424 0.0014539848
0.009447321 0.00057967013
0.013744613 0.0014456947
0.013776839 0.0014487881
0.013249704 0.0013974399
0.014132421 0.0014830892
0.014511064 0.0015192733
0.013724313 0.0014436216
0.0144818835 0.0015165503
0.013834603 0.0014543316
0.013646947 0.0014360461
0.013900757 0.0014608523
0.013712095 0.0014424296
0.014511064 0.0015192733
0.01300338 0.0012311309
0.013779815 0.0014490081
0.011570497 0.0011719425
0.013338666 0.0014061033
0.013908262 0.0014615873
0.0136185195 0.0014332945
0.013696629 0.0014409431
0.013625277 0.0014339378
0.013738378 0.0014449871
0.013743702 0.0014454629
0.013659631 0.0014373444
0.013721247 0.0014433212
0.013580062 0.0014297279
0.01374914 0.0014459755
0.013696629 0.0014409431
0.013730551 0.0014442224
0.013908262 0.0014615873
0.013726952 0.0014438285
0.013800291 0.0014510315
0.013650598 0.0014364978
0.0137722045 0.0014482655
0.009888542 0.00085041305
0.013800291 0.0014510315
0.013800291 0.0014510315
0.013753722 0.0014464748
0.013665878 0.0014379116
0.013665878 0.0014379116
0.0135219265 0.0014238689
0.013070807 0.001234589
0.013547055 0.0014263008
0.01272353 0.0012185961
0.014051768 0.0014753342
0.014207052 0.0014904283
0.011791917 0.0011827493
0.013407683 0.0014127712
0.04420773 0.0022592023
0.014250978 0.0014945351
0.014200744 0.0014898144
0.013407683 0.0014127712
0.011896105 0.0011869065
0.014253867 0.0014947735
0.014171213 0.0014867403
0.014145314 0.0014843618
0.014253867 0.0014947735
0.014253867 0.0014947735
0.01352139 0.0014237727
0.014051768 0.0014753342
0.014145314 0.0014843618
0.046541117 0.0023051118
0.014148172 0.0014846446
0.01665514 0.0015997997
0.016804917 0.0016112546
0.016768754 0.0016089618
0.01411172 0.0014811725
0.014056005 0.0014757317
0.014123039 0.0014822105
0.014213316 0.0014908676
0.013935155 0.0014641683
0.011843993 0.0011846153
0.011843993 0.0011846153
0.014190622 0.0014887205
0.014213316 0.0014908676
0.014199996 0.001489631
0.014099821 0.001479953
0.04357331 0.0022525212
0.014190622 0.0014887205
0.014123039 0.0014822105
0.01428268 0.0014975477
0.014411493 0.0015098746
0.014126711 0.0014826288
0.011397056 0.0011629661
0.014104758 0.0014804676
0.01185094 0.0011851013
0.013889988 0.0014597158
0.014159185 0.0014856854
0.01399297 0.0014697257
0.049105443 0.002350488
0.014070319 0.001477178
0.014051702 0.0014753252
0.01399297 0.0014697257
0.03434743 0.0019662515
0.01655583 0.0015942162
0.011886185 0.0011865104
0.0134356255 0.0014152158
0.014296178 0.0014986002
0.01412769 0.0014826586
0.011869399 0.0011858831
0.01353738 0.0014255592
0.014146338 0.0014844604
0.014200744 0.0014898144
0.01410342 0.0014803348
0.014104758 0.0014804676
0.014197311 0.0014894084
0.014060666 0.0014761986
0.014196201 0.0014892145
0.014099821 0.001479953
0.014083434 0.0014784224
0.01421108 0.0014906792
0.0142620485 0.0014955364
0.0140339285 0.0014736657
0.011898294 0.0011871004
0.014183754 0.00148799
0.014117812 0.0014817006
0.014229669 0.0014924537
0.014168982 0.0014866147
0.014168982 0.0014866147
0.014196201 0.0014892145
0.014125897 0.0014824922
0.014119922 0.0014819473
0.013790243 0.0014500552
0.014209159 0.0014904757
0.013927924 0.0014634768
0.014040787 0.001474375
0.014134621 0.0014833333
0.014229669 0.0014924537
0.014118131 0.0014817041
0.011868296 0.0011858266
0.016861033 0.001619483
0.014119015 0.0014818307
0.013837341 0.0014545801
0.014008127 0.0014711671
0.013933644 0.0014639661
0.013918357 0.0014624575
0.014004847 0.001470902
0.01391299 0.0014619422
0.011830771 0.0011842306
0.014187603 0.0014884752
0.013828489 0.0014537745
0.0140109155 0.001471429
0.01399621 0.0014700057
0.014028644 0.0014732699
0.013867964 0.0014575915
0.01399621 0.0014700057
0.0140106315 0.0014714107
0.013949214 0.0014654913
0.013677536 0.0014390423
0.0140106315 0.0014714107
0.014220345 0.0014913691
0.014185418 0.0014884024
0.013812941 0.0014522695
0.014192439 0.0014889252
0.013868391 0.0014576461
0.013875663 0.0014583775
0.014035325 0.0014738112
0.01368535 0.0014402053
0.013460265 0.0014176678
0.014128008 0.001482692
0.009459347 0.0005872764
0.01410003 0.0014799632
0.02427895 0.001793145
0.013407338 0.0014125262
0.01428379 0.0014977148
0.013829604 0.0014538633
0.014033416 0.0014736302
0.013747236 0.0014459038
0.01375208 0.001446319
0.0140137775 0.0014717126
0.013307465 0.001403239
0.013760757 0.0014471858
0.014044296 0.0014747354
0.013784273 0.0014494648
0.013949194 0.0014654754
0.013755924 0.001446682
0.014119437 0.0014819187
0.014045767 0.0014748444
0.014186611 0.0014884246
0.013902683 0.0014610945
0.011671334 0.0011770822
0.013923498 0.0014630378
0.014064988 0.0014766931
0.011732364 0.0011800589
0.014148909 0.0014846923
0.014028285 0.0014731867
0.013983524 0.0014688538
0.036396343 0.0020398714
0.013784273 0.0014494648
0.010552518 0.0011043136
0.013933181 0.0014639292
0.0141841825 0.0014881622
0.0141841825 0.0014881622
0.013847973 0.0014557097
0.013871596 0.0014579619
0.013249848 0.0013974403
0.013749582 0.001446129
0.013749582 0.001446129
0.014025073 0.0014728314
0.014100472 0.0014801596
0.013875663 0.0014583775
0.037947584 0.0020877642
0.013962119 0.0014668243
0.013307465 0.001403239
0.014033416 0.0014736302
0.013953965 0.0014659729
0.01398105 0.0014685341
0.014083857 0.0014785674
0.015626045 0.0015724475
0.014020752 0.0014726635
0.01354783 0.0014263953
0.013993324 0.0014697473
0.013993324 0.0014697473
0.014057144 0.001475887
0.037175186 0.0020461073
0.014032408 0.0014735447
0.01410003 0.0014799632
0.011671334 0.0011770822
0.014064988 0.0014766931
0.013798541 0.0014508879
0.015383774 0.0015506556
0.0387555 0.0020984444
0.0387555 0.0020984444
0.01354783 0.0014263953
0.014025073 0.0014728314
0.013985572 0.0014689803
0.013912618 0.0014619016
0.013912618 0.0014619016
0.014087577 0.0014788607
0.01398105 0.0014685341
0.014186611 0.0014884246
0.013750925 0.0014462457
0.014220345 0.0014913691
0.014220345 0.0014913691
0.014016909 0.0014720453
0.013874559 0.0014582701
0.014025073 0.0014728314
0.015383774 0.0015506556
0.015383774 0.0015506556
0.015383774 0.0015506556
0.015383774 0.0015506556
0.0137906615 0.0014500725
0.013808545 0.0014518475
0.042256422 0.002205909
0.011665958 0.0011767208
0.013729389 0.0014441534
0.013296532 0.0014018179
0.025507396 0.0018456815
0.013809826 0.0014521222
0.010008147 0.000894282
0.014141611 0.0014839721
0.014495056 0.0015176566
0.014141611 0.0014839721
0.011665958 0.0011767208
0.013960025 0.001466487
0.013756237 0.0014467121
0.013811747 0.0014521831
0.01187259 0.001185935
0.013764857 0.0014476243
0.013746086 0.0014457376
0.013837362 0.0014545826
0.009881661 0.0008441213
0.013336156 0.0014058485
0.009867867 0.00083584304
0.013764857 0.0014476243
0.009892842 0.0008522946
0.011665958 0.0011767208
0.011665958 0.0011767208
0.013430927 0.0014149916
0.013456239 0.0014174945
0.013456239 0.0014174945
0.013696226 0.0014409375
0.013387553 0.0014108832
0.013600199 0.001431417
0.013733541 0.0014445069
