0.03788665682077408 0.0012163451174274087
0.03788665682077408 0.0012163451174274087
0.03779593762010336 0.0012123167980462313
0.03779593762010336 0.0012123167980462313
0.038600457832217216 0.0012465995678212494
0.06212475290521979 0.0017541587440064177
0.03867396246641874 0.0012503401667345315
0.039100651163607836 0.001268403051653877
0.03912544948980212 0.0012693883472820744
0.04207029566168785 0.0013780464505543932
0.062105662655085325 0.0017532061319798231
0.03771393001079559 0.0012089275114703923
0.03771393001079559 0.0012089275114703923
0.037806471809744835 0.0012129431997891515
0.037201750092208385 0.0011857037607114762
0.038014224730432034 0.0012218900374136865
0.038014224730432034 0.0012218900374136865
0.037163522094488144 0.0011837121564894915
0.03713145945221186 0.0011821688676718622
0.037796895019710064 0.0012126018409617245
0.039091923739761114 0.0012681168300332502
0.03839785885065794 0.0012384656292852014
0.03839785885065794 0.0012384656292852014
0.03786141239106655 0.0012152371928095818
0.03758821543306112 0.001203263847855851
0.041888236068189144 0.0013662722485605627
0.038295455276966095 0.001233957416843623
0.038295455276966095 0.001233957416843623
0.03762673679739237 0.0012048526550643146
0.038131991401314735 0.0012272027670405805
0.038360861130058765 0.0012365998700261116
0.0419399868696928 0.0013692555949091911
0.0384162338450551 0.00123904189968016
0.038175068795681 0.001228753651957959
0.0380807938054204 0.0012247851700522006
0.03796981740742922 0.0012202224461361766
0.03793518152087927 0.0012185514206066728
0.04033959750086069 0.001320104900514707
0.060929383151233196 0.001732867705868557
0.038009921088814735 0.0012216875911690295
0.038009921088814735 0.0012216875911690295
0.058833432383835316 0.0017002220265567303
0.03815528657287359 0.0012279263755772263
0.03815528657287359 0.0012279263755772263
0.03790882881730795 0.0012174062139820307
0.03790882881730795 0.0012174062139820307
0.03861688356846571 0.0012478230491979048
0.03861688356846571 0.0012478230491979048
0.06239245180040598 0.0017573516233824193
0.039181859232485294 0.0012706526031251997
0.037964699789881706 0.0012197301839478314
0.035908333491533995 0.0010590328456601128
0.035908333491533995 0.0010590328456601128
0.06165621243417263 0.0017456314235460013
0.03893195604905486 0.0012609936675289646
0.03893195604905486 0.0012609936675289646
0.037694565020501614 0.0012081486347597092
0.06261026207357645 0.0017611667281016707
0.03804407920688391 0.0012230159773025662
0.03804407920688391 0.0012230159773025662
0.038600457832217216 0.0012465995678212494
0.03841529041528702 0.0012389079784043133
0.03820342570543289 0.0012304153642617166
0.038231389597058296 0.0012313511106185615
0.03804161865264177 0.0012228730483911932
0.03832275792956352 0.001235010480741039
0.0375326806679368 0.0012005832977592945
0.0375326806679368 0.0012005832977592945
0.0505728954449296 0.001406998751917854
0.03784819785505533 0.0012148180103395134
0.03837907500565052 0.0012373320350889117
0.03813814837485552 0.0012273399624973536
0.03813814837485552 0.0012273399624973536
0.03645052434876561 0.0011356698087183759
0.05967029929161072 0.0017123507568612695
0.03802575170993805 0.0012223683297634125
0.03802575170993805 0.0012223683297634125
0.038381434977054596 0.0012375240621622652
0.03737952560186386 0.0011938923271372914
0.037407281808555126 0.001195018005091697
0.041963325813412666 0.0013720698188990355
0.038622367195785046 0.0012478809658205137
0.04156340379267931 0.0013462398492265493
0.03720260318368673 0.0011858166253659874
0.03720260318368673 0.0011858166253659874
0.062406254932284355 0.0017577714170329273
0.0381487226113677 0.0012277445930521935
0.0381487226113677 0.0012277445930521935
0.04183109663426876 0.0013629762397613376
0.062201051507145166 0.0017551702912896872
0.05085447197780013 0.0014627131022280082
0.03836815804243088 0.0012370542099233717
0.03740761708468199 0.0011951923952437937
0.03740761708468199 0.0011951923952437937
0.03786835167557001 0.0012154974683653563
0.038105787709355354 0.0012259460636414587
0.03897528722882271 0.0012631559948204085
0.060852767899632454 0.0017316447338089347
0.03733586985617876 0.0011917923984583467
0.03733586985617876 0.0011917923984583467
0.038711655884981155 0.001251452456926927
0.04215029440820217 0.0013815407728543505
0.03817174304276705 0.0012286240234971046
0.03944862727075815 0.0012818348477594554
0.061816741712391376 0.0017484303971286863
0.03798253182321787 0.0012204274826217443
0.04205850698053837 0.0013764653849648312
0.038191488943994045 0.0012294455955270678
0.03540148492902517 0.001034110609907657
0.04200186673551798 0.0013730637729167938
0.04200186673551798 0.0013730637729167938
0.037888494320213795 0.0012163877254351974
0.03838960733264685 0.0012379126565065235
0.03835740312933922 0.0012365694710751995
0.062454297207295895 0.0017585022142156959
0.03836243040859699 0.0012366435548756272
0.039390166755765676 0.0012799600372090936
0.038604725152254105 0.0012469923676690087
0.038604725152254105 0.0012469923676690087
0.038253956474363804 0.001232415292179212
0.042212254367768764 0.0013856351288268343
0.03783763200044632 0.0012145985383540392
0.03820820525288582 0.0012305454001761973
0.04020931804552674 0.0013156101922504604
0.04020931804552674 0.0013156101922504604
0.037939613685011864 0.0012186044768895954
0.037598712369799614 0.0012034995888825506
0.05633461754769087 0.0016597494250163436
0.05633461754769087 0.0016597494250163436
0.03724798280745745 0.0011878006916958839
0.03724798280745745 0.0011878006916958839
0.06241022748872638 0.0017583989683771506
0.04168906155973673 0.0013540546642616391
0.038086255080997944 0.0012250728614162654
0.059762285090982914 0.0017146530153695494
0.03770067635923624 0.001208322704769671
0.03773833066225052 0.0012099189043510705
0.03764097299426794 0.0012056522245984524
0.038582553155720234 0.0012463257880881429
0.04182763211429119 0.0013627194566652179
0.041762324050068855 0.0013566765410359949
0.037864712066948414 0.0012154286669101566
0.036770067643374205 0.001151310236309655
0.036770067643374205 0.001151310236309655
0.041867886669933796 0.0013652448251377791
0.062495666556060314 0.0017608619818929583
0.061836638022214174 0.0017489259189460427
0.06066473573446274 0.0017310627445112914
0.060142721980810165 0.0017219765286426991
0.06260902062058449 0.0017609421338420361
0.03774822968989611 0.0012104576744604856
0.04202321544289589 0.001375254156300798
0.04202321544289589 0.001375254156300798
0.038788385689258575 0.0012548265076475218
0.03807477839291096 0.0012245439284015447
0.037275439128279686 0.001189691451145336
0.03809095546603203 0.0012250894214957952
0.03789864666759968 0.001217120501678437
0.038304402492940426 0.001234527662745677
0.036897141952067614 0.0011722399503923953
0.0381615124642849 0.0012285045522730798
0.039372026454657316 0.0012797417875844985
0.04217450460419059 0.001384215967846103
0.03926247684285045 0.0012751121394103393
0.03762493282556534 0.0012048289354424924
0.037620462477207184 0.001204710191814229
0.03898334922268987 0.0012631640129256994
0.03799304831773043 0.001220953417941928
0.03779555018991232 0.0012122695916332304
0.03708816645666957 0.0011806726979557425
0.03801388759166002 0.0012216947798151523
0.038193739019334316 0.0012297227804083377
0.038193739019334316 0.0012297227804083377
0.037603781558573246 0.0012041637091897428
0.06119260750710964 0.0017390914144925773
0.03999861143529415 0.0013033636059844866
0.038044787012040615 0.0012231258733663708
0.03755377326160669 0.0012016522523481399
0.03828529268503189 0.0012339053937466815
0.04224231746047735 0.0013862771447747946
0.03789835516363382 0.0012169638648629189
0.06165847461670637 0.0017473459884058684
0.03780375048518181 0.0012126707297284156
0.061958272475749254 0.0017512297781649977
0.04133699182420969 0.0013257323298603296
0.03699334152042866 0.001175974466605112
0.04245503805577755 0.0013910978886997327
0.037988997995853424 0.0012206192477606237
0.037988997995853424 0.0012206192477606237
0.036860138177871704 0.0011695153370965272
0.036860138177871704 0.0011695153370965272
0.037999941036105156 0.001221203216118738
0.038752689491957426 0.001253826412721537
0.054816536605358124 0.0016204393468797207
0.0388899645768106 0.0012598818866536021
0.038004922680556774 0.0012215383176226169
0.03820196259766817 0.00122994085540995
0.03772510774433613 0.0012094499543309212
0.03842393308877945 0.0012395861558616161
0.03847737982869148 0.0012416553363436833
0.06238074321299791 0.0017566799942869693
0.03805530071258545 0.0012235363246873021
0.03805530071258545 0.0012235363246873021
0.05795062426477671 0.001682548609096557
0.03770357836037874 0.0012083347246516496
0.038271558471024036 0.001233027665875852
0.03775884211063385 0.0012109314557164907
0.03860048949718475 0.0012467953783925623
0.03741662669926882 0.0011956291855312884
0.042040787637233734 0.001375752908643335
0.0387366758659482 0.0012527176731964573
0.038456592708826065 0.0012413450749590993
0.06273273192346096 0.0017623098392505199
0.03773454390466213 0.0012094720150344074
0.0379179073497653 0.0012176263553556055
0.03793054912239313 0.0012181290367152542
0.03849748335778713 0.0012428704067133367
0.04229541961103678 0.0013886746746720746
0.059493773616850376 0.0017067768203560263
0.03763277176767588 0.0012052843521814793
0.05934140458703041 0.0017055392381735146
0.05934140458703041 0.0017055392381735146
0.038175408728420734 0.0012289535952731967
0.038175408728420734 0.0012289535952731967
0.03824160527437925 0.001231805857969448
0.054303284734487534 0.0014859043876640499
0.06179184699431062 0.0017481118848081678
0.03854478616267443 0.001244385348400101
0.038268555887043476 0.00123268662719056
0.04216447379440069 0.0013828509108861908
0.03766017034649849 0.0012064006587024778
0.03767162933945656 0.0012068635260220617
0.03818675875663757 0.0012292245519347489
0.03818675875663757 0.0012292245519347489
0.03722143080085516 0.0011867017892654985
0.055207022465765476 0.0016266153252217919
0.05839255265891552 0.001693795609753579
0.03697232063859701 0.001175016921479255
0.037931001745164394 0.0012181725178379565
0.03606514632701874 0.0011323996586725116
0.06219995999708772 0.0017544559959787875
0.037895599380135536 0.0012168082757852972
0.03790450282394886 0.001217281649587676
0.04146579373627901 0.0013399429735727608
0.03855976276099682 0.0012456740078050643
0.03850836493074894 0.0012433739611878991
0.0386407570913434 0.001248580010724254
0.061120619997382164 0.0017362619400955737
0.04211176838725805 0.0013797462452203035
0.037562618032097816 0.0012020166323054582
0.035906332079321146 0.001054778098477982
0.0375212961807847 0.0012000535207334906
0.04181275423616171 0.0013598937657661736
0.03860607370734215 0.0012473850074457005
0.03841374348849058 0.0012388250179355964
0.037518326193094254 0.001199828926473856
0.04215508559718728 0.0013821734028169885
0.06055274326354265 0.0017273003177251667
0.03774653468281031 0.0012099382292944938
0.03774653468281031 0.0012099382292944938
0.041943916119635105 0.0013700739073101431
0.03804760333150625 0.0012233655143063515
0.03804760333150625 0.0012233655143063515
0.039231857284903526 0.0012738998921122402
0.037508334033191204 0.0011994677188340575
0.03869491256773472 0.0012511889362940565
0.03867762163281441 0.0012504989426815882
0.037542058154940605 0.0012011746293865144
0.037542058154940605 0.0012011746293865144
0.038494858890771866 0.001242232319782488
0.038494858890771866 0.001242232319782488
0.036942385602742434 0.0011739913315977901
0.036942385602742434 0.0011739913315977901
0.03802256099879742 0.0012222901277709752
0.03764307592064142 0.0012058724532835186
0.03770032990723848 0.0012081839959137142
0.038708409294486046 0.0012514338741311803
0.04200465325266123 0.0013739076966885477
0.042065997608006 0.0013767581549473107
0.03745149448513985 0.0011971381318289787
0.0420946697704494 0.0013789534859824926
0.03791090380400419 0.0012174485309515148
0.03894182201474905 0.0012611293495865539
0.03825248219072819 0.0012319406669121236
0.041981992311775684 0.0013722416188102216
0.041981992311775684 0.0013722416188102216
0.03794105723500252 0.0012186294188722968
0.0420855013653636 0.001378066634060815
0.0378756495192647 0.0012158288445789367
0.03788006864488125 0.00121600684360601
0.038182370364665985 0.0012291586608625948
0.04201150871813297 0.0013740586291532964
0.038123998790979385 0.0012265945842955261
0.038123998790979385 0.0012265945842955261
0.03817836754024029 0.0012289552832953632
0.03806153405457735 0.0012242639786563814
0.042046370916068554 0.0013763080060016364
0.03802794311195612 0.0012224437086842954
0.03802794311195612 0.0012224437086842954
0.0378715954720974 0.001215725118527189
0.03805743623524904 0.0012236376642249525
0.03805743623524904 0.0012236376642249525
0.03780806530267 0.0012130800751037896
0.03780806530267 0.0012130800751037896
0.03779672738164663 0.0012125008797738701
0.03779672738164663 0.0012125008797738701
0.03812181297689676 0.0012265076511539519
0.038226474076509476 0.001231253263540566
0.037567843683063984 0.0012020460271742195
0.037567843683063984 0.0012020460271742195
0.06098637264221907 0.0017331853450741619
0.06098637264221907 0.0017331853450741619
0.039000336080789566 0.0012633972510229796
0.03678763657808304 0.0011655011039692909
0.04179353825747967 0.0013597354700323194
0.04179353825747967 0.0013597354700323194
0.03781985491514206 0.0012135957949794829
0.03791214246302843 0.001217580575030297
0.037400622852146626 0.0011945694568566978
0.037400622852146626 0.0011945694568566978
0.03784759808331728 0.0012146624794695526
0.03784759808331728 0.0012146624794695526
0.03747069090604782 0.0011978837137576193
0.037991358898580074 0.0012208170956000686
0.03800446353852749 0.0012214119778946042
0.03877283912152052 0.0012543540506158024
0.05957324896007776 0.0017109436448663473
0.057287960313260555 0.0016641012334730476
0.061383063439279795 0.0017422166129108518
0.061383063439279795 0.0017422166129108518
0.062066768761724234 0.0017526638985145837
0.03753368463367224 0.001200736325699836
0.03806138038635254 0.0012239055067766458
0.03796341083943844 0.0012195157178211957
0.036049901973456144 0.001061669157934375
0.03811173606663942 0.001226008404046297
0.04181364364922047 0.0013609338784590364
0.03750857897102833 0.0011995290115009993
0.06266188016161323 0.0017616406839806587
0.037797680124640465 0.0012126338260713965
0.062276998069137335 0.0017555044905748218
0.03782924357801676 0.001213753770571202
0.03782924357801676 0.001213753770571202
0.04198198672384024 0.0013721038703806698
0.037771656177937984 0.0012111612595617771
0.037771656177937984 0.0012111612595617771
0.03844848461449146 0.001240512399817817
0.042016792111098766 0.0013742029841523618
0.03853709436953068 0.0012441964499885216
0.03853709436953068 0.0012441964499885216
0.03867320530116558 0.0012500714510679245
0.03867320530116558 0.0012500714510679245
0.03795601334422827 0.0012193790171295404
0.03795601334422827 0.0012193790171295404
0.03839532192796469 0.001238256081705913
0.03716406365856528 0.0011842520325444639
0.06148370075970888 0.0017443711403757334
0.03799655009061098 0.0012210168351884931
0.055041518062353134 0.0016241176635958254
0.04206846561282873 0.0013768864009762183
0.037587315775454044 0.0012028402124997228
0.037894523702561855 0.0012164043728262186
0.06036362238228321 0.0017252287652809173
0.05899917986243963 0.0017029419832397252
0.03768725227564573 0.0012076316343154758
0.0375242130830884 0.0012004855962004513
0.03802052326500416 0.0012219786585774273
0.038364700973033905 0.0012368694005999714
0.041955744847655296 0.0013703293225262314
0.03956202929839492 0.0012863759766332805
0.03956202929839492 0.0012863759766332805
0.059130786918103695 0.0017030986200552434
0.03810275997966528 0.001225282612722367
0.03826244920492172 0.0012325372663326561
0.03826244920492172 0.0012325372663326561
0.04190410207957029 0.001367078861221671
0.04190410207957029 0.001367078861221671
0.039212656673043966 0.0012716795754386112
0.039212656673043966 0.0012716795754386112
0.038838527631014585 0.0012570591206895187
0.038838527631014585 0.0012570591206895187
0.03743455372750759 0.001196099619846791
0.03743455372750759 0.001196099619846791
0.0384442200884223 0.0012404253502609208
0.0384442200884223 0.0012404253502609208
0.03782438952475786 0.0012136712903156877
0.03782438952475786 0.0012136712903156877
0.0377556961029768 0.0012107586662750691
0.0377556961029768 0.0012107586662750691
0.03792308084666729 0.0012179118057247251
0.05952371656894684 0.0017083834391087294
0.03821671102195978 0.0012308031728025526
0.06025865441188216 0.0017239771550521255
0.03803511615842581 0.001222628983668983
0.059756865724921227 0.0017146171594504267
0.038142550736665726 0.0012275751796551049
0.03758214320987463 0.001202781975734979
0.03758214320987463 0.001202781975734979
0.03763889893889427 0.001205408712849021
0.03763889893889427 0.001205408712849021
0.03779019042849541 0.0012122637999709696
0.03767459560185671 0.0012072545650880784
0.061759266536682844 0.0017479052767157555
0.06194577133283019 0.0017509115568827838
0.03911832720041275 0.0012691990996245295
0.03911832720041275 0.0012691990996245295
0.0375773636624217 0.0012022411974612623
0.0375773636624217 0.0012022411974612623
0.037398453801870346 0.0011945544392801821
0.037398453801870346 0.0011945544392801821
0.04201176855713129 0.0013741251023020595
0.04201176855713129 0.0013741251023020595
0.037767160683870316 0.0012110469106119126
0.03904382325708866 0.0012659398635150865
0.03904382325708866 0.0012659398635150865
0.0384791474789381 0.0012416972895152867
0.041920751333236694 0.001367954129818827
0.03765884321182966 0.0012059036816935986
0.04193000681698322 0.0013686690654139966
0.04193000681698322 0.0013686690654139966
0.03835434187203646 0.0012362684501567855
0.037426878698170185 0.0011960257252212614
0.037925634533166885 0.0012180450139567256
0.03817984648048878 0.001229037210578099
0.03836666978895664 0.0012369358155410737
0.03836666978895664 0.0012369358155410737
0.04204565193504095 0.0013758495333604515
0.03807105589658022 0.001224281411850825
0.03834476973861456 0.0012361018016235903
0.03810558281838894 0.0012258543574716896
0.042035024613142014 0.0013754661194980145
0.03771012183278799 0.0012084724730812013
0.041997214779257774 0.0013730099308304489
0.0382852703332901 0.0012333768245298415
0.0382852703332901 0.0012333768245298415
0.03842819854617119 0.0012397963873809204
0.03842819854617119 0.0012397963873809204
0.03793235123157501 0.0012183905637357384
0.037942906841635704 0.0012188638502266258
0.03955754451453686 0.0012848742480855435
0.038558983244001865 0.0012450202193576843
0.03838328830897808 0.0012377605307847261
0.03763702977448702 0.0012053388054482639
0.04000048991292715 0.001306903941440396
0.0378626836463809 0.001215326105011627
0.06289327656850219 0.001765776047250256
