0.03815077245235443 0.001228060107678175
0.03815077245235443 0.001228060107678175
0.0623277872800827 0.0017575447272974998
0.03733338648453355 0.0011922177800443023
0.03758064564317465 0.0012032344820909202
0.0630274498835206 0.001768317655660212
0.03851014096289873 0.0012435137177817523
0.03851014096289873 0.0012435137177817523
0.038383097387850285 0.0012378907122183591
0.03857847582548857 0.001245714258402586
0.03860220778733492 0.0012471818045014516
0.060196070931851864 0.0017229134391527623
0.03900246135890484 0.0012643632508115843
0.03900246135890484 0.0012643632508115843
0.03825291898101568 0.0012326716096140444
0.03851622808724642 0.0012436456745490432
0.061513572465628386 0.0017448066209908575
0.061597706750035286 0.0017448778671678156
0.038440629839897156 0.0012402563297655433
0.03821485675871372 0.0012306880671530962
0.036332244984805584 0.0011423119867686182
0.03782650921493769 0.0012140946055296808
0.03782650921493769 0.0012140946055296808
0.037937977351248264 0.001218863093527034
0.0379518810659647 0.0012193885631859303
0.03828562330454588 0.0012336609361227602
0.03828562330454588 0.0012336609361227602
0.038599852472543716 0.0012470004730857909
0.038599852472543716 0.0012470004730857909
0.037617566995322704 0.0012047823693137616
0.05695837829262018 0.0016657985397614539
0.03792375698685646 0.0012178782490082085
0.03792375698685646 0.0012178782490082085
0.03817022778093815 0.0012291056627873331
0.03817022778093815 0.0012291056627873331
0.04206409677863121 0.0013777114654658362
0.057015799917280674 0.0016685521404724568
0.059219736605882645 0.001707334682578221
0.03716045059263706 0.0011837435886263847
0.03750991355627775 0.0011999310227110982
0.036347972229123116 0.0011454479245003313
0.05732587166130543 0.001677665684837848
0.03927808068692684 0.0012756702781189233
0.03744582645595074 0.0011967692407779396
0.03796084877103567 0.0012197204632684588
0.04201660584658384 0.001374891318846494
0.04201660584658384 0.001374891318846494
0.06180244591087103 0.001750536626786925
0.06143511785194278 0.001743844200973399
0.061464933678507805 0.0017444013355998322
0.03744662879034877 0.0011974115041084588
0.060761711560189724 0.0017317283782176673
0.038841061759740114 0.0012575404980452731
0.062624825630337 0.0017621526203583926
0.05964755639433861 0.0017140832205768675
0.03776830621063709 0.001211484253872186
0.03776830621063709 0.001211484253872186
0.04234980046749115 0.001388644493999891
0.038013347424566746 0.001222019869601354
0.038013347424566746 0.001222019869601354
0.038250391371548176 0.0012321936956141144
0.03672870900481939 0.001163798093330115
0.03672870900481939 0.001163798093330115
0.03790715243667364 0.0012174699804745615
0.05730069521814585 0.0016717025719117373
0.05730069521814585 0.0016717025719117373
0.038803447503596544 0.001256184812518768
0.038803447503596544 0.001256184812518768
0.03839201666414738 0.0012383413704810664
0.06228169845417142 0.001756468031089753
0.03788978420197964 0.0012166775995865464
0.038716452196240425 0.001252269110409543
0.061663780361413956 0.0017471175669925287
0.06258329190313816 0.0017615461692912504
0.0627580676227808 0.0017637186392676085
0.03767529875040054 0.0012074515398126096
0.06250533880665898 0.0017595876124687493
0.03762062173336744 0.0012048145872540772
0.03762062173336744 0.0012048145872540772
0.04216224793344736 0.001383122566039674
0.04221188370138407 0.0013857844605809078
0.03721853345632553 0.0011862519604619592
0.06104206666350365 0.0017366773390676826
0.06015230109915137 0.0017223239701706916
0.05037541035562754 0.00155525395530276
0.03819073177874088 0.0012296342465560883
0.06279803859069943 0.0017639819125179201
0.03763848729431629 0.0012058872089255601
0.03806775715202093 0.001224368083057925
0.038189731538295746 0.0012295422202441841
0.03469112981110811 0.0005149379430804402
0.038189731538295746 0.0012295422202441841
0.03773980960249901 0.0012099794403184205
0.05844831792637706 0.0016961608780547976
0.03765712771564722 0.0012064423353876919
0.062133361119776964 0.0017544964794069529
0.037401698529720306 0.0011953276698477566
0.03890064964070916 0.0012599529582075775
0.03887074999511242 0.0012587623787112534
0.0588667755946517 0.001700927095953375
0.05928750894963741 0.0017077152151614428
0.03743305988609791 0.0011967128375545144
0.03823590651154518 0.0012311947357375175
0.042298981454223394 0.0013879951147828251
0.03845621179789305 0.001241430320078507
0.0373253533616662 0.0011914187925867736
0.038428268395364285 0.00123983332014177
0.041900052689015865 0.0013681079726666212
0.0380302993580699 0.001222743303515017
0.03889524005353451 0.001259809112525545
0.037868862971663475 0.0012157917662989348
0.03688591439276934 0.0011711822589859366
0.03725988790392876 0.0011891703470610082
0.03725988790392876 0.0011891703470610082
0.03763641510158777 0.001205593958729878
0.03786184173077345 0.0012157090241089463
0.04197674337774515 0.0013715510722249746
0.037528172601014376 0.0012012234947178513
0.037528172601014376 0.0012012234947178513
0.061150738038122654 0.0017385353858117014
0.036383346654474735 0.001147814269643277
0.061200609896332026 0.0017387487459927797
0.061200609896332026 0.0017387487459927797
0.04168805852532387 0.0013550088624469936
0.04168805852532387 0.0013550088624469936
0.03677864279597998 0.0011657646391540766
0.04144127666950226 0.0013393203262239695
0.041843860410153866 0.0013641012483276427
0.04144127666950226 0.0013393203262239695
0.06054451037198305 0.0017294550634687766
0.06054451037198305 0.0017294550634687766
0.037359366193413734 0.0011932352499570698
0.0371221574023366 0.0011819838837254792
0.03813816141337156 0.0012277376663405448
0.03801774978637695 0.0012224695237819105
0.038625165820121765 0.0012475983967306092
0.03785468079149723 0.0012154934811405838
0.06264151772484183 0.001763072345056571
0.056437792256474495 0.0016588910948485136
0.061386347748339176 0.0017425743862986565
0.03892759280279279 0.0012605627707671374
0.049330358393490314 0.001537240983452648
0.03816684987396002 0.001228782202815637
0.06071414519101381 0.001730776799377054
0.03783401846885681 0.001214930001879111
0.03805824276059866 0.001223940955242142
0.03828379325568676 0.0012336507206782699
0.04194300062954426 0.0013707405014429241
0.03734269319102168 0.001192914933199063
0.03816968481987715 0.001228886190801859
0.04213009960949421 0.0013819035812048241
0.03704859782010317 0.0011786789982579648
0.03759438544511795 0.0012045565381413326
0.03662097919732332 0.0011589584173634648
0.03767537884414196 0.0012075057602487504
0.041894386522471905 0.001366884505841881
0.03787072002887726 0.0012158146710135043
0.06136526959016919 0.001742307547829114
0.0505081657320261 0.0015575654106214643
0.0505081657320261 0.0015575654106214643
0.038128758780658245 0.0012269573344383389
0.038128758780658245 0.0012269573344383389
0.03865635395050049 0.0012494002294261009
0.0371315386146307 0.0011827565322164446
0.039091091603040695 0.0012676440383074805
0.06255732662975788 0.0017615142714930698
0.03736573364585638 0.0011944376601604745
0.03739692363888025 0.0011947843304369599
0.038071190007030964 0.001224548032041639
0.061768187675625086 0.0017486115684732795
0.03775540413334966 0.0012114475830458105
0.03944449685513973 0.0012826239253627136
0.04199229460209608 0.0013736826949752867
0.03731854958459735 0.0011912449554074556
0.03850477188825607 0.0012431978830136359
0.03746542241424322 0.0011984205048065633
0.041731213219463825 0.0013570452574640512
0.03909769747406244 0.0012684647954301909
0.03809543699026108 0.0012258380593266338
0.04213996883481741 0.0013825373316649348
0.03701965045183897 0.0011770251148846
0.03702464513480663 0.001177536410978064
0.038309390656650066 0.0012346832518232986
0.058352528139948845 0.0016932447033468634
0.03801381215453148 0.0012222418445162475
0.05679003708064556 0.0016634033527225256
0.05876835994422436 0.0016992088058032095
0.05876835994422436 0.0016992088058032095
0.03772249445319176 0.0012096926802769303
0.03945939429104328 0.0012838213151553646
0.03802265599370003 0.0012225268874317408
0.042079403065145016 0.0013788571523036808
0.037285249680280685 0.0011898193042725325
0.062419794499874115 0.001758543832693249
0.03805227857083082 0.0012237611808814108
0.03805227857083082 0.0012237611808814108
0.03750509535893798 0.0011998951085843146
0.037884101271629333 0.0012165103980805725
0.037884101271629333 0.0012165103980805725
0.042100473772734404 0.0013799896842101589
0.03781486675143242 0.0012136527220718563
0.03729509934782982 0.0011906876316061243
0.03729509934782982 0.0011906876316061243
0.060195354744791985 0.0017228511569555849
0.060195354744791985 0.0017228511569555849
0.03479370940476656 0.0008230711537180468
0.03838897682726383 0.0012382627901388332
0.041948103345930576 0.0013708823244087398
0.04226286523044109 0.0013878571335226297
0.03771890327334404 0.0012094330741092563
0.037687670439481735 0.0012081617314834148
0.03830402810126543 0.0012346689036348835
0.058964161202311516 0.001702119829133153
0.041860371828079224 0.0013651550689246505
0.03765972051769495 0.0012065402115695179
0.041876258328557014 0.0013661247212439775
0.03749688947573304 0.0011994302039965987
0.03703289572149515 0.001177582424134016
0.037426434457302094 0.001196084835100919
0.03782845567911863 0.0012142595660407096
0.042119710706174374 0.0013814919802825898
0.03820571769028902 0.0012304426345508546
0.03820571769028902 0.0012304426345508546
0.060533822514116764 0.0017284141795244068
0.05791490990668535 0.0016882253985386342
0.042017548345029354 0.0013753005041508004
0.039190343115478754 0.0012721501698251814
0.03840974997729063 0.0012391489435685799
0.0617022211663425 0.0017476687207818031
0.0418053213506937 0.0013612621987704188
0.04192930646240711 0.0013699252158403397
0.04192930646240711 0.0013699252158403397
0.061213824432343245 0.0017400382057530805
0.03848879411816597 0.0012422421423252672
0.041834788396954536 0.0013634761853609234
0.03796192817389965 0.0012197547475807369
0.03803757671266794 0.0012233830930199474
0.036988070234656334 0.0011758196633309126
0.038928624242544174 0.001261224169866182
0.055133149959146976 0.0016301037976518273
0.061103105545043945 0.0017382158112013713
0.037552558816969395 0.0012021376460324973
0.038206436671316624 0.0012306351563893259
0.06219276739284396 0.0017556593957124278
0.06291281199082732 0.0017659074219409376
0.04198376089334488 0.001372842030832544
0.03787186183035374 0.001216332777403295
0.03787186183035374 0.001216332777403295
0.03836068697273731 0.0012368883762974292
0.037972002290189266 0.0012201597855892032
0.038298492319881916 0.0012344431888777763
0.038298492319881916 0.0012344431888777763
0.06209271773695946 0.0017528713797219098
0.03720540925860405 0.0011854974436573684
0.038316166028380394 0.0012347109732218087
0.06041694525629282 0.0017253504774998873
0.03779733460396528 0.0012125764915253967
0.037643746472895145 0.0012059728906024247
0.04198037553578615 0.0013722156290896237
0.037733567878603935 0.0012097061262466013
0.04225948499515653 0.0013868638779968023
0.039230082649737597 0.0012734638439724222
0.03741487069055438 0.001195733348140493
0.037643746472895145 0.0012059728906024247
0.0381458243355155 0.0012278839421924204
0.05833103880286217 0.0016909908736124635
0.03790545929223299 0.001217290322529152
0.06289230426773429 0.0017658718570601195
0.0629172408953309 0.0017662045720499009
0.03819100093096495 0.0012299231893848628
0.03819100093096495 0.0012299231893848628
0.056640591472387314 0.0016594149637967348
0.03884877450764179 0.0012577325978782028
0.03884877450764179 0.0012577325978782028
0.038337563164532185 0.001235805990290828
0.03816057462245226 0.0012284850818105042
0.03769384603947401 0.0012082269822712988
0.04225417133420706 0.0013863931817468256
0.03813002724200487 0.0012270444130990654
0.03808798920363188 0.001225252024596557
0.03808798920363188 0.001225252024596557
0.038036273792386055 0.0012229943822603673
0.03707002196460962 0.0011791470169555396
0.06024727365002036 0.001723913155728951
0.05903115030378103 0.0017028339498210698
0.039394008461385965 0.0012810802145395428
0.037948538549244404 0.0012189133267384022
0.03816057462245226 0.0012284850818105042
0.0373824923299253 0.0011945327569264919
0.0373824923299253 0.0011945327569264919
0.03818104322999716 0.0012291803723201156
0.03823849651962519 0.001231754053151235
0.038466570898890495 0.0012416019453667104
0.038492183201014996 0.0012424996821209788
0.038522643968462944 0.0012440260325092822
0.03779936861246824 0.0012126319052185863
0.04187021404504776 0.0013655799557454884
0.03864371497184038 0.0012490035151131451
0.03745914623141289 0.001198287631268613
0.03745914623141289 0.001198287631268613
0.041924032382667065 0.0013689617626369
0.041924032382667065 0.0013689617626369
0.06194331310689449 0.0017513952043373138
0.06194331310689449 0.0017513952043373138
0.03803323581814766 0.0012229132116772234
0.037778256461024284 0.0012123113556299359
0.038110353983938694 0.0012259415816515684
0.038110353983938694 0.0012259415816515684
0.061247249599546194 0.0017403382516931742
0.06086233537644148 0.0017341457132715732
0.03793357312679291 0.0012187069514766335
0.03793357312679291 0.0012187069514766335
0.03789831604808569 0.0012169733527116477
0.03833943232893944 0.0012359543034108356
0.03833943232893944 0.0012359543034108356
0.03848297521471977 0.0012422406434779987
0.03848297521471977 0.0012422406434779987
0.038812491577118635 0.0012561873445520177
0.03836985118687153 0.0012374994403216988
0.038348388858139515 0.0012366405280772597
0.03797999583184719 0.0012207370600663126
0.06205937499180436 0.0017528312891954556
0.06205937499180436 0.0017528312891954556
0.05521672964096069 0.001637728331843391
0.05521672964096069 0.001637728331843391
0.03864818811416626 0.0012491386296460405
0.03797242511063814 0.001220165053382516
0.03786112368106842 0.0012155119038652629
0.03786112368106842 0.0012155119038652629
0.037543280981481075 0.001201650797156617
0.042207252234220505 0.0013857546146027744
0.038691977970302105 0.0012509929365478456
0.038691977970302105 0.0012509929365478456
0.03766945656388998 0.0012071762466803193
0.038112166337668896 0.0012262486561667174
0.038112166337668896 0.0012262486561667174
0.04191907029598951 0.001368456258205697
0.03829806949943304 0.0012342767440713942
0.03829806949943304 0.0012342767440713942
0.03800031077116728 0.0012216450413689017
0.06004331447184086 0.0017171891231555492
0.06226912094280124 0.0017563613946549594
0.03774293605238199 0.0012101823522243649
0.037511160131543875 0.0012000710994470865
0.03824170399457216 0.0012319191300775856
0.03747417964041233 0.0011991622450295836
0.06254173489287496 0.0017597366822883487
0.06254173489287496 0.0017597366822883487
0.03613080084323883 0.0009497400897089392
0.06015103496611118 0.0017191076767630875
0.038981875870376825 0.0012634906161110848
0.041790178045630455 0.001360323338303715
0.037575164809823036 0.001202947401907295
0.0361836371012032 0.0009727422657306306
0.03854882437735796 0.0012451239163056016
0.03854882437735796 0.0012451239163056016
0.06136121600866318 0.0017409509746357799
0.03807699400931597 0.0012246186088304967
0.05990389361977577 0.0017152851214632392
0.03885592985898256 0.0012581322225742042
0.03824481461197138 0.0012321827816776931
0.03824481461197138 0.0012321827816776931
0.037191509269177914 0.0011843424290418625
0.06190658500418067 0.0017508603777969256
0.06061698589473963 0.0017295196885243058
0.03853989765048027 0.0012446197943063453
0.03853989765048027 0.0012446197943063453
0.05949491634964943 0.0017086956650018692
0.036203778348863125 0.001127034513046965
0.03703570365905762 0.0011783565569203347
0.0624111988581717 0.0017585120804142207
0.041882047429680824 0.0013667006860487163
0.038670940324664116 0.001250355679076165
0.03806432709097862 0.0012242910452187061
0.03879857575520873 0.001255610302905552
0.04182281717658043 0.0013625777792185545
0.06210496835410595 0.0017536166560603306
0.03843533527106047 0.0012400580308167264
0.0559449540451169 0.00164589355699718
0.0559449540451169 0.00164589355699718
0.037911965511739254 0.0012177989119663835
0.03751167422160506 0.0012001157738268375
0.062431951984763145 0.00175887142540887
0.03828746546059847 0.0012339849199634045
0.03828746546059847 0.0012339849199634045
0.037671076599508524 0.0012074292462784797
0.03827460203319788 0.0012332212354522198
0.038657731376588345 0.0012495758855948225
0.06081234337761998 0.0017330566479358822
0.06081234337761998 0.0017330566479358822
0.0381143894046545 0.0012266869307495654
0.03742812853306532 0.0011963327415287495
0.03742812853306532 0.0011963327415287495
0.037991718389093876 0.001221225393237546
0.03824475593864918 0.001232046663062647
0.04219856532290578 0.0013850788091076538
0.04221559455618262 0.0013857969752280042
0.037775264121592045 0.001211838680319488
0.06285155052319169 0.0017649063956923783
0.03605657164007425 0.0008261708135250956
0.05950900772586465 0.001713220597594045
0.05950900772586465 0.001713220597594045
0.05920103471726179 0.0017043963307514787
0.03832863736897707 0.001235167757840827
0.03832863736897707 0.001235167757840827
0.03850207291543484 0.0012428056506905705
0.03850207291543484 0.0012428056506905705
0.0418175607919693 0.0013625635765492916
0.0418175607919693 0.0013625635765492916
0.03780409973114729 0.0012133991986047477
0.03780409973114729 0.0012133991986047477
0.03693332336843014 0.0011730495025403798
0.03693332336843014 0.0011730495025403798
0.03774293605238199 0.0012101823522243649
0.042163616977632046 0.0013834173587383702
0.03836668934673071 0.0012371726334095001
0.03836668934673071 0.0012371726334095001
0.061009195633232594 0.0017348168476019055
0.04181616008281708 0.0013622048718389124
0.03832960966974497 0.0012357914092717692
0.03833957854658365 0.0012361905246507376
0.03902443731203675 0.0012652697623707354
0.0418314328417182 0.0013626416039187461
0.0418314328417182 0.0013626416039187461
0.042051865719258785 0.0013757562555838376
0.038155446760356426 0.0012284618860576302
0.038155446760356426 0.0012284618860576302
