0.03829512931406498 0.0012337985390331596
0.03829512931406498 0.0012337985390331596
0.03743989299982786 0.0011970332125201821
0.041347898077219725 0.00133301064488478
0.037871263921260834 0.0012159762845840305
0.04211242590099573 0.0013807346258545294
0.060879940167069435 0.0017352152499370277
0.06082762451842427 0.0017342581559205428
0.03784802928566933 0.001214885589433834
0.03796990867704153 0.0012204144150018692
0.03829846531152725 0.0012340311659500003
0.04197811707854271 0.0013716690300498158
0.037625789642333984 0.0012051269004587084
0.03846702631562948 0.001241421210579574
0.03836198803037405 0.001236639844137244
0.03782830201089382 0.0012140422186348587
0.06257783342152834 0.0017621714796405286
0.03693830082193017 0.0011737989261746407
0.04206016566604376 0.0013782564783468843
0.06167091056704521 0.0017473758198320866
0.03720719460397959 0.0011864278349094093
0.03772264253348112 0.0012095842976123095
0.04217161051928997 0.001383677896228619
0.03802282176911831 0.001222234102897346
0.06214924668893218 0.0017545483278809115
0.038181173615157604 0.0012287564459256828
0.04168097488582134 0.0013543299864977598
0.039177405182272196 0.001271499611902982
0.03962298948317766 0.0012900691363029182
0.061954401433467865 0.0017519549583084881
0.061954401433467865 0.0017519549583084881
0.037495245691388845 0.001199528225697577
0.037495245691388845 0.001199528225697577
0.03788985498249531 0.0012164328363724053
0.037863253615796566 0.0012156653101556003
0.037863253615796566 0.0012156653101556003
0.0376577777788043 0.0012066783965565264
0.03946503158658743 0.0012798155512427911
0.0619945153594017 0.0017526199808344245
0.0619945153594017 0.0017526199808344245
0.038290820084512234 0.001233673538081348
0.038290820084512234 0.001233673538081348
0.037808382883667946 0.00121315848082304
0.037808382883667946 0.00121315848082304
0.03747526044026017 0.0011986414319835603
0.03766660485416651 0.0012069657677784562
0.06086379382759333 0.0017345413798466325
0.03830796480178833 0.0012341924593783915
0.03830796480178833 0.0012341924593783915
0.03769939485937357 0.001208522793604061
0.03800878766924143 0.001221493846969679
0.041684539057314396 0.0013544033572543412
0.03913003206253052 0.0012697202037088573
0.03729249257594347 0.0011901540274266154
0.04186328034847975 0.0013634644274134189
0.03866748604923487 0.0012494394031818956
0.03819256089627743 0.001229411776876077
0.042150167748332024 0.001382692440529354
0.0377743449062109 0.0012117998849134892
0.038845413364470005 0.0012572267587529495
0.04204974044114351 0.001376738931867294
0.04204974044114351 0.001376738931867294
0.042197639122605324 0.001385456183925271
0.06066981377080083 0.0017315762670477852
0.06066981377080083 0.0017315762670477852
0.06310184486210346 0.0017690096574369818
0.03922065906226635 0.0012736402422888204
0.03734355932101607 0.0011926273291464895
0.0615220139734447 0.001745050132740289
0.04178686998784542 0.0013592183531727642
0.03745029540732503 0.0011974681401625276
0.03740607900545001 0.001195679244119674
0.06063484586775303 0.0017307467642240226
0.037069561425596476 0.001180307735921815
0.06232513580471277 0.0017577491962583736
0.06162134138867259 0.001746400594129227
0.06162134138867259 0.001746400594129227
0.03811320196837187 0.001225955580594018
0.03811320196837187 0.001225955580594018
0.037782390601933 0.0012121759064029902
0.037782390601933 0.0012121759064029902
0.06269325176253915 0.001763335763826035
0.05789868999272585 0.0016783115570433438
0.05789868999272585 0.0016783115570433438
0.03842314053326845 0.0012393047363730147
0.037595496978610754 0.001203971914947033
0.0375179648399353 0.0012006258184555918
0.037112392485141754 0.0011820023937616497
0.037112392485141754 0.0011820023937616497
0.03781408630311489 0.00121330440742895
0.03781408630311489 0.00121330440742895
0.038150436244904995 0.0012277788773644716
0.041316104121506214 0.0013273843214847147
0.0424897251650691 0.0013950313004897907
0.036626091692596674 0.001159548875875771
0.03749803127720952 0.0011995630629826337
0.03704101778566837 0.0011788451811298728
0.06165935005992651 0.0017472486943006516
0.03839417640119791 0.0012383578141452745
0.03839417640119791 0.0012383578141452745
0.04221996804699302 0.001385619121720083
0.04226641682907939 0.0013875365111744031
0.03702849289402366 0.0011783215450122952
0.038075048476457596 0.0012241863296367228
0.04217872815206647 0.0013838497252436355
0.04217872815206647 0.0013838497252436355
0.03707519546151161 0.0011803705419879407
0.036951859947294 0.0011747150856535882
0.03745029540732503 0.0011974681401625276
0.042000796645879745 0.0013723476731684059
0.0382180567830801 0.001230325025971979
0.03761107474565506 0.0012047204654663801
0.03761107474565506 0.0012047204654663801
0.03705118829384446 0.0011795197206083685
0.03751186700537801 0.0012002575094811618
0.04212374612689018 0.0013818933657603338
0.037767574191093445 0.001211444236105308
0.061456669587641954 0.0017443751421524212
0.036950571462512016 0.0011746030068024993
0.03698182012885809 0.0011760980705730617
0.03758241469040513 0.0012033732782583684
0.03758241469040513 0.0012033732782583684
0.06100385868921876 0.001736900638206862
0.03874615486711264 0.0012530937819974497
0.061647779773920774 0.0017469697631895542
0.04247351689264178 0.0013945064274594188
0.03743020910769701 0.0011966987804044038
0.038045757450163364 0.0012232356239110231
0.04215531004592776 0.0013834926212439314
0.03783278539776802 0.0012143130006734282
0.03765733540058136 0.0012066408817190677
0.03765733540058136 0.0012066408817190677
0.06142087187618017 0.0017435076588299125
0.03747217683121562 0.001198546087834984
0.0385132422670722 0.0012431329087121412
0.03726704325526953 0.0011893007904291153
0.042297120206058025 0.0013894022995373234
0.04229714022949338 0.0013894038420403376
0.0413588909432292 0.0013332071830518544
0.0373810944147408 0.0011943002173211426
0.037909834645688534 0.0012175576121080667
0.037893736734986305 0.0012170793488621712
0.037964693270623684 0.0012203172082081437
0.034830175805836916 0.0006784625875297934
0.037141311913728714 0.0011836235644295812
0.03833636920899153 0.0012361137341940776
0.03833636920899153 0.0012361137341940776
0.03771393932402134 0.0012087992799934
0.06272519007325172 0.001763942593242973
0.04178192187100649 0.0013591966999229044
0.04174721986055374 0.0013581897947005928
0.06121281674131751 0.0017402411322109401
0.038796164095401764 0.0012547304213512689
0.03675595810636878 0.0011658465955406427
0.05854293052107096 0.001696985389571637
0.03867902886122465 0.0012502147001214325
0.03784403018653393 0.001214852323755622
0.0368650765158236 0.001170656061731279
0.040290198754519224 0.001319175586104393
0.03657813277095556 0.0011569814814720303
0.03657813277095556 0.0011569814814720303
0.041370265651494265 0.0013348227948881686
0.037653510458767414 0.0012065809569321573
0.061161752324551344 0.0017391684523317963
0.061161752324551344 0.0017391684523317963
0.0622248318977654 0.001756055178702809
0.03699562279507518 0.0011773905862355605
0.037814547307789326 0.0012135221622884274
0.036877666134387255 0.0011710218677762896
0.03789155837148428 0.001216993056004867
0.037931337021291256 0.0012184036313556135
0.035870990715920925 0.0010658846877049655
0.047782301902770996 0.0014324101503007114
0.06274387193843722 0.0017641365266172215
0.053120627999305725 0.0015938345750328153
0.04005494341254234 0.0013087761908536777
0.061571930069476366 0.001746200505294837
0.04210079461336136 0.0013801195163978264
0.03678348148241639 0.0011666964273899794
0.03541729971766472 0.0009433956583961844
0.03724511759355664 0.001188506168546155
0.06215962814167142 0.0017553417710587382
0.03730934811756015 0.0011913612252101302
0.037452011834830046 0.0011976902897004038
0.03682073578238487 0.0011684310738928616
0.03741802228614688 0.0011960762785747647
0.03852680046111345 0.0012441114522516727
0.060295069590210915 0.0017261188186239451
0.03647228516638279 0.00115220234147273
0.03427062649279833 0.0006341975604300387
0.03762882016599178 0.0012055300758220255
0.037412731908261776 0.0011959144903812557
0.062026016879826784 0.0017532788479002193
0.03784822206944227 0.001215051976032555
0.03904542978852987 0.0012657381012104452
0.06013942742720246 0.001723005116218701
0.037138250190764666 0.0011833533353637904
0.03814994357526302 0.0012276354245841503
0.03775166720151901 0.0012110433599445969
0.037298718467354774 0.001190569018945098
0.03596217464655638 0.001128927746322006
0.03745620371773839 0.0011978191614616662
0.04136026976630092 0.0013334894611034542
0.04136026976630092 0.0013334894611034542
0.03691999148577452 0.0011728201643563807
0.037410950753837824 0.0011959054390899837
0.03740147082135081 0.0011951993219554424
0.06219288660213351 0.0017555344820721075
0.03825476299971342 0.0012323208211455494
0.03685613255947828 0.0011701913317665458
0.05657744221389294 0.0016580959199927747
0.04165589902549982 0.0013514717866200954
0.04266961757093668 0.0014008584257680923
0.04266961757093668 0.0014008584257680923
0.03742886055260897 0.0011965118756052107
0.03783578332513571 0.001214395131682977
0.0610398780554533 0.0017373513983329758
0.041972970589995384 0.0013704198063351214
0.041972970589995384 0.0013704198063351214
0.037658936344087124 0.0012066915514878929
0.03632493643090129 0.0011319534823996946
0.03772824350744486 0.0012098836596123874
0.06292880466207862 0.001766380708431825
0.04176754131913185 0.0013586069399025291
0.03897949680685997 0.0012631669378606603
0.06225101323798299 0.0017562725261086598
0.06212090188637376 0.001754177937982604
0.06033900612965226 0.0017269228119403124
0.06033900612965226 0.0017269228119403124
0.03743608621880412 0.0011969154293183237
0.03744366951286793 0.0011973626096732914
0.03744366951286793 0.0011973626096732914
0.03739933064207435 0.0011951795604545623
0.0380158219486475 0.0012219930940773338
0.06150617217645049 0.0017449718288844451
0.03720975248143077 0.0011865491978824139
0.03720975248143077 0.0011865491978824139
0.042315568309277296 0.0013897940225433558
0.037634389009326696 0.0012057301646564156
0.05928154708817601 0.0017101896519307047
0.03824744373559952 0.0012321545800659806
0.03824744373559952 0.0012321545800659806
0.05983636621385813 0.0017190694343298674
0.05983636621385813 0.0017190694343298674
0.03794009890407324 0.0012186924868728966
0.04226754093542695 0.0013879438047297299
0.06222129613161087 0.0017558697145432234
0.03692189557477832 0.0011734231375157833
0.037481523118913174 0.0011992519575869665
0.06130348239094019 0.001741703032166697
0.03756928537040949 0.0012029788922518492
0.062407844234257936 0.0017599973070900887
0.055668581277132034 0.0016337170673068613
0.050119911786168814 0.0014416967169381678
0.06186911603435874 0.0017500171379651874
0.06186911603435874 0.0017500171379651874
0.037769085727632046 0.0012116477882955223
0.03817301243543625 0.0012287229765206575
0.04259833041578531 0.0013979534414829686
0.038324788212776184 0.0012350516335573047
0.036791238468140364 0.0011673863918986171
0.03772374335676432 0.0012096926802769303
0.03772374335676432 0.0012096926802769303
0.03737747389823198 0.0011942693963646889
0.03715402726083994 0.0011844396067317575
0.03715402726083994 0.0011844396067317575
0.03755683545023203 0.0012023037998005748
0.03755683545023203 0.0012023037998005748
0.037203846499323845 0.0011863170366268605
0.03788112569600344 0.0012164055078756064
0.037233786191791296 0.0011876131466124207
0.042113916017115116 0.0013810188829666004
0.037794943898916245 0.0012129201786592603
0.037352368235588074 0.0011930583859793842
0.03782359603792429 0.0012138022866565734
0.0381243834272027 0.0012267574202269316
0.061341488268226385 0.0017421009251847863
0.061341488268226385 0.0017421009251847863
0.03781971801072359 0.001213709096191451
0.037999605759978294 0.0012212687288410962
0.04204119089990854 0.0013763446331722662
0.061341488268226385 0.0017421009251847863
0.03926389431580901 0.0012752391339745373
0.03926389431580901 0.0012752391339745373
0.038026362657547 0.0012227085535414517
0.038026362657547 0.0012227085535414517
0.03759860247373581 0.0012040164438076317
0.03759860247373581 0.0012040164438076317
0.037220212165266275 0.0011868606670759618
0.03753886930644512 0.0012014383100904524
0.03759043850004673 0.0012035220570396632
0.037225913256406784 0.001187604881124571
0.03710987465456128 0.0011819904029835016
0.03710987465456128 0.0011819904029835016
0.037271262146532536 0.0011894468625541776
0.062074968591332436 0.0017537982494104654
0.06078879488632083 0.0017336398450424895
0.036900087259709835 0.0011723166680894792
0.06226523034274578 0.0017565308808116242
0.03756606578826904 0.0012024408497381955
0.038475148379802704 0.0012416589161148295
0.038231479935348034 0.0012313657207414508
0.03768219519406557 0.001207684603286907
0.03699170192703605 0.001176641701022163
0.039018986746668816 0.0012650183780351654
0.037858953699469566 0.0012153657153248787
0.037858953699469566 0.0012153657153248787
0.041922373697161674 0.0013682261342182755
0.041909223422408104 0.001367647957522422
0.03795735351741314 0.001219301688252017
0.038389443419873714 0.001237669464899227
0.038389443419873714 0.001237669464899227
0.06230289628729224 0.0017569873452885076
0.03854870703071356 0.001245026389369741
0.037604592740535736 0.0012041636800859123
0.037604592740535736 0.0012041636800859123
0.037333769723773 0.001192315889056772
0.03754328563809395 0.0012014837702736259
0.0619123550131917 0.0017510890465928242
0.0619123550131917 0.0017510890465928242
0.04217675235122442 0.0013837751030223444
0.06134188640862703 0.0017421093361917883
0.06134188640862703 0.0017421093361917883
0.03750710003077984 0.0011999480484519154
0.06134214298799634 0.0017423944227630273
0.037038224283605814 0.0011787587136495858
0.037094603292644024 0.0011808510171249509
0.037094603292644024 0.0011808510171249509
0.037389063742011786 0.0011947508319281042
0.037389063742011786 0.0011947508319281042
0.03723430726677179 0.001187763991765678
0.03732395404949784 0.0011917954834643751
0.03732395404949784 0.0011917954834643751
0.04167760629206896 0.0013526254915632308
0.041666618548333645 0.001351954648271203
0.06168734049424529 0.001747712813084945
0.03717146813869476 0.0011848499707411975
0.03812352381646633 0.0012266912090126425
0.03812352381646633 0.0012266912090126425
0.03679409995675087 0.0011673933477140963
0.06047303229570389 0.0017286849324591458
0.03758198022842407 0.0012032821832690388
0.0373284718953073 0.001191966701298952
0.03742474364116788 0.0011962908611167222
0.037544215098023415 0.0012017461995128542
0.042268778663128614 0.0013881086051696911
0.037730421870946884 0.0012099859595764428
0.06074645509943366 0.0017318908357992768
0.03696668706834316 0.0011749661935027689
0.04193964507430792 0.0013697112735826522
0.04193964507430792 0.0013697112735826522
0.03726652450859547 0.0011890168825630099
0.03726652450859547 0.0011890168825630099
0.037377236876636744 0.0011940370895899832
0.037377236876636744 0.0011940370895899832
0.062399511225521564 0.0017584722518222407
0.062399511225521564 0.0017584722518222407
0.037617895752191544 0.00120496706222184
0.04193723853677511 0.0013697068206965923
0.037295770831406116 0.0011904823477379978
0.03739449707791209 0.0011948386672884226
0.03765058796852827 0.0012061440793331712
0.03765058796852827 0.0012061440793331712
0.03751161741092801 0.0012001048307865858
0.06131115183234215 0.0017419368523405865
0.06131115183234215 0.0017419368523405865
0.036989182233810425 0.0011763589282054454
0.036989182233810425 0.0011763589282054454
0.03710598684847355 0.001181656465632841
0.0377835463732481 0.0012123689521104097
0.0377835463732481 0.0012123689521104097
0.03795783407986164 0.0012195636227261275
0.037353431805968285 0.0011931800399906933
0.03774528577923775 0.0012104430061299354
0.03774528577923775 0.0012104430061299354
0.037627216428518295 0.0012053317041136324
0.062122920993715525 0.0017542095301905647
0.062122920993715525 0.0017542095301905647
0.03754800697788596 0.0012019698042422533
0.037358150351792574 0.001193338306620717
0.037358150351792574 0.001193338306620717
0.037288876716047525 0.0011900153185706586
0.0364200621843338 0.001137178871431388
0.03795117326080799 0.0012192756694275886
0.03795117326080799 0.0012192756694275886
0.0376328588463366 0.0012056657869834453
0.0371514935977757 0.0011838616628665477
0.03696560859680176 0.001174899109173566
0.036840932443737984 0.0011693658598233014
0.036840932443737984 0.0011693658598233014
0.03826401196420193 0.0012330707104410976
0.04201779421418905 0.0013750599464401603
0.037418275605887175 0.0011960801493842155
0.037418275605887175 0.0011960801493842155
0.039302362129092216 0.0012771476904163137
0.037662992253899574 0.0012067935313098133
0.038602872751653194 0.0012457515258574858
0.038602872751653194 0.0012457515258574858
0.0380783649161458 0.0012245947436895221
0.03798250202089548 0.0012208246916998178
0.03798250202089548 0.0012208246916998178
0.061531553976237774 0.001745051151374355
0.06056745955720544 0.0017306677618762478
0.0367460660636425 0.0011654093977995217
0.03769438620656729 0.001208382484037429
0.0628800168633461 0.0017656911659287289
0.04218005109578371 0.0013841144827893004
0.04222235409542918 0.0013859718601452187
0.03761232644319534 0.0012047334748785943
0.036718059331178665 0.0011635896808002144
0.037047403398901224 0.0011790742573793977
0.037047403398901224 0.0011790742573793977
0.06264798110350966 0.0017622527084313333
0.038203656673431396 0.0012294443731661886
0.03891054727137089 0.0012599936890183017
0.03891054727137089 0.0012599936890183017
0.0371757997199893 0.0011849761358462274
0.0371757997199893 0.0011849761358462274
0.03771601989865303 0.001209118403494358
0.037102182395756245 0.0011812946177087724
0.037095284555107355 0.0011812829761765897
0.037095284555107355 0.0011812829761765897
0.042019763961434364 0.0013752682134509087
0.037635994143784046 0.0012057949206791818
0.037635994143784046 0.0012057949206791818
0.03769276663661003 0.0012082578032277524
0.03769276663661003 0.0012082578032277524
0.03810263704508543 0.001225602813065052
0.03810263704508543 0.001225602813065052
0.060312151443213224 0.001726138056255877
0.03690393269062042 0.0011724416690412909
0.06253722729161382 0.0017603553860681131
0.037948877550661564 0.0012190132110845298
0.038024275563657284 0.0012223928642924875
0.036667045671492815 0.0011614140530582517
0.037526719737797976 0.0012009039928670973
0.037526719737797976 0.0012009039928670973
0.0381097998470068 0.0012259152135811746
0.04172434285283089 0.0013565649278461933
0.04228147817775607 0.0013885540392948315
0.061302049085497856 0.0017409424763172865
0.062242429703474045 0.0017561254935571924
0.03696771617978811 0.0011750594130717218
0.06198665453121066 0.0017522004491183907
0.0380586264654994 0.0012240201176609844
0.038053021766245365 0.0012237452319823205
0.04213755251839757 0.001382022222969681
0.037344710901379585 0.0011928556486964226
0.037344710901379585 0.0011928556486964226
0.04180331341922283 0.0013600913807749748
0.038114980794489384 0.0012263765092939138
0.038114980794489384 0.0012263765092939138
0.03687211312353611 0.0011707001540344208
0.03911039838567376 0.001268733583856374
0.04236262105405331 0.0013910353882238269
0.04236262105405331 0.0013910353882238269
0.06283310987055302 0.0017646368069108576
0.03776486683636904 0.001211374590639025
0.0619756244122982 0.001752095005940646
0.0619756244122982 0.001752095005940646
0.03717676131054759 0.0011851912713609636
0.03754720510914922 0.0012018433189950883
0.03754720510914922 0.0012018433189950883
0.0364315090700984 0.001150198164395988
0.037197262048721313 0.001186068810056895
0.037197262048721313 0.001186068810056895
0.03813249059021473 0.0012268457503523678
0.03808123990893364 0.001224672596435994
0.06163782672956586 0.001746908004861325
0.03757312847301364 0.0012029938225168735
0.03757312847301364 0.0012029938225168735
0.06189334997907281 0.0017506650619907305
0.061720010824501514 0.001748153765220195
0.03725793305784464 0.001188791065942496
0.037459686398506165 0.0011979426199104637
0.06250429200008512 0.0017602820007596165
