0.0423377426341176 0.0013900381745770574
0.041698369197547436 0.0013530479918699712
0.03850913420319557 0.0012425984168658033
0.042067729867994785 0.0013759628927800804
0.0380784971639514 0.0012242000084370375
0.038121032528579235 0.0012262974632903934
0.037666319869458675 0.001206206186907366
0.037666319869458675 0.001206206186907366
0.03959882538765669 0.0012891271035186946
0.03959882538765669 0.0012891271035186946
0.03757708892226219 0.0012023186136502773
0.03862038999795914 0.001247243955731392
0.03831944987177849 0.001234673778526485
0.037901184521615505 0.0012165119987912476
0.038182991556823254 0.0012285388947930187
0.03830024041235447 0.0012339076783973724
0.037803311832249165 0.0012124820495955646
0.037803311832249165 0.0012124820495955646
0.038210283033549786 0.0012296127970330417
0.038210283033549786 0.0012296127970330417
0.03734894189983606 0.0011923514830414206
0.060411661863327026 0.0017260908789467067
0.038565159775316715 0.0012451245274860412
0.0380909675732255 0.0012247676495462656
0.0380909675732255 0.0012247676495462656
0.03756933566182852 0.0012018841225653887
0.038374186493456364 0.0012369389150990173
0.06155041139572859 0.0017449643200961873
0.03748568333685398 0.0011984331358689815
0.03750396054238081 0.0011992626823484898
0.037751710042357445 0.0012101518805138767
0.04158355388790369 0.0013461262278724462
0.03777992259711027 0.001211346680065617
0.042005072347819805 0.0013728644407819957
0.038867027033120394 0.0012580753391375765
0.03819655813276768 0.0012291657913010567
0.03828152548521757 0.0012328069424256682
0.0385323241353035 0.0012436401593731716
0.03852429799735546 0.0012432352523319423
0.037508550100028515 0.0011997331166639924
0.037270938977599144 0.001188917551189661
0.0388656216673553 0.0012579001049743965
0.03810063190758228 0.0012251072330400348
0.03790932707488537 0.0012169632827863097
0.0373985031619668 0.0011946049926336855
0.061137421522289515 0.0017382793594151735
0.03811571281403303 0.0012256068584974855
0.03873148187994957 0.001252316971658729
0.03873148187994957 0.001252316971658729
0.038374846801161766 0.0012370440090307966
0.042171853594481945 0.0013822345208609477
0.03792907856404781 0.0012177519383840263
0.038561961613595486 0.0012451027723727748
0.03852865565568209 0.0012434221425792202
0.037778375670313835 0.0012112462718505412
0.0394889572635293 0.0012846907920902595
0.03792392369359732 0.00121739532914944
0.03896031901240349 0.0012619670305866748
0.038465394638478756 0.0012409323535393924
0.038465394638478756 0.0012409323535393924
0.03780203126370907 0.0012119519524276257
0.03615762526169419 0.001095624640583992
0.06069563841447234 0.0017309151298832148
0.06107241893187165 0.001737194339511916
0.037995245307683945 0.001220787497004494
0.037995245307683945 0.001220787497004494
0.06024099048227072 0.0017234015103895217
0.06024099048227072 0.0017234015103895217
0.03818700276315212 0.0012286104611121118
0.061216069385409355 0.0017391823639627546
0.061216069385409355 0.0017391823639627546
0.05413203593343496 0.001616633147932589
0.062337071634829044 0.0017565481539350003
0.062337071634829044 0.0017565481539350003
0.03786276187747717 0.0012147932720836252
0.03753653634339571 0.0012006326287519187
0.03795511648058891 0.001218766177771613
0.03795511648058891 0.001218766177771613
0.037848726846277714 0.0012146773224230856
0.03814985882490873 0.0012273430183995515
0.03824753034859896 0.0012315269850660115
0.03824753034859896 0.0012315269850660115
0.03755947668105364 0.0012015168613288552
0.03718930669128895 0.0011846191482618451
0.06125137023627758 0.0017398302734363824
0.06111451890319586 0.00173742717015557
0.06146333599463105 0.001743486907798797
0.06146333599463105 0.001743486907798797
0.038332948461174965 0.0012350069882813841
0.038332948461174965 0.0012350069882813841
0.03718930669128895 0.0011846191482618451
0.06101818149909377 0.0017360568162985146
0.06221509166061878 0.0017542307323310524
0.037520887330174446 0.00120007578516379
0.03729313239455223 0.0011897748918272555
0.038951436057686806 0.0012617045867955312
0.037868402898311615 0.0012150902184657753
0.06157145369797945 0.001745135203236714
0.037343816831707954 0.001192052528494969
0.03739039320498705 0.0011941928823944181
0.03806300833821297 0.0012234939204063267
0.05856437934562564 0.0016988645074889064
0.04262649733573198 0.0013941201323177665
0.03757979907095432 0.001202516898047179
0.03757979907095432 0.001202516898047179
0.036179482005536556 0.0011373419256415218
0.05249590612947941 0.0015864264569245279
0.042141854763031006 0.0013806880451738834
0.03808059450238943 0.0012247172999195755
0.03808059450238943 0.0012247172999195755
0.04138442873954773 0.0013334198738448322
0.03902077674865723 0.001264481441467069
0.041833627969026566 0.0013616443902719766
0.041833627969026566 0.0013616443902719766
0.03730346541851759 0.001190238952403888
0.037630243226885796 0.001204974192660302
0.03889063373208046 0.0012587944365805015
0.03827740717679262 0.0012327111326158047
0.0381206888705492 0.0012259228387847543
0.038254618644714355 0.001231919537531212
0.06139306351542473 0.0017427111451979727
0.03770110011100769 0.001207787514431402
0.03937269048765302 0.001279352538404055
0.0387575039640069 0.0012532836699392647
0.0387575039640069 0.0012532836699392647
0.04210372315719724 0.0013796558341709897
0.03835384640842676 0.0012361714470898733
0.059952146373689175 0.0017193933890666813
0.03923551365733147 0.0012733525654766709
0.03923551365733147 0.0012733525654766709
0.05958931241184473 0.0017123923171311617
0.03788106143474579 0.001215738826431334
0.038606321439146996 0.0012470942601794377
0.04189380258321762 0.0013659366522915661
0.034183017909526825 0.0005874961279914714
0.0373016782104969 0.0011901237012352794
0.03761679958552122 0.0012043967435602099
0.05925569962710142 0.0017053078336175531
0.03733617253601551 0.0011917547381017357
0.03820700477808714 0.0012295628839638084
0.06177802663296461 0.0017486809083493426
0.03770393319427967 0.001208165951538831
0.03789807576686144 0.0012165046646259725
0.037255896255373955 0.0011882105900440365
0.03795436769723892 0.0012186537205707282
0.038341788575053215 0.0012354528589639813
0.03758179768919945 0.0012029018835164607
0.06200930941849947 0.0017521824192954227
0.0379495732486248 0.001218503894051537
0.037379986606538296 0.0011938565003219992
0.03833010885864496 0.0012348376621957868
0.03739410266280174 0.001194398762891069
0.03739410266280174 0.001194398762891069
0.04172647371888161 0.0013557594211306423
0.04970571678131819 0.0015424143057316542
0.037416392005980015 0.0011957143724430352
0.0376695329323411 0.00120682391570881
0.06129336962476373 0.0017410090076737106
0.06053103366866708 0.0017292764241574332
0.03929654788225889 0.0012763147678924724
0.03779437858611345 0.0012117568403482437
0.05578836426138878 0.0016498361364938319
0.03645092714577913 0.001148452516645193
0.061152113135904074 0.00173853593878448
0.03812266327440739 0.0012263439421076328
0.05964630842208862 0.0017141929420176893
0.037828181870281696 0.0012135245196986943
0.03729905840009451 0.0011899168603122234
0.03771259170025587 0.001208423636853695
0.038152399472892284 0.001227858301717788
0.03797578625380993 0.0012197454634588212
0.037612210027873516 0.0012043194728903472
0.03633597493171692 0.001144726382335648
0.04227504273876548 0.0013874155119992793
0.03697538282722235 0.0011756392777897418
0.0386502081528306 0.0012486594205256552
0.04193603340536356 0.0013682541903108358
0.037243299186229706 0.0011876567441504449
0.06026773061603308 0.0017236509011127055
0.03792922757565975 0.0012179705372545868
0.060019588097929955 0.0017195556429214776
0.03855148144066334 0.0012442692677723244
0.04197846818715334 0.001370877114823088
0.03981316275894642 0.0012971064716111869
0.0394444246776402 0.0012826278689317405
0.060316052287817 0.0017245076305698603
0.03846224211156368 0.0012405980232870206
0.04189380258321762 0.0013659366522915661
0.0599887752905488 0.0017194875108543783
0.06206840695813298 0.0017531219928059727
0.03854737430810928 0.0012441870931070298
0.038693574257194996 0.001250104367500171
0.03866212908178568 0.001248908301931806
0.038020845502614975 0.0012220630596857518
0.038247253745794296 0.0012314544874243438
0.0380533542484045 0.001223128754645586
0.0380533542484045 0.001223128754645586
0.042051046155393124 0.001374905783450231
0.03808285482227802 0.001224727020598948
0.041974675841629505 0.0013699917471967638
0.04180096834897995 0.0013591422466561198
0.04180096834897995 0.0013591422466561198
0.03829267434775829 0.001233326445799321
0.03757468983530998 0.0012023159652017057
0.058934854343533516 0.0017029350565280765
0.03750211093574762 0.0011990550847258419
0.03689310047775507 0.0011712762934621423
0.06137742707505822 0.0017421272641513497
0.06160188699141145 0.0017464243865106255
0.06173961563035846 0.0017481589457020164
0.038440086878836155 0.0012398138787830248
0.03774544782936573 0.001209634094266221
0.03721220139414072 0.0011862303945235908
0.03764391224831343 0.001205479959025979
0.03743999544531107 0.0011964607401750982
0.03720997832715511 0.001186068431707099
0.04019672190770507 0.0013148303696652874
0.03834396135061979 0.0012356759689282626
0.062206774950027466 0.0017539160035084933
0.062206774950027466 0.0017539160035084933
0.037382882088422775 0.0011941430566366762
0.0615414883941412 0.0017447994323447347
0.0615414883941412 0.0017447994323447347
0.042299839202314615 0.0013877337623853236
0.061354625038802624 0.0017417606723029166
0.03729701787233353 0.0011898500379174948
0.06142278015613556 0.0017429557628929615
0.03726228792220354 0.0011885627754963934
0.03726228792220354 0.0011885627754963934
0.0384820057079196 0.001241337216924876
0.03851077612489462 0.0012429002817953005
0.06073983386158943 0.0017317170277237892
0.06034290976822376 0.0017249383381567895
0.037451447919011116 0.0011968666221946478
0.05034341663122177 0.0015541266766376793
0.03717122878879309 0.0011844073014799505
0.03735637851059437 0.0011926664446946234
0.03747006691992283 0.0011977407266385853
0.03773340303450823 0.0012092532706446946
0.05752949137240648 0.0016809417575132102
0.037471107207238674 0.0011977528338320553
0.037471107207238674 0.0011977528338320553
0.03818764816969633 0.0012288046127650887
0.037600197829306126 0.0012036400148645043
0.037600197829306126 0.0012036400148645043
0.038808693177998066 0.001256188697880134
0.0421321839094162 0.0013800056767649949
0.04202069900929928 0.001373514300212264
0.038646187633275986 0.001248476459295489
0.03779370989650488 0.0012116050929762423
0.03779854439198971 0.0012118377489969134
0.03869373071938753 0.0012503876932896674
0.03535036742687225 0.0007447906245943159
0.03789145220071077 0.001215965865412727
0.03772860486060381 0.0012087755894754082
0.03772555757313967 0.0012086299830116332
0.05919457133859396 0.0017049228481482714
0.03794421628117561 0.0012183936487417668
0.0384454894810915 0.001240030484041199
0.03830625116825104 0.0012340268876869231
0.03830625116825104 0.0012340268876869231
0.03772860486060381 0.0012087755894754082
0.04197184927761555 0.0013695844681933522
0.03774915263056755 0.0012098012084607035
0.0384454894810915 0.001240030484041199
0.037752559408545494 0.0012101932370569557
0.03775759134441614 0.001210310059832409
0.03775759134441614 0.001210310059832409
0.03725728020071983 0.0011882387334480882
0.03725728020071983 0.0011882387334480882
0.037282004952430725 0.001189107249956578
0.037834638729691505 0.0012136398581787944
0.03776082582771778 0.0012107044749427587
0.03776082582771778 0.0012107044749427587
0.0617279140278697 0.0017477260844316334
0.0617279140278697 0.0017477260844316334
0.03842455521225929 0.0012389913317747414
0.03854117542505264 0.0012438989651855081
0.03854117542505264 0.0012438989651855081
0.037020609714090824 0.001176589314127341
0.059766411781311035 0.0017160370771307498
0.04170673526823521 0.0013532541925087571
0.03737528994679451 0.0011936368246097118
0.03737528994679451 0.0011936368246097118
0.0377403823658824 0.0012092566466890275
0.03779411781579256 0.0012116626894567162
0.059407925233244896 0.0017104308935813606
0.059407925233244896 0.0017104308935813606
0.037684920243918896 0.0012071003438904881
0.03828328847885132 0.0012329889577813447
0.03828328847885132 0.0012329889577813447
0.055347319692373276 0.0016389844240620732
0.03740721009671688 0.0011951280175708234
0.06188399298116565 0.0017500792164355516
0.037988767959177494 0.0012205014645587653
0.037988767959177494 0.0012205014645587653
0.05681666452437639 0.0016623529081698507
0.03862568736076355 0.0012476934061851352
0.041876050643622875 0.001364381576422602
0.03844398632645607 0.0012399722763802856
0.04220647597685456 0.0013844215136487037
0.0378157002851367 0.0012127770169172436
0.03782307729125023 0.0012131074909120798
0.03778624627739191 0.0012113690318074077
0.03778624627739191 0.0012113690318074077
0.038002537563443184 0.0012209312408231199
0.038002537563443184 0.0012209312408231199
0.03763415478169918 0.001205258013214916
0.03735378012061119 0.0011925594881176949
0.03723293635994196 0.0011871395108755678
0.060136881191283464 0.0017229339282494038
0.06038166955113411 0.0017249889497179538
0.06038166955113411 0.0017249889497179538
0.038457767106592655 0.001240190351381898
0.038457767106592655 0.001240190351381898
0.0359528623521328 0.00106273872370366
0.037572688423097134 0.0012021781876683235
0.03733735252171755 0.0011919330863747746
0.037326437421143055 0.0011914072383660823
0.06103142164647579 0.0017368597764289007
0.03756679128855467 0.00120182812679559
0.03756679128855467 0.00120182812679559
0.03747314214706421 0.001197803532704711
0.03747314214706421 0.001197803532704711
0.03797311894595623 0.0012197063479106873
0.03797311894595623 0.0012197063479106873
0.061272872146219015 0.0017400936631020159
0.03749715071171522 0.0011990193743258715
0.038139128126204014 0.0012267476413398981
0.038139128126204014 0.0012267476413398981
0.036956426687538624 0.0011732532875612378
0.06167871272191405 0.0017466925201006234
0.037392555736005306 0.0011943134013563395
0.037405249662697315 0.0011950565676670521
0.037488351576030254 0.001198455021949485
0.037488351576030254 0.001198455021949485
0.03674605209380388 0.0011629563523456454
0.06224266905337572 0.0017557158134877682
0.06188559299334884 0.0017502396076451987
0.062178170308470726 0.0017532235942780972
0.03824218921363354 0.0012311173195485026
0.03824218921363354 0.0012311173195485026
0.037789410911500454 0.0012115347490180284
0.03772405907511711 0.001208607864100486
0.03764391224831343 0.001205479959025979
0.06218243669718504 0.0017537152452860028
0.03776749316602945 0.0012109048839192837
0.03754223883152008 0.001200933416839689
0.05982800014317036 0.0017170990468002856
0.05982800014317036 0.0017170990468002856
0.05484724696725607 0.0016309508646372706
0.06128461239859462 0.0017407478735549375
0.03795277327299118 0.0012185978412162513
0.03744139987975359 0.001196521014207974
0.037953514605760574 0.0012186128296889365
0.037940358743071556 0.001218082121340558
0.03846863377839327 0.001240986559423618
0.03848940599709749 0.001241491801920347
0.03848940599709749 0.001241491801920347
0.060949962586164474 0.001734802674036473
0.05908819939941168 0.0017046433931682259
0.03711463510990143 0.001181515515781939
0.03711463510990143 0.001181515515781939
0.037270200438797474 0.0011888114677276462
0.0376563984900713 0.001206031971378252
0.03789041377604008 0.0012157580349594355
0.03733571898192167 0.0011914629430975765
0.061909561045467854 0.001750422379700467
0.061909561045467854 0.001750422379700467
0.0380568178370595 0.0012231901346240193
0.0381357753649354 0.0012267235724721104
0.06109980121254921 0.0017372934380546212
0.05553732067346573 0.0016471005219500512
0.056930601596832275 0.001668883574893698
0.03723724465817213 0.001187396643217653
0.03748030960559845 0.0011982246360275894
0.0379269365221262 0.0012176363670732826
0.03770766034722328 0.001208209723699838
0.03843081649392843 0.0012392791686579585
0.041952853091061115 0.0013695636589545757
0.041952853091061115 0.0013695636589545757
0.03719950607046485 0.0011859176447615027
0.03804878797382116 0.0012230226420797408
0.0420790808275342 0.001376889500534162
0.039707925636321306 0.0012940999440615997
0.03821498900651932 0.0012301499664317816
0.03825152199715376 0.001231618458405137
0.038068605586886406 0.0012236541660968214
0.03831833507865667 0.0012343577109277248
0.03745714668184519 0.001197097881231457
0.03784290421754122 0.0012136479781474918
0.03784290421754122 0.0012136479781474918
0.03798742964863777 0.001220117264892906
0.03725558891892433 0.001188116817502305
0.042221260257065296 0.0013851509866071865
0.038350469432771206 0.0012357713712844998
0.038350469432771206 0.0012357713712844998
0.04199267644435167 0.0013718933914788067
0.041999584063887596 0.0013721957220695913
0.03850277606397867 0.0012425420281942934
0.037831833586096764 0.0012136366858612746
0.03782568592578173 0.0012133886339142919
0.04190897196531296 0.0013662182609550655
0.037665123119950294 0.0012061188172083348
0.06076676305383444 0.0017324898217339069
0.06076676305383444 0.0017324898217339069
0.06048033433035016 0.001727536553516984
0.03768276050686836 0.001206912158522755
0.03768276050686836 0.001206912158522755
0.041834921576082706 0.0013616961950901896
0.041834921576082706 0.0013616961950901896
0.03829443268477917 0.0012334787170402706
0.037980749271810055 0.0012197901960462332
0.03730442374944687 0.0011904170969501138
0.036022532265633345 0.0010715775715652853
0.038263400085270405 0.0012323047267273068
0.03740005102008581 0.0011946170416194946
0.04206228628754616 0.0013757337001152337
0.03801748249679804 0.001221592363435775
0.03756407555192709 0.0012016318214591593
0.03756407555192709 0.0012016318214591593
0.04202478937804699 0.0013742594455834478
0.038191696628928185 0.001229015237186104
