0.009378371527418494 0.0010298235138179734
0.022015673108398914 0.0016895658482098952
0.022015673108398914 0.0016895658482098952
0.00975287426263094 0.0010813305707415566
0.009906355291604996 0.0011052444024244323
0.01793669257313013 0.0015753604529891163
0.013776485808193684 0.001358301829895936
0.01779210288077593 0.0015662690566387028
0.01711975410580635 0.0015199951303657144
0.010419696569442749 0.0011643754260148853
0.012519520940259099 0.0013149900769349188
0.009260192047804594 0.0010119692014995962
0.01010596938431263 0.0011266454384895042
0.01010596938431263 0.0011266454384895042
0.014435971854254603 0.0014064852730371058
0.01935212523676455 0.0016232680063694715
0.009145169169642031 0.0007613013367517851
0.01851042080670595 0.0015964936319505796
0.01836032560095191 0.001591033098520711
0.01836306182667613 0.0015913032548269257
0.018623785814270377 0.0015991792315617204
0.012589926365762949 0.0013269297924125567
0.008986787172034383 0.000728781487850938
0.009476256789639592 0.0010437935561640188
0.009476256789639592 0.0010437935561640188
0.009837306337431073 0.0010929498675977811
0.014041535556316376 0.0013727027690038085
0.01830085809342563 0.0015893948875600472
0.009320961311459541 0.0010238183313049376
0.009049887070432305 0.0007363978074863553
0.017819304950535297 0.0015686304541304708
0.01932595414109528 0.0016224677965510637
0.019304847810417414 0.001621003117179498
0.01817879220470786 0.0015841111307963729
0.018940776586532593 0.0016097260522656143
0.017137818038463593 0.001521082318504341
0.019240614725276828 0.0016192644252441823
0.013939633034169674 0.0013686452148249373
0.012536109890788794 0.0013199882378103212
0.01931172260083258 0.0016222282720264047
0.01407780242152512 0.0013728139456361532
0.00929989549331367 0.0010236227681161836
0.01973173301666975 0.0016388922376791015
0.020056285429745913 0.0016487139801029116
0.008819349342957139 0.0007066323596518487
0.01754705933853984 0.001560065837111324
0.01680425019003451 0.0015125816280487925
0.01453040773048997 0.0014122794673312455
0.010579642606899142 0.0011895819334313273
0.01449129800312221 0.0014102157729212195
0.010024570627138019 0.0011168470518896356
0.019807247212156653 0.0016406128415837884
0.018479087622836232 0.0015956629940774292
0.01831922121345997 0.0015897305129328743
0.01861460879445076 0.0015991530672181398
0.009374941233545542 0.0010291598737239838
0.014280375791713595 0.0013787835778202862
0.014280375791713595 0.0013787835778202862
0.014158816076815128 0.0013772373058600351
0.01972509385086596 0.0016359714354621246
0.020041488343849778 0.0016443469357909635
0.013772988924756646 0.0013560148945543915
0.009274944895878434 0.001017806469462812
0.00959997484460473 0.0010654061625245959
0.012305203010328114 0.0012917826243210584
0.009806633228436112 0.0010888500401051715
0.020074448315426707 0.0016521505458513275
0.021461797412484884 0.001683438167674467
0.010000715032219887 0.001115435763495043
0.017506987554952502 0.0015541318280156702
0.01936130179092288 0.0016256736998911947
0.018828578991815448 0.0016059063491411507
0.024928855942562222 0.001764934480888769
0.014433664502575994 0.0014057708613108844
0.008849048987030983 0.0007074470049701631
0.01822466356679797 0.0015889157657511532
0.014525704784318805 0.001410292083164677
0.01951339398510754 0.0016313606320181862
0.01951339398510754 0.0016313606320181862
0.009773911209776998 0.0010825342033058405
0.009222932392731309 0.0010099760111188516
0.009459502529352903 0.001041324736434035
0.009204566711559892 0.0010035159066319466
0.013724196702241898 0.0013529476709663868
0.0213417774066329 0.0016763610765337944
0.009765077382326126 0.0010816979338414967
0.009765077382326126 0.0010816979338414967
0.0096808522939682 0.00107400534034241
0.017197221284732223 0.0015233976591844112
0.009843109408393502 0.001094264443963766
0.01946181897073984 0.0016271114582195878
0.009525481844320893 0.001060261667589657
0.017876960802823305 0.001573327521327883
0.017303786473348737 0.0015307132853195071
0.01388223678804934 0.0013661859557032585
0.018191950162872672 0.0015857924008741975
0.009202188579365611 0.0010006133234128356
0.01812262856401503 0.001583126708283089
0.018357844091951847 0.001590360450791195
0.00938120810315013 0.00103215200942941
0.00998958176933229 0.0011102845892310143
0.014471236616373062 0.0014065481082070619
0.0099416917655617 0.0011053942725993693
0.009899995289742947 0.0010983919346472248
0.020362219074741006 0.0016523412195965648
0.009859135840088129 0.0010944150562863797
0.009859135840088129 0.0010944150562863797
0.012579136062413454 0.0013228269381215796
0.013645762344822288 0.001346494653262198
0.017494423547759652 0.0015489530633203685
0.012512655230239034 0.0013025797525187954
0.01917831227183342 0.0016160407103598118
0.02054641954600811 0.001655875938013196
0.013619358418509364 0.0013418499438557774
0.014480830868706107 0.0014076885563554242
0.009409095626324415 0.0010354173718951643
0.010182589525356889 0.0011329084809403867
0.009825298329815269 0.0010889442637562752
0.009825298329815269 0.0010889442637562752
0.018041184172034264 0.0015810463082743809
0.01952491677366197 0.0016340530419256538
0.013964192708954215 0.0013686654128832743
0.00936952163465321 0.0010269145714119077
0.00936952163465321 0.0010269145714119077
0.01021467661485076 0.0011369953281246126
0.009837135672569275 0.001092059290385805
0.01162456744350493 0.001275273723877035
0.009502415778115392 0.0010469404369359836
0.009965491015464067 0.0011070870095863938
0.009965491015464067 0.0011070870095863938
0.018948683515191078 0.001610344770597294
0.009903813246637583 0.0010997353383572772
0.009903813246637583 0.0010997353383572772
0.016535281902179122 0.0014700475439894944
0.00938628544099629 0.0010331902449252084
0.009516761405393481 0.0010514570894883946
0.01786832883954048 0.001571493936353363
0.01433369261212647 0.0013913115253672004
0.009978907415643334 0.00110857849358581
0.009978907415643334 0.00110857849358581
0.01996907335706055 0.0016427591617684811
0.019158106297254562 0.0016146078996825963
0.009639178169891238 0.0010707961482694373
0.008782219840213656 0.0005272269263514318
0.012534956447780132 0.0013189998280722648
0.01725282263942063 0.0015290464943973348
0.00988451181910932 0.0010973566386383027
0.00988451181910932 0.0010973566386383027
0.018410708289593458 0.00159410186461173
0.009713445324450731 0.0010745774197857827
0.013129815342836082 0.001338227724772878
0.009509876603260636 0.0010471142741153017
0.009491088334470987 0.00104413295048289
0.009418496862053871 0.0010370707605034113
0.00937978969886899 0.0010309877543477342
0.014378896681591868 0.0013992586464155465
0.019222291186451912 0.0016164807602763176
0.010280909249559045 0.0011463036353234202
0.010280909249559045 0.0011463036353234202
0.018676886102184653 0.001601989846676588
0.02403304073959589 0.0016982824308797717
0.01699045510031283 0.0015134638379095122
0.018142158165574074 0.0015831327764317393
0.010061314329504967 0.0011172071972396225
0.01808885089121759 0.0015814529615454376
0.010917558567598462 0.0011956132657360286
0.010342504130676389 0.001154175290139392
0.00983174005523324 0.0010900108463829383
0.012515820562839508 0.0013110637664794922
0.012561170384287834 0.001321129413554445
0.017963928636163473 0.0015768646262586117
0.00976949417963624 0.0010821160540217534
0.01946606347337365 0.0016273863730020821
0.014029450714588165 0.0013687154714716598
0.014029450714588165 0.0013687154714716598
0.009623204823583364 0.0010674925579223782
0.009623204823583364 0.0010674925579223782
0.019282747292891145 0.0016205852152779698
0.019282747292891145 0.0016205852152779698
0.009717651177197695 0.0010803589539136738
0.009781007189303637 0.0010836918809218332
0.01665110676549375 0.001470931776566431
0.009447194170206785 0.001040325267240405
0.013793010031804442 0.0013648126332554966
0.017621842678636312 0.0015629123663529754
0.017368716886267066 0.0015335219068219885
0.012569777434691787 0.0013215538492659107
0.013903133338317275 0.001368371638818644
0.01817362243309617 0.0015838623512536287
0.01706733671016991 0.0015172657585935667
0.01706733671016991 0.0015172657585935667
0.01377544878050685 0.001356297027086839
0.009715088875964284 0.0010780301236081868
0.0094060143455863 0.0010340966255171224
0.0094060143455863 0.0010340966255171224
0.01739299902692437 0.001544113620184362
0.01739299902692437 0.001544113620184362
0.018724557710811496 0.001603202850674279
0.016672636149451137 0.0014924765564501286
0.016672636149451137 0.0014924765564501286
0.011064169928431511 0.0012207840045448393
0.009468080941587687 0.0010425304499221966
0.01087809819728136 0.0011911760084331036
0.01087809819728136 0.0011911760084331036
0.01366949058137834 0.0013491297286236659
0.008927447022870183 0.000713345427357126
0.009595168754458427 0.0010638005478540435
0.009595168754458427 0.0010638005478540435
0.014388163574039936 0.0014012418105266988
0.013746821787208319 0.001355027241515927
