0.03750819060951471 0.001199021440697834
0.03750819060951471 0.001199021440697834
0.03771895356476307 0.0012088148796465248
0.03831892367452383 0.0012356711085885763
0.037502825260162354 0.0011989755439572036
0.060675157234072685 0.001730002521071583
0.05739804822951555 0.0016792802780400962
0.03825948666781187 0.001233277638675645
0.061912618577480316 0.0017497492954134941
0.0381536977365613 0.0012290293525438756
0.0381536977365613 0.0012290293525438756
0.06168902572244406 0.001746734429616481
0.0370907261967659 0.0011796216131187975
0.0370907261967659 0.0011796216131187975
0.03793376870453358 0.0012187729880679399
0.0379454530775547 0.001219339348608628
0.05992900487035513 0.0017181934090331197
0.061163056176155806 0.0017382191435899585
0.037346730940043926 0.0011918790405616164
0.042214573826640844 0.0013843151100445539
0.0421071769669652 0.001379780689603649
0.06186562683433294 0.0017493127088528126
0.06186562683433294 0.0017493127088528126
0.03790491912513971 0.001217095647007227
0.035841609351336956 0.0009510898380540311
0.03841344080865383 0.0012392761273076758
0.03720394056290388 0.0011852047173306346
0.060622227378189564 0.0017295974248554558
0.03772811684757471 0.0012093897676095366
0.06101704388856888 0.0017354201117996126
0.06101704388856888 0.0017354201117996126
0.06145814014598727 0.0017428573628421873
0.042364089749753475 0.0013881538179703057
0.03734803386032581 0.00119195765000768
0.03734803386032581 0.00119195765000768
0.06080868188291788 0.001732323318719864
0.06080868188291788 0.001732323318719864
0.04226210620254278 0.00138522895576898
0.038486797362565994 0.0012434422096703202
0.038486797362565994 0.0012434422096703202
0.0377979502081871 0.0012126991350669414
0.038240980356931686 0.0012326297583058476
0.0631889495998621 0.0017690690292511135
0.037465658970177174 0.001197316189063713
0.037465658970177174 0.001197316189063713
0.03793235681951046 0.0012184543593320996
0.056361496448516846 0.0016533621528651565
0.03754504770040512 0.0012008158955723047
0.03795669134706259 0.001219406898599118
0.06009832210838795 0.0017209247744176537
0.03833225090056658 0.0012361913541099057
0.03833225090056658 0.0012361913541099057
0.05966918636113405 0.0017141486750915647
0.05966918636113405 0.0017141486750915647
0.03537652362138033 0.0007285774336196482
0.061085503082722425 0.0017369057168252766
0.06306632561609149 0.0017680416349321604
0.060248308815062046 0.0017233477847184986
0.059317028149962425 0.0017084464197978377
0.05968525540083647 0.001714431564323604
0.06152683962136507 0.001743768050801009
0.05999732855707407 0.001719227700959891
0.05999732855707407 0.001719227700959891
0.03754820115864277 0.0012008726771455258
0.03754820115864277 0.0012008726771455258
0.037437052465975285 0.0011959438270423561
0.037437052465975285 0.0011959438270423561
0.036968291737139225 0.0011742498027160764
0.036968291737139225 0.0011742498027160764
0.041755116544663906 0.001361042814096436
0.05718818213790655 0.0016737056721467525
0.06261289631947875 0.0017609687056392431
0.062225853092968464 0.0017559326370246708
0.03660432528704405 0.0011576322431210428
0.06268124934285879 0.0017617105913814157
0.06268124934285879 0.0017617105913814157
0.06210066797211766 0.0017527243471704423
0.03739085886627436 0.001193888601846993
0.0610428499057889 0.0017355020390823483
0.03724593669176102 0.0011866837157867849
0.06015540286898613 0.0017217370623257011
0.03758036904036999 0.0012026847107335925
0.03772811684757471 0.0012093897676095366
0.06238339561969042 0.0017572348879184574
0.036668069660663605 0.0011606650950852782
0.03773244470357895 0.0012096543505322188
0.06263294210657477 0.0017614279058761895
0.042378082405775785 0.0013889904512325302
0.0591791826300323 0.0017073001072276384
0.05914973746985197 0.0017068266461137682
0.061396148055791855 0.001741607760777697
0.061396148055791855 0.001741607760777697
0.06180215300992131 0.0017480678507126868
0.037541416473686695 0.0012007117620669305
0.037757680751383305 0.0012106794456485659
0.037757680751383305 0.0012106794456485659
0.03798325639218092 0.0012206727114971727
0.037344411946833134 0.0011917116062249988
0.06071755848824978 0.0017305812798440456
0.04208466596901417 0.0013793460821034387
0.03741120081394911 0.0011948700703214854
0.04151433706283569 0.0013459491601679474
0.05940439645200968 0.001710258424282074
0.06071008741855621 0.0017304526700172573
0.06247344147413969 0.0017580777930561453
0.037240516394376755 0.0011863397376146168
0.03751176688820124 0.0011998008121736348
0.03751176688820124 0.0011998008121736348
0.06254649674519897 0.0017596636898815632
0.03849337808787823 0.0012434849195415154
0.03849337808787823 0.0012434849195415154
0.0368352672085166 0.001168094197055325
0.03796527907252312 0.0012198733747936785
0.06228192336857319 0.0017566909518791363
0.037585522048175335 0.0012028140772599727
0.037857575342059135 0.0012152088165748864
0.05447840224951506 0.0016296423273161054
0.03727255016565323 0.0011890009336639196
0.05966410879045725 0.001713842444587499
0.03796989843249321 0.0012206052779220045
0.03935249801725149 0.0012798692914657295
0.06259782984852791 0.0017602942534722388
0.06259782984852791 0.0017602942534722388
0.03809933830052614 0.0012261629162821919
0.0421044216491282 0.0013797105493722484
0.059822228737175465 0.0017170390929095447
0.059822228737175465 0.0017170390929095447
0.03857980854809284 0.001247212232556194
0.03857980854809284 0.001247212232556194
0.03742425050586462 0.0011952586937695742
0.0375115480273962 0.0011993409134447575
0.0378292603418231 0.00121446541743353
0.03966834209859371 0.0012830705527449027
0.037532949820160866 0.0012002701114397496
0.038128193467855453 0.0012273238389752805
0.03715271037071943 0.0011828907008748502
0.04215883323922753 0.0013816201826557517
0.06087063951417804 0.0017335359007120132
0.038317201659083366 0.001235426083439961
0.038317201659083366 0.001235426083439961
0.04227946326136589 0.0013860314793419093
0.03816536348313093 0.0012291913153603673
0.03794136457145214 0.0012192263384349644
0.03794136457145214 0.0012192263384349644
0.03752156253904104 0.0011999572743661702
0.061232260428369045 0.001739165629260242
0.061232260428369045 0.001739165629260242
0.03710194956511259 0.0011804643727373332
0.05609766114503145 0.0016502144280821085
0.05624594632536173 0.0016529518470633775
0.06181533494964242 0.001748362381476909
0.03822221513837576 0.001231705246027559
0.03733288496732712 0.001191239891340956
0.038484977558255196 0.001242738333530724
0.037841339595615864 0.0012146257504355162
0.06192336417734623 0.0017499250534456223
0.06192336417734623 0.0017499250534456223
0.03818126209080219 0.001229757530381903
0.0380933778360486 0.0012256379995960742
0.03859512694180012 0.001248366359504871
0.03859512694180012 0.001248366359504871
0.039401885122060776 0.0012810657353838906
0.03806518204510212 0.0012245149409864098
0.03826573770493269 0.0012333624326856807
0.037473310716450214 0.0011982354044448584
0.03855631314218044 0.0012459960125852376
0.06239160988479853 0.0017572812794242054
0.03799445368349552 0.001221280952449888
0.03763794247061014 0.0012055107508786023
0.05892826337367296 0.0017019357474055141
0.035206547006964684 0.00021871896024094895
0.03760924655944109 0.001203870284371078
0.0369090735912323 0.0011715914297383279
0.06018076790496707 0.0017227605276275426
0.06149550620466471 0.0017429523286409676
0.041480669751763344 0.0013391493121162057
0.0421900418587029 0.0013829839590471238
0.038808537647128105 0.0012567732628667727
0.03755924757570028 0.001202368235681206
0.04173399042338133 0.001359582325676456
0.037774477154016495 0.0012115608260501176
0.06196278054267168 0.0017508049786556512
0.059527914971113205 0.0017117265961132944
0.03820029739290476 0.001231255620950833
0.03863934054970741 0.0012495765404310077
0.038611060939729214 0.0012488984502851963
0.03865980636328459 0.0012502033496275544
0.03865980636328459 0.0012502033496275544
0.06061923690140247 0.0017293610144406557
0.03821210004389286 0.001231412956258282
0.05942580848932266 0.0017107324092648923
0.06326101301237941 0.0017708152590785176
0.06108298525214195 0.001736899110255763
0.038070570677518845 0.0012252288579475135
0.03839182015508413 0.0012388566101435572
0.03805659245699644 0.0012241691001690924
0.041568792425096035 0.0013500646746251732
0.041568792425096035 0.0013500646746251732
0.038198973052203655 0.001230459427461028
0.06217990582808852 0.0017542469722684473
0.05647473502904177 0.0016556576010771096
0.04211662523448467 0.0013803592446492985
0.05851050838828087 0.0016953446611296386
0.058297513984143734 0.0016923249058891088
0.038299364037811756 0.0012353325437288731
0.03811332397162914 0.0012268402497284114
0.061445947270840406 0.0017425817204639316
0.061445947270840406 0.0017425817204639316
0.06064460426568985 0.0017298503662459552
0.038434079848229885 0.0012406150199240074
0.05084165371954441 0.0015573927375953645
0.06120033748447895 0.0017385440005455166
0.038508521392941475 0.0012438617995940149
0.061743379570543766 0.0017470457823947072
0.053369924426078796 0.0015977321017999202
0.060730858240276575 0.0017313796561211348
0.063014330342412 0.0017665315826889127
0.03755428455770016 0.0012013277737423778
0.06052636448293924 0.00172775550163351
0.04198878351598978 0.001374117040541023
0.037863561883568764 0.0012156165030319244
0.03744065202772617 0.001196427212562412
0.03744065202772617 0.001196427212562412
0.03782137855887413 0.0012140552571509033
0.059996917843818665 0.0017190086364280432
0.059996917843818665 0.0017190086364280432
0.03795945271849632 0.0012197400210425258
0.03795945271849632 0.0012197400210425258
0.03868321655318141 0.0012518195435404778
0.03868321655318141 0.0012518195435404778
0.03801007755100727 0.001222046499606222
0.04224249580875039 0.0013849966489942744
0.041688431054353714 0.0013533159217331558
0.05896310042589903 0.0017026377900037915
0.05817241407930851 0.001689616561634466
0.06114901602268219 0.001737618411425501
0.06114901602268219 0.001737618411425501
0.04219092521816492 0.0013830972893629223
0.061978061217814684 0.0017509330355096608
0.03868234250694513 0.0012515505077317357
0.03740396909415722 0.0011944887810386717
0.038758734706789255 0.0012551681720651686
0.06274550035595894 0.0017628903442528099
0.06010234449058771 0.0017210346413776278
0.03886119229719043 0.0012598269095178694
0.03886119229719043 0.0012598269095178694
0.042138457763940096 0.0013812947581754997
0.06201820261776447 0.0017517435771878809
0.03791376668959856 0.001217912882566452
0.03781029395759106 0.001213290262967348
0.05799150001257658 0.0016874708817340434
0.03762204200029373 0.0012045502080582082
0.03762204200029373 0.0012045502080582082
0.03736231755465269 0.001192473224364221
0.03709267918020487 0.0011796259204857051
0.03709267918020487 0.0011796259204857051
0.03836437966674566 0.0012374579237075523
0.03763317968696356 0.0012049070501234382
0.05880773812532425 0.0017010747396852821
0.04181912541389465 0.0013635019131470472
0.04181912541389465 0.0013635019131470472
0.06155261676758528 0.0017440032388549298
0.062054924201220274 0.0017524661379866302
0.06319350376725197 0.0017694620182737708
0.03738801181316376 0.001193556672660634
0.061672565061599016 0.0017462800606153905
0.041866633109748363 0.001366532000247389
0.06082010827958584 0.0017328962276224047
0.05693247262388468 0.0016640163667034358
0.062211763579398394 0.0017545822483953089
0.041714468970894814 0.0013544882531277835
0.06040076818317175 0.0017258820589631796
0.05707878153771162 0.0016658812819514424
0.0629362971521914 0.0017658058204688132
0.03791261464357376 0.0012178272008895874
0.0372275672852993 0.0011861111270263791
0.0372275672852993 0.0011861111270263791
0.041756986640393734 0.0013613080664072186
0.03866126947104931 0.0012507258652476594
0.03803391382098198 0.0012230727297719568
0.03807050455361605 0.0012249315914232284
0.037431095726788044 0.001195705175632611
0.037431095726788044 0.001195705175632611
0.037535686045885086 0.001200444676214829
0.03765922598540783 0.001206072949571535
0.03757935296744108 0.001202528306748718
0.03767604846507311 0.0012067517673131078
0.03846527263522148 0.0012421690917108208
0.03846527263522148 0.0012421690917108208
0.03737867623567581 0.001193155098007992
0.03770630154758692 0.0012082071043550968
0.03770630154758692 0.0012082071043550968
0.06205113232135773 0.0017518522799946368
0.06205113232135773 0.0017518522799946368
0.06023151334375143 0.0017230458906851709
0.03899095160886645 0.0012627158430404961
0.04185698553919792 0.0013662824349012226
0.03721068985760212 0.0011858792277052999
0.038668764755129814 0.0012509442894952372
0.03867524582892656 0.0012512021348811686
0.04234603978693485 0.001387279131449759
0.03803109750151634 0.001222412654897198
0.03838729485869408 0.0012387830502120778
0.03838729485869408 0.0012387830502120778
0.03781013377010822 0.001212812087032944
0.06116099003702402 0.001738080580253154
0.037595489993691444 0.001203003601403907
0.0371513431891799 0.0011824547545984387
0.06260039005428553 0.0017606703913770616
0.05979116912931204 0.0017159994749817997
0.06108837341889739 0.0017370565328747034
0.03731902129948139 0.0011907676234841347
0.03787892684340477 0.0012159266625531018
0.03755900729447603 0.0012017073458991945
0.06347299087792635 0.0017731660045683384
0.06345467455685139 0.0017729878891259432
0.04219517856836319 0.001384170464007184
0.05984254274517298 0.0017174646200146526
0.036975244991481304 0.0011746759410016239
0.03800993040204048 0.0012217288312967867
0.03774555027484894 0.0012101565371267498
0.03774555027484894 0.0012101565371267498
0.03760987799614668 0.0012039816938340664
0.03760987799614668 0.0012039816938340664
0.03742712736129761 0.0011954644287470728
0.03742712736129761 0.0011954644287470728
0.04218240641057491 0.0013828134688083082
0.04218240641057491 0.0013828134688083082
0.04191833455115557 0.0013699754199478775
0.05946032237261534 0.001710944838123396
0.0625392459332943 0.0017596275720279664
0.062486537266522646 0.0017586778558325022
0.06111687421798706 0.001737094426061958
0.06129854638129473 0.0017400601063854992
0.06129854638129473 0.0017400601063854992
0.039223477244377136 0.0012700699298875406
0.039148638024926186 0.0012670535215875134
0.05768895614892244 0.0016816742718219757
0.04208043124526739 0.0013780081062577665
0.04208043124526739 0.0013780081062577665
0.057895286940038204 0.0016823725891299546
0.036065212450921535 0.0009511377247690689
0.03737097419798374 0.0011924966529477388
0.03710378985852003 0.0011805582325905561
0.0619819900020957 0.0017511066398583353
0.03771393187344074 0.0012086833594366908
0.037576121278107166 0.001202502811793238
0.03754296526312828 0.0012007500336039811
0.03754296526312828 0.0012007500336039811
0.03743868600577116 0.0011960057308897376
0.03743868600577116 0.0011960057308897376
0.03853136207908392 0.0012452312803361565
0.03842571936547756 0.001240494690136984
0.03784341923892498 0.0012148371315561235
0.03804373275488615 0.0012235077156219631
0.03786981478333473 0.001215923170093447
0.060046082362532616 0.00172015160205774
0.03854052070528269 0.0012452675873646513
0.06362183205783367 0.0017756267916411161
0.03835359960794449 0.001237424701685086
0.060598903335630894 0.0017290902906097472
0.060598903335630894 0.0017290902906097472
0.03620897512882948 0.000962429494393291
0.03769184648990631 0.0012077459541615099
0.037343140691518784 0.0011916069488506764
0.03709688875824213 0.0011800660577137023
0.03731856308877468 0.0011898985540028661
0.037701490335166454 0.0012081354216206819
0.06024336442351341 0.0017232495010830462
0.03722747880965471 0.0011859217484015971
0.03771375119686127 0.0012084940681234002
0.037631306797266006 0.0012048117350786924
0.037631306797266006 0.0012048117350786924
0.03799523040652275 0.0012214128219056875
0.03799523040652275 0.0012214128219056875
0.037379651330411434 0.0011931572516914457
0.037379651330411434 0.0011931572516914457
0.06154157780110836 0.0017438856011722237
0.03729093819856644 0.0011891368485521525
0.06078299880027771 0.0017320577753707767
0.037693300284445286 0.0012078278523404151
0.04196934588253498 0.001373329694615677
0.03831883519887924 0.0012356504303170368
0.037757016718387604 0.0012105144269298762
0.06269686948508024 0.0017621595761738718
0.04212382296100259 0.0013809563824906945
0.038450807332992554 0.0012412827054504305
0.03789932653307915 0.001216975215356797
0.037911199033260345 0.0012175545853096992
0.06211822060868144 0.0017533457139506936
0.06200820300728083 0.0017513566417619586
0.06165292672812939 0.0017456249915994704
0.03778287395834923 0.0012117472651880234
0.03778287395834923 0.0012117472651880234
0.03730001952499151 0.0011891699687112123
0.06074740085750818 0.0017316596931777894
0.037860019132494926 0.0012153011339250952
0.03760169725865126 0.0012035148101858795
0.037615593522787094 0.0012041059089824557
0.037629108875989914 0.001204711734317243
0.06114742811769247 0.0017373287410009652
0.03813844546675682 0.0012277305941097438
0.061736781150102615 0.001746942667523399
0.06283119088038802 0.0017640763253439218
0.06283119088038802 0.0017640763253439218
0.0615815594792366 0.0017446745187044144
0.06055533234030008 0.001728570379782468
0.060893235728144646 0.0017347398243146017
0.037040455266833305 0.0011775296297855675
0.037040455266833305 0.0011775296297855675
0.037460969761013985 0.0011970456398557872
0.03725665993988514 0.0011876797943841666
0.03779631480574608 0.0012123235501348972
0.03785156179219484 0.0012151155970059335
0.03785156179219484 0.0012151155970059335
0.06216237274929881 0.0017537087842356414
0.03768064919859171 0.0012071484525222331
0.06085980590432882 0.001733301265630871
0.04206203203648329 0.0013777942513115704
0.03801692742854357 0.0012222850637044758
0.06130932830274105 0.0017403224774170667
0.061018419452011585 0.001735448167892173
0.061018419452011585 0.001735448167892173
0.060313072986900806 0.0017246381903532892
0.037016852758824825 0.001176268357085064
0.05962506774812937 0.0017136061505880207
0.03741794265806675 0.001195054326672107
0.06128560611978173 0.0017400037322659045
0.06369991740211844 0.0017777682223822922
0.06057468708604574 0.0017288344097323716
0.03828012477606535 0.0012338933884166181
0.039738033432513475 0.001296346221351996
0.06143757235258818 0.0017422638775315136
0.06143757235258818 0.0017422638775315136
0.06248114537447691 0.0017586355679668486
0.06248114537447691 0.0017586355679668486
0.05903740506619215 0.0017037747020367533
0.03714504651725292 0.0011822094966191798
0.03767112921923399 0.0012064123584423214
0.06134339328855276 0.0017405846156179905
0.042122282553464174 0.0013805043417960405
0.04218231001868844 0.001382492933771573
0.06194334849715233 0.001750243827700615
0.06186072155833244 0.0017489894526079297
0.06009052973240614 0.001720770203974098
0.03788015153259039 0.001216142758494243
0.03788015153259039 0.001216142758494243
0.06162320775911212 0.0017452265019528568
0.061522490344941616 0.0017437312344554812
0.03749807830899954 0.0011987093894276768
0.03749807830899954 0.0011987093894276768
0.037729233503341675 0.001209529727930203
0.03893575631082058 0.0012610253761522472
0.038179476745426655 0.00122928898781538
0.03813790902495384 0.0012277045170776546
0.03813790902495384 0.0012277045170776546
