0.03794592902743672 0.0005622988638397675
0.0380756312833222 0.0005685211467264247
0.038120313394764745 0.00058712879954687
0.03815648199522745 0.0006221283592155439
0.03824521446051333 0.0006253627476640911
0.03827966981360106 0.0006448160877114037
0.03839453068801682 0.0006770024975877748
0.03839933104029204 0.000684278913674236
0.03843653655885384 0.0006863435515606327
0.03859345716233039 0.0006957663630338885
0.03862459319777091 0.0006959136886212187
0.03863285408698478 0.0007546494847964319
0.03864371389178532 0.0007848048045549741
0.03875082929719245 0.0007877415917997906
0.03887418893969349 0.0007939892718072987
0.03919570054243751 0.0007976713870721231
0.03977224629873491 0.0008261182827260667
0.03981878403938306 0.0008297036122049888
0.040261547564300566 0.0008601135876260566
0.041139925232541855 0.000870753396711234
0.0412448221877564 0.0009382543439809797
0.04191454743987075 0.0009419269593988179
0.04197781746993019 0.0009468603017072866
0.04197781746993019 0.0009468603017072866
0.042299590669136286 0.00099074021606555
0.04334819681563438 0.0010156742412820398
0.04407530472461872 0.001023781543982907
0.04428024232614064 0.001027935071378634
0.04428024232614064 0.001027935071378634
0.04463794550185734 0.0010294927825937508
0.04463794550185734 0.0010294927825937508
0.044943311156349156 0.0010562251271271838
0.04542066833935696 0.0010907630732528092
0.04635127162630013 0.0010940414148642055
