0.03762687345694154 0.00039618772307762777
0.03774497694770672 0.0004466589815861947
0.03781348270702669 0.0005362805229713725
0.03813510523441639 0.0006867902917801849
0.038572135371395005 0.0007047875297366507
0.03859107878059438 0.0007064463545717139
0.03887692787341621 0.0007492901393940729
0.0391904602490163 0.0008076043931391277
0.03954219328952615 0.0008256689610688987
0.03973073400255779 0.0008689353121227013
0.040113732302980806 0.0008706815674121601
0.040183228981029315 0.0008730022807935747
0.0406697619292842 0.000875289904629975
0.040820031280104745 0.0008912534793358242
0.04082877986745843 0.0009023550725968687
0.04082877986745843 0.0009023550725968687
0.04085928685154002 0.0009059897069765415
0.04106061163632236 0.000936937059736155
0.04147928701729527 0.000953719948122992
0.0417433866436405 0.000957701879642823
0.042230342473669163 0.0009738698891885773
0.04284819220919745 0.0009750178801697324
0.0430106545283273 0.0009909437013146056
0.04376384431533274 0.0010126084719110154
0.044300562808500775 0.0010134590591625986
0.04453772710757474 0.0010424524240911235
0.04455555246646006 0.0010451657907946136
0.04470859948534832 0.0010539456400792673
0.044875470729376796 0.0010559329311862846
0.0454204844717991 0.0010826069523234613
0.04709508625549877 0.0010877525809828007
0.04769753446646879 0.0011082453786107546
