0.037908957101945306 0.000542408988777982
0.03802569697151609 0.0007484500442762523
0.03850308127738523 0.0007493932613716833
0.03883782135447421 0.0007577271087613467
0.03905042694207602 0.0007605809773132989
0.039344853129458686 0.0007760849779962759
0.039408533963806176 0.000806511545981132
0.03985252465641208 0.0008478790563665403
0.04034643405105051 0.00086450733649483
0.04036747798006026 0.0008729844419768778
0.04097440374716223 0.0008853043285104613
0.0411138503313789 0.0008986529847999783
0.041338375601622485 0.0009290680073065447
0.04171436862642987 0.0009414626510129843
0.04212668711586223 0.0009575098367066836
0.04257219986488684 0.0009674387677094484
0.04267163447665171 0.0009675229731568638
0.04282113142131263 0.0010110242958183322
0.044228986184831266 0.001015278812679768
0.0442734456586016 0.0010197718467485563
0.044454485900825055 0.001019946399151353
0.044885240409400895 0.0010327069594980762
0.04527947620331093 0.001038807504487444
0.04570525768985115 0.0010456555895872834
0.04579360747419793 0.0010542019778663914
0.04588249280557866 0.0010545630741079963
0.04596129973710235 0.00106395167015558
0.04625804219944835 0.0010647035169053744
0.046665969738519004 0.0010672985608342084
0.04669103294961626 0.0010865248849280039
0.046713608199529334 0.0010874652731477808
0.04693052268548969 0.001093084084206853
