0.037450700174367975 0.0005068717659357728
0.03745559265562201 0.0005077650218389765
0.03784587319302776 0.0005718484028845695
0.0383869517588847 0.0006193340330428515
0.038501686961383154 0.000730850335615462
0.03903146029313276 0.0007845591144992705
0.03972836243391828 0.0007936849357483565
0.03983010432609245 0.0008025045099224194
0.03987419910135336 0.0008371757194226536
0.040109954551163986 0.0008666862643192507
0.040347262923444094 0.0008763714961504295
0.040380808690394336 0.0009182100535321241
0.0407040169035884 0.000926642386011533
0.040711605473129416 0.0009275511033607218
0.040711605473129416 0.0009275511033607218
0.040711605473129416 0.0009275511033607218
0.041277196153558994 0.0009411326616891369
0.04239280047682897 0.00097979553601271
0.04252481369205621 0.0009820996169324667
0.04257023288325954 0.0009948260609924015
0.04294619602315964 0.0009989267648498588
0.043387260611240056 0.001012762771100737
0.04381641146911368 0.0010187174858952727
0.04381641146911368 0.0010187174858952727
0.043872561212438654 0.0010340543377834737
0.04393593847510503 0.0010710198014480252
0.04610810743873957 0.001088546636433192
0.04665984059132654 0.0011021456990456756
0.046665640778337084 0.0011166404435885185
