0.03787178300521565 0.0005039189129845845
0.037960581977400654 0.0006020630304131958
0.03810546101907249 0.0006219852991113603
0.038261325672535484 0.0006331628947047839
0.038261325672535484 0.0006331628947047839
0.038315420642324835 0.0006407996436901879
0.038469708546516115 0.0007322950500845915
0.038628923890833694 0.000741581434161345
0.03865250320719592 0.0007594119390214422
0.03888868964376367 0.0007659041573535923
0.03895002679891385 0.0007668852510975104
0.03911990147310947 0.0007682317972118547
0.039136391302406634 0.0007969233223130345
0.039172635959001674 0.0008260063480240417
0.039172635959001674 0.0008260063480240417
0.03925081910985795 0.0008287400668606157
0.040022605569409495 0.0008431352331759032
0.040352916612940395 0.0008442374503355829
0.04036743770714169 0.0008775688698378647
0.04044395278406799 0.0008776669508941269
0.04059186071921509 0.0008784490774420379
0.040841079190712726 0.0008833192218401125
0.04102125270615803 0.000888308677266171
0.04106889318586851 0.0009059112222036939
0.04108977849022645 0.0009107770218848532
0.041443600244586674 0.0009208085132915982
0.04145886035340717 0.0009806002986058105
0.043411004360606686 0.001016224295373252
0.04365347242067627 0.0010163711710357854
0.0446748919957402 0.001024631575886159
0.045276228089372435 0.0010461315287532023
0.045951847833532525 0.0010670258674312487
0.04689409084666972 0.0010784706393210065
0.04712967686593858 0.0010891956278515544
0.04713786159054671 0.0010976707577386067
