0.0378927496767531 0.0006327087834854515
0.03839984619203399 0.0006452438598145823
0.03844536984627267 0.0006677550630823227
0.03856128491076312 0.0006806209816412121
0.03877994031436091 0.0007805693562186648
0.039062646771574866 0.0007982868587470745
0.03960304804563566 0.0008017967110016232
0.03986529360952554 0.0008643715383284017
0.04065582725310109 0.0008870734026448196
0.04070101392421944 0.0008948932071944876
0.041144163047761 0.0009098005873885858
0.04139140376823121 0.0009116522954550621
0.041975692716140656 0.0009178633618772464
0.0420813783497845 0.000975307643399878
0.04290847394271086 0.0009990162030985715
0.04351919118850006 0.0009996806537268615
0.04381742483829998 0.0010062075107853154
0.044067348112377155 0.001012289127185042
0.045744163982037345 0.0010232170133264748
0.04594134494813743 0.0010436213339586283
0.04657827996705301 0.001062307318647657
0.04746828493177421 0.0010781194774192745
