0.04238171596080065 0.0009316734360709233
0.043797374004498124 0.000995301977127383
0.040551956510171294 0.0008482932553306455
0.04054567054845393 0.0008477959188439854
0.04215092840604484 0.0009217313290719176
0.04345703881699592 0.0009648473305787775
0.0398300247034058 0.0007808171628767013
0.04433302069082856 0.001026736521453131
0.04031638870947063 0.0008203409179259324
0.03889230836648494 0.000723055561820729
0.043693082639947534 0.000977812154815183
0.04117667837999761 0.0009093394501178409
0.044401407591067255 0.0010293655013811076
0.039960381807759404 0.0008124382484311354
0.04407348809763789 0.0010051337449112907
0.04281728807836771 0.0009593256945663597
0.043579256045632064 0.0009774100963113597
0.044136352837085724 0.0010062588364689873
0.04489685327280313 0.001050578322065121
0.03872045106254518 0.0006489592274192546
0.044277030625380576 0.0010171110625378788
0.04045785358175635 0.0008396098821776832
0.039604405872523785 0.0007317295865050255
0.04075693432241678 0.0008962272404460236
