0.04098672675900161 0.0009165468891296769
0.041769529692828655 0.0009195452794301673
0.04291656403802335 0.0009844784008237184
0.04353051190264523 0.0010134534331882605
0.04406756651587784 0.001027379230436054
0.03970376285724342 0.0008342545941104618
0.04061934514902532 0.0008821240526231122
0.04065550910308957 0.0008912470539144124
0.04204343189485371 0.0009525485011181445
0.039194872602820396 0.0007715158337759931
0.040113123250193894 0.0008484230429530726
0.043084227945655584 0.0010115709901583614
0.041937969508580863 0.0009300402007283992
0.04033107962459326 0.0008708785524049745
0.04251382977236062 0.000967477250014781
0.03975589433684945 0.0008413142884364788
0.03909723460674286 0.0007261367120463547
0.039673705119639635 0.0008211303475036402
0.04091456485912204 0.000905145367141813
0.03852379915770143 0.0006763004942058615
0.04261030559428036 0.0009690264450910036
0.04083934973459691 0.0009037275513037457
0.04422069829888642 0.0010377372600487433
0.04279080708511174 0.0009715200867503881
0.042129928478971124 0.0009554941661917837
0.04054572759196162 0.0008749180076392804
0.04388285335153341 0.0010262074229103746
0.043026341358199716 0.0009856537462837878
0.03949737315997481 0.0007984721703451214
0.03893711569253355 0.0007181467838108802
0.04284554859623313 0.0009817235613809316
0.04070457932539284 0.000902225492609432
0.04129094840027392 0.0009169564164039912
0.03962195827625692 0.0008108415704555227
0.03962462558411062 0.0008164740304437146
0.039323111763224006 0.0007922819295345107
