0.04340656963177025 0.0010065895648949663
0.03943064378108829 0.0007755191024898522
0.04239689058158547 0.0009628130947021418
0.03906719747465104 0.0007607287807331886
0.04179152357392013 0.0009371890100737801
0.039445222588256 0.0007908346617568895
0.03984137193765491 0.0008351922565452696
0.04155614413321018 0.0009270196314901114
0.04091746639460325 0.0009101687655856949
0.0397725811926648 0.0008289389209039655
0.04291914380155504 0.000982635268883314
0.03850482194684446 0.0005295298149121663
0.04168863198719919 0.0009366843760290067
0.0455302984919399 0.0010656937192834448
0.04081346304155886 0.0008794674386081169
0.04066545516252518 0.0008769356463744771
0.04312550253234804 0.0009896002002278692
0.040032575372606516 0.0008473338677958964
0.039634887711144984 0.0008027427768411144
0.04053185950033367 0.0008755369101436372
0.03879987681284547 0.0006902960528805124
0.043393060099333525 0.0010012002840085188
0.041616036207415164 0.0009358784411688248
0.03875245212111622 0.0006698331023926585
0.03967393690254539 0.0008269997729257739
0.04084335605148226 0.0008991467448140611
0.04504938388708979 0.0010553712327237008
0.04023849475197494 0.0008541760541902477
0.04413030471187085 0.0010391905561846215
0.04151615686714649 0.0009239435603376478
0.039844021084718406 0.0008445183273124712
0.040795327979139984 0.0008791668019512144
0.043628867948427796 0.0010189141084993025
0.04509062634315342 0.0010622442696330836
0.04508894449099898 0.001056097975379089
0.038643684587441385 0.0005667123491548409
0.04448357899673283 0.0010504256151762092
