0.043765367241576314 0.001020163328576018
0.03992272447794676 0.0008351685251000163
0.03981934837065637 0.0008254793228843482
0.04412846767809242 0.0010248198714180035
0.03962743724696338 0.0007942140978229872
0.03990496206097305 0.0008298557320358668
0.04088276345282793 0.0008891196885087993
0.043623873963952065 0.0010092770089613623
0.042038219748064876 0.0009495826518559625
0.03992149466648698 0.0008304993978072162
0.03891227510757744 0.0007370108903614891
0.04090941324830055 0.0008978146825029398
0.03967911330983043 0.0008146113757447893
0.044652573531493545 0.0010266727140333387
0.041709529934450984 0.000915715523660765
0.04083931690547615 0.0008698879069015675
0.041877913754433393 0.00092077689623693
0.04059029801283032 0.0008436495186288084
0.040680305333808064 0.0008478035008465667
0.040764657547697425 0.0008485354537697276
0.04414881602860987 0.0010249341221424402
0.045604538172483444 0.0010316389707440976
0.03886139765381813 0.0005278990222450375
0.03849056479521096 0.00037463583475982887
0.041301109129562974 0.0009053207086253678
0.04428526118863374 0.001025082367050345
0.04114995710551739 0.0009013073195092147
0.04314664169214666 0.000981577834863856
0.04057800816372037 0.0008403284089126828
0.03972418210469186 0.0008151704384999903
0.04234152170829475 0.0009615353628760204
0.0388877036748454 0.00069023257765366
0.039509896421805024 0.000772168098592374
