0.0663908077403903 0.0014882290070090676
0.06189337349496782 0.0012872003167103685
0.06584812444634736 0.0014367197418323485
0.06464419653639197 0.0014135417331999633
0.06791560538113117 0.0015630582765879808
0.06937954062595963 0.0015994181248970563
0.06104059377685189 0.0011352038586665003
0.06689152214676142 0.001489849018980749
0.06605756003409624 0.0014538485102093546
0.06940072285942733 0.0016045793527155183
0.06712325033731759 0.0015112086693989113
0.06304525397717953 0.0013318131100277242
0.06167660956270993 0.0012590317187459732
0.06887385179288685 0.0015938045689836144
0.06779182655736804 0.0015602616786054568
0.06383831496350467 0.00137941753200721
0.06132580456323922 0.0011542959314283507
0.0652981256134808 0.0014174739671943826
0.061858816305175424 0.0012758869088429492
0.06331431167200208 0.0013523261659429409
0.06259286031126976 0.0012910859040857758
0.0669740498997271 0.001505870412074728
0.06307399901561439 0.0013342215488592046
0.061224198434501886 0.0011469460609987436
0.06857710354961455 0.0015856644204177428
0.06546335411258042 0.0014302960403256293
0.060303919948637486 0.0010451756043039495
0.06096752849407494 0.0010546902612986742
