0.049601454 0.0013211957
0.046433575 0.0012760569
0.046887062 0.00128413
0.04694289 0.0012856647
0.038052388 0.001044223
0.046861377 0.0012836033
0.048291523 0.0013110163
0.041420713 0.0011485443
0.04600794 0.0012664035
0.04778871 0.001301437
0.04774556 0.001297715
0.04636155 0.00127507
0.04827691 0.0013106385
0.047840934 0.0013026777
0.046478007 0.0012766867
0.040255144 0.0011138484
0.049572885 0.0013197175
0.040337395 0.0011155887
0.038069993 0.001045112
0.040303957 0.0011146022
0.04790123 0.0013036856
0.040410906 0.00111898
0.046892855 0.0012842484
0.04669811 0.0012820162
0.041445397 0.0011490989
0.04776187 0.0013006893
0.040316258 0.0011149277
0.046422683 0.0012750817
0.040347435 0.0011169935
0.040252946 0.0011127816
0.04025266 0.0011127683
0.04046389 0.0011203767
0.046061076 0.0012673468
0.04034027 0.0011156733
0.047774244 0.0013011212
0.038064923 0.0010444175
0.048229318 0.0013102894
0.04815023 0.0013086576
0.0477466 0.00129775
0.04833456 0.0013124731
0.04683959 0.0012829188
0.046005677 0.0012661108
0.047760054 0.0013006391
0.037721332 0.0010085672
0.040430963 0.0011202316
0.039761454 0.0010966802
0.046759788 0.0012822001
0.046858028 0.0012832971
0.0482716 0.0013103439
0.04602866 0.0012665183
0.040311545 0.0011147395
0.041442484 0.001148955
0.038027156 0.0010436533
0.040341903 0.0011157242
0.041481405 0.0011493281
0.041479837 0.0011492523
0.040281836 0.001114446
0.04148228 0.0011493685
0.047942534 0.0013040472
0.049541257 0.0013194915
0.046040032 0.0012673287
0.040260557 0.0011138598
0.046865005 0.0012836542
0.046729162 0.0012820755
0.048169076 0.0013089917
0.04653476 0.0012780741
0.046029296 0.001266691
0.040247243 0.0011114265
0.04022608 0.001110907
0.040240183 0.0011112111
0.040240582 0.0011112249
0.038107123 0.0010477591
0.040246706 0.0011113262
0.040236577 0.0011110422
0.040244933 0.0011112595
0.040201273 0.0011096902
0.039291356 0.0010838823
0.039279733 0.0010835964
0.03707575 0.0008652865
0.037813555 0.001013317
0.03713545 0.00086727133
0.03927896 0.0010834576
0.03924667 0.0010828004
0.038802728 0.0010723122
0.03668446 0.0008256138
0.036687206 0.0008258447
0.03929573 0.0010838852
0.03927963 0.00108352
0.03928833 0.0010837114
0.039312884 0.0010843102
0.039265383 0.0010834021
0.037970968 0.0010193061
0.0378027 0.0010121041
0.03714299 0.0008678988
0.041534387 0.0011518104
0.037822496 0.0010134827
0.037838656 0.001017263
0.03674788 0.00082803983
0.037068024 0.0008648635
0.039285913 0.0010836524
0.04032056 0.0011153481
0.037136383 0.00086764013
0.03929 0.0010837739
0.039279085 0.001083503
0.03798549 0.0010198611
0.045245808 0.0012505546
0.045567475 0.0012574752
0.04187049 0.0011613659
0.04458172 0.0012358886
0.045552555 0.0012573038
0.044538468 0.0012347375
0.04466938 0.0012379743
0.045205597 0.0012496492
0.044655494 0.0012375528
0.04548733 0.0012564353
0.045048628 0.0012473774
0.037984934 0.0010194945
0.045467105 0.0012546204
0.044821616 0.0012417141
0.045092802 0.001248295
0.044670835 0.0012384366
0.045066494 0.0012475343
0.039213303 0.0010823202
0.045454215 0.0012544048
0.044848084 0.0012426268
0.04501001 0.0012454704
0.045091316 0.0012482845
0.03919497 0.0010821475
0.044683136 0.0012387324
0.045218255 0.0012498833
0.04454596 0.0012347741
0.04465801 0.00123768
0.044659883 0.0012378172
0.044633728 0.0012375476
0.044785712 0.0012407614
0.04508052 0.0012480936
0.045093015 0.0012483043
0.044792093 0.0012409106
0.04513154 0.0012484409
0.045087334 0.0012481754
0.045251187 0.001250974
0.03972182 0.0010930668
0.04465979 0.0012376993
0.044835776 0.0012423699
0.04503092 0.0012468959
0.04557761 0.0012576813
0.044817176 0.0012417007
0.04513535 0.0012491138
0.0451255 0.0012484073
0.03780075 0.0010114319
0.044672605 0.0012386235
0.04481573 0.0012416823
0.045241192 0.0012504257
0.045087364 0.0012481788
0.04546464 0.0012544413
0.03932836 0.0010852595
0.03931914 0.0010848672
0.039335113 0.0010853773
0.039343208 0.0010857747
0.041902814 0.0011618035
0.040169884 0.0011085019
0.040157378 0.0011078251
0.04017603 0.0011085967
0.043161787 0.0011970004
0.040166207 0.0011083579
0.040546663 0.0011228734
0.039323777 0.0010850412
0.03935076 0.0010859804
0.039317764 0.0010848646
0.039333086 0.0010853206
0.03933918 0.0010855523
0.03936398 0.0010863744
0.039348558 0.0010859137
0.04190446 0.001162153
0.039327756 0.0010851311
0.041891996 0.0011614141
0.043029938 0.001192932
0.040159624 0.0011080105
0.04315803 0.0011969183
0.03807352 0.0010473521
0.041571558 0.0011536455
0.041639574 0.0011546084
0.04161648 0.001154346
0.037712216 0.0010062122
0.043130733 0.0011969118
0.04157824 0.0011537658
0.041678444 0.0011553922
0.038285095 0.0010591953
0.038132627 0.0010536467
0.0450092 0.001243644
0.037576545 0.0009997017
0.04190824 0.0011632711
0.041643213 0.0011547584
0.041641057 0.0011546958
0.039248686 0.0010833888
0.038325477 0.0010593269
0.04060316 0.0011258193
0.041670684 0.0011552238
0.037575413 0.0009993089
0.03779729 0.0010100873
0.04167818 0.001155331
0.040075693 0.0011074784
0.039248597 0.0010833843
0.04500649 0.0012433397
0.041641153 0.0011547005
0.04161947 0.001154357
0.04164763 0.0011548422
0.03802426 0.0010433324
0.04154579 0.0011532118
0.041676294 0.0011553273
0.04354124 0.0012085808
0.037777085 0.0010085766
0.04167819 0.0011553398
0.041649103 0.0011548509
0.040603805 0.0011259592
0.041672364 0.0011552445
0.041714 0.0011566326
0.037619323 0.0010000004
0.038279805 0.0010590088
0.041416984 0.0011485212
0.037538238 0.0009926788
0.04235324 0.0011766945
0.043564904 0.0012093324
0.040771164 0.0011313142
0.043114286 0.0011965269
0.04316629 0.0011986219
0.042636037 0.0011844268
0.04130426 0.0011471151
0.04076074 0.0011310047
0.045663785 0.0012610514
0.039486073 0.0010899482
0.03826505 0.0010568305
0.03822818 0.0010551317
0.041003305 0.0011394648
0.042213246 0.0011718484
0.039386038 0.0010879375
0.046646167 0.0012816949
0.04362284 0.0012118235
0.03824769 0.0010555639
0.040423404 0.0011192645
0.043177284 0.0011989017
0.03912755 0.001082084
0.041731913 0.0011576593
0.044350028 0.0012298151
0.04610661 0.0012709447
0.04731142 0.0012940251
0.042491764 0.00118023
0.042461477 0.0011791802
0.038387917 0.0010610267
0.043048378 0.0011950283
0.042723738 0.0011868379
0.045848828 0.0012652882
0.04402395 0.001222347
0.04021715 0.0011105253
0.04229606 0.0011752392
0.044478625 0.0012331061
0.041261785 0.0011459845
0.04430037 0.0012275508
0.042547982 0.0011819378
0.03852102 0.0010640061
0.038256668 0.0010566908
0.04264236 0.0011845219
0.03978983 0.0011003681
0.039783645 0.0010997221
0.04258777 0.0011836314
0.04231818 0.0011755554
0.041251738 0.0011459698
0.043425497 0.0012069136
0.042180073 0.0011710484
0.038815223 0.0010727935
0.046658453 0.0012817268
0.04391941 0.0012196982
0.042509858 0.0011811346
0.041152164 0.0011432208
0.04619111 0.001273176
0.045636725 0.001260531
0.041484695 0.001151724
0.039052926 0.0010807359
0.042030394 0.0011695003
0.04075977 0.0011308003
0.043072633 0.0011954906
0.044411678 0.0012314352
0.04061579 0.0011263201
0.040762402 0.0011310441
0.046626385 0.0012811549
0.043970123 0.0012215021
0.041817997 0.0011601598
0.038450453 0.0010629033
0.0406472 0.0011278836
0.04165088 0.001155199
0.0398754 0.0011023615
0.04336749 0.0012040234
0.045747556 0.0012631934
0.043574363 0.001209906
0.046205476 0.001273614
0.0410937 0.0011417402
0.03881558 0.0010735486
0.042809624 0.0011886274
0.0422528 0.0011724093
0.037221137 0.00090263365
0.043995284 0.0012217177
0.040663127 0.0011284093
0.0436047 0.0012109821
0.042765927 0.0011874671
0.0444824 0.0012331164
0.042268965 0.0011741427
0.040811896 0.0011335906
0.039373577 0.0010871484
0.04265575 0.0011851521
0.043610606 0.0012114771
0.044485956 0.0012332761
0.04071381 0.0011292773
0.043607716 0.0012113622
0.043484963 0.0012075375
0.04373042 0.0012144842
0.04536809 0.0012518064
0.041749947 0.0011588369
0.043882538 0.0012193965
0.043911476 0.0012196333
0.04441156 0.0012313181
0.04178042 0.0011595897
0.03820939 0.0010542631
0.043861672 0.0012188718
0.039850965 0.0011022002
0.044139687 0.0012254812
0.047384024 0.0012950413
0.045676213 0.0012612153
0.046194166 0.0012732024
0.043600455 0.0012109164
0.043346312 0.0012036811
0.039574865 0.0010924544
0.038212728 0.0010548449
0.043486696 0.0012076217
0.040779267 0.0011319354
0.043560073 0.0012093047
0.039433114 0.0010894518
0.043988973 0.0012215098
0.043903317 0.0012195329
0.040807225 0.0011323513
0.03712012 0.0008666134
0.037116624 0.00086655485
0.04318433 0.0011990682
0.04217609 0.0011708083
0.03837496 0.0010601092
0.041811954 0.0011601023
0.040502287 0.0011227251
0.042199604 0.0011716188
0.03996366 0.0011046254
0.04269162 0.0011860275
0.04121355 0.0011445819
0.03977552 0.0010988525
0.046262357 0.001274781
0.040584464 0.0011255878
0.0425208 0.0011818345
0.039799564 0.0011013844
0.041678865 0.0011560917
0.03949262 0.00109082
0.03825762 0.0010567378
0.042020295 0.0011670549
0.04123945 0.0011453333
0.038275436 0.0010571092
0.043504808 0.0012079122
0.04120843 0.0011442832
0.042653143 0.0011846736
0.04091321 0.0011344276
0.043965552 0.0012213736
0.04216368 0.0011704862
0.041714802 0.0011569202
0.03989769 0.0011033481
0.04411358 0.0012244188
0.041639157 0.0011545754
0.038257692 0.0010567749
0.04615248 0.001272248
0.043638106 0.0012120984
0.046665765 0.0012819144
0.04216482 0.0011705591
0.043170918 0.0011988125
0.044386107 0.0012306118
0.044301085 0.0012284571
0.039439987 0.0010896041
0.039365787 0.0010868285
0.045698196 0.0012616502
0.043920893 0.0012198212
0.0458857 0.0012660685
0.044350054 0.001230589
0.042574964 0.0011832109
0.040214892 0.0011100555
0.042956363 0.0011924796
0.043465313 0.0012072448
0.042170398 0.0011706954
0.043423906 0.0012058606
0.04003139 0.0011057925
0.041679326 0.0011566076
0.04339742 0.0012050418
0.044032335 0.0012227016
0.042719647 0.001186218
0.041285403 0.0011463385
0.04285511 0.0011899063
0.041316032 0.001147233
0.0435406 0.0012082496
0.04568954 0.0012613937
0.044389118 0.0012308316
0.043835517 0.0012182808
0.040722445 0.001129958
0.038880866 0.0010754793
0.042479888 0.0011798487
0.04318494 0.0011992672
0.041308306 0.0011471601
0.044161208 0.0012260261
0.043815553 0.0012169533
0.042606268 0.001183828
0.043399476 0.0012050492
0.044060998 0.0012233477
0.04587711 0.0012658499
0.044206344 0.0012271897
0.042182453 0.0011711506
0.043606997 0.001211348
0.043080498 0.0011958387
0.040984068 0.0011390209
0.041185383 0.0011441731
0.043373555 0.0012041557
0.038414277 0.0010621101
0.041800633 0.0011596777
0.039927915 0.0011038336
0.040610492 0.0011261496
0.0395617 0.0010921747
0.0480046 0.001307807
0.044561524 0.0012349198
0.04404351 0.0012230761
0.043921124 0.0012198344
0.040743377 0.001130192
0.043639746 0.0012121241
0.04131746 0.0011473519
0.04290346 0.0011903805
0.040790554 0.0011321577
0.04182941 0.0011603362
0.0370145 0.0008633804
0.04246881 0.0011795653
0.038885448 0.0010792711
0.042490352 0.0011801261
0.043768313 0.0012147098
0.043768384 0.0012147569
0.04380386 0.0012163502
0.038458534 0.0010639349
0.04606171 0.0012689382
0.042392775 0.0011778414
0.04217302 0.001170696
0.04174944 0.0011579049
0.042470906 0.0011797294
0.04216543 0.0011705891
0.0434092 0.001205473
0.04283445 0.001189224
0.047396142 0.0012950732
0.045714878 0.0012618429
0.03880785 0.0010725859
0.040785823 0.001131977
0.038378373 0.0010603009
0.038370676 0.0010600999
0.042350844 0.0011762023
0.04217851 0.0011710082
0.041102458 0.0011423291
0.044757 0.0012401505
0.043359548 0.0012037532
0.03977391 0.0010987058
0.043996803 0.0012217268
0.039925452 0.0011038149
0.04608197 0.0012694494
0.047418404 0.0012957323
0.039891012 0.0011025527
0.04580034 0.0012643393
0.043934733 0.001220816
0.038769696 0.0010709102
0.043439567 0.0012071752
0.042796277 0.0011884515
0.043307755 0.0012018626
0.046488855 0.001277605
0.044100296 0.0012242865
0.042722236 0.0011862277
0.040767696 0.0011312148
0.041340966 0.0011479174
0.03991752 0.0011034664
0.043403298 0.0012050573
0.038561687 0.0010668061
0.044418786 0.00123146
0.046977952 0.0012886068
0.04244138 0.0011781903
0.046575785 0.0012811034
0.04055756 0.0011252317
0.04570353 0.0012616548
0.04619956 0.001273443
0.044500798 0.0012335264
0.038250763 0.0010556899
0.04320105 0.0011994885
0.044084605 0.0012239638
0.042237468 0.0011723327
0.043200396 0.0011994853
0.04350743 0.0012081891
0.043116853 0.0011966098
0.04364517 0.001212579
0.042137638 0.0011700712
0.041766644 0.0011589158
0.043377735 0.0012049243
0.04620231 0.0012735755
0.042317778 0.0011753249
0.044073526 0.0012237502
0.04221394 0.0011718658
0.04369101 0.0012137779
0.040493242 0.0011220776
0.039543148 0.0010918451
0.047016084 0.0012893524
0.040481023 0.0011215555
0.040362824 0.0011175332
0.043597803 0.0012103595
0.04265541 0.0011851091
0.039923567 0.001103778
0.043828066 0.0012174195
0.039503146 0.0010912155
0.043545816 0.0012089115
0.04245792 0.0011791458
0.041220196 0.0011450168
0.043424945 0.0012060193
0.039118864 0.001082076
0.043613818 0.0012115432
0.04321287 0.0012008003
0.041716866 0.0011569682
0.038565654 0.0010668711
0.03861266 0.0010676399
0.0411335 0.0011426504
0.04276074 0.0011873716
0.044118028 0.0012247454
0.04309773 0.0011960907
0.0465668 0.001279532
0.040371273 0.0011184827
0.04232696 0.0011760494
0.044420354 0.0012318158
0.046091497 0.0012702971
0.041266963 0.0011461138
0.03882994 0.0010736407
0.04275876 0.0011872805
0.043359663 0.0012039813
0.04567179 0.0012611601
0.043588307 0.0012100305
0.046248525 0.0012746545
0.043636218 0.0012118396
0.042505946 0.0011804976
0.041946724 0.001164368
0.043419126 0.0012055968
0.043782875 0.0012152332
0.038442653 0.001062821
0.04266627 0.0011852996
0.038384054 0.0010609233
0.042193666 0.0011713619
0.04452841 0.0012342033
0.043198615 0.0011994452
0.039523583 0.0010914783
0.042820666 0.0011888441
0.0434198 0.0012056701
0.040416155 0.001119015
0.041324824 0.001147527
0.045384757 0.0012520163
0.040734503 0.0011299637
0.042150915 0.0011704256
0.04292815 0.0011917343
0.04390226 0.0012194447
0.039555524 0.0010921651
0.045404535 0.0012527922
0.04402711 0.0012223809
0.043565672 0.0012094489
0.038626745 0.0010702983
0.040760674 0.0011308419
0.042617396 0.001184411
0.042451248 0.0011787629
0.04387515 0.0012192288
0.03859099 0.0010673185
0.04573263 0.0012627679
0.04341723 0.0012055613
0.043494407 0.0012076687
0.041978423 0.0011663007
0.04255632 0.0011826623
0.043922983 0.0012200106
0.040249307 0.001111636
0.042268142 0.0011734552
0.037990525 0.001037535
0.03718872 0.0008734689
0.03749578 0.00092096854
0.0375271 0.0009704972
0.037521396 0.00097032683
0.037494916 0.00092081004
0.037475977 0.00091481494
