0.03983651 0.0011094218
0.044630107 0.0012418359
0.043973662 0.0012275969
0.043970786 0.0012274076
0.04418632 0.0012326674
0.04421485 0.0012328838
0.04393452 0.0012263672
0.04478491 0.001245529
0.039056454 0.0010867345
0.043944452 0.0012267986
0.044703953 0.0012441855
0.04767587 0.0013075348
0.043963097 0.0012272766
0.04408941 0.0012306296
0.038138118 0.001058305
0.044377062 0.0012372381
0.04669709 0.0012901059
0.03814404 0.001058672
0.040422335 0.0011272465
0.03813781 0.0010582681
0.04421952 0.0012331947
0.04410941 0.0012310813
0.04466734 0.0012431757
0.044155244 0.0012320997
0.044647854 0.0012425405
0.04397346 0.0012275818
0.04104377 0.0011457907
0.043933786 0.0012262915
0.044404697 0.0012379682
0.0446729 0.0012435324
0.04741862 0.0013032467
0.044192743 0.0012328671
0.04483249 0.0012477541
0.043900046 0.0012254108
0.038150445 0.0010588747
0.043970346 0.0012273968
0.046247456 0.0012814668
0.043913443 0.0012258219
0.041038774 0.0011456165
0.044836733 0.0012478724
0.04418085 0.0012323644
0.04738687 0.0013027289
0.04669675 0.0012898982
0.04438808 0.0012376511
0.044234022 0.0012340221
0.044131182 0.0012313124
0.039057102 0.0010867486
0.047342207 0.0013026309
0.04042731 0.0011276095
0.04408993 0.0012306727
0.044186678 0.0012326763
0.044152725 0.0012319555
0.039057042 0.0010867458
0.0473241 0.0013023373
0.04448198 0.001239993
0.044742465 0.0012451089
0.040429402 0.0011276322
0.03905539 0.0010867079
0.04624218 0.0012812262
0.04041215 0.0011268666
0.044010006 0.001229643
0.040428568 0.0011276256
0.043106236 0.0012030273
0.038251713 0.0010625086
0.037592035 0.0008945175
0.03920004 0.0010928129
0.043087296 0.001202619
0.03732343 0.000885418
0.043069273 0.0012021922
0.043475747 0.0012137148
0.04309369 0.0012028065
0.043100227 0.0012029052
0.043092992 0.0012027604
0.043106396 0.0012033507
0.04487579 0.0012481727
0.04349437 0.0012141842
0.04348543 0.0012139796
0.038252603 0.0010625173
0.03824913 0.0010624431
0.037591644 0.0008945056
0.043495394 0.0012141854
0.044903833 0.0012488713
0.044892248 0.0012486335
0.037857648 0.0010382569
0.040864643 0.0011407775
0.036962453 0.0008678034
0.037908483 0.0010444719
0.0404218 0.0011269115
0.036956716 0.00086762814
0.036943354 0.00086493127
0.04040523 0.0011263558
0.037875466 0.0010408185
0.037906505 0.0010443947
0.03790445 0.0010442995
0.03763483 0.0009417274
0.041047715 0.0011458212
0.037904322 0.0010441901
0.037898604 0.00104408
0.03787308 0.0010406682
0.036960915 0.000867691
0.036749948 0.00085289904
0.044601373 0.0012403625
0.044627048 0.0012411112
0.03766743 0.0010007067
0.037676003 0.0010025931
0.04413974 0.0012316699
0.04461909 0.0012408086
0.045552198 0.0012656228
0.04461412 0.0012407706
0.040401407 0.0011260454
0.04459867 0.0012403158
0.04483246 0.0012457399
0.03812408 0.0010570538
0.04400603 0.0012292551
0.039954107 0.0011121234
0.042723723 0.0011934752
0.039101623 0.0010895131
0.046281632 0.0012825113
0.044268016 0.0012352536
0.045223005 0.0012588655
0.041561898 0.0011610888
0.039164744 0.0010902666
0.041396283 0.0011569172
0.041523386 0.001160226
0.040765822 0.0011390551
0.042707376 0.0011930391
0.040776428 0.0011395155
0.04143621 0.0011578219
0.039597612 0.0011001513
0.041375127 0.0011563313
0.041529186 0.0011606074
0.04075094 0.0011387389
0.041845523 0.0011701483
0.03740089 0.0008882523
0.039950125 0.00111199
0.041447483 0.0011581352
0.046406783 0.0012848589
0.043785494 0.0012235778
0.04128568 0.0011541521
0.03857304 0.0010743283
0.03917841 0.001090656
0.045561887 0.0012672071
0.039124817 0.0010897656
0.04428814 0.0012356067
0.039900813 0.0011114954
0.041455958 0.0011583908
0.0366675 0.0007917888
0.04131151 0.0011549213
0.040767178 0.0011393458
0.0463127 0.0012830453
0.041371044 0.0011562556
0.041305423 0.0011546254
0.039770074 0.0011076852
0.04142933 0.0011577045
0.042675953 0.0011922343
0.0464794 0.0012854148
0.042249944 0.0011801553
0.042266842 0.001180562
0.042281657 0.0011809459
0.040929094 0.0011453208
0.041624308 0.0011627213
0.042291734 0.0011814417
0.041428085 0.0011576794
0.04002501 0.0011130233
0.041259773 0.0011535017
0.041601326 0.0011619825
0.04401859 0.001230361
0.0442385 0.0012349121
0.042426914 0.0011861597
0.03914255 0.0010899737
0.04142318 0.0011575354
0.04106408 0.0011486666
0.041567415 0.0011611113
0.04129487 0.0011543487
0.0461174 0.0012799372
0.041451648 0.0011582373
0.04128218 0.0011541352
0.041414384 0.0011573295
0.04825396 0.001314753
0.04138867 0.001156645
0.04582011 0.0012736545
0.041291136 0.0011543172
0.042312846 0.0011816773
0.04273607 0.0011937384
0.042706277 0.001193015
0.044656985 0.0012425631
0.045399524 0.0012636977
0.041395154 0.0011568448
0.03998324 0.0011126099
0.04089563 0.0011444896
0.04537184 0.0012628038
0.040773194 0.001139423
0.042735968 0.0011937278
0.038381305 0.001068534
0.041610252 0.0011624118
0.044361085 0.0012370002
0.039988007 0.0011126371
0.0456776 0.0012705883
0.039799623 0.0011093569
0.04136881 0.0011562142
0.042711053 0.0011930835
0.038512807 0.0010738944
0.03917926 0.0010907482
0.041402027 0.0011572106
0.042711575 0.0011933359
0.042261936 0.0011804656
0.0486803 0.0013232342
0.042673558 0.0011921973
0.038409796 0.0010692315
0.03988409 0.0011113047
0.042308602 0.0011816174
0.044689137 0.0012435495
0.044348773 0.0012367796
0.041130114 0.0011503011
0.04155147 0.0011607487
0.041365046 0.0011560926
0.041574746 0.0011617288
0.044246785 0.0012351584
0.03919399 0.0010907658
0.039588872 0.0010997913
0.040925432 0.0011452303
0.042265985 0.0011805316
0.039194483 0.0010907864
0.045890335 0.001275002
0.03959284 0.0010999709
0.0443313 0.001236077
0.04225686 0.0011803687
0.041455396 0.0011583081
0.045008715 0.0012529441
0.044421848 0.0012384198
0.044443216 0.0012390806
0.043999158 0.0012285743
0.043853126 0.0012249453
0.038943008 0.0010844929
0.03974697 0.0011072174
0.042662866 0.0011919562
0.045214076 0.0012586397
0.044014536 0.0012299241
0.042465493 0.0011870895
0.042711373 0.0011930875
0.04155055 0.001160706
0.039110575 0.0010896198
0.042737648 0.0011937692
0.039148346 0.0010900222
0.038573276 0.0010756882
0.04145191 0.0011582825
0.045981206 0.0012767779
0.042670507 0.0011921383
0.04145888 0.0011584271
0.039989047 0.0011128624
0.039969604 0.0011124059
0.045236398 0.0012592616
0.04266369 0.0011919658
0.04424167 0.0012349534
0.042666625 0.0011920384
0.0413235 0.0011550782
0.039142467 0.001089973
0.042668104 0.0011920489
0.041371565 0.001156305
0.04138179 0.0011565596
0.042649142 0.0011915932
0.04119538 0.0011519197
0.043990135 0.001228291
0.042679794 0.00119229
0.041264325 0.0011535962
0.0391732 0.0010905808
0.038388465 0.0010690067
0.04122297 0.0011526031
0.041305486 0.0011546254
0.044922896 0.0012501926
0.04398511 0.0012281627
0.042645574 0.0011915205
0.0457626 0.0012711401
0.042643853 0.0011914623
0.04157356 0.001161298
0.046385996 0.001284539
0.044669777 0.0012432167
0.03740409 0.0008883583
0.041388765 0.0011566556
0.041377366 0.0011563727
0.038913134 0.0010843192
0.041581783 0.0011619809
0.04269181 0.0011929012
0.046283644 0.0012826838
0.039940532 0.0011119841
0.041381672 0.0011564869
0.044337433 0.0012365947
0.041194905 0.0011519023
0.04398991 0.0012282466
0.04154741 0.001160622
0.037988305 0.0010497048
0.039136138 0.0010899421
0.04154997 0.0011606943
0.041362822 0.0011560676
0.04624959 0.001282319
0.041548237 0.0011606312
0.045256045 0.0012598203
0.03890795 0.0010840397
0.038177002 0.0010604003
0.04226144 0.0011804429
0.04531532 0.0012613566
0.041274913 0.0011538505
0.039120633 0.0010897367
0.0391499 0.0010900667
0.04822057 0.0013140349
0.041425128 0.0011575985
0.04228712 0.0011810787
0.04003508 0.0011131765
0.041150257 0.0011508019
0.045425378 0.0012644188
0.04431397 0.0012358862
0.04512751 0.00125613
0.03996166 0.0011121492
0.04399902 0.0012285628
0.037560664 0.0008942315
0.04000552 0.0011129988
0.042657536 0.0011918154
0.04399719 0.0012285085
0.039156094 0.0010902063
0.04192151 0.0011717059
0.04272994 0.0011937117
0.03917244 0.0010903081
0.041246966 0.0011532067
0.04272482 0.0011934943
0.0391134 0.0010896352
0.04115806 0.001150996
0.03976885 0.0011076435
0.042703055 0.0011929014
0.03840735 0.0010691283
0.0391535 0.0010900756
0.0415607 0.0011609531
0.041383184 0.0011565887
0.040191863 0.0011206805
0.039318796 0.0010940298
0.043502748 0.0012157245
0.043244317 0.0012090487
0.04169099 0.0011653528
0.046754014 0.001291249
0.041738406 0.0011665613
0.04026216 0.0011236902
0.043211266 0.0012080339
0.04172286 0.0011662274
0.0424487 0.001186977
0.040506016 0.0011323848
0.042427376 0.0011864142
0.040254597 0.0011233645
0.043239992 0.0012088905
0.04174417 0.0011666494
0.046735 0.0012910203
0.042743843 0.0011945901
0.039507203 0.0010991622
0.04044022 0.00113017
0.042834487 0.0011973275
0.03970743 0.0011066891
0.042010535 0.0011745974
0.04361964 0.0012193705
0.04321189 0.0012082588
0.041888785 0.0011714566
0.042320438 0.0011836126
0.042368695 0.0011848656
0.04322223 0.001208398
0.04022641 0.0011226526
0.041481484 0.0011601027
0.03895629 0.0010861013
0.042063802 0.0011761792
0.040295944 0.0011249873
0.04205 0.0011757383
0.04327462 0.0012098979
0.042867042 0.0011981543
0.038950138 0.0010857343
0.042529564 0.0011889949
0.042065512 0.0011763818
0.040463228 0.0011307355
0.040710993 0.0011382045
0.04174836 0.0011669061
0.040286608 0.0011247799
0.044101883 0.0012306888
0.04057672 0.0011357074
0.042100064 0.0011792537
0.046929855 0.0012951534
0.040136494 0.0011168455
0.040516056 0.0011332999
0.043173414 0.001206922
0.040301684 0.0011251016
0.04330771 0.0012116883
0.04204917 0.0011757145
0.042018626 0.0011747569
0.040304232 0.0011251776
0.042858694 0.0011980301
0.04288294 0.0011986549
0.04205479 0.0011759007
0.04320713 0.0012079708
0.042051166 0.0011757751
0.042886317 0.0012012114
0.039386135 0.001096703
0.042521022 0.0011887383
0.042073477 0.0011765214
0.04174291 0.0011666428
0.042054586 0.0011758817
0.042054437 0.0011758769
0.042790912 0.0011959707
0.04287097 0.0011982961
0.046757597 0.0012913359
0.04202225 0.0011748647
0.039472066 0.0010976562
0.043175 0.0012069583
0.042058393 0.0011761674
0.04359769 0.0012188546
0.042030677 0.0011752334
0.03895369 0.001086024
0.04277106 0.0011954334
0.042511422 0.0011883645
0.04014212 0.0011172183
0.040430523 0.0011298847
0.04022056 0.0011226054
0.04028238 0.0011247208
0.03848567 0.001072596
0.040712427 0.0011382706
0.038414136 0.0010711105
0.039389305 0.0010973715
0.039679892 0.0011058167
0.040511414 0.0011324545
0.042074434 0.0011768325
0.0403005 0.0011250946
0.04207279 0.0011764341
0.04251191 0.0011885156
0.042023234 0.0011750916
0.043564893 0.0012174436
0.046547797 0.0012882168
0.04015269 0.0011173544
0.046639223 0.0012897882
0.03832239 0.0010681328
0.03938389 0.001096455
0.04709482 0.0012983202
0.04165929 0.001164681
0.04044082 0.0011301807
0.04358643 0.0012182401
0.038483206 0.0010721496
0.040276386 0.0011244741
0.04204577 0.0011756693
0.042052794 0.0011758418
0.038956463 0.0010865966
0.047133937 0.0012989416
0.04354971 0.0012170695
0.042884924 0.0011987014
0.042029846 0.0011751008
0.0425248 0.0011888559
0.042085208 0.0011772044
0.041751675 0.0011681414
0.043681677 0.0012209453
0.03809848 0.0010559253
0.04014307 0.0011172241
0.04051006 0.0011324537
0.0425581 0.0011897264
0.040707633 0.0011381183
0.046737712 0.0012910821
0.03895168 0.0010857944
0.042483386 0.0011877954
0.04654029 0.0012879878
0.043602675 0.0012191505
0.040295172 0.0011249172
0.04029135 0.0011248541
0.04071127 0.0011382205
0.04043306 0.0011299596
0.042849705 0.0011977882
0.04172841 0.001166322
0.038073745 0.0010546991
0.041960843 0.0011743171
0.040715355 0.0011386018
0.03931822 0.0010940282
0.043674774 0.0012207803
0.03889359 0.0010839262
0.040451754 0.0011303979
0.04145946 0.001159177
0.04278524 0.0011958566
0.040304054 0.0011251665
0.042499512 0.0011882184
0.04320301 0.0012078867
0.042472012 0.0011876953
0.046758335 0.0012913428
0.041944645 0.0011726172
0.042494167 0.0011880125
0.0436564 0.0012203025
0.0402711 0.0011243852
0.043242842 0.0012089422
0.042763244 0.0011952337
0.038276166 0.0010652539
0.04043641 0.0011300843
0.042790685 0.0011959686
0.03826883 0.0010651695
0.042523954 0.0011888024
0.042604513 0.0011909287
0.03894963 0.0010857275
0.040136684 0.0011170255
0.03931522 0.0010939135
0.041859616 0.0011702318
0.042866208 0.0011981258
0.042836506 0.0011974435
0.042019114 0.0011747942
0.042034168 0.0011752608
0.04024687 0.0011231712
0.04165589 0.0011639346
0.042071316 0.0011763944
0.039371423 0.0010958858
0.046107225 0.0012778571
0.043251507 0.0012091547
0.042490274 0.001187973
0.03965458 0.001104696
0.04362947 0.0012197347
0.04162586 0.001163275
0.043625318 0.0012194683
0.041766707 0.0011698953
0.042776953 0.0011955652
0.042871326 0.0011983924
0.040138625 0.0011171171
0.04243403 0.0011864707
0.04695699 0.0012961859
0.041959476 0.0011730088
0.04327537 0.0012099242
0.03864816 0.0010780036
0.040437408 0.0011300958
0.043654658 0.0012202858
0.040306408 0.0011252514
0.04251098 0.0011883422
0.043202534 0.0012077612
0.04026993 0.0011237835
0.038099974 0.0010559686
0.042617194 0.0011912697
0.046929605 0.0012951432
0.042502984 0.0011882964
0.038273618 0.0010652355
0.042010356 0.00117451
0.040138744 0.001117124
0.046747137 0.0012911134
0.040653776 0.0011362283
0.04268036 0.0011927539
0.04311471 0.0012050763
0.040460218 0.0011306622
0.043130834 0.00120559
0.042413045 0.0011858729
0.04284256 0.0011977163
0.043283053 0.0012100654
0.044148486 0.0012318519
0.043660156 0.0012203548
0.043211058 0.0012079845
0.040136628 0.0011168558
0.039650857 0.0011046082
0.041690905 0.0011647756
0.040329423 0.0011260292
0.04312522 0.0012052649
0.038799234 0.0010813492
0.039650265 0.0011045989
0.041328736 0.0011559303
0.038807593 0.0010814321
0.04012472 0.001116499
0.043601293 0.0012188711
0.039517194 0.0010995547
0.040461745 0.0011307137
0.04278176 0.0011956759
0.04204406 0.0011755434
0.03895061 0.0010857523
0.04032516 0.00112569
0.042856794 0.0011979667
0.038277578 0.0010653599
0.042840708 0.0011976453
0.04022612 0.0011226367
0.039355595 0.0010953264
0.038949344 0.0010857076
0.04321917 0.0012082963
0.040302917 0.0011251468
0.04235846 0.0011840747
0.040305663 0.0011252132
0.042362653 0.0011841651
0.042874303 0.0011984397
0.03895254 0.0010858801
0.040657595 0.0011364329
0.04356688 0.001217907
0.041720506 0.0011661772
0.042091515 0.0011773319
0.04008046 0.0011149565
0.04313671 0.0012057787
0.04204557 0.0011755943
0.043642078 0.001219891
0.041736033 0.0011665117
0.043126233 0.0012052928
0.043730773 0.0012221249
0.042526364 0.0011888662
0.0428598 0.001198078
0.037834194 0.001023604
0.042782307 0.0011957247
0.0432458 0.0012090501
0.040212262 0.0011222401
0.0420209 0.0011748258
0.043202676 0.0012078142
0.040656768 0.0011364011
0.040083572 0.0011151419
0.03871424 0.0010800471
0.043644015 0.0012200361
0.043629184 0.0012196271
0.03885177 0.001083583
0.04029462 0.0011249066
0.039365206 0.0010957357
0.03848473 0.0010725626
0.040277444 0.001124711
0.039488077 0.0010991102
0.043222353 0.0012088486
0.043915093 0.001226024
0.03937045 0.001095832
0.040509902 0.0011324318
0.042467292 0.0011872839
0.042455453 0.0011870572
0.038953125 0.0010859338
0.04359594 0.0012187683
0.040471483 0.0011309438
0.04202282 0.0011749169
0.042853173 0.0011978756
0.043728087 0.0012217055
0.039476637 0.0010978335
0.042566627 0.0011907037
0.038850255 0.0010834626
0.040706426 0.0011380095
0.040650874 0.0011360928
0.0465678 0.0012885204
0.04282555 0.0011969848
0.040444955 0.0011302535
0.039375108 0.001096131
0.038479682 0.0010719876
0.040442772 0.0011302038
0.04313213 0.0012056071
0.046743937 0.0012911109
0.040296096 0.0011249963
0.043179557 0.0012076459
0.043615054 0.0012191962
0.04030698 0.0011253101
0.04273821 0.001194235
0.040309682 0.0011254398
0.039654534 0.0011046424
0.04359141 0.0012185938
0.03964737 0.0011045387
0.042786133 0.001195924
0.044105876 0.0012307884
0.042445242 0.0011868008
0.04201917 0.0011748006
0.03894847 0.0010856818
0.042872578 0.0011984123
0.04009035 0.001115202
0.040286064 0.0011247734
0.041746873 0.0011666733
0.040321786 0.0011255984
0.042405844 0.0011858292
0.040472534 0.0011313172
0.04017363 0.0011177455
0.038481835 0.0010721445
0.04071268 0.0011383361
0.04653121 0.0012878609
0.039599705 0.0011038863
0.041730225 0.0011664432
0.042803496 0.0011964627
0.040248558 0.0011231815
0.040294044 0.0011248783
0.041736484 0.0011665141
0.038261067 0.0010648126
0.043661665 0.0012205153
0.040229447 0.0011227189
0.04279804 0.0011961861
0.04328412 0.001210761
0.0421995 0.0011801507
0.038949847 0.0010857316
0.04729428 0.0012993005
0.040894613 0.0011408231
0.037418548 0.0008887588
0.037300568 0.0008781055
0.045094606 0.0012536921
0.037819885 0.0010221256
0.03825869 0.0010626401
0.0377659 0.0010205952
0.03812498 0.0010572621
0.03776581 0.0010205893
0.041058317 0.0011464823
0.03908823 0.001087756
0.037594005 0.00092508993
0.04308103 0.0012022441
0.04011851 0.0011161731
0.04105883 0.0011465113
0.037181187 0.0008741252
0.037176922 0.00087362906
0.04311367 0.00120344
0.04105047 0.0011459528
0.0410406 0.0011456257
0.03819915 0.0010612608
0.038196117 0.0010611517
0.04344418 0.0012128792
0.04303933 0.0012014654
0.043425344 0.0012124731
0.04342721 0.001212491
0.04345788 0.0012132578
0.043035883 0.0012013547
0.043407038 0.0012124459
0.038230952 0.0010623342
0.043436 0.0012127234
0.043036386 0.0012013718
0.038221408 0.0010617637
0.043425582 0.0012124822
0.038196288 0.001061153
0.038204517 0.0010614273
0.038152304 0.0010594713
0.043459293 0.0012132769
0.038156938 0.0010596577
0.038175575 0.0010600452
0.043466855 0.0012134184
0.03821344 0.0010617471
0.038201574 0.0010613579
0.03820715 0.0010614705
0.04345833 0.0012132688
0.038156427 0.0010596388
0.038198993 0.0010612581
0.04343213 0.0012126364
0.043034136 0.0012013185
0.04347144 0.00121353
0.03861998 0.0010769254
0.04344653 0.001212924
0.043430883 0.00121261
0.03820863 0.0010615417
0.043443147 0.0012128373
0.043438774 0.001212741
0.043452382 0.0012130563
0.043441992 0.001212806
0.03987222 0.0011098087
0.043444127 0.0012128751
0.04344373 0.001212871
0.043441076 0.0012127889
0.043030888 0.0012012435
0.043447852 0.0012129707
0.043034308 0.0012013403
0.043451402 0.0012130467
0.03931334 0.0010936132
0.043038394 0.0012014323
0.04345171 0.0012130529
0.0404083 0.0011266293
0.038221914 0.0010618969
0.0434413 0.0012128039
0.043430656 0.0012125822
0.04344991 0.0012130155
0.043445647 0.0012129173
0.03822563 0.0010620358
0.043784842 0.0012223197
0.038158137 0.0010596721
0.0430383 0.0012014302
0.04303374 0.0012012942
0.047634985 0.0013057654
0.03813567 0.0010574156
0.03808533 0.0010552232
0.037694283 0.0010152311
0.03812287 0.0010565657
0.03813505 0.0010573193
0.037693072 0.0010149886
0.04741982 0.0013050686
0.038120545 0.0010564647
0.03812001 0.0010564376
0.038117312 0.0010563822
0.040191814 0.0011178505
0.047804024 0.0013100087
0.038118593 0.001056424
0.047312763 0.0013004681
0.047820248 0.0013103508
