55 33 27 31 20 23 24 1 38 60 13 8 48 2 25
0.09605023 0.04394977 0.06381664 0.056183368 0.099999994 0.04000001 0.04 0.10000001 0.03450909 0.08549091 0.09496878 0.025031224 0.030308317 0.08969168 0.1

33 48 55 1 31 42 41 24 13 38 20 25 37 23 2
0.030687999 0.089312 0.087739006 0.032261 0.09213351 0.027866498 0.03899151 0.081008494 0.04385154 0.09614847 0.0427036 0.0972964 0.047609836 0.09239017 0.1

38 31 2 41 24 9 37 20 51 22 23 48 13 1 55
0.04 0.10000001 0.046294384 0.07370562 0.099999994 0.04000001 0.031238496 0.08876151 0.055987824 0.064012185 0.042731255 0.09726875 0.028280197 0.091719806 0.1

34 24 60 25 2 22 38 37 27 31 23 48 55 13 1
0.06875904 0.051240966 0.04 0.10000001 0.0591752 0.08082481 0.055640213 0.06435979 0.054002315 0.06599769 0.0720732 0.047926806 0.099999994 0.04000001 0.1

48 22 25 35 41 55 23 2 37 31 51 20 38 24 9
0.09502314 0.044976864 0.056368914 0.06363109 0.07770331 0.042296693 0.06901817 0.050981835 0.046056904 0.093943104 0.09223156 0.047768448 0.046964247 0.07303576 0.1

27 23 20 25 48 51 13 55 31 2 38 22 41 24 1
0.058580633 0.06141937 0.073244065 0.04675594 0.09786837 0.042131636 0.04 0.10000001 0.099999994 0.04000001 0.06487522 0.055124782 0.08552189 0.034478113 0.1

24 20 17 25 2 38 23 51 48 31 41 55 9 22 1
0.09982142 0.040178586 0.032566153 0.08743385 0.043038137 0.07696187 0.06914818 0.050851822 0.099999994 0.04000001 0.059926055 0.06007395 0.094558194 0.04544181 0.1

55 22 48 51 31 9 1 41 38 2 25 23 37 20 24
0.09530789 0.044692118 0.09144375 0.028556257 0.097578675 0.04242133 0.04 0.10000001 0.03750352 0.08249649 0.05670472 0.06329529 0.089308634 0.03069137 0.1

31 55 1 17 37 8 25 38 20 58 27 13 33 24 60
0.041684054 0.09831595 0.08841184 0.031588167 0.022756955 0.09724305 0.099999994 0.04000001 0.0741145 0.045885503 0.07864331 0.041356698 0.04 0.10000001 0.1

31 2 25 48 20 23 13 17 24 1 55 60 37 41 38
0.06145419 0.058545813 0.099999994 0.04000001 0.04 0.10000001 0.08344084 0.036559165 0.046030384 0.07396962 0.09721652 0.042783488 0.06268743 0.057312578 0.1

2 27 51 48 1 37 38 41 55 22 31 24 23 9 25
0.099999994 0.04000001 0.025483416 0.09451659 0.052042916 0.06795709 0.037562948 0.08243705 0.07784596 0.042154044 0.041316822 0.09868318 0.04 0.10000001 0.1

37 48 41 51 52 31 13 38 23 1 25 24 8 55 2
0.023219824 0.09678018 0.099999994 0.04000001 0.03723145 0.08276856 0.03369502 0.086304985 0.063903436 0.05609657 0.041684166 0.098315835 0.040683787 0.09931622 0.1

41 25 13 55 9 35 1 24 37 51 38 31 48 23 22
0.038408086 0.08159192 0.030697126 0.08930288 0.07601984 0.043980166 0.04681254 0.07318746 0.04 0.10000001 0.04299515 0.09700485 0.099999994 0.04000001 0.1

37 24 38 31 13 2 55 9 23 22 1 25 51 20 48
0.04 0.10000001 0.07695506 0.043044947 0.082621634 0.03737837 0.09973304 0.040266965 0.044919997 0.09508 0.051487055 0.06851295 0.042871296 0.07712871 0.1

24 51 60 13 2 38 25 31 8 41 55 23 22 48 1
0.09669259 0.043307412 0.02633891 0.09366109 0.044838138 0.09516187 0.09420872 0.025791287 0.030654779 0.089345224 0.04 0.10000001 0.039632373 0.08036763 0.1

38 25 41 22 13 31 23 48 20 1 55 37 35 51 24
0.04 0.10000001 0.09539671 0.044603292 0.026585486 0.093414515 0.06784315 0.05215686 0.042672325 0.09732768 0.06957898 0.050421022 0.050581377 0.069418624 0.1

48 38 22 31 1 37 2 35 20 13 41 23 25 24 55
0.07031046 0.049689546 0.043262366 0.09673764 0.07248662 0.047513388 0.06918056 0.05081944 0.065719455 0.05428055 0.099999994 0.04000001 0.08787078 0.052129228 0.1

60 38 1 31 48 22 23 41 25 20 35 24 9 55 37
0.04467079 0.09532922 0.050840497 0.06915951 0.09178968 0.048210327 0.08869307 0.051306937 0.056645516 0.06335449 0.03176155 0.088238455 0.034492984 0.08550702 0.1

27 38 25 2 8 41 23 20 31 13 37 24 1 48 55
0.047050513 0.07294949 0.053145595 0.06685441 0.049624823 0.090375185 0.07668039 0.043319613 0.099999994 0.04000001 0.055574246 0.08442576 0.07398115 0.046018854 0.1

38 25 1 22 55 52 13 41 23 24 31 27 48 9 2
0.10000001 0.039999995 0.0845698 0.035430208 0.09227818 0.027721822 0.029755503 0.0902445 0.04 0.10000001 0.09549117 0.044508833 0.042323045 0.07767696 0.1

38 35 9 31 23 24 48 37 41 1 22 2 55 51 25
0.049591508 0.07040849 0.09279436 0.047205646 0.055166375 0.064833626 0.08603203 0.05396797 0.060367245 0.05963276 0.088863164 0.05113684 0.08040017 0.039599836 0.1

37 2 51 9 23 38 55 22 60 25 31 48 24 41 1
0.060323566 0.05967644 0.07863715 0.04136285 0.099999994 0.04000001 0.091230705 0.0287693 0.046989564 0.09301044 0.07447776 0.045522243 0.04 0.10000001 0.1

25 24 31 42 60 38 55 23 8 13 20 37 2 41 1
0.09455304 0.045446966 0.099999994 0.04000001 0.058814768 0.061185237 0.0917221 0.028277904 0.053395517 0.06660449 0.094907016 0.04509299 0.06507426 0.054925747 0.1

31 20 23 33 27 2 55 60 38 17 1 25 8 13 24
0.087070435 0.03292957 0.0973081 0.042691905 0.049344145 0.07065586 0.099999994 0.04000001 0.09049077 0.029509231 0.079202004 0.040798 0.041960374 0.09803963 0.1

1 24 13 41 23 35 9 25 55 31 51 48 2 40 22
0.04 0.10000001 0.05062324 0.08937676 0.0781723 0.04182771 0.08913143 0.050868575 0.033858247 0.08614176 0.04836631 0.0716337 0.0829072 0.037092805 0.1

20 37 55 22 24 23 31 35 38 51 2 41 48 25 1
0.042465575 0.09753443 0.07343552 0.046564482 0.0401042 0.099895805 0.10000001 0.039999995 0.04661669 0.07338332 0.07549633 0.044503674 0.044577375 0.07542263 0.1

55 25 31 60 48 2 20 33 58 13 27 1 24 38 23
0.08932142 0.030678585 0.050821457 0.06917855 0.05554381 0.064456195 0.08117902 0.038820982 0.05011878 0.08988123 0.046403386 0.09359662 0.09802571 0.041974295 0.1

31 2 55 48 60 25 34 41 20 24 13 38 1 22 23
0.098478034 0.04152197 0.099999994 0.04000001 0.06278841 0.057211593 0.04 0.10000001 0.088654965 0.03134504 0.030075606 0.089924395 0.08799572 0.032004282 0.1

55 24 31 2 23 38 20 41 1 22 9 52 25 48 51
0.040442437 0.09955757 0.09762305 0.042376954 0.067169115 0.05283089 0.08804269 0.031957313 0.052964766 0.06703524 0.0936687 0.026331306 0.04 0.10000001 0.1

1 55 41 31 2 51 37 38 24 25 23 13 22 20 48
0.031241806 0.0887582 0.037955917 0.08204409 0.04 0.10000001 0.07153681 0.048463196 0.09670201 0.043297995 0.09010297 0.029897034 0.09599857 0.044001434 0.1

