0.03998835012316704 0.0011974655790254474
0.03998835012316704 0.0011974655790254474
0.03998835012316704 0.0011974655790254474
0.03998835012316704 0.0011974655790254474
0.03998835012316704 0.0011974655790254474
0.03998835012316704 0.0011974655790254474
0.03998835012316704 0.0011974655790254474
0.03998835012316704 0.0011974655790254474
0.03998835012316704 0.0011974655790254474
0.03998835012316704 0.0011974655790254474
0.03998835012316704 0.0011974655790254474
0.03998835012316704 0.0011974655790254474
0.03998835012316704 0.0011974655790254474
0.03998835012316704 0.0011974655790254474
0.03998835012316704 0.0011974655790254474
0.03998835012316704 0.0011974655790254474
0.03998835012316704 0.0011974655790254474
0.03998835012316704 0.0011974655790254474
0.03998835012316704 0.0011974655790254474
0.03998835012316704 0.0011974655790254474
0.03998835012316704 0.0011974655790254474
0.03998835012316704 0.0011974655790254474
0.03998835012316704 0.0011974655790254474
0.03998835012316704 0.0011974655790254474
0.03998835012316704 0.0011974655790254474
0.03998835012316704 0.0011974655790254474
0.03998835012316704 0.0011974655790254474
0.03998835012316704 0.0011974655790254474
0.03998835012316704 0.0011974655790254474
0.03998835012316704 0.0011974655790254474
0.03998835012316704 0.0011974655790254474
0.03998835012316704 0.0011974655790254474
0.03998835012316704 0.0011974655790254474
0.03998835012316704 0.0011974655790254474
0.03998835012316704 0.0011974655790254474
0.03998835012316704 0.0011974655790254474
0.03998835012316704 0.0011974655790254474
0.04375647380948067 0.0012328810480539687
0.04375647380948067 0.0012328810480539687
0.0395803457358852 0.0011106461242889054
0.042679982841946185 0.0012029822173644789
0.04375647380948067 0.0012328810480539687
0.042679982841946185 0.0012029822173644789
0.04375647380948067 0.0012328810480539687
0.03998835012316704 0.0011974655790254474
0.04375647380948067 0.0012328810480539687
0.0395803457358852 0.0011106461242889054
0.03998835012316704 0.0011974655790254474
0.042679982841946185 0.0012029822173644789
0.042679982841946185 0.0012029822173644789
0.042725886683911085 0.0012042254529660568
0.03848563530482352 0.0010831141771632247
0.03998835012316704 0.0011974655790254474
0.042679982841946185 0.0012029822173644789
0.04371579096186906 0.001231751204613829
0.03998835012316704 0.0011974655790254474
0.04254341602791101 0.0011991563442279585
0.042538442998193204 0.0011990180755674373
0.03998835012316704 0.0011974655790254474
0.04254607867915183 0.0011992302061116789
0.039530526380985975 0.001109470598748885
0.042679982841946185 0.0012029822173644789
0.04253371385857463 0.0011988865844614338
0.042541054892353714 0.001199090780573897
0.04253324877936393 0.0011988741207460407
0.042679982841946185 0.0012029822173644789
0.042679982841946185 0.0012029822173644789
0.04300511151086539 0.0012119923085265327
0.04267939308192581 0.0012029329300276004
0.042677913792431355 0.001202891635330161
0.04252942465245724 0.0011987681646132842
0.03998835012316704 0.0011974655790254474
0.03998835012316704 0.0011974655790254474
0.042532936902716756 0.0011988655278400984
0.042679982841946185 0.0012029822173644789
0.042571657220833004 0.0011999705766356783
0.03863341792020947 0.0010854909269255586
0.04268652084283531 0.0012031308469886426
0.04253716371022165 0.0011989828817604575
0.04252827586606145 0.0011987363977823406
0.042538745678029954 0.0011990267339569982
0.04252841754350811 0.0011987396319455002
0.042539578513242304 0.0011990497550868895
0.04470585228409618 0.0012514392583398148
0.04252872883807868 0.001198748836031882
0.03998835012316704 0.0011974655790254474
0.03868970600888133 0.0010875529660552274
0.043494350858964026 0.0012255933979758993
0.0395803457358852 0.0011106461242889054
0.04253653483465314 0.0011989653939963318
0.04311430675443262 0.0012150280781497713
0.042540509486570954 0.0011990757775492966
0.042531598941423 0.0011988284059043508
0.04253328591585159 0.0011988749865849968
0.042679982841946185 0.0012029822173644789
0.042532347375527024 0.0011988490732619539
0.042628015391528606 0.0012015060237899888
0.03998835012316704 0.0011974655790254474
0.042542051640339196 0.0011991186620434746
0.03998835012316704 0.0011974655790254474
0.039184955414384604 0.0011013179409928853
0.04267841181717813 0.0012029058052576147
0.04253465193323791 0.0011989129779976793
0.03998835012316704 0.0011974655790254474
0.04253636032808572 0.0011989604790869635
0.04254117072559893 0.0011990940911346115
0.03998835012316704 0.0011974655790254474
0.04255340888630599 0.0011994341839454137
0.0467217939440161 0.001255439899978228
0.04253228718880564 0.0011988473052042536
0.03995352529454976 0.0011221770255360752
0.04250676103401929 0.001198138423205819
0.03998835012316704 0.0011974655790254474
0.039197058184072375 0.0011016022708645323
0.04268554341979325 0.0012031036312691867
0.04253176576457918 0.0011988328624283895
0.042658918304368854 0.0012023679119010922
0.04253634624183178 0.001198959886096418
0.04253109800629318 0.0011988142796326429
0.03998835012316704 0.0011974655790254474
0.04253098869230598 0.001198811220092466
0.04268951702397317 0.001203213891130872
0.042679982841946185 0.0012029822173644789
0.04253360442817211 0.0011988837977696676
0.042534706997685134 0.0011989144804829266
0.042679982841946185 0.0012029822173644789
0.04269223415758461 0.0012032892227580305
0.04264401854015887 0.0012019504174531903
0.04254748020321131 0.0011992691324849147
0.042679982841946185 0.0012029822173644789
0.0432425991166383 0.0012185924206278287
0.03998835012316704 0.0011974655790254474
0.04269573569763452 0.0012033870771119837
0.042679982841946185 0.0012029822173644789
0.04339352482929826 0.0012225454265717417
0.042533644125796854 0.0011988852165814023
0.0425352220190689 0.0011989287449978292
0.042534942156635225 0.0011989212398475502
0.042679982841946185 0.0012029822173644789
0.042538004694506526 0.0011990062448603567
0.043295757728628814 0.0012200726378068794
0.04255020129494369 0.0011993446678388864
0.04256195365451276 0.001199671605718322
0.04254135605879128 0.0011990993662038818
0.04371579096186906 0.001231751204613829
0.04254545015282929 0.0011992128311248962
0.042538764188066125 0.0011990273196715862
0.04256015759892762 0.0011996213761449326
0.04254196269903332 0.001199116220959695
0.03998835012316704 0.0011974655790254474
0.04267760878428817 0.0012028831442876253
0.04253334691748023 0.001198876962007489
0.042679982841946185 0.0012029822173644789
0.04266169387847185 0.0012024449206364807
0.04254479194059968 0.0011991947831120342
0.03998835012316704 0.0011974655790254474
0.039074112311936915 0.001096567459171638
0.03866624634247273 0.00108668810207746
0.04253489919938147 0.0011989198610535823
0.04253487871028483 0.0011989191589236725
0.04253464436624199 0.0011989128797722515
0.042562387185171247 0.0011997129458904965
0.04255154123529792 0.0011993821244686842
0.04339803708717227 0.0012229160602146294
0.042546153301373124 0.0011992323816230055
0.03998835012316704 0.0011974655790254474
0.03998835012316704 0.0011974655790254474
0.03881990828085691 0.001092385358788306
0.0395803457358852 0.0011106461242889054
0.03998835012316704 0.0011974655790254474
0.04253503307700157 0.0011989234990323894
0.04254549427423626 0.001199213929794496
0.03868545824661851 0.0010873962855839636
0.042681941646151245 0.0012030035322823096
0.04258348257280886 0.0012002693729300518
0.03998835012316704 0.0011974655790254474
0.042543656192719936 0.0011991629398835357
0.042689159512519836 0.0012032041740894783
0.0426485245116055 0.0012020755602861755
0.042531594284810126 0.0011988282785750926
0.042679982841946185 0.0012029822173644789
0.04253584216348827 0.0011989460253971629
0.04261005169246346 0.0012010070313408505
0.04254188435152173 0.0011991136998403817
0.04253861645702273 0.0011990229322691448
0.04253423004411161 0.0011989012273261324
0.042537306318990886 0.0011989867816737387
0.04268572642467916 0.0012031084770569578
0.04257387015968561 0.0012000020142295398
0.0425387357827276 0.001199026624817634
0.042685799999162555 0.0012031107617076486
0.04253536625765264 0.0011989327867922839
0.04253668198361993 0.0011989695631200448
0.042679982841946185 0.0012029822173644789
0.042536991997621953 0.0011989781160082202
0.0432774379150942 0.0012195613962830976
0.03998835012316704 0.0011974655790254474
0.04268843284808099 0.0012031835831294302
0.04254148108884692 0.0011991026512987446
0.04258309269789606 0.0012002582006971352
0.04254192882217467 0.0011991149440291338
0.04253476136364043 0.0011989159793301951
0.0431828546570614 0.0012169337860541418
0.04326760582625866 0.0012192879839858506
0.042547823511995375 0.0011992786457994953
0.04280883970204741 0.0012062880341545679
0.04252948646899313 0.001198769448819803
0.042679982841946185 0.0012029822173644789
0.04254200414288789 0.0011991170613327995
0.04352066945284605 0.0012263253338460345
0.042539531947113574 0.0011990484672423918
0.04253617825452238 0.0011989554186584428
0.03918955195695162 0.0011014252377208322
0.042540253372862935 0.0011990687271463685
0.04255921917501837 0.0011995951317658182
0.04254272242542356 0.0011991373175987974
0.04253347509074956 0.0011988803053100128
0.04283140739426017 0.0012071632190782111
0.04256814008112997 0.0011998429981758818
0.04375647380948067 0.0012328810480539687
0.042539582471363246 0.0011990500788670033
0.0425468971952796 0.0011992527906841133
0.0425430458271876 0.0011991457467956934
0.04253799351863563 0.0011990055536443833
0.042602309957146645 0.001200791997689521
0.03918642527423799 0.0011013520052074455
0.04266674898099154 0.0012025819632981438
0.04268594575114548 0.00120311490536551
0.04255408467724919 0.0011994528540526517
0.042698553297668695 0.001203464693389833
0.04254179494455457 0.0011991114588454366
0.04340272245462984 0.0012230463580635842
0.04256612260360271 0.0011997867804893758
0.038687938824296 0.001087487235054141
0.04259987373370677 0.0012007243785774335
0.04253773973323405 0.0011989985287073068
0.03876727889291942 0.0010883362811000552
0.04253799351863563 0.0011990055536443833
0.04269107128493488 0.001203257041197503
0.04276360746007413 0.0012052782949467655
0.04269116302020848 0.0012032594640913885
0.04253359977155924 0.001198883714096155
0.042701205937191844 0.0012035383952024858
0.042885642615146935 0.0012086709575669374
0.038655364769510925 0.0010862325034395326
0.042531883460469544 0.0011988361766270828
0.04253512609284371 0.00119892624206841
0.04268995672464371 0.0012032261547574308
0.042530820006504655 0.0011988068326900247
0.04254429810680449 0.0011991808605671395
0.04328666708897799 0.0012198198710393626
0.042548626312054694 0.0011993010266451165
0.042537520290352404 0.001198992904392071
0.04278133250772953 0.0012057704843755346
0.04269063111860305 0.001203245028591482
0.0426791834179312 0.0012029270001221448
0.04257929453160614 0.0012001527975371573
0.04254699114244431 0.0011992555628239643
0.042679982841946185 0.0012029822173644789
0.04352204001042992 0.0012263633689144626
0.042519356473349035 0.0011985166274826042
0.0437299347249791 0.0012321432150201872
0.04362900962587446 0.0012293373765714932
0.04254579811822623 0.0011992223626293708
0.042679982841946185 0.0012029822173644789
0.042688413173891604 0.0012031833284709137
0.04293180617969483 0.0012099545856472105
0.04298871522769332 0.0012115361096221022
0.04268990713171661 0.001203224717755802
0.0426851031370461 0.001203091480419971
0.0426948411623016 0.001203361855004914
0.039239043020643294 0.0011025882959074806
0.04275657492689788 0.0012050825789629016
0.04295540752355009 0.0012106079739169218
0.04254541080445051 0.0011992118306807242
0.04252471856307238 0.0011986369790975004
0.0425301498034969 0.0011987882498942781
0.042538460809737444 0.0011990188831987325
0.04368184308987111 0.001230805919476552
0.043413835228420794 0.001223355135152815
0.04254121123813093 0.0011990953462373
0.04253976128529757 0.001199055026518181
0.04253511852584779 0.0011989260092377663
0.04254734062124044 0.001199265338073019
0.0426932544214651 0.0012033179664285854
0.042537515168078244 0.0011989925005764235
0.04264574428088963 0.0012019982059428003
0.043456832761876285 0.0012245506586623378
0.04253255657386035 0.0011988550031674094
0.04260111309122294 0.0012007587938569486
0.042537858709692955 0.001199002090288559
0.04253566369879991 0.0011989410122623667
0.04254647309426218 0.0011992412692052312
0.042682754108682275 0.0012030261896143202
0.04254640557337552 0.0011992394174740184
0.04253800492733717 0.0011990062521363143
0.042792267398908734 0.0012060750304954126
0.04255321668460965 0.0011994286396657117
0.04268350242637098 0.0012030468933517113
0.042545004514977336 0.0011992002509941813
0.04256546508986503 0.0011997687070106622
0.043120207730680704 0.00121519200183684
0.042681616032496095 0.0012029948156850878
0.04268692072946578 0.0012031418482365552
0.0425383762922138 0.0011990163147856947
0.04256702424027026 0.0011998120025964454
0.04254474816843867 0.001199193353386363
0.04254439601209015 0.0011991837018285878
0.04269032983575016 0.0012032365666527767
0.04350698215421289 0.0012259448049007915
0.043722351430915296 0.0012319323577685282
0.0425336331827566 0.0011988846454187296
0.042537613422609866 0.0011989954182354268
0.04256419336888939 0.0011997333531326149
0.03814090578816831 0.0010704116721171886
0.042539430083706975 0.0011990455750492401
0.04263434046879411 0.0012016816945106257
0.04253971856087446 0.0011990537095698528
0.04268387204501778 0.001203057308885036
0.04313718294724822 0.0012156638040323742
0.042535328306257725 0.0011989315426035319
0.042688879068009555 0.0012031960359308869
0.04323660803493112 0.0012184432525828015
0.04253992484882474 0.0011990595812676474
0.042693300056271255 0.001203318915941054
0.04268848174251616 0.0012031852056679782
0.042522906442172825 0.0011985867131443229
0.039238607278093696 0.0011025780077034142
0.04262154712341726 0.001201357601530617
0.04253934626467526 0.0011990434031758923
0.04270178871229291 0.0012035545878461562
0.0425258232280612 0.0011986677745881025
0.039193222066387534 0.0011015114378096769
0.042523574200458825 0.0011986051504209172
0.04254488996230066 0.0011991973260592204
