0.04482501745223999 0.001495842938311398
0.04482501745223999 0.001495842938311398
0.04482501745223999 0.001495842938311398
0.04482501745223999 0.001495842938311398
0.04482501745223999 0.001495842938311398
0.04482501745223999 0.001495842938311398
0.04482501745223999 0.001495842938311398
0.03848563530482352 0.0010831141771632247
0.03848563530482352 0.0010831141771632247
0.03848563530482352 0.0010831141771632247
0.03848563530482352 0.0010831141771632247
0.03848563530482352 0.0010831141771632247
0.03848563530482352 0.0010831141771632247
0.03848563530482352 0.0010831141771632247
0.03848563530482352 0.0010831141771632247
0.03848563530482352 0.0010831141771632247
0.03848563530482352 0.0010831141771632247
0.03848563530482352 0.0010831141771632247
0.03848563530482352 0.0010831141771632247
0.03848563530482352 0.0010831141771632247
0.03848563530482352 0.0010831141771632247
0.03848563530482352 0.0010831141771632247
0.041034975089132786 0.0012524234862212325
0.04130971274571493 0.0012606692889676197
0.03708430624101311 0.0010456102281750645
0.04186829982791096 0.0012756495143548818
0.03977411019150168 0.0012099268333258806
0.039620925032068044 0.001205905211463687
0.04286283056717366 0.0013037064345553517
0.041431714955251664 0.0012632678681256948
0.03577721188776195 0.0010117155634361552
0.039432089193724096 0.0011979561804764671
0.04353354964405298 0.0013218848580436315
0.04180744185578078 0.0012738487093884032
0.037280620192177594 0.00105151083880628
0.04186027008108795 0.001275306642128271
0.0341053205775097 0.0008647628310427535
0.034633612958714366 0.0009777807954378659
0.03506429021945223 0.000990781616565073
0.04379334335681051 0.0013313645576999988
0.04239551641512662 0.001290612241064082
0.038819095119833946 0.001093372857212671
0.034585683955810964 0.0009762347908690572
0.04124794795643538 0.0012584155210788595
0.04356464638840407 0.001323121650784742
0.034578595659695566 0.0009759650893101934
0.04239586216863245 0.0012906439860671526
0.04103089717682451 0.0012521848620963283
0.034660680568777025 0.0009787654907995602
0.035422490211203694 0.0009994936190196313
0.041793453274294734 0.0012732767008856172
0.04092009412124753 0.0012481239955377532
0.03936400206293911 0.0011950169791816734
0.04352876904886216 0.0013216410134191392
0.04103658453095704 0.0012525203619588865
0.0389232182642445 0.00114463792033348
0.04215879330877215 0.0012854391334258253
0.03846011811401695 0.0010821739233506378
0.03943190269637853 0.0011979442606389057
0.04179486131761223 0.00127339261052839
0.04007833544164896 0.0012158627996541327
0.04222709621535614 0.001288143930651131
0.035314402310177684 0.0009969248312700074
0.043575664167292416 0.0013238095707492903
0.04221738898195326 0.0012873868581664283
0.03582850150996819 0.0010133935702469898
0.040171754837501794 0.0012193305665277876
0.04007713031023741 0.001215724249050254
0.036789818201214075 0.0010384171691839583
0.03848563530482352 0.0010831141771632247
0.04283560690237209 0.0013033078103035223
0.039836145646404475 0.0012121744384785416
0.04283433686941862 0.0013031849102844717
0.034949210938066244 0.000987208044534782
0.04109105700626969 0.0012542762106022565
0.0393679675180465 0.001195500944959349
0.03477858263067901 0.0009825030247156974
0.040915136341936886 0.0012478209555411013
0.04088853672146797 0.00124574513938569
0.03460031596478075 0.000976649986114353
0.03542367066256702 0.0009995187629101565
0.03541823464911431 0.0009993349958676845
0.03464332572184503 0.0009782118868315592
0.04170105222146958 0.0012698263326456072
0.03956099902279675 0.0012039162866130937
0.03937084856443107 0.0011958638297073776
0.03968427679501474 0.0012068984142388217
0.03721676004352048 0.0010499993550183717
0.03626125992741436 0.001025255271088099
0.04375818697735667 0.001329208811512217
0.035288463812321424 0.0009961402629414806
0.04103673994541168 0.001252542955626268
0.03995994105935097 0.0012144520278525306
0.04101102624554187 0.001250964085556916
0.04159620625432581 0.0012658198629651451
0.04088426136877388 0.001245452773218858
0.04103439161553979 0.001252400252269581
0.042885166709311306 0.0013061594072496518
0.03464057738892734 0.0009779783576959744
0.033697678009048104 0.0008033775084186345
0.03458008368033916 0.0009760210268723313
0.03463093261234462 0.0009776987790246494
0.034490996738895774 0.0009726185999170411
0.0426322462153621 0.0012993390209885547
0.03463823569472879 0.0009779147203516914
0.06212581740692258 0.0016275402613246115
0.04357992339646444 0.0013241063115856377
0.03956422791816294 0.0012041638310620328
0.034582845168188214 0.0009760918546817265
0.04092419648077339 0.0012483807568060001
0.042188839172013104 0.0012864996224379865
0.034581022802740335 0.000976061002802453
0.03713412815704942 0.0010472187386767473
0.03450665564741939 0.0009731099180498859
0.04104090319015086 0.00125278192172118
0.04088365752249956 0.0012454239604267059
0.034520046319812536 0.0009735854146128986
0.042523664713371545 0.0012941550976393046
0.0407501453300938 0.001239216548128752
0.0345819431822747 0.0009760880293470109
0.03581094101537019 0.001012743050523568
0.041021512588486075 0.001251573321496835
0.04088896082248539 0.0012457617922336794
0.042163063888438046 0.0012857775218435563
0.04336465074447915 0.0013194177809054963
0.034580707317218184 0.0009760372868186096
0.03519879234954715 0.0009917170154949417
0.03533420991152525 0.0009976408327929676
0.03462505852803588 0.0009775033413461642
0.04201673762872815 0.001279052856261842
0.03458992508240044 0.0009763461821421515
0.03533225238788873 0.0009975522643799195
0.0423957776511088 0.0012906370520795463
0.03465106530347839 0.000978475336523843
0.03945174440741539 0.0012000311489828164
0.04108650848502293 0.0012539837134681875
0.035429904935881495 0.0009996945846069138
0.039446732378564775 0.001199459617055254
0.04032344778534025 0.0012249569317646092
0.034733308653812855 0.0009811041418288369
0.04216339811682701 0.0012857996516686399
0.04315724049229175 0.0013116205809637904
0.03398421691963449 0.0008631827658973634
0.03622916096355766 0.0010241773106827168
0.04130891227396205 0.0012606060390680796
0.04239018610678613 0.0012901810405310243
0.03715605568140745 0.001048551388521446
0.04103723622392863 0.0012525847050710581
0.03956633375491947 0.0012043234073644271
0.040497664478607476 0.0012289250134926988
0.038147043786011636 0.0010738727323769126
0.03956075944006443 0.0012038313343509799
0.03945084358565509 0.0011999223206657916
0.03956301184371114 0.0012041080663038883
0.04285600665025413 0.001303697745242971
0.0371327189495787 0.0010471964851603843
0.042990101501345634 0.0013087341758364346
0.03977726062294096 0.0012101174925192026
0.03907887346576899 0.0011586748041736428
0.03533511667046696 0.0009976651908800704
0.03578774747438729 0.0010120352999365423
0.041308272862806916 0.0012605595420609461
0.03708159108646214 0.0010455118917889195
0.04124673688784242 0.001258368045455427
0.04115396493580192 0.0012554115965031087
0.04160986770875752 0.0012667217415582854
0.035430549178272486 0.0009997186625696486
0.034468649071641266 0.0009719086392578902
0.03848806372843683 0.0010865647327591432
0.042159335454925895 0.0012854473952756962
0.04130730184260756 0.0012605021911440417
0.03533034981228411 0.000997497802018188
0.043793905759230256 0.001331405243035988
0.041589533211663365 0.0012653562480409164
0.04087983176577836 0.0012451815382519271
0.03464154002722353 0.0009781553817447275
0.0432657670462504 0.0013168586829124251
0.03577633772511035 0.0010116980138263898
0.034662366611883044 0.0009788238694454776
0.039775842567905784 0.0012100012954761041
0.034626049804501235 0.0009775353701115819
0.04098021739628166 0.0012488773609220516
0.03765324119012803 0.0010643447367328918
0.03994361235527322 0.0012130753475503298
0.04283754975767806 0.0013034297862759558
0.03606474329717457 0.0010185285700572422
0.03464768757112324 0.0009783518089534482
0.04262509476393461 0.0012989571932848776
0.041153833153657615 0.0012554051900224295
0.04201206786092371 0.0012786672359652584
0.034690657106693834 0.0009797762704693014
0.041446362040005624 0.0012641907615034143
0.03458671609405428 0.0009762462959770346
0.03541122586466372 0.0009991327788156923
0.03452525660395622 0.0009737445016071433
0.0349972362164408 0.0009877822176349582
0.041028669802471995 0.0012520401342044352
0.041027336148545146 0.0012519553638412617
0.03447006701026112 0.000971942088654032
0.041040544281713665 0.0012527706294349628
0.035740824532695115 0.0010103439581143903
0.03848563530482352 0.0010831141771632247
0.03382158116437495 0.000804428676929092
0.03692423406755552 0.0010436786342324922
0.03578620217740536 0.0010120025453943526
0.03945040120743215 0.0011999222970189294
0.03459929639939219 0.0009766377133928472
0.03714017674792558 0.0010480579403520096
0.034628093242645264 0.0009776043243618915
0.03536652238108218 0.0009985604247049196
0.04365382093237713 0.0013249599032860715
0.0422174958512187 0.0012873925570602296
0.03452342562377453 0.0009737016534927534
0.04263253044337034 0.001299480765737826
0.03968786884797737 0.0012073774887539912
0.037912899104412645 0.0010670306037354749
0.03529671486467123 0.0009964048931578873
0.03644128353334963 0.0010287069944752147
0.03560396411921829 0.0010054826707346365
0.041864301078021526 0.0012755464122164994
0.04222360940184444 0.0012878478737547994
0.04429262748453766 0.0013428538768494036
0.04222048545489088 0.0012876226373919053
0.04173758078832179 0.0012723679628834361
0.03471691737649962 0.0009805822337511927
0.03962132957531139 0.001205945089168381
0.03578056278638542 0.0010118432564922841
0.0345920940162614 0.0009764058377186302
0.03962296596728265 0.0012060854423907585
0.04267106449697167 0.0012999941372981993
0.04277698346413672 0.001301454602071317
0.03459311602637172 0.0009764477617864031
0.0434823171235621 0.0013212182802817551
0.03996807074872777 0.0012153395200584782
0.04103604902047664 0.00125248079712037
0.04215837444644421 0.001285407332034083
0.03942565753823146 0.0011972858774242923
0.03572605480439961 0.0010098772982019
0.03541740297805518 0.000999313118882128
0.038220456102862954 0.001074555009836331
0.03474942239699885 0.0009815105149755254
0.042630824085790664 0.0012992594729439588
0.03459704702254385 0.0009765510312718106
0.034633370465599 0.0009777734831004636
0.041154460865072906 0.0012554416862258222
0.03465385804884136 0.0009785454767552437
0.040922706481069326 0.0012483299578889273
0.03472872218117118 0.0009806874841160607
0.040874752099625766 0.0012448449760995572
0.04401318705640733 0.0013376389379118336
0.03925892093684524 0.0011917682859348133
0.03596389724407345 0.0010173810514970683
0.039554039598442614 0.0012031038550048834
0.035919144575018436 0.0010161360096390126
0.03565256006550044 0.0010070515072584385
0.03541903500445187 0.000999359333945904
0.04335308191366494 0.0013188101984269451
0.04087684745900333 0.001244989540282404
0.042525366065092385 0.0012942143457621569
0.04124773573130369 0.0012584034666360822
0.034633096074685454 0.0009777706691238564
0.03536431398242712 0.0009982313677028287
0.03534512722399086 0.0009979679944081
0.03944813786074519 0.0011996493376500439
0.038599600666202605 0.0010906052357313456
0.03537409519776702 0.000998726087345858
0.04225340957054868 0.001288751651372877
0.03575851256027818 0.0010109891154570505
0.03576055634766817 0.0010110618404723937
0.042150947148911655 0.0012847894577134866
0.03455188614316285 0.0009745376046339516
0.03742468042764813 0.001057661971572088
0.035421371227130294 0.000999457161015016
0.04252115386771038 0.0012938628515257733
0.03935118159279227 0.001193438598420471
0.04262550437124446 0.0012990488357900176
0.03554099868051708 0.0010033423313871026
0.04086386784911156 0.001244172719452763
0.0418643836164847 0.001275565504329279
0.03779018111526966 0.0010656495524017373
0.039425906201358885 0.0011973083182965638
0.03542084700893611 0.0009994353094953112
0.03848563530482352 0.0010831141771632247
0.039369512465782464 0.0011957126953348052
0.03848563530482352 0.0010831141771632247
0.03464801260270178 0.0009783943733054912
0.0598447963129729 0.0015710770385339856
0.0427112024044618 0.0013008085061301244
0.03996712964726612 0.0012152393010183005
0.03478416323196143 0.0009826752320805099
0.035306794568896294 0.0009966941652237438
0.04239344096276909 0.0012903473470942117
0.04305131861474365 0.0013107970389683032
0.04060369706712663 0.0012338711185293505
0.03464532701764256 0.0009782900087884627
0.03736424399539828 0.0010558053472777829
0.03620407253038138 0.0010234338096779538
0.04016716469777748 0.0012187547054054448
0.039430850360076874 0.0011978717084275559
0.03433065756689757 0.0009350792956865916
0.060686476645059884 0.0015901959523034748
0.0344758874271065 0.0009721671031002188
0.04125123645644635 0.0012586540287884418
0.034682724450249225 0.0009794523029995617
0.041101373557467014 0.001254891953067272
0.03848563530482352 0.0010831141771632247
0.035348693490959704 0.0009980805589293595
0.04103517043404281 0.0012524701342044864
0.041145131282974035 0.0012550031060527544
0.040689337300136685 0.0012371798547974322
0.03661629930138588 0.0010350474622100592
0.04222260578535497 0.0012877933095296612
0.04173503629863262 0.0012721849907393334
0.04304385662544519 0.0013101742879371159
0.03469393082195893 0.000979925629508216
0.034630070556886494 0.0009776614751899615
0.04102465487085283 0.0012518047115008812
0.043530875467695296 0.0013217831183283124
0.0344789921073243 0.0009722457944008056
0.042611044947989285 0.001296753294809605
0.0391816555056721 0.001171749932836974
0.04392099071992561 0.0013329676348803332
0.04098832234740257 0.0012494992370193359
0.03943120496114716 0.00119793107296573
0.061400955310091376 0.0016070840938482434
0.03463235031813383 0.0009777306240721373
0.04091889306437224 0.0012480867771955673
0.04058047733269632 0.0012331948109931545
0.03660348546691239 0.0010345162827434251
0.03467489086324349 0.0009791943011805415
0.03528808965347707 0.0009961285941244569
0.034398455754853785 0.0009564431138642249
0.042870216188021004 0.0013057897267572116
0.04103765427134931 0.0012526245154731441
0.04092265758663416 0.001248295564437285
0.04375050461385399 0.0013281297106004786
0.03678981447592378 0.0010384169308963465
0.03459613583981991 0.0009765324757609051
0.043055264628492296 0.0013110216677887365
0.04178848129231483 0.001272922945645405
0.03458869981113821 0.0009762809731910238
0.03943085845094174 0.001197880768813775
0.06224681239109486 0.001630068727536127
0.04057792865205556 0.001233142760611372
0.04103231034241617 0.001252253005077364
0.039851565670687705 0.001212766372191254
0.04357647942379117 0.0013238528845249675
0.04103265597950667 0.0012523104833235266
0.03489885409362614 0.0009862950391834602
0.03531823703087866 0.0009970566188712837
0.039624399156309664 0.0012062669538863702
0.03848563530482352 0.0010831141771632247
0.03447314281947911 0.000972089930655784
0.03519141353899613 0.0009915049340634141
0.04186240886338055 0.0012754655472235754
0.04326431092340499 0.0013167659799364628
0.04049854644108564 0.0012290843151276931
0.042225378449074924 0.0012880278864031425
0.04373565886635333 0.0013279798840812873
0.03464949788758531 0.0009784301746549318
0.04201652354095131 0.0012790374930773396
0.0421256268164143 0.0012828280578105478
0.03482450422598049 0.0009839354497671593
0.03977650357410312 0.0012100586463930085
0.03578786976868287 0.0010120493152498966
0.04435334645677358 0.0013450408423523186
0.04215294239111245 0.0012849800623371266
0.035602068179287016 0.0010052863399323542
0.03545872610993683 0.0010007094970205799
0.03794468648266047 0.0010700791754061356
0.040688568842597306 0.0012371797256491845
0.03575347957666963 0.001010840613162145
0.03612319886451587 0.0010224721445410978
0.03962020366452634 0.0012058040865667863
0.041239381302148104 0.001257870619156165
0.040882290923036635 0.0012453315721359104
0.03458548116032034 0.000976199631622876
0.04334469203604385 0.0013180232454033103
0.03438655461650342 0.0009560909147694474
0.035720584681257606 0.0010097477588715265
0.034718822687864304 0.0009806595371628646
0.03529833594802767 0.0009964525343093555
0.041734057129360735 0.0012721155981125776
0.03451875119935721 0.0009735535713844001
0.04075184348039329 0.001239607128809439
0.03462519613094628 0.0009775084708962822
0.03951441589742899 0.0012008146277366905
0.03530260804109275 0.000996565941022709
0.034686047583818436 0.0009796209687920054
0.04179207840934396 0.001273209190912894
0.04435217007994652 0.00134432474442292
0.03581764973932877 0.0010130462378583616
0.04178357997443527 0.0012725997512461618
0.041845568688586354 0.001274323056350113
0.04088045784737915 0.0012452245155145647
0.04379301914013922 0.0013313351992110256
0.036869309609755874 0.0010416237437311793
0.034610462724231184 0.0009769662756298203
0.04144410975277424 0.0012640076747629791
0.04258785699494183 0.0012956622922501992
0.03531651431694627 0.0009969958155124914
0.03562578302808106 0.0010061631783173652
0.041095514432527125 0.0012545623030746356
0.0420144785894081 0.001278875670323032
0.03848563530482352 0.0010831141771632247
0.04379702906589955 0.0013316172789927805
0.03713099914602935 0.001047140734954155
0.03459416108671576 0.0009764714341145009
0.04239410976879299 0.001290453194087604
0.0411547944531776 0.001256732011825079
0.039622201467864215 0.0012060406279488234
0.041740592452697456 0.0012725578253593994
0.04267226159572601 0.001300138592341682
0.03623527311719954 0.0010243537162750727
0.039834256866015494 0.0012117912083340343
0.041090830869507045 0.0012542708791443147
0.04454013635404408 0.0013457505738188047
0.03944790770765394 0.0011995518889307277
0.059815023676492274 0.001539535291158245
0.03523454023525119 0.0009933443434420042
0.03448965260758996 0.0009725639647513162
0.03541703405790031 0.0009992889736167854
0.034712306689471006 0.0009804077617445728
0.035435825353488326 0.0009998798013839405
0.03450211777817458 0.0009729703579068882
0.03731220308691263 0.0010518421768210828
0.03543127456214279 0.0009997475499403663
0.0356243634596467 0.0010060762251669075
0.03572265093680471 0.0010098220100189792
0.035303646815009415 0.0009965954723156756
0.0437761788489297 0.0013303408795763971
0.03576263634022325 0.0010111215742654167
0.03546213509980589 0.0010008005829149624
0.035246196610387415 0.000993713418210973
0.03848563530482352 0.0010831141771632247
0.035289292805828154 0.0009961649939214112
0.0394305080990307 0.001197854666315834
0.04225782124558464 0.0012890440029877936
0.043478540144860744 0.001320928509812802
0.035289425868541 0.0009961939831555355
0.03565811621956527 0.0010072330151160713
0.04205071914475411 0.001281586364711984
0.03661802678834647 0.0010350999145884998
0.04103235504589975 0.001252305175512447
0.03848563530482352 0.0010831141771632247
0.03955997060984373 0.0012037676588079194
0.03460230166092515 0.000976746681772056
0.043042494216933846 0.001310072422711528
0.040992936003021896 0.0012497816933318973
0.041093108360655606 0.0012544081400847062
0.03848563530482352 0.0010831141771632247
0.06128038093447685 0.0016044859930843813
0.03737858752720058 0.0010562997031229315
0.035753164906054735 0.0010106704758072738
0.03944997442886233 0.0011998359605058795
0.04172684776131064 0.0012715974207822
0.04044875002000481 0.0012276195720914984
0.041436220228206366 0.0012635546609089943
0.04271061287727207 0.0013007387897232547
0.03559886198490858 0.0010051780845969915
0.04263480962254107 0.001299528639719938
0.03448186791501939 0.0009723302737256745
0.04109348665224388 0.001254444636288099
0.03460184985306114 0.0009766974453668809
0.03462451242376119 0.0009774814061529469
0.03713482420425862 0.0010472574176674243
0.03532868891488761 0.0009974739587050863
0.04355254350230098 0.0013224703088781098
