0.039932330371811986 0.0011176253319717944
0.04339352482929826 0.0012225454265717417
0.042679982841946185 0.0012029822173644789
0.0395803457358852 0.0011106461242889054
0.04375647380948067 0.0012328810480539687
0.042679982841946185 0.0012029822173644789
0.040293887723237276 0.0011302093334961683
0.042679982841946185 0.0012029822173644789
0.04339352482929826 0.0012225454265717417
0.04375647380948067 0.0012328810480539687
0.0395803457358852 0.0011106461242889054
0.04375647380948067 0.0012328810480539687
0.04375647380948067 0.0012328810480539687
0.04375647380948067 0.0012328810480539687
0.04375647380948067 0.0012328810480539687
0.04410845844540745 0.0012398602557368577
0.03848563530482352 0.0010831141771632247
0.04375647380948067 0.0012328810480539687
0.03848563530482352 0.0010831141771632247
0.042679982841946185 0.0012029822173644789
0.04375647380948067 0.0012328810480539687
0.04375647380948067 0.0012328810480539687
0.03848563530482352 0.0010831141771632247
0.040293887723237276 0.0011302093334961683
0.037051595048978925 0.0009165332239717827
0.03848563530482352 0.0010831141771632247
0.04339352482929826 0.0012225454265717417
0.04375647380948067 0.0012328810480539687
0.0395803457358852 0.0011106461242889054
0.04375647380948067 0.0012328810480539687
0.0395803457358852 0.0011106461242889054
0.04375647380948067 0.0012328810480539687
0.040293887723237276 0.0011302093334961683
0.04339352482929826 0.0012225454265717417
0.042679982841946185 0.0012029822173644789
0.04375647380948067 0.0012328810480539687
0.042679982841946185 0.0012029822173644789
0.042679982841946185 0.0012029822173644789
0.04375647380948067 0.0012328810480539687
0.037051595048978925 0.0009165332239717827
0.04375647380948067 0.0012328810480539687
0.042679982841946185 0.0012029822173644789
0.04339352482929826 0.0012225454265717417
0.040293887723237276 0.0011302093334961683
0.042679982841946185 0.0012029822173644789
0.04375647380948067 0.0012328810480539687
0.042679982841946185 0.0012029822173644789
0.03848563530482352 0.0010831141771632247
0.040293887723237276 0.0011302093334961683
0.042679982841946185 0.0012029822173644789
0.04375647380948067 0.0012328810480539687
0.03848563530482352 0.0010831141771632247
0.04375647380948067 0.0012328810480539687
0.04410845844540745 0.0012398602557368577
0.04410845844540745 0.0012398602557368577
0.04375647380948067 0.0012328810480539687
0.042679982841946185 0.0012029822173644789
0.03815281728748232 0.0010491356633792748
0.0395803457358852 0.0011106461242889054
0.04375647380948067 0.0012328810480539687
0.03848563530482352 0.0010831141771632247
0.04375647380948067 0.0012328810480539687
0.04410845844540745 0.0012398602557368577
0.04410845844540745 0.0012398602557368577
0.042679982841946185 0.0012029822173644789
0.04375647380948067 0.0012328810480539687
0.04339352482929826 0.0012225454265717417
0.042679982841946185 0.0012029822173644789
0.03848563530482352 0.0010831141771632247
0.042679982841946185 0.0012029822173644789
0.0395803457358852 0.0011106461242889054
0.04375647380948067 0.0012328810480539687
0.04375647380948067 0.0012328810480539687
0.04410845844540745 0.0012398602557368577
0.04339352482929826 0.0012225454265717417
0.037051595048978925 0.0009165332239717827
0.04375647380948067 0.0012328810480539687
0.04339352482929826 0.0012225454265717417
0.04375647380948067 0.0012328810480539687
0.04375647380948067 0.0012328810480539687
0.04375647380948067 0.0012328810480539687
0.042679982841946185 0.0012029822173644789
0.04375647380948067 0.0012328810480539687
0.042679982841946185 0.0012029822173644789
0.042679982841946185 0.0012029822173644789
0.038081153528764844 0.0010441131271363702
0.04375647380948067 0.0012328810480539687
0.04339352482929826 0.0012225454265717417
0.04375647380948067 0.0012328810480539687
0.03848563530482352 0.0010831141771632247
0.04410845844540745 0.0012398602557368577
0.042679982841946185 0.0012029822173644789
0.040293887723237276 0.0011302093334961683
0.042679982841946185 0.0012029822173644789
0.04375647380948067 0.0012328810480539687
0.04410845844540745 0.0012398602557368577
0.042679982841946185 0.0012029822173644789
0.04375647380948067 0.0012328810480539687
0.04375647380948067 0.0012328810480539687
0.042679982841946185 0.0012029822173644789
0.0395803457358852 0.0011106461242889054
0.04410845844540745 0.0012398602557368577
0.03848563530482352 0.0010831141771632247
0.04375647380948067 0.0012328810480539687
0.04339352482929826 0.0012225454265717417
0.042679982841946185 0.0012029822173644789
0.040293887723237276 0.0011302093334961683
0.04375647380948067 0.0012328810480539687
0.048425898887217045 0.0013214682985562831
0.038081153528764844 0.0010441131271363702
0.04375647380948067 0.0012328810480539687
0.042679982841946185 0.0012029822173644789
0.03848563530482352 0.0010831141771632247
0.04375647380948067 0.0012328810480539687
0.042679982841946185 0.0012029822173644789
0.042679982841946185 0.0012029822173644789
0.040293887723237276 0.0011302093334961683
0.040293887723237276 0.0011302093334961683
0.04375647380948067 0.0012328810480539687
0.04375647380948067 0.0012328810480539687
0.04375647380948067 0.0012328810480539687
0.040293887723237276 0.0011302093334961683
0.04375647380948067 0.0012328810480539687
0.03848563530482352 0.0010831141771632247
0.042679982841946185 0.0012029822173644789
0.042679982841946185 0.0012029822173644789
0.038081153528764844 0.0010441131271363702
0.04375647380948067 0.0012328810480539687
0.04375647380948067 0.0012328810480539687
0.042679982841946185 0.0012029822173644789
0.042679982841946185 0.0012029822173644789
0.039932330371811986 0.0011176253319717944
0.04410845844540745 0.0012398602557368577
0.04375647380948067 0.0012328810480539687
0.042679982841946185 0.0012029822173644789
0.04375647380948067 0.0012328810480539687
0.042679982841946185 0.0012029822173644789
0.04375647380948067 0.0012328810480539687
0.04339352482929826 0.0012225454265717417
0.04339352482929826 0.0012225454265717417
0.0395803457358852 0.0011106461242889054
0.042679982841946185 0.0012029822173644789
0.04375647380948067 0.0012328810480539687
0.04375647380948067 0.0012328810480539687
0.04339352482929826 0.0012225454265717417
0.04339352482929826 0.0012225454265717417
0.04375647380948067 0.0012328810480539687
0.042679982841946185 0.0012029822173644789
0.039932330371811986 0.0011176253319717944
0.04339352482929826 0.0012225454265717417
0.04375647380948067 0.0012328810480539687
0.0395803457358852 0.0011106461242889054
0.04375647380948067 0.0012328810480539687
0.04375647380948067 0.0012328810480539687
0.04375647380948067 0.0012328810480539687
0.03848563530482352 0.0010831141771632247
0.042679982841946185 0.0012029822173644789
0.04375647380948067 0.0012328810480539687
0.04375647380948067 0.0012328810480539687
0.04375647380948067 0.0012328810480539687
0.0395803457358852 0.0011106461242889054
0.04375647380948067 0.0012328810480539687
0.04339352482929826 0.0012225454265717417
0.040293887723237276 0.0011302093334961683
0.042679982841946185 0.0012029822173644789
0.042679982841946185 0.0012029822173644789
0.042679982841946185 0.0012029822173644789
0.04375647380948067 0.0012328810480539687
0.04339352482929826 0.0012225454265717417
0.04375647380948067 0.0012328810480539687
0.042679982841946185 0.0012029822173644789
0.04375647380948067 0.0012328810480539687
0.04375647380948067 0.0012328810480539687
0.04375647380948067 0.0012328810480539687
0.04375647380948067 0.0012328810480539687
0.04375647380948067 0.0012328810480539687
0.03848563530482352 0.0010831141771632247
0.04375647380948067 0.0012328810480539687
0.04375647380948067 0.0012328810480539687
0.0395803457358852 0.0011106461242889054
0.0395803457358852 0.0011106461242889054
0.0395803457358852 0.0011106461242889054
0.042679982841946185 0.0012029822173644789
0.0395803457358852 0.0011106461242889054
0.04375647380948067 0.0012328810480539687
0.04410845844540745 0.0012398602557368577
0.037051595048978925 0.0009165332239717827
0.040293887723237276 0.0011302093334961683
0.04339352482929826 0.0012225454265717417
0.04375647380948067 0.0012328810480539687
0.04375647380948067 0.0012328810480539687
0.039932330371811986 0.0011176253319717944
0.04339352482929826 0.0012225454265717417
0.04375647380948067 0.0012328810480539687
0.042679982841946185 0.0012029822173644789
0.042679982841946185 0.0012029822173644789
0.04410845844540745 0.0012398602557368577
0.04375647380948067 0.0012328810480539687
0.042679982841946185 0.0012029822173644789
0.04375647380948067 0.0012328810480539687
0.042679982841946185 0.0012029822173644789
0.042679982841946185 0.0012029822173644789
0.040293887723237276 0.0011302093334961683
0.042679982841946185 0.0012029822173644789
0.04375647380948067 0.0012328810480539687
0.04339352482929826 0.0012225454265717417
0.04375647380948067 0.0012328810480539687
0.042679982841946185 0.0012029822173644789
0.04375647380948067 0.0012328810480539687
0.042679982841946185 0.0012029822173644789
0.042679982841946185 0.0012029822173644789
0.04339352482929826 0.0012225454265717417
0.04339352482929826 0.0012225454265717417
0.04339352482929826 0.0012225454265717417
0.04339352482929826 0.0012225454265717417
0.042679982841946185 0.0012029822173644789
0.04339352482929826 0.0012225454265717417
0.042679982841946185 0.0012029822173644789
0.04375647380948067 0.0012328810480539687
0.04339352482929826 0.0012225454265717417
0.038081153528764844 0.0010441131271363702
0.039932330371811986 0.0011176253319717944
0.04375647380948067 0.0012328810480539687
0.042679982841946185 0.0012029822173644789
0.04339352482929826 0.0012225454265717417
0.039932330371811986 0.0011176253319717944
0.04339352482929826 0.0012225454265717417
0.04375647380948067 0.0012328810480539687
0.0395803457358852 0.0011106461242889054
0.042679982841946185 0.0012029822173644789
0.04375647380948067 0.0012328810480539687
0.04339352482929826 0.0012225454265717417
0.042679982841946185 0.0012029822173644789
0.03848563530482352 0.0010831141771632247
0.0395803457358852 0.0011106461242889054
0.0395803457358852 0.0011106461242889054
0.042679982841946185 0.0012029822173644789
0.04996470490004867 0.0013316650001797825
0.042679982841946185 0.0012029822173644789
0.03848563530482352 0.0010831141771632247
0.040293887723237276 0.0011302093334961683
0.039932330371811986 0.0011176253319717944
0.042679982841946185 0.0012029822173644789
0.04339352482929826 0.0012225454265717417
0.04375647380948067 0.0012328810480539687
0.04375647380948067 0.0012328810480539687
0.040293887723237276 0.0011302093334961683
0.04375647380948067 0.0012328810480539687
0.04996470490004867 0.0013316650001797825
0.03848563530482352 0.0010831141771632247
0.04410845844540745 0.0012398602557368577
0.03815281728748232 0.0010491356633792748
0.042679982841946185 0.0012029822173644789
0.042679982841946185 0.0012029822173644789
0.03848563530482352 0.0010831141771632247
0.038081153528764844 0.0010441131271363702
0.042679982841946185 0.0012029822173644789
0.04375647380948067 0.0012328810480539687
0.0395803457358852 0.0011106461242889054
0.042679982841946185 0.0012029822173644789
0.0395803457358852 0.0011106461242889054
0.04339352482929826 0.0012225454265717417
0.04375647380948067 0.0012328810480539687
0.04339352482929826 0.0012225454265717417
0.04375647380948067 0.0012328810480539687
0.042679982841946185 0.0012029822173644789
0.042679982841946185 0.0012029822173644789
0.042679982841946185 0.0012029822173644789
0.040293887723237276 0.0011302093334961683
0.04410845844540745 0.0012398602557368577
0.04375647380948067 0.0012328810480539687
0.042679982841946185 0.0012029822173644789
0.04339352482929826 0.0012225454265717417
0.04375647380948067 0.0012328810480539687
0.038081153528764844 0.0010441131271363702
0.042679982841946185 0.0012029822173644789
0.042679982841946185 0.0012029822173644789
0.04375647380948067 0.0012328810480539687
0.040293887723237276 0.0011302093334961683
0.042679982841946185 0.0012029822173644789
0.04375647380948067 0.0012328810480539687
0.04375647380948067 0.0012328810480539687
0.04339352482929826 0.0012225454265717417
0.04375647380948067 0.0012328810480539687
0.037051595048978925 0.0009165332239717827
0.040293887723237276 0.0011302093334961683
0.04375647380948067 0.0012328810480539687
0.04375647380948067 0.0012328810480539687
0.04375647380948067 0.0012328810480539687
0.04375647380948067 0.0012328810480539687
0.03848563530482352 0.0010831141771632247
0.042679982841946185 0.0012029822173644789
0.04339352482929826 0.0012225454265717417
0.042679982841946185 0.0012029822173644789
0.04375647380948067 0.0012328810480539687
0.042679982841946185 0.0012029822173644789
0.03848563530482352 0.0010831141771632247
0.04375647380948067 0.0012328810480539687
0.048425898887217045 0.0013214682985562831
0.042679982841946185 0.0012029822173644789
0.039932330371811986 0.0011176253319717944
0.04339352482929826 0.0012225454265717417
0.04375647380948067 0.0012328810480539687
0.04375647380948067 0.0012328810480539687
0.04375647380948067 0.0012328810480539687
0.03848563530482352 0.0010831141771632247
0.04375647380948067 0.0012328810480539687
0.042679982841946185 0.0012029822173644789
0.039932330371811986 0.0011176253319717944
0.037051595048978925 0.0009165332239717827
0.04410845844540745 0.0012398602557368577
0.04339352482929826 0.0012225454265717417
0.040293887723237276 0.0011302093334961683
0.04375647380948067 0.0012328810480539687
0.042679982841946185 0.0012029822173644789
0.040293887723237276 0.0011302093334961683
0.042679982841946185 0.0012029822173644789
0.04375647380948067 0.0012328810480539687
0.042679982841946185 0.0012029822173644789
0.03848563530482352 0.0010831141771632247
0.04375647380948067 0.0012328810480539687
0.042679982841946185 0.0012029822173644789
0.042679982841946185 0.0012029822173644789
0.042679982841946185 0.0012029822173644789
0.04375647380948067 0.0012328810480539687
0.04375647380948067 0.0012328810480539687
0.04339352482929826 0.0012225454265717417
0.04996470490004867 0.0013316650001797825
0.042679982841946185 0.0012029822173644789
0.04339352482929826 0.0012225454265717417
0.04410845844540745 0.0012398602557368577
0.042679982841946185 0.0012029822173644789
0.042679982841946185 0.0012029822173644789
0.0395803457358852 0.0011106461242889054
0.04375647380948067 0.0012328810480539687
0.039932330371811986 0.0011176253319717944
0.04375647380948067 0.0012328810480539687
0.04375647380948067 0.0012328810480539687
0.04375647380948067 0.0012328810480539687
0.04339352482929826 0.0012225454265717417
0.040293887723237276 0.0011302093334961683
0.042679982841946185 0.0012029822173644789
0.037051595048978925 0.0009165332239717827
0.03848563530482352 0.0010831141771632247
0.042679982841946185 0.0012029822173644789
0.04375647380948067 0.0012328810480539687
0.042679982841946185 0.0012029822173644789
0.042679982841946185 0.0012029822173644789
0.042679982841946185 0.0012029822173644789
0.039932330371811986 0.0011176253319717944
0.040293887723237276 0.0011302093334961683
0.03815281728748232 0.0010491356633792748
0.04375647380948067 0.0012328810480539687
0.04018530109897256 0.001123472051403951
0.042679982841946185 0.0012029822173644789
0.038081153528764844 0.0010441131271363702
0.040293887723237276 0.0011302093334961683
0.04375647380948067 0.0012328810480539687
0.03848563530482352 0.0010831141771632247
0.04339352482929826 0.0012225454265717417
0.04375647380948067 0.0012328810480539687
0.04375647380948067 0.0012328810480539687
0.040293887723237276 0.0011302093334961683
0.042679982841946185 0.0012029822173644789
0.03848563530482352 0.0010831141771632247
0.04375647380948067 0.0012328810480539687
0.040293887723237276 0.0011302093334961683
0.042679982841946185 0.0012029822173644789
0.03848563530482352 0.0010831141771632247
0.04375647380948067 0.0012328810480539687
0.039932330371811986 0.0011176253319717944
0.042679982841946185 0.0012029822173644789
0.042679982841946185 0.0012029822173644789
0.0395803457358852 0.0011106461242889054
0.040293887723237276 0.0011302093334961683
0.04339352482929826 0.0012225454265717417
0.04410845844540745 0.0012398602557368577
0.04375647380948067 0.0012328810480539687
0.042679982841946185 0.0012029822173644789
0.0395803457358852 0.0011106461242889054
0.04339352482929826 0.0012225454265717417
0.042679982841946185 0.0012029822173644789
0.03848563530482352 0.0010831141771632247
0.042679982841946185 0.0012029822173644789
0.04339352482929826 0.0012225454265717417
0.0395803457358852 0.0011106461242889054
0.04339352482929826 0.0012225454265717417
0.04375647380948067 0.0012328810480539687
0.04339352482929826 0.0012225454265717417
0.042679982841946185 0.0012029822173644789
0.042679982841946185 0.0012029822173644789
0.0395803457358852 0.0011106461242889054
0.042679982841946185 0.0012029822173644789
0.03848563530482352 0.0010831141771632247
0.042679982841946185 0.0012029822173644789
0.04375647380948067 0.0012328810480539687
0.03815281728748232 0.0010491356633792748
0.042679982841946185 0.0012029822173644789
0.04375647380948067 0.0012328810480539687
0.0395803457358852 0.0011106461242889054
0.04375647380948067 0.0012328810480539687
0.04339352482929826 0.0012225454265717417
0.04339352482929826 0.0012225454265717417
0.042679982841946185 0.0012029822173644789
0.042679982841946185 0.0012029822173644789
0.042679982841946185 0.0012029822173644789
0.04339352482929826 0.0012225454265717417
0.042679982841946185 0.0012029822173644789
0.03848563530482352 0.0010831141771632247
0.03848563530482352 0.0010831141771632247
0.04375647380948067 0.0012328810480539687
0.04375647380948067 0.0012328810480539687
0.0395803457358852 0.0011106461242889054
0.042679982841946185 0.0012029822173644789
0.0395803457358852 0.0011106461242889054
0.04375647380948067 0.0012328810480539687
0.042679982841946185 0.0012029822173644789
0.04339352482929826 0.0012225454265717417
0.042679982841946185 0.0012029822173644789
0.040293887723237276 0.0011302093334961683
0.042679982841946185 0.0012029822173644789
0.04375647380948067 0.0012328810480539687
0.04375647380948067 0.0012328810480539687
0.0395803457358852 0.0011106461242889054
0.04339352482929826 0.0012225454265717417
0.04339352482929826 0.0012225454265717417
0.042679982841946185 0.0012029822173644789
0.0395803457358852 0.0011106461242889054
0.04375647380948067 0.0012328810480539687
0.04375647380948067 0.0012328810480539687
0.03848563530482352 0.0010831141771632247
0.0395803457358852 0.0011106461242889054
0.04339352482929826 0.0012225454265717417
0.040293887723237276 0.0011302093334961683
0.03848563530482352 0.0010831141771632247
0.04375647380948067 0.0012328810480539687
0.042679982841946185 0.0012029822173644789
0.04339352482929826 0.0012225454265717417
0.04339352482929826 0.0012225454265717417
0.04375647380948067 0.0012328810480539687
0.04375647380948067 0.0012328810480539687
0.04375647380948067 0.0012328810480539687
0.04339352482929826 0.0012225454265717417
0.04339352482929826 0.0012225454265717417
0.04375647380948067 0.0012328810480539687
0.048425898887217045 0.0013214682985562831
0.042679982841946185 0.0012029822173644789
0.04339352482929826 0.0012225454265717417
0.03848563530482352 0.0010831141771632247
0.03848563530482352 0.0010831141771632247
0.03848563530482352 0.0010831141771632247
0.042679982841946185 0.0012029822173644789
0.042679982841946185 0.0012029822173644789
0.038081153528764844 0.0010441131271363702
0.042679982841946185 0.0012029822173644789
0.04375647380948067 0.0012328810480539687
0.04339352482929826 0.0012225454265717417
0.04410845844540745 0.0012398602557368577
0.04375647380948067 0.0012328810480539687
0.037051595048978925 0.0009165332239717827
0.042679982841946185 0.0012029822173644789
0.042679982841946185 0.0012029822173644789
0.040293887723237276 0.0011302093334961683
0.04375647380948067 0.0012328810480539687
0.042679982841946185 0.0012029822173644789
0.042679982841946185 0.0012029822173644789
0.042679982841946185 0.0012029822173644789
0.042679982841946185 0.0012029822173644789
0.04410845844540745 0.0012398602557368577
0.04339352482929826 0.0012225454265717417
0.04339352482929826 0.0012225454265717417
0.042679982841946185 0.0012029822173644789
0.04375647380948067 0.0012328810480539687
0.04375647380948067 0.0012328810480539687
0.04375647380948067 0.0012328810480539687
0.04375647380948067 0.0012328810480539687
0.04375647380948067 0.0012328810480539687
0.04375647380948067 0.0012328810480539687
0.042679982841946185 0.0012029822173644789
0.03848563530482352 0.0010831141771632247
0.042679982841946185 0.0012029822173644789
0.04375647380948067 0.0012328810480539687
0.03848563530482352 0.0010831141771632247
0.0395803457358852 0.0011106461242889054
0.04375647380948067 0.0012328810480539687
0.042679982841946185 0.0012029822173644789
0.042679982841946185 0.0012029822173644789
0.042679982841946185 0.0012029822173644789
0.042679982841946185 0.0012029822173644789
0.040293887723237276 0.0011302093334961683
0.04375647380948067 0.0012328810480539687
