0.040835936 0.0011344884
0.04083129 0.0011344738
0.040820614 0.0011342028
0.04646861 0.0012804086
0.042357165 0.0011794898
0.039032664 0.0010824426
0.043240603 0.001203263
0.04576035 0.0012650507
0.045377716 0.0012541879
0.03917146 0.001086429
0.043797757 0.0012191054
0.045759883 0.0012648333
0.043336574 0.0012063297
0.04302734 0.0011974189
0.043869887 0.0012213276
0.043892384 0.0012213346
0.038261626 0.0010590614
0.04218282 0.0011737936
0.04584218 0.0012663407
0.04386354 0.0012208892
0.04650961 0.0012810922
0.03829045 0.0010602148
0.04645744 0.0012802607
0.042512514 0.0011834385
0.0385995 0.0010699495
0.045982502 0.0012702147
0.04574397 0.0012647132
0.043477163 0.001209958
0.04057793 0.0011287545
0.04570455 0.0012636043
0.039544374 0.0010946799
0.0464895 0.0012805146
0.04064483 0.001130674
0.046200406 0.0012748847
0.04567985 0.0012631606
0.045775857 0.0012653902
0.03892544 0.0010806514
0.045834385 0.0012658746
0.043903787 0.0012217334
0.043819822 0.0012202557
0.04353591 0.0012113092
0.043477513 0.0012102677
0.04233698 0.0011790504
0.043909304 0.0012218646
0.039562646 0.0010950088
0.04355184 0.0012123078
0.043792505 0.0012185054
0.039754044 0.0011031758
0.039559614 0.001094767
0.04385416 0.0012204637
0.043699823 0.0012169984
0.040131275 0.0011120881
0.039160423 0.0010859887
0.043901626 0.0012216364
0.041095972 0.001144982
0.04399869 0.0012260661
0.03957236 0.0010960627
0.04397275 0.0012242298
0.04253219 0.001185824
0.038337737 0.001063853
0.0410626 0.0011430132
0.04244545 0.0011825456
0.046993136 0.0012902812
0.038121544 0.0010555245
0.047632057 0.0013056456
0.03895049 0.0010809529
0.04678614 0.0012886191
0.039866563 0.0011063125
0.046228047 0.0012781215
0.04521112 0.0012507054
0.04143857 0.0011547026
0.042226538 0.0011761277
0.038759768 0.0010767609
0.040453505 0.0011264826
0.04043274 0.0011257621
0.042029105 0.001170638
0.041955534 0.0011687599
0.04280333 0.0011923524
0.03811695 0.0010550562
0.039074305 0.0010846218
0.041089267 0.0011439793
0.041994844 0.0011703157
0.040474035 0.0011276086
0.038330607 0.001063376
0.04802885 0.0013132518
0.042228308 0.0011761367
0.042036425 0.0011708143
0.046217103 0.0012780695
0.04716047 0.0012912189
0.04145288 0.0011549551
0.042228486 0.0011763722
0.041263614 0.0011495712
0.04125203 0.0011493223
0.03890927 0.0010787757
0.042250637 0.001176824
0.04795117 0.0013105208
0.042024724 0.001170551
0.041285355 0.0011503767
0.038335454 0.0010636604
0.04133938 0.0011515303
0.03832704 0.0010631491
0.039472423 0.0010926783
0.042248003 0.0011767895
0.04246996 0.0011829629
0.041275088 0.0011499533
0.0420608 0.0011715111
0.038167495 0.001058904
0.04255055 0.0011861788
0.042576473 0.00118642
0.03833912 0.001063871
0.043924604 0.0012229437
0.04145875 0.0011549856
0.043604456 0.0012143253
0.03871511 0.0010736276
0.048059557 0.001313404
0.046613615 0.0012863205
0.043965284 0.0012237143
0.038743377 0.0010757486
0.044195138 0.0012305231
0.043676365 0.0012164674
0.043572016 0.001212694
0.041897435 0.001167554
0.041284025 0.0011500634
0.041208487 0.0011485774
0.039101098 0.0010855848
0.03889317 0.0010786209
0.046301 0.0012797886
0.038429614 0.001065952
0.038123883 0.001055736
0.043995682 0.0012255977
0.039065614 0.0010843322
0.043982893 0.0012252377
0.047317956 0.0012981795
0.038312547 0.0010620428
0.04042521 0.0011245909
0.04043334 0.0011262497
0.04027361 0.0011210018
0.038120035 0.0010552298
0.045714963 0.0012639046
0.03985369 0.0011058126
0.041086316 0.0011439357
0.041433286 0.0011546483
0.044263095 0.0012327303
0.04099336 0.0011415122
0.04106345 0.0011432893
0.04398342 0.0012253455
0.04142873 0.0011545197
0.042370852 0.0011805196
0.03992669 0.0011080178
0.042196028 0.001175729
0.041198675 0.0011480665
0.041331038 0.0011511426
0.042186156 0.0011752144
0.03985835 0.0011062283
0.046683315 0.0012874324
0.03992563 0.0011079181
0.044205178 0.0012307464
0.042176347 0.0011735015
0.042589877 0.001187098
0.038339347 0.0010639654
0.046013344 0.0012727939
0.038529675 0.001067776
0.045622617 0.0012620232
0.04112707 0.0011450499
0.046601538 0.0012859678
0.040422723 0.0011245566
0.037997082 0.0010480392
0.040836815 0.0011349767
0.038340837 0.0010641362
0.041289136 0.0011505175
0.04248653 0.0011832595
0.0414644 0.0011551016
0.038721755 0.0010741429
0.039452106 0.0010920767
0.040464543 0.001126857
0.044195257 0.0012305396
0.041233588 0.0011489262
0.041274235 0.001149817
0.04146853 0.0011552343
0.044203587 0.0012307225
0.04143851 0.0011547019
0.043976773 0.0012252119
0.038326226 0.0010630946
0.041438907 0.0011548282
0.03832392 0.0010629189
0.04659818 0.0012853653
0.04734647 0.0012999669
0.041178197 0.001147607
0.041197598 0.0011476141
0.04663122 0.0012864731
0.041329797 0.0011510685
0.045612358 0.0012613074
0.04041842 0.001124004
0.04045259 0.0011264769
0.046521112 0.0012830846
0.04210528 0.0011722543
0.040256884 0.0011189556
0.038728688 0.0010754844
0.038742635 0.0010755452
0.045633316 0.0012625892
0.04425301 0.0012321473
0.038119707 0.0010551738
0.038314175 0.0010621117
0.04205903 0.0011714986
0.042523008 0.0011843587
0.042004112 0.0011704608
0.044483215 0.0012358038
0.04100983 0.0011418407
0.03811654 0.0010545542
0.041269213 0.0011497093
0.0390517 0.0010839069
0.041984923 0.0011694161
0.03891203 0.0010791807
0.038321536 0.0010626977
0.045624696 0.0012620483
0.038905933 0.0010786797
0.042274926 0.0011775418
0.042271204 0.0011772612
0.042755354 0.0011914568
0.03957999 0.0010966058
0.042083073 0.0011719327
0.039820194 0.0011057255
0.04050198 0.0011281397
0.039052863 0.0010839496
0.041946087 0.0011685187
0.040403407 0.001123797
0.040480345 0.0011279278
0.042655367 0.0011882429
0.04397993 0.0012252295
0.042604607 0.001188171
0.04132901 0.0011509511
0.03909287 0.0010847832
0.042261813 0.0011771134
0.04209572 0.0011721532
0.03817055 0.001059032
0.0443116 0.001232798
0.04667487 0.001287221
0.041463982 0.0011551003
0.042344958 0.0011794223
0.038751464 0.0010760955
0.042237557 0.0011765893
0.045599252 0.0012605049
0.04448495 0.0012360356
0.0402169 0.0011172486
0.0387693 0.0010773566
0.038713656 0.0010735717
0.039932687 0.0011080689
0.042566426 0.001186278
0.03871939 0.001073948
0.042454813 0.0011827695
0.0395668 0.0010955149
0.039047133 0.001083722
0.038537603 0.0010687327
0.04601764 0.0012731185
0.04140388 0.0011538791
0.042670507 0.0011886874
0.040804412 0.0011340237
0.038716562 0.0010739377
0.039753176 0.0011026493
0.039045908 0.0010836254
0.042467207 0.0011829485
0.038418066 0.001065836
0.041249923 0.0011491539
0.043581475 0.0012135203
0.040227424 0.0011177729
0.038324483 0.0010630275
0.040470973 0.0011270484
0.044186324 0.001230137
0.044563074 0.0012382474
0.041266292 0.0011495979
0.041269798 0.0011497696
0.04631342 0.001280065
0.045619573 0.0012616339
0.0476245 0.0013049626
0.03812341 0.0010556806
0.04085 0.0011354116
0.042063873 0.0011716782
0.042515803 0.0011838959
0.042090468 0.0011720943
0.040266275 0.0011194703
0.03874601 0.0010759634
0.039567832 0.0010957338
0.04600415 0.0012720727
0.043592103 0.0012142153
0.03812898 0.0010561162
0.03855319 0.0010695835
0.038318533 0.0010623694
0.04247936 0.0011832146
0.03943469 0.0010911288
0.03943633 0.0010912148
0.0410142 0.0011420086
0.04561414 0.0012614168
0.042369846 0.0011801991
0.042259 0.0011768932
0.04147082 0.001155282
0.041968185 0.0011691228
0.045609433 0.001260938
0.042807553 0.0011925483
0.046028607 0.001273671
0.043583386 0.0012138323
0.04395421 0.0012231509
0.043993328 0.001225431
0.047348943 0.0013001707
0.04126014 0.0011494032
0.042053994 0.0011711556
0.03832789 0.0010632091
0.038123034 0.0010555399
0.044216264 0.0012308484
0.03875356 0.0010762692
0.041263383 0.0011495008
0.04200773 0.0011705244
0.04198083 0.0011692914
0.042038552 0.0011708792
0.03832373 0.0010628755
0.04131447 0.0011506764
0.042209268 0.0011760339
0.038127977 0.0010560235
0.03947352 0.0010927975
0.042267635 0.001177213
0.03833161 0.0010635108
0.041423596 0.0011543215
0.03905833 0.0010841565
0.041282058 0.0011499673
0.038888868 0.0010783136
0.038527567 0.001067522
0.04198052 0.0011692854
0.038324952 0.0010630507
0.0402297 0.0011179766
0.038121354 0.0010553647
0.040462017 0.0011267039
0.038328126 0.0010632292
0.03906652 0.001084465
0.038953494 0.0010812053
0.03833338 0.0010636554
0.041168798 0.0011472737
0.04147236 0.0011553492
0.03991231 0.0011076992
0.03957294 0.0010964312
0.046015065 0.0012729185
0.04424331 0.0012315083
0.038333256 0.0010635176
0.043582413 0.0012135752
0.038526118 0.0010672322
0.04020712 0.0011165893
0.0388914 0.0010785877
0.042454306 0.001182699
0.04600686 0.0012721625
0.042519 0.0011839587
0.04421956 0.0012312926
0.04239265 0.0011823446
0.03872678 0.0010743693
0.041462943 0.0011550526
0.038575433 0.0010699466
0.04146779 0.0011551987
0.038322918 0.0010627453
0.038125638 0.0010558199
0.047630776 0.0013050825
0.043993883 0.0012254381
0.041333698 0.0011513847
0.042706616 0.0011893524
0.042861164 0.001193753
0.039442863 0.001091703
0.040977392 0.0011412657
0.04137059 0.0011532668
0.03986957 0.0011064044
0.038125254 0.0010557529
0.042095445 0.0011721438
0.038728252 0.0010746634
0.046239745 0.0012784933
0.0428296 0.0011929801
0.046038676 0.0012748579
0.03835998 0.0010653896
0.04603282 0.001274182
0.04103983 0.0011428823
0.040257767 0.0011191089
0.042236388 0.0011764509
0.038913105 0.0010793763
0.040244896 0.0011185408
0.036410134 0.00085376616
0.03799524 0.0010463939
0.03973865 0.0011007017
0.040796224 0.0011330441
0.040975854 0.001139467
0.036796015 0.0009363937
0.0378605 0.001036909
0.039696593 0.001100684
0.0409126 0.0011383062
0.039326962 0.0010888499
0.037895035 0.0010384764
0.037846897 0.0010368102
0.04064037 0.0011305385
0.037618846 0.0010207082
0.04528655 0.0012529544
0.036759555 0.0009351772
0.039347265 0.001089072
0.036759462 0.0009349254
0.042181555 0.0011736603
0.039028954 0.0010819244
0.037888728 0.0010382632
0.039379425 0.0010902684
0.036763493 0.0009357005
0.043373227 0.0012065062
0.039375603 0.0010899232
0.036394842 0.0008503607
0.0372805 0.0009904711
0.040604156 0.0011298961
0.045318596 0.0012541821
0.039381083 0.0010906556
0.037977207 0.0010449762
0.04070824 0.0011326277
0.039745368 0.0011009995
0.0388605 0.0010778977
0.03902037 0.001081392
0.039745744 0.0011010283
0.036460053 0.0008543025
0.037286673 0.000990637
0.039018825 0.0010813321
0.045304753 0.0012532753
0.04330517 0.0012040607
0.036761034 0.0009355277
0.043208875 0.0012025473
0.03810027 0.0010530322
0.044720463 0.0012420702
0.039348952 0.0010893722
0.038050197 0.0010513349
0.043188035 0.0012015769
0.045115475 0.0012505715
0.04472821 0.0012422951
0.043185823 0.0012012077
0.044414256 0.0012349659
0.038475066 0.0010668708
0.038066305 0.001051336
0.045040708 0.0012473108
0.03935017 0.0010896517
0.04472335 0.0012421431
0.044734176 0.0012426818
0.040574674 0.0011284527
0.039351735 0.0010899127
0.044964336 0.0012469628
0.039690815 0.0010993367
0.038079917 0.0010517668
0.038461942 0.0010662528
0.04510022 0.0012498822
0.040187154 0.0011148682
0.043172974 0.0012010152
0.044428565 0.0012350298
0.04015146 0.0011128406
0.038042136 0.0010504033
0.04086698 0.001137251
0.041887425 0.0011656833
0.044440877 0.0012357212
0.03845968 0.0010660553
0.044728898 0.001242303
0.044672385 0.0012412646
0.043312065 0.0012051578
0.04521227 0.0012512665
0.045381743 0.0012553562
0.039342795 0.0010889253
0.03804361 0.0010511676
0.043231595 0.0012027465
0.04472452 0.001242179
0.04442952 0.0012354428
0.044821218 0.0012445367
0.045217127 0.0012514186
0.04065533 0.0011318448
0.044718187 0.001241796
0.04508276 0.0012478799
0.040121157 0.0011106837
0.046550896 0.0012837425
0.039348077 0.0010893161
0.040127017 0.0011119578
0.043195304 0.0012016575
0.039041907 0.0010824576
0.040593147 0.0011291164
0.043190982 0.0012016362
0.040921073 0.0011388949
0.03810821 0.0010530412
0.03830147 0.001060317
0.03737816 0.0010019995
0.045041494 0.0012474026
0.045859504 0.0012689525
0.04472672 0.0012422053
0.04036585 0.0011219556
0.038457938 0.0010659555
0.043195836 0.0012016937
0.044737533 0.0012433445
0.045051333 0.0012474618
0.039022855 0.0010818093
0.043110993 0.0011995009
0.044728953 0.0012424251
0.04293544 0.0011953108
0.0418112 0.0011639559
0.04167578 0.0011605743
0.044357862 0.0012342214
0.041605428 0.0011587067
0.045440156 0.0012579386
0.040385846 0.0011224775
0.04230621 0.0011782044
0.041629307 0.0011593957
0.040023968 0.0011095472
0.042991236 0.0011972227
0.040193517 0.0011155044
0.04278995 0.0011917036
0.041709725 0.001161366
0.04012264 0.001111541
0.041740686 0.0011622083
0.04181298 0.0011640467
0.038610008 0.0010706203
0.040020313 0.0011094345
0.04169649 0.0011610572
0.039264105 0.0010884553
0.040048435 0.0011099207
0.04167001 0.0011603809
0.03928144 0.0010887526
0.041754615 0.0011624953
0.040406175 0.0011239374
0.039269023 0.0010885794
0.04292939 0.0011952878
0.04298357 0.0011970628
0.039203532 0.0010874614
0.042836614 0.0011930807
0.044159953 0.0012297976
0.04175096 0.0011624172
0.03999195 0.0011089813
0.04182441 0.0011642649
0.03924704 0.001088169
0.04157424 0.0011580462
0.03928492 0.0010888247
0.042906027 0.0011945663
0.04289364 0.0011944164
0.042881213 0.0011939945
0.03924253 0.0010880987
0.040048998 0.0011099242
0.0416067 0.0011588377
0.04298953 0.0011971439
0.04185401 0.001165028
0.040065758 0.0011102458
0.04174984 0.0011623941
0.040040277 0.0011097939
0.04164812 0.0011598049
0.039971888 0.001108292
0.042741664 0.001190373
0.041769005 0.0011629568
0.041676357 0.0011606262
0.04022637 0.0011172603
0.03864559 0.0010716819
0.042684928 0.001189063
0.041622397 0.0011592588
0.04185405 0.0011650857
0.04181644 0.0011640884
0.04114602 0.0011458973
0.042874366 0.0011938063
0.04171016 0.0011614015
0.041695677 0.0011609995
0.040009126 0.001109294
0.04295633 0.0011959968
0.041700896 0.0011611356
0.040005155 0.0011091762
0.041566245 0.0011578347
0.042914756 0.0011948108
0.039261103 0.0010884468
0.03997646 0.0011085013
0.041722436 0.0011617548
0.041718856 0.0011616113
0.040031355 0.001109728
0.041744743 0.0011623221
0.042918146 0.0011949075
0.0427907 0.0011919377
0.04177382 0.0011631261
0.04162269 0.0011592668
0.041545942 0.0011572002
0.041682314 0.0011606528
0.03998943 0.0011089038
0.044637382 0.001239202
0.039996035 0.0011090423
0.03867679 0.0010719494
0.04433782 0.001233626
0.044170424 0.0012299767
0.038680453 0.0010719744
0.04008804 0.0011106628
0.044332746 0.0012332957
0.042960178 0.0011964133
0.038720075 0.0010740903
0.04288651 0.001194221
0.04002482 0.0011095504
0.041668598 0.0011603404
0.04155279 0.0011573969
0.04004919 0.0011099881
0.041889366 0.0011659892
0.041773498 0.001163085
0.03989605 0.0011064687
0.04233647 0.0011788788
0.041799992 0.0011637359
0.039257698 0.0010883422
0.040071312 0.0011103208
0.041523255 0.001156334
0.038698398 0.0010723638
0.04280331 0.0011922348
0.03866588 0.0010719016
0.040021494 0.0011095249
0.041714758 0.0011615336
0.0415668 0.00115787
0.043039873 0.0011980068
0.03922005 0.0010876769
0.041702878 0.0011611657
0.03860592 0.0010705215
0.039222505 0.0010877743
0.042985916 0.001197081
0.0416643 0.0011602658
0.043758057 0.0012184721
0.03927551 0.0010886751
0.041585747 0.0011581818
0.04291953 0.0011949164
0.044528622 0.0012381007
0.041613027 0.0011589157
0.04185018 0.0011649263
0.041804075 0.001163762
0.044633288 0.0012389359
0.040061913 0.0011102157
0.04493262 0.0012462599
0.043156072 0.0012008217
0.041840903 0.001164718
0.042854737 0.0011933863
0.04717871 0.0012925598
0.039233156 0.0010879535
0.04170039 0.0011611236
0.041621912 0.0011592454
0.044894844 0.0012454167
0.041754894 0.0011625586
0.04174341 0.0011622133
0.044627327 0.0012389036
0.041684076 0.001160741
0.039203096 0.0010874548
0.039156515 0.0010856979
0.042981118 0.0011970239
0.042931534 0.0011952923
0.038707577 0.00107346
0.04164219 0.0011596971
0.03923167 0.001087915
0.03919153 0.0010870661
0.03866804 0.0010719055
0.040013682 0.0011093809
0.041687917 0.0011608427
0.041660413 0.0011601794
0.041543074 0.0011570984
0.04278498 0.001191487
0.041751392 0.0011624532
0.04308208 0.0011990163
0.042662844 0.0011884395
0.03922555 0.0010878964
0.042849574 0.0011932255
0.041703366 0.0011612285
0.041763496 0.0011628893
0.039199125 0.0010873651
0.041728884 0.0011618711
0.03866312 0.0010718817
0.04175951 0.0011625987
0.04292803 0.0011951551
0.039998684 0.0011090676
0.041759934 0.0011626148
0.045424707 0.0012575357
0.044167597 0.0012298634
0.04170999 0.0011613765
0.039190825 0.0010870434
0.041689664 0.0011608612
0.0417884 0.0011634676
0.039891176 0.0011064357
0.041810077 0.0011639436
0.039271068 0.0010886146
0.041650273 0.0011599193
0.039258685 0.0010884041
0.04157029 0.0011578902
0.04170951 0.0011613604
0.041563485 0.0011577227
0.039265074 0.001088472
0.04170812 0.0011613143
0.038660657 0.0010718565
0.04171451 0.001161492
0.038110677 0.0010544703
0.039634496 0.0010970635
0.03927341 0.0010886441
0.04312079 0.0012002822
0.042917255 0.0011948233
0.042731334 0.0011902595
0.042788707 0.0011916286
0.03925222 0.0010882705
0.045419507 0.0012573622
0.04290156 0.0011944525
0.04167115 0.001160501
0.04290251 0.001194489
0.041650295 0.0011599197
0.042365327 0.0011797007
0.040029347 0.0011096478
0.041724347 0.0011617587
0.04149312 0.0011560075
0.042945012 0.0011958866
0.041749474 0.001162358
0.041633673 0.0011595235
0.040015213 0.0011093975
0.040080544 0.0011104372
0.04004101 0.0011098235
0.038651247 0.0010717016
0.041665815 0.0011603354
0.042923503 0.0011949929
0.041692343 0.0011609509
0.04164505 0.001159771
0.041605785 0.0011587213
0.041796498 0.0011635408
0.03920812 0.0010875419
0.041690014 0.0011609173
0.041836094 0.001164593
0.0427128 0.001189801
0.044893116 0.0012449223
0.041717008 0.0011615831
0.04294251 0.0011954884
0.0417007 0.00116113
0.040047117 0.0011099082
0.042827543 0.0011926064
0.0449274 0.0012461455
0.04163771 0.001159604
0.03830557 0.0010614771
0.039672446 0.0010978569
0.0386451 0.0010712778
0.041719954 0.0011616877
0.0392405 0.0010880779
0.04287435 0.001193772
0.038699128 0.0010727794
0.039425533 0.0010908048
0.043449905 0.0012096651
0.043499697 0.0012105429
0.04304322 0.0011980926
0.0406251 0.0011299542
0.0431027 0.0011992468
0.044121858 0.0012275439
0.043488707 0.0012104581
0.044122014 0.0012276282
0.04465922 0.0012402289
0.043464847 0.001209912
0.04350633 0.0012110727
0.04353826 0.0012114634
0.04305686 0.0011983843
0.043094404 0.0011991379
0.04412908 0.0012278494
0.039782237 0.0011046202
0.039436325 0.0010912013
0.03851368 0.0010671617
0.043517467 0.0012110999
0.03952929 0.0010944355
0.04344546 0.0012092617
0.043118518 0.0011996218
0.038513247 0.0010670581
0.038700353 0.0010729074
0.04413267 0.0012278697
0.039475136 0.001093251
0.043529358 0.0012111794
0.03942497 0.0010907748
0.038513828 0.0010671688
0.04504316 0.0012474576
0.04463743 0.0012402278
0.03942707 0.001090839
0.044659905 0.0012402382
0.03950352 0.0010938586
0.03949969 0.0010933122
0.043115236 0.0011995399
0.043673012 0.0012146676
0.043184556 0.0012011304
0.04212903 0.0011734208
0.043383528 0.0012083028
0.044121988 0.0012276275
0.03915713 0.001085937
0.0434175 0.001208888
0.04340512 0.0012086816
0.038513258 0.0010671543
0.043390978 0.0012084532
0.043032747 0.0011979004
0.039525613 0.001094345
0.043068174 0.0011985772
0.044119176 0.0012269318
0.039157424 0.0010859373
0.044137046 0.001229137
0.043505758 0.0012107224
0.04350317 0.0012105674
0.044125013 0.0012276318
0.04311983 0.0011996261
0.03952286 0.0010942904
0.043422695 0.0012090781
0.038692288 0.0010722122
0.043733384 0.0012172658
0.039517414 0.0010942724
0.043115307 0.0011995443
0.04350423 0.0012106957
0.043116797 0.0011995847
0.043075364 0.0011986898
0.045059364 0.0012477844
0.04303241 0.001197689
0.045796223 0.0012655827
0.03802731 0.0010481621
0.038024925 0.0010480596
0.04580669 0.0012656054
0.038034778 0.0010482885
0.038033538 0.0010482589
