0.042993174283765256 0.00128866824115903
0.04677986350725405 0.0013771028166047472
0.03701485358760692 0.0010816386720762239
0.03879189895815216 0.0011582264662592934
0.0376552464440465 0.0011072160585712254
0.03903476899722591 0.0011638585974651505
0.0458373139554169 0.001353320088583132
0.05067758330551442 0.001436302996808081
0.040363641863223165 0.001213307713442191
0.0352909124630969 0.0009434612162522171
0.04176388833730016 0.0012472716907723225
0.04193374828901142 0.0012572408511459798
0.03974719750112854 0.0012054568937855947
0.045869365145335905 0.001354036820885085
0.04463520954595879 0.0013274739660573687
0.05092643745592795 0.0014437770032600383
0.039517965487902984 0.0011929037464142311
0.045592963899252936 0.0013522362514777342
0.042463632227736525 0.0012756058195009246
0.045483528228942305 0.0013474882398440968
0.044664856934105046 0.0013289029466250213
0.04161799572466407 0.0012457953444027225
0.05029303641640581 0.0014279905431067164
0.04007286109845154 0.0012090885193174472
0.044550217542564496 0.0013244011397546274
0.04999509907793254 0.0014173159338497499
0.03603865613695234 0.0010020314521170803
0.04658624864532612 0.001369646049624862
0.03913528380508069 0.0011747053299586696
0.03556721573113464 0.0009611096120352158
0.03882206024718471 0.0011582967149479373
0.044909901786013506 0.0013342788688532892
0.039215166034409776 0.0011799221956607653
0.03848437964916229 0.0011341116032781429
0.04098997503751889 0.0012285506441003236
0.039249181776540354 0.0011820874742625165
0.04634665499906987 0.0013680558222404215
0.03883859363850206 0.0011597952106967568
0.03698506735963747 0.0010792252878673025
0.042446360806934536 0.0012746114134642994
0.03747066733194515 0.0011040304229936737
0.04551813680154737 0.001351391224488907
0.04479769508179743 0.0013308382572176924
0.044722180493408814 0.0013298463500177604
0.03695732000051066 0.0010780498200801958
0.037326343735912815 0.0010999383271155239
0.04033736865676474 0.001211182706811087
0.03875208263343666 0.0011461320655143936
0.046632305879029445 0.0013720532548404663
0.037727822083979845 0.0011123408398816537
0.0387718347919872 0.0011528086627095036
0.042071480565937236 0.0012632137409127608
0.039087714641937055 0.0011711291443816663
0.03882874341798015 0.0011588530237531813
0.03884338082571048 0.001160467706995405
0.05195261270273477 0.001459399852592469
0.03463139571249485 0.000713815464223444
0.051630472764372826 0.0014581560767510382
0.04432065690343734 0.0013140852183823881
0.045193516212748364 0.0013368265545068425
0.0376955654064659 0.0011102525872956903
0.04423190632951446 0.0013101291310704255
0.03913222208211664 0.001174261112282693
0.03951872032484971 0.0011929441011488962
0.03786550278891809 0.0011152197803312447
0.04621511715231463 0.001365470728615037
0.041938229551305994 0.0012604088256011892
0.04615598841337487 0.00136321229058467
0.04675176688760985 0.0013764044447270862
0.03731937619158998 0.0010983106117237185
0.04999849911837373 0.0014186658208927838
0.050065686635207385 0.0014200957220964483
0.03550801568781026 0.0009577309383530519
0.038753371465645614 0.0011484596602144848
0.03746152002713643 0.0011021661493941792
0.04544135552714579 0.001345012866295292
0.03874931141035631 0.00114612423158178
0.03874904758413322 0.0011461132485237613
0.03523895388934761 0.0009256160106581035
0.04369309607136529 0.0013024846161897585
0.03793054731795564 0.001117806413276412
0.04460003084386699 0.0013253368495043105
0.04255409614415839 0.0012762889318764792
0.04528687606216408 0.0013397963516581513
0.03915633281212649 0.0011775286890838288
0.042162426514551044 0.0012702265285042813
0.03919311946083326 0.0011786896129706292
0.041496268400806 0.0012376956351545232
0.0499715929327067 0.0014168079978844617
0.03641344804691471 0.0010412795354284299
0.03563461017620284 0.0009672648420746555
0.040537117136409506 0.0012241175406870752
0.047987557627493516 0.0013828804976583342
0.044803373981267214 0.001331796125668916
0.03610145075072069 0.0010037049405582366
0.04345626861322671 0.0012971837982149736
0.04471323126927018 0.0013297075124683033
0.0369252544187475 0.0010780432999126788
0.039273214439162984 0.0011838141990665463
0.04158973915036768 0.00124500897118196
0.03879059190512635 0.0011560770531104936
0.05283687308838125 0.00146278624288243
0.03966488299192861 0.001197714265799732
0.038741100928746164 0.001145742645348946
0.03697896542144008 0.0010791169811454893
0.036155680689262226 0.0010048805288533913
0.03911760135088116 0.0011732208186003845
0.03566225679242052 0.0009769985690581962
0.04156587331817718 0.0012442912620826974
0.038744439429137856 0.0011458529179435573
0.03818578613572754 0.0011258269200880022
0.036988583946367726 0.001079962410585722
0.04432065979926847 0.0013140873065822234
0.040445389808155596 0.001213777105022018
0.03562116209650412 0.0009671177567724953
0.03927264528465457 0.0011837744164040487
0.054442631400888786 0.001489566832788114
0.043443717921036296 0.0012967190309609578
0.04046600291621871 0.0012185993327875622
0.03769780430593528 0.0011118335314677097
0.048397390215541236 0.0013955491913293372
0.038078333222074434 0.0011234735188736522
0.04670737951528281 0.0013745516760081955
0.035763461637543514 0.000979568359980476
0.0426483134215232 0.001279144082673156
0.05287280281481799 0.0014639026449003723
0.0499081650050357 0.001415241098129627
0.04659481192356907 0.0013704251500712417
0.043214418430579826 0.0012919702203362249
0.03755930718034506 0.0011066267513797357
0.03773005979019217 0.0011125168816761288
0.04669717769138515 0.0013742834967160888
0.050611574479262345 0.0014347035346418124
0.03799433269887231 0.0011208380651623884
0.04674795435857959 0.0013757445090050169
0.03565261543553788 0.0009768673330654565
0.0387194243085105 0.0011431400894252874
0.043280686251819134 0.0012946738297614502
0.04148565052310005 0.0012324603621891583
0.0354774899315089 0.000956533117005165
0.039118394735851325 0.0011738686130229325
0.045189529162598774 0.0013351067716484977
0.03728443189174868 0.0010954631904951384
0.03489745099795982 0.0009078606817638502
0.03968555667961482 0.0011993450766567548
0.03810333352885209 0.0011234905996388989
0.045479634893126786 0.0013473695264565322
0.04543628900137264 0.001344985120340425
0.03745592274935916 0.00110164867101048
0.04272591069457121 0.0012792887705472822
0.04282050329493359 0.0012820614952033793
0.04289108583179768 0.0012829895408685843
0.04491698133642785 0.001334295443029987
0.03914128271571826 0.0011756611384043936
0.04735334383440204 0.0013784335196760367
0.03878293512389064 0.0011552614696483943
0.04269438609480858 0.0012792832562809053
0.04297625369508751 0.001285420937165327
0.047347739950055256 0.001377945442982309
0.04284062091028318 0.001282307592646248
0.03913978234049864 0.0011748363872357004
0.03814971647807397 0.0011248511441408482
0.04668647117796354 0.0013727198424930975
0.039264256789465435 0.0011825516489807342
0.04296107623667922 0.0012849799236391846
0.035973972495412454 0.0009813162980663037
0.03650801518233493 0.0010419569030091225
0.04253678329405375 0.0012758846323777107
0.04360345743771177 0.0013000858566556417
0.03989015251863748 0.0012086558213013632
0.03913559303327929 0.0011747950816243247
0.051423485594568774 0.0014478282778327412
0.042732194171549054 0.001281189991516385
0.04537772051116917 0.0013431030556603218
0.04673071457364131 0.001375473854068332
0.04609241626167204 0.0013622654550999869
0.04991521236661356 0.0014157837608763657
0.03777323632675689 0.0011142442126583774
0.038442124423454516 0.0011262180254192344
0.035748697962844744 0.0009793121157599671
0.04789986356627196 0.0013824135580762231
0.03904095479811076 0.0011644561268440157
0.052925829018931836 0.0014652631944045424
0.049854183293064125 0.0014144114215923764
0.03488152311183512 0.0009074987428903114
0.045213916469947435 0.0013371777022257447
0.035327720470377244 0.000949171855950226
0.050068007374648005 0.0014211554162102402
0.04161326494067907 0.0012452106852833822
0.04354766737378668 0.0012987050859010196
0.04663008081479347 0.0013716007928508134
0.04766966827446595 0.0013817518270116125
0.04242914487258531 0.0012739769001655077
0.04426622099708766 0.0013128512287039484
0.05041565065039322 0.0014320274335659633
0.03973283706000075 0.0012041529769248882
0.03560886130435392 0.0009670903523328889
0.034780534620949766 0.0008733705983985374
0.040358648606343195 0.0012117151036363794
0.03923279847367667 0.0011802286740021373
0.04472158366115764 0.0013298462663442479
0.04299647320294753 0.0012896214711872744
0.04313383888802491 0.001291706139454618
0.038523791008628905 0.0011345921038810047
0.03563647568807937 0.0009767606129571504
0.043519514525542036 0.0012977026240150735
0.04540044054738246 0.0013434701268124627
0.03523582185152918 0.0009212477882840631
0.047582122511812486 0.0013810072900923842
0.04273041452688631 0.0012805547175958054
0.049828909017378464 0.0014128224827345548
0.037926880904706195 0.0011174416013091104
0.04462110441818368 0.0013267482190713054
0.048408527713036165 0.0013981645192870928
0.03753920376766473 0.001104544198824442
0.037393833626993 0.0011014474803232588
0.03952737836516462 0.001195122626995726
0.039226227352628484 0.0011799608546425588
0.04154131849645637 0.0012420893813214207
0.03878502859151922 0.0011560147427189804
0.0392413662339095 0.001181501872906665
0.044603325382922776 0.0013257967514164193
0.04104405693942681 0.0012303731841711851
0.04332261282252148 0.0012953493951499695
0.04937833722215146 0.0014062978621041111
0.03938394758733921 0.00118890600379018
0.043420457805041224 0.0012963443086846382
0.05077341536525637 0.0014383811014795356
0.04588909739686642 0.0013545003953367996
0.03732550379936583 0.0010983771171595436
0.03788441250799224 0.0011169002209499013
0.03883291517558973 0.0011592830546760524
0.042555634820018895 0.0012779721305378189
0.044362598870065995 0.0013174316482036375
0.03748305095359683 0.0011041461393688223
0.035544166719773784 0.0009594467592251021
0.038185411802260205 0.0011258196509515983
0.03893673524726182 0.0011627194703578425
0.043314675698638894 0.0012947197251378384
0.03920825431123376 0.0011791091596933256
0.04082130716415122 0.0012281776898817043
0.04262518070754595 0.001278244793866179
0.03794271823426243 0.001119493934311322
0.03598417167086154 0.0009913447274811915
0.045458699387381785 0.0013470614171637862
0.04836687204078771 0.0013922951784479665
0.05288405097962823 0.0014648850979028794
0.04480516986222938 0.0013336774250092276
0.0454249199538026 0.0013446361056139722
0.04531924397451803 0.0013423582845462079
0.04264681242057122 0.0012784443044893123
0.0389700967061799 0.0011629879381871433
0.04214402651996352 0.001269336214136274
0.046215072710765526 0.0013642092940244765
0.037314076151233166 0.0010968502492687549
0.045894255861639977 0.0013614725958177587
