0.012506727201980539 0.001088651906911764
0.01436118283891119 0.0012029739405079454
0.012106302718166262 0.0010529743494771537
0.01263503183326975 0.0011019155515441525
0.013673692854354158 0.001164469728792028
0.012065523347700946 0.0010499056934349937
0.012400521882227622 0.0010798613807310176
0.017089107455831254 0.0013324922406354744
0.017167090947623365 0.00133805750101601
0.012907048629131168 0.0011114023932350392
0.013442853982269298 0.0011425901075199363
0.012691254218225367 0.0011023683423445618
0.012089297379134223 0.0010518268604755576
0.014481087415333604 0.0012125968457894487
0.012444629370293114 0.0010828577942447737
0.011956811369600473 0.0010413997439968625
0.0145222313440172 0.0012152463673373859
0.016655158880894305 0.001312097997924866
0.012368042327580042 0.0010716133360801905
0.013785851959255524 0.0011728375757229514
0.01711162925857934 0.0013341064764063049
0.014506815532513428 0.001214560200651249
0.01497081514025922 0.0012406495322920819
0.014202680955349933 0.0011907370083008573
0.014066766751057003 0.0011841294754049159
0.01365344247824396 0.0011629764549070387
0.013448602450807812 0.0011426421144733467
0.016007688442186918 0.0012885748838016298
0.012265164907148574 0.0010667281762835046
0.012880778253020253 0.0011099597854808962
0.012532207190815825 0.0010919299120359938
0.013558091523009352 0.0011578242513223813
0.01633869926445186 0.00130649383254422
0.013465615527820773 0.0011434872658355744
0.012043644219374983 0.0010471583614162228
0.012711671195575036 0.0011048093392673763
0.014029196703631897 0.001182601808977779
0.014126857604424004 0.0011869181244037463
0.013321285630809143 0.0011365372743057378
0.015324287447583629 0.0012564024416406028
0.016478175224619918 0.001308294486534578
0.013891658374632243 0.0011773524011005065
0.013634922270284733 0.0011620233374287636
0.015220338325889315 0.001252811393101183
0.016062615228292998 0.0012913259004108113
0.012492144829593599 0.0010878209313887055
0.013861756066035014 0.0011756582225643797
0.01396780051436508 0.0011804867494902282
0.01331280633166898 0.0011363308440195397
0.013420760820736177 0.0011413980764700682
0.0153529553062981 0.0012584413052536547
0.014531180946505629 0.0012162733191871666
0.0133589634206146 0.0011386145847609441
0.014038524088391569 0.0011829636127913545
0.013975885914987884 0.0011806928155237983
0.015051175254484406 0.001244445545353301
0.014638156786531908 0.001223749686175779
0.012359528023807798 0.0010697906259338197
0.0140340930011007 0.0011827971684397198
0.01708261920430232 0.00133205966199057
0.01699532145721605 0.0013268162945223594
0.012564959390147123 0.0010958056864183163
0.013715782719373237 0.0011683758625622431
0.012371068241918692 0.0010768746263352114
0.013648408716107951 0.0011624116051507372
0.013545097157475539 0.0011507570848152682
0.014468312525423244 0.0012099707055313047
0.013288545531395357 0.001134617395564419
0.012461122096283361 0.0010839763667718216
0.013841046849847771 0.0011749599700578983
0.014599378235288896 0.0012193305135497212
0.0140682846395066 0.0011842008443636587
0.014352237172715832 0.001199952294882678
0.01525844939169474 0.001255587706964434
0.014106011476542335 0.001185125873234938
0.01486529097019229 0.001232057406923559
0.013904820880270563 0.0011778842867897765
0.0139039294081158 0.001177715263565915
0.014419359547900967 0.0012059751211381808
0.013688954706594814 0.0011645188915281324
0.016284100249322364 0.0013021504250900762
0.013874508011213038 0.0011767269816118642
0.013772081540082581 0.0011705398219419294
0.012693338459939696 0.0011036206001335813
0.01391548662650166 0.0011784179591813881
0.013818114217428956 0.0011740062686840247
0.012694175486103632 0.001104540479445859
0.014203515514964238 0.0011907520452041354
0.015254872538207565 0.001255009884289393
0.013531007389246952 0.0011503427176648984
0.011342102188791614 0.0008984561659417523
0.013928338383266237 0.001178778502435307
0.013897413351514842 0.0011775205230151187
0.016207035456318408 0.001297877237902867
0.013028757268330082 0.0011177290912200988
0.015011447816505097 0.0012435492167242046
0.013794244725431781 0.0011733453584383824
0.01269245803996455 0.0011031865451514022
0.01196418472500227 0.0010447586842161627
0.01634392408595886 0.0013074013754703628
0.017122409110015724 0.0013350463448205119
0.014715334116772283 0.0012273172160348622
0.013813793077133596 0.0011739264050447673
0.012404444823914673 0.0010806061427501845
0.017136076538008638 0.0013352862290503253
0.014465731255768333 0.0012096552309230901
0.016998069895635126 0.0013271426228129712
0.013326392334420234 0.0011366869211997255
0.013883484367397614 0.0011771079161917442
0.01627975573501317 0.0012997667890886078
0.0141985858354019 0.0011905761311936658
0.01244497228617547 0.0010830479868673137
0.012622658899999806 0.0011009249371340957
0.013851564544893336 0.0011751180841201858
0.013935464121459518 0.0011789111354119086
0.01646498971240362 0.001307658875703055
0.014945889732189244 0.0012331920754604653
0.013660803269885946 0.0011638737296379986
0.013146276971383486 0.0011241365691603278
0.012506364670116454 0.0010879380733967992
0.011611429097683867 0.0009798147373203392
0.012615949235623702 0.0010965242657903218
0.011609104840317741 0.0009796769456329457
0.014336067446492962 0.0011978216361967498
0.014729219794389792 0.0012279102720640367
0.0149716986270505 0.001241435965994242
0.014242815246689133 0.0011921503551093338
0.01497268696402898 0.0012415976268584927
0.015618097932019737 0.0012704125438176561
0.011730983860616107 0.0009887632022582693
0.013942580233560875 0.001179415105980297
0.011635756549367215 0.000987095116670389
0.015476335778657813 0.0012659855372021411
0.013181275224269484 0.001129365831332052
0.01585885936219711 0.0012821392774640117
0.014521783079544548 0.0012147745646871044
0.016476809745654464 0.0013080978974358004
0.013906132091506151 0.001177993014380263
0.012035456966259517 0.0010462564132467378
0.01383239752613008 0.0011744304320018273
0.014216094190487638 0.0011908867127203848
0.013865818567865063 0.0011759163912756776
0.012781210112734698 0.0011076129835601023
0.013669247266079765 0.0011641972860161331
0.013163777792215114 0.001127136190461897
0.012447220884496346 0.0010835790044438909
0.016291423398797633 0.0013028924677200848
0.01452475851692725 0.0012156052407590323
0.012694047531113029 0.0011037362132810813
0.013500821674824692 0.0011445520276538446
0.013966401151265018 0.001179914898784773
0.015589218214245193 0.0012685408891135452
0.013767246415227419 0.0011702142298872786
0.013753454539255472 0.0011700257223310473
0.014656433177151484 0.0012250483941897983
0.01719368852718617 0.0013381599651438592
0.0124005676334491 0.0010798615217026963
0.013450627739075571 0.0011426726482568483
0.013736504151893314 0.0011695727716869442
0.014092367331613787 0.0011847726118503488
0.015930041066894773 0.0012822920402868476
0.011543004649865907 0.0009535746430628933
0.01543860125093488 0.0012629404975541547
0.015086610525031574 0.001246305336280784
0.014162667910568416 0.0011892903835359903
0.013846904301317409 0.001175034156858601
0.014190383859386202 0.0011902599380846368
0.013327822656719945 0.001136832401243737
0.01462527902549482 0.0012224615051081855
0.014632713751780102 0.0012232246892835974
0.013403302749793511 0.001140950522312778
0.013550218216551002 0.001150921846374331
0.013996805500937626 0.0011819535034192086
0.017099933593272 0.0013327672076002273
0.011569308662728872 0.0009614881441848411
0.012107672991987783 0.0010530151130296872
0.016094527392851887 0.001295933928759041
0.012688504466495942 0.001102316931792302
0.01388724880234804 0.0011771707509069529
0.014868074555124622 0.0012326552641752642
0.012260474191862158 0.0010664059004739102
0.01405600016732933 0.0011838843929581344
0.013785819966869894 0.0011716617877937097
0.012906913660117425 0.0011113045879938
0.014100807275099214 0.0011847932773889625
0.012665577472944278 0.001102025502405013
0.013694870798644843 0.0011671273218780698
0.012444306252291426 0.001082576537555724
0.014219929020327982 0.001191392041164363
0.014971441163652344 0.0012406942803409038
0.014280116396548692 0.0011928699873351434
0.01426594668009784 0.0011925668814001256
0.011486946663353592 0.0009038243542818236
0.012556354166008532 0.001092965834232018
0.01595908468880225 0.0012840270862852776
0.014584934659069404 0.001216862578985456
0.013779168148175813 0.0011710051535374078
0.014249579471652396 0.0011923203378501057
0.011483208683785051 0.0009031238446368661
0.012048712298565079 0.0010476402394488105
0.012518153242126573 0.0010906530660577118
0.013952784393040929 0.0011798367245319241
0.012557485104480293 0.0010932236850749177
0.014665007809526287 0.0012256209593033418
0.013323962295544334 0.001136546924499271
0.013632922971737571 0.0011619595005640804
0.012401384294207674 0.0010800689053667156
0.012563543030410074 0.0010944771661343111
0.01214380664168857 0.001053183254043688
0.01482139795916737 0.0012303701405471656
0.013426402620098088 0.001141811097113532
0.012876558423158713 0.0011095656291217892
0.01575351155406679 0.0012740976918621527
0.013122739503160119 0.001124013491335063
0.013937221141532063 0.0011791931556217605
0.014185824431478977 0.0011898491993633797
0.012549099745228887 0.0010924690959654981
0.015355371389887296 0.0012591053978212585
0.017960734166990733 0.0013453462452162057
0.012446066131815314 0.0010834026215889025
0.012403253909724299 0.001080447018466657
0.012465416715713218 0.001084841726878949
0.01494829974399181 0.0012334855712197168
0.012989276838197839 0.0011154764424645691
0.013454332402034197 0.0011429929422774876
0.012558473492390476 0.0010941688465209154
0.01595944229484303 0.0012849054683101713
0.01522037585164071 0.0012534159709503
0.013387685030465946 0.001140297676101909
0.014387143790372647 0.0012034240075990965
0.01692118509163265 0.0013262754830520862
0.013089712578221224 0.0011234610892643104
0.01345407600456383 0.0011426934170231107
0.014742509381903801 0.0012288509465179231
0.013613900926429778 0.0011610951751208631
0.013554602701333351 0.0011561572932805575
0.011868400462844875 0.001016953504858975
0.014227168830984738 0.0011914180249732453
0.012468090790207498 0.0010852290697584976
0.01599295251799049 0.0012869357146882976
0.016169801412615925 0.0012963671969146162
0.017130337160779163 0.001335196954642015
0.013631298737891484 0.0011617902327998308
0.012491455228882842 0.0010877242875722004
0.015247863346303347 0.001254013581728941
0.012112527518183924 0.0010531239136071235
0.014150921371765435 0.0011890390192093037
0.01206269943213556 0.0010497067025880824
0.012420114362612367 0.0010814484803631785
0.016336389642674476 0.001305698776832287
0.014612154925998766 0.001222112877485415
0.012507354367699008 0.0010903494198828412
0.013212214325903915 0.0011317389844407444
0.01244444945041323 0.0010827014102687826
0.01582216372480616 0.0012782069147760922
0.014077910491323564 0.001184650801405951
0.013828057111823 0.001174051819361921
0.01267808151897043 0.0011022197568308911
0.013794243619486224 0.001173019674297393
0.011650544747681124 0.0009873293453210863
0.012612625705514802 0.0010958459387211406
0.01402203938778257 0.0011821852308457892
0.012838985967391636 0.0011084580473834649
0.01152896882922505 0.0009524264712581498
0.013838161248713732 0.0011745514921130962
0.01665632957883645 0.0013124087649885041
0.013164324900571955 0.0011278011738795612
0.012018552377412561 0.0010455090805407963
0.012980210362002254 0.0011147604627694818
0.012751277958159335 0.0011066530660173157
0.013775866496871458 0.001170718394632786
0.01686669361879467 0.0013203735198885624
0.014336655065562809 0.0011983813230926899
0.013081916331429966 0.0011228033004044846
0.01465868723607855 0.001225135272306943
0.013375593778619077 0.0011397337732432788
0.016334599546098616 0.001305553853399033
0.015359799057478085 0.0012605144434019167
0.015438811304193223 0.0012633094850116322
0.01448165326291928 0.0012132643173572433
0.01459989526483696 0.0012195600045288302
0.013904536244808696 0.0011777509726016433
0.014050384852453135 0.001183493638109212
0.014602122646465432 0.0012198726153656025
0.014861283962090965 0.001231450115028565
0.015090110093296971 0.001247567033260566
0.013590571234090021 0.001159523020760389
0.013865723311027978 0.0011757402098737657
0.01300983753753826 0.001116036829444056
0.01251828496606322 0.0010911630633927416
0.013031183603743557 0.0011189582639872242
0.01277553966792766 0.001107276696984627
