0.014953066482121358 0.0012688940187217668
0.015505405526710092 0.00129192762153707
0.013429951890429948 0.001168952813713986
0.012497507203079294 0.001117463593800494
0.012839792445447529 0.0011447826389030524
0.015729402934084646 0.0013008397120302106
0.01342285767532303 0.0011687133205668943
0.013721527482630336 0.0011779650413927811
0.014228342830392648 0.0012104860878707768
0.015170556889643194 0.0012777028098298615
0.01315742601218517 0.0011590237036216422
0.011786821964051342 0.001056539749242802
0.014553906523360638 0.0012456235515401204
0.016710089632397285 0.0013439931860830256
0.014691768521515769 0.0012523724503807898
0.012842762524087448 0.001145122515026742
0.013431711264274782 0.001169198228581081
0.013386907965468708 0.0011674769000364904
0.013117440394125879 0.0011557664736301376
0.01498966729377571 0.0012693289902472316
0.016055857384344563 0.0013188154482577374
0.011566042630875017 0.0009555935944263183
0.01280935839167796 0.001142791741358451
0.014260889114666497 0.0012123283461278334
0.012682762211625231 0.0011364019114807888
0.014727012196090072 0.0012536142269254924
0.012766102103341836 0.0011400124014926405
0.012989920915060793 0.0011496492713831685
0.012134290318499552 0.0010919471242232248
0.012960234860656783 0.001147622811686233
0.014415541954804212 0.0012387758381464664
0.014021502134710317 0.0011933942676023435
0.016055162715929328 0.0013184218903461442
0.013064492122794036 0.0011538337532783771
0.012254804674739717 0.0010980877277688705
0.01462581134182983 0.0012484217641031137
0.014254033249017084 0.001211978915534928
0.011559314029000234 0.0009551015195938817
0.014920485828042729 0.0012666514837746945
0.015677990864787716 0.0012987992163289164
0.01319187528497423 0.0011600932950841525
0.0135590438512736 0.0011747573378215748
0.013419519731542096 0.0011683271231959225
0.013934785556557472 0.0011906479624030908
0.012796750932466239 0.0011424759911733418
0.01430963548773434 0.001233925805081526
0.014133593809674494 0.0012063500795420623
0.0142483758754679 0.0012117397402562347
0.013492598567609093 0.0011707958628903725
0.013903786784794647 0.0011899485415369782
0.011672641619952628 0.0010470237172626184
0.01178502370021306 0.0010553057193192217
0.013601290468614025 0.0011762148333787081
0.017198624867887702 0.0013601200753328158
0.012828851722588297 0.0011435363107921148
0.013443697676848387 0.0011692722691805102
0.013214248148869956 0.0011604951546360098
0.012728665733447997 0.0011382915945432615
0.013421335206658114 0.0011685618458159297
0.01519424968137173 0.0012793654731240167
0.012694093067693757 0.0011371337088803557
0.014891161299601663 0.001265888043690211
0.01483775219458039 0.001262556183974084
0.013088465606415411 0.0011546816890586342
0.014341634912852896 0.0012349027924756228
0.014024319985765032 0.0011936339519706962
0.01352164417039603 0.0011728939002750849
0.013931458299339283 0.0011904714302772845
0.014370966957358178 0.001236526937191229
0.015456410590559244 0.0012903964886845642
0.01567445668115397 0.0012984010049876815
0.01564055484777782 0.0012960334424860775
0.013047579499470885 0.001152821769323964
0.01352693700027885 0.001173156888739868
0.013121113592205802 0.0011559098875295604
0.013171207214327296 0.001160075501047686
0.01487715123585076 0.0012648969807287358
0.01462385183913284 0.001248329180498331
0.012834596658649389 0.0011437749669767072
0.014319838115625316 0.001233989618413034
0.01513309400070284 0.0012756225597740922
0.012715070541162277 0.0011380001809584428
0.015808563544851495 0.0013081314936016497
0.013205752296926221 0.0011602385025071271
0.012722770970867714 0.0011380567716514634
0.013758840308582876 0.001183160697337371
0.012802248733351007 0.0011425645357121539
0.014198556054907385 0.001208458447308658
0.013217945575888734 0.0011605301942836377
0.012829825915105175 0.0011435746550887416
0.013070332228380721 0.0011539231350070622
0.014668178871943383 0.0012494598022385617
0.013070732049527578 0.0011539766662735929
0.014911509766534436 0.0012662454607834661
0.012182479953480652 0.0010943193610728486
0.013869507754861843 0.001189432479691277
0.014342090813443065 0.0012355216936157376
0.014635927494964562 0.0012487208934999217
0.015746109413157683 0.001306230386489915
0.013881733577363775 0.0011896084015461383
0.014836458925856277 0.0012623082441223232
0.015430126157298218 0.0012886869081967234
0.014320629688882036 0.0012341467818259844
0.016053218128945446 0.001317767502314382
0.01545635854563443 0.0012903071094569896
0.012250959902303293 0.0010974055030601448
0.011787881929194555 0.0010569096891686058
0.012776998675690265 0.0011403566543322086
0.012944600566697773 0.001147260613834078
0.015241349599818932 0.001281751538726894
0.014802827645326033 0.001260582218719719
0.013725423566938844 0.0011812444922725263
0.015839580970350653 0.0013094713726786722
0.01591038149490487 0.0013131364141827362
0.011678758535708766 0.0010505029231353546
0.01335744727475685 0.0011663819457226055
0.013319878878974123 0.0011639472368187853
0.014014478347235126 0.0011933695193420135
0.013505045830243034 0.0011723938346221985
0.01577424236529623 0.0013063917181170837
0.013569985361755244 0.0011747889415119062
0.013535554622649215 0.0011733904957509367
0.013922679940151284 0.0011903591871487151
0.012953676770848688 0.0011474046168586938
0.01315964190143859 0.0011591023292112368
0.014238980547816027 0.0012113547420540272
0.01397069770246162 0.0011915763989236439
0.012971066516911378 0.0011479659881388216
0.011833616354124388 0.0010588382899641147
0.013900292629841715 0.0011899347368853341
0.013935091856183135 0.0011906556561598336
0.015235181423122413 0.001281011797118481
0.012749512930895435 0.001139797498126427
0.014885095544741489 0.0012652899317799893
0.015250005837515346 0.0012859952358326154
0.013806909691993496 0.0011851116977368292
0.01414643068346777 0.001206357898126953
0.013540290477976669 0.00117369138331469
0.01215128544572508 0.0010922201672656229
0.01511289404515992 0.0012754095826039702
0.01600356661947444 0.0013135874928593694
0.012917839485453442 0.0011462888385267433
0.014150765262456844 0.0012066537990449433
0.013419096922007157 0.0011683087197980058
0.012679569021202042 0.0011360704789922238
0.012933071153383935 0.0011469497931102524
0.012888148074125638 0.0011457093473836721
0.015839908108318923 0.0013095656399855216
0.01581238138533081 0.0013081989452530252
0.013660667022122652 0.0011771114174052855
0.015819241674762452 0.001309014882849624
0.013937647414422827 0.0011906948510613802
0.013286177963891532 0.0011625840040778712
0.013293058691488113 0.0011626803698163712
0.013348242900974583 0.0011659305032480916
0.01361511563845852 0.0011766400087935835
0.0135975360753946 0.001175773148929693
0.01287907526420895 0.001145524813296106
0.012910676865431014 0.0011462711736385245
0.015494514846068341 0.0012908992632674199
0.012629109940462513 0.001130993923652568
0.012796228846127633 0.001142458544791225
0.015246874811055022 0.0012819891716162601
0.014442953306570416 0.0012409577477683342
0.01560060741576308 0.0012959973101942523
0.013534475398046197 0.0011733403648577223
0.013801390956359683 0.0011848104046521257
0.01514107904949924 0.0012764832263201242
0.016109719854284776 0.0013220139726399793
0.012656037531996844 0.0011348801635904238
0.014030733495019376 0.0011939419511008964
0.01198904384727939 0.0010644142016644764
0.014056521229576902 0.001202422418941751
0.012853959095082246 0.0011451914929239138
0.014432543073780835 0.0012395676751566498
0.012574176367706968 0.0011290277176385644
0.01269258813772467 0.0011368956625119608
0.015494670085899998 0.0012913601885884418
0.013447508859826485 0.0011699711835717608
0.015228697069687769 0.0012804748571397795
0.012532593373180134 0.001126064575601049
0.01633094058252027 0.001336311820125502
0.013786727535261889 0.0011842627646956316
0.012442153092706576 0.0011151828302899958
0.013768298085778952 0.0011840253102946008
0.011549365754035534 0.0009537367710663602
0.016072158334281994 0.0013192022429393546
0.012754047493217513 0.0011398633048429474
0.015582796495436924 0.0012938523293541948
0.014276591155066853 0.0012312991839280585
0.015011092571512563 0.0012702170160991955
0.01540151495646569 0.0012880534779924346
0.014441797404288081 0.0012406464632022107
0.013680176105481223 0.0011776349205092629
0.01568058295742958 0.0012989485358048114
0.015079248558322433 0.0012704277539796749
0.012560679533635266 0.0011286525057130348
0.014336678199470043 0.0012347151073299756
0.012871376329712803 0.0011452067803929822
0.011871827744471375 0.0010613172300963924
0.014167429460940184 0.0012072331212493737
0.013338315173314186 0.0011654929739961517
0.015722994299721904 0.0013002136176964996
0.012414587778039277 0.001112635581421273
0.016326043849403504 0.0013304869538615094
0.014217578602256253 0.0012101355741833686
0.01383870583231328 0.0011882836565746402
0.012795590220775921 0.0011418585697811068
0.011986516503384337 0.0010643212744980701
0.013237239814770874 0.001161131430990281
0.01440497405201313 0.0012385667916987586
0.015446545960003277 0.0012897646558940323
0.013313325678609544 0.001163694029855833
0.015023266736534424 0.001270263119295123
0.012732817220239667 0.0011393658310225874
0.014904784409736749 0.0012661312357522547
0.015647875330614625 0.001297167752909445
0.013266136393212946 0.0011620296729688562
0.01238843442115467 0.0011097163373960939
0.013054528961220058 0.001153517227521661
0.01281113684308366 0.0011429337214394764
0.01468626581481658 0.0012521530877620535
0.014035188884008676 0.0011942225698930997
0.013360109620407457 0.0011666868888369208
0.013407482281763805 0.0011680095099109167
0.011414335513109108 0.0009471966091041395
0.013208358850533841 0.001160414866717474
0.012447115608665626 0.0011153968514463486
0.012747246211802121 0.0011396872873774555
0.012491964174841996 0.0011171686592206242
0.0150089867238421 0.0012698300841975652
0.012524959256552393 0.0011260143180606974
0.012552402120491024 0.0011268400530752842
0.014323415874969214 0.0012342215243279497
0.013927547906860127 0.0011904059025482638
0.012906518524687272 0.0011461181150025368
0.013750295202044072 0.0011829136769847537
0.012771798832545755 0.0011402017723867175
0.013320085970917717 0.0011639662859579403
0.012533522291050758 0.001126085846181013
0.013578940284787677 0.001174817501578218
0.013328855708095944 0.0011652766490897193
0.013555048319176422 0.001174217776565456
0.013059124681603862 0.0011535460912455164
0.012280755312531255 0.0011011165202035045
0.015508822107221931 0.0012923856627367059
0.013062971353065223 0.0011536197303030349
0.013909188150137197 0.0011900395644488526
0.012575084161653649 0.0011290498420066797
0.012534239158412674 0.0011261745264619094
0.011565724413230782 0.0009555272251873248
0.015901020618912298 0.001312498861466338
0.013581908875494264 0.0011752476690389813
0.011287825949693797 0.0009197592148666445
0.013866953537217341 0.0011889758245615667
0.017468043724875315 0.0013754188137227175
0.015163136358751217 0.0012776583688491883
0.016302280442687334 0.0013284939350342029
0.01712023882646463 0.001357516661983027
0.012839275244914461 0.0011439243480708683
0.014119384525884016 0.0012060638393642797
0.012714411997876596 0.0011377329221886612
0.013520254367904272 0.0011724004984898784
0.015589011716656387 0.0012940416936544352
0.01320807157753734 0.0011603363898302632
0.013862392914234078 0.001188329999877169
0.012448319157556398 0.001115419918050975
0.013476057318257517 0.0011702109801490224
0.012042447087878827 0.0010675338101009402
0.013891918493754929 0.001189720376942205
0.014300290415121708 0.001232680606563008
0.014841494488791795 0.001262564912394737
0.01312842460538377 0.001156198826038235
0.012932999710756121 0.001146863540270715
0.012815950518415775 0.0011434533395231483
0.013764123326836852 0.0011835926949288478
0.013590520407888107 0.0011754328432971306
0.016596849440247752 0.0013417648970062146
0.013445258620777167 0.0011695842185872607
0.012748701265081763 0.0011397848343221995
0.014156621760776034 0.0012069708532180812
0.014421245348785305 0.0012387852573283453
0.012709411901596468 0.0011375361900718417
0.013789476821330027 0.0011843827917346061
0.013221922523371177 0.0011606691018641868
0.01475879301870009 0.0012548578902169538
0.014488344862911617 0.0012416067083904636
0.015175394601101289 0.0012779005917309405
0.014593324704037514 0.0012474788857161911
0.013738367182668298 0.0011820297006579494
0.014696179139718879 0.001252422697689326
0.012896217969682766 0.001145930978736942
0.01392176153967739 0.0011903050822184014
0.0141586935678788 0.0012070125344507687
0.012704483480774797 0.001137273374979486
0.013446857366943732 0.0011696600115556066
0.01277044586095144 0.0011400459161450271
0.014399632642380311 0.0012379403791555887
0.013649883852849598 0.0011768225149353384
0.014153578391415067 0.0012066584631611477
0.014554038087226218 0.0012456283827759762
0.012636860381462611 0.001131405316755263
0.013762242608208908 0.0011833446153559635
0.013759628276602598 0.0011832512725504785
0.014343855465995148 0.0012357401942608703
0.015143327167606913 0.001276560692303974
0.013073979996988783 0.0011545696988832788
0.012699733691988513 0.0011371594471256685
0.014807088366069365 0.0012611718000243854
0.014685581663798075 0.0012499315851073334
0.013359600277908612 0.0011666827053886664
0.0156715418343083 0.001298051522098831
0.014029332078280277 0.0011938817013970038
0.012962103297468275 0.0011476922402380296
0.012790978189514135 0.0011417086395795195
0.014422525633563055 0.0012394553336889658
0.014254849036660744 0.0012120591775328649
0.013320724006916862 0.0011639920112429536
0.012830486371967709 0.0011436252934799995
0.013838202248734888 0.0011879573296482704
0.014445156299188966 0.0012411312072799774
0.015649523718821 0.001297269800261347
0.012706448043900309 0.0011375076758213254
0.014384195063030347 0.0012365680183847871
0.013166651013307273 0.0011597742957292212
0.012740541951643536 0.001139602195507905
0.012838312937674345 0.0011439080710715643
0.013928373587987153 0.0011904614551667692
0.014330000543850474 0.001234240877238335
0.01254056959078298 0.0011265026198543637
0.012763206243107561 0.001139870304541546
0.01624696166618378 0.0013259131792437984
0.014424796612729551 0.0012394765146837017
0.013317638651642483 0.0011638656615104992
0.013113003373291576 0.0011556069853213558
0.015581298677716404 0.0012938364811816427
0.01558225070766639 0.001293847198894582
0.011785522347054211 0.001056055993103655
0.01436651818221435 0.001235807111243048
0.012725840944767697 0.0011381726490071742
0.012825833760871319 0.0011435140870617033
0.011302735685603693 0.0009411396747509571
0.013546741440222831 0.001174010801832992
0.01572669008783123 0.0013006580024921277
0.014713795942952856 0.0012533784820334404
0.011981998773990199 0.0010643203852396255
0.014817596547800349 0.001262188530063213
0.014265593519667163 0.001212511023368279
0.014849363898974843 0.001263445437871269
0.011611086516495561 0.0010353907205171708
0.018143334731576033 0.0013824182431108056
0.013193280785344541 0.001160184250011298
0.012803751425963128 0.0011427026170167665
0.015857515387324383 0.0013107411305099959
0.014971257500292268 0.0012691849979091785
0.01568230336488341 0.0012991348319246754
0.014421537754969904 0.0012394011255310033
0.014923159400495933 0.0012678260736720404
0.01447005353111308 0.0012414493635333201
0.012724474159767851 0.0011381082429124945
0.01301849260016752 0.00115165738259293
0.013531913675251417 0.0011732823120382818
0.013413380795100238 0.0011682757337894145
0.014737098244950175 0.0012539425636077794
0.014441004244872602 0.001240482495404649
0.011837732661660993 0.0010610602109863976
0.015139782550249947 0.0012759056223785592
0.014051222657144535 0.0011946414306294173
0.011720464208337944 0.0010552491019097943
0.013163107058062451 0.0011595449650485534
0.014025763630343135 0.0011937756233919572
0.014251769218390109 0.001211954731388687
0.015568188417091733 0.0012926526915180148
0.01308958413937944 0.001154834639010005
0.016191343293030513 0.0013257944606266392
0.01297134909509623 0.0011487636724041295
0.01549759806584916 0.0012913792902509158
0.012555865265312605 0.0011269757997069973
0.013321115755388746 0.0011640528373391135
0.014210472891136305 0.0012101264544526202
0.01309888475225307 0.001154922487330623
0.013482517981174169 0.0011702882028430395
0.011456681259005563 0.0009499759526079288
0.014236764425731963 0.0012109941967537452
0.012678896287980024 0.0011359607046870224
0.013071161749394378 0.0011540737343693763
0.012781045166775584 0.0011413991027211523
0.014058970589758246 0.001202527268560516
0.012807914470613468 0.0011427570823343558
0.014922321639460279 0.0012672532163833239
0.015225252120217192 0.0012802083859924096
0.017457639949498116 0.0013744320956448064
0.012736182816297514 0.001139432710942856
0.013292640313011361 0.0011626668353983405
0.013357066516618943 0.0011663785348901001
