0.039625943696592 0.0011694663808157202
0.040811371989548206 0.0012015865941066295
0.03926927541033365 0.0011578176581679145
0.04463452924392186 0.0013038701254117768
0.038880360225448385 0.001144579718584282
0.03696163077256642 0.001053813732596609
0.037476396857528016 0.0010795008824970864
0.03879226793651469 0.0011401390911487397
0.03761876857606694 0.001081423084542621
0.039092653343686834 0.001151635447058652
0.04993255189037882 0.001371859666051023
0.03867547599656973 0.0011301243855541543
0.03818816022248939 0.0011098648337792838
0.042101642102352343 0.0012379154748032306
0.044646540307439864 0.0013051003925284022
0.03897977447195444 0.0011474306545551372
0.03844200313324109 0.0011193702433871522
0.04664169898023829 0.0013343770797291654
0.03905387604027055 0.0011510263107084029
0.036757105466676876 0.001046454052811896
0.04330655449302867 0.001269631094601209
0.03725258135818876 0.0010710774986364413
0.04223804554203525 0.0012425298473317525
0.042885318922344595 0.0012609884656740178
0.04281092525343411 0.0012585681474774901
0.04162781321792863 0.0012250236745785514
0.03950721729779616 0.001166877767900587
0.04152585211704718 0.0012233376023687015
0.04140338330762461 0.0012196137536193419
0.040710353379836306 0.0011998218778899172
0.036509981990093365 0.0009065015328815207
0.03805529928649776 0.0011061517498092144
0.043864580016816035 0.001283514804981678
0.037248156557325274 0.0010703148159336706
0.0421394742152188 0.001239090408944321
0.03849077841732651 0.001123684137382952
0.03765317500801757 0.0010814465258590644
0.0443923715793062 0.0012956106488672958
0.041223526175599545 0.0012165082043793518
0.04078973666764796 0.001201336775920936
0.041423631584621035 0.001220055513385887
0.03732508316170424 0.0010722048918978544
0.04558553991955705 0.001327557430613524
0.044512465137813706 0.0012996668981486437
0.0428367217828054 0.0012591927393259539
0.03885991749120876 0.0011424817548686406
0.04298436807584949 0.0012636470733013994
0.041299434029497206 0.001217936432112765
0.04352941759862006 0.0012758351640513865
0.036725862708408386 0.0010455955953148077
0.037862613709876314 0.0011003159838764986
0.041480555140879005 0.0012223139285651996
0.03785490817972459 0.0010999082919624925
0.042346347428974696 0.0012464442431792122
0.03989736581570469 0.0011740205493424583
0.04322022569249384 0.0012667677601712057
0.044530485130962916 0.0013007862280574045
0.04344488523202017 0.0012743226111524564
0.0383010407385882 0.0011160085750816506
0.04299630390596576 0.0012637980717045139
0.04299763450399041 0.0012658886325880303
0.04552161041647196 0.0013257209948278614
0.04232135719212238 0.001244947575742117
0.03778593777678907 0.0010834344798240636
0.04105694289319217 0.0012070474822394317
0.036447819642489776 0.0008114342786029738
0.037783924766699784 0.0010834332786089362
0.036722645862028 0.0010453489649080439
0.03899846576678101 0.0011484840006232844
0.039327170874457806 0.0011599687222769717
0.0428697664901847 0.001260955152247334
0.041382738010725006 0.0012190372517579817
0.03746965681784786 0.0010774019388009037
0.04090525541687384 0.0012061209672538098
0.042193091940134764 0.0012407428148435429
0.037057135690702125 0.0010626580797179486
0.04665451668552123 0.0013346270934562199
0.04435504801222123 0.0012929796362186607
0.042053914643474855 0.001236179982242902
0.04360110324341804 0.001276826069897652
0.04279903622227721 0.0012583492143676267
0.04588236199924722 0.001331523067165108
0.0446610301733017 0.0013072282690700376
0.047587926528649405 0.001351189443084877
0.03887244984798599 0.0011435377714406059
0.04216680569516029 0.0012391067557473434
0.038674565133987926 0.001130085421664262
0.04185536073055118 0.0012318919332301448
0.04088951228186488 0.001203071131840261
0.04386760884517571 0.0012844563052567537
0.04678178034373559 0.001339458788606862
0.03838586184429005 0.0011167897191626253
0.037846789171453565 0.001098894006190676
0.037363450101111084 0.001074461686584982
0.0384447668257053 0.0011202628692430494
0.03829589407541789 0.0011147315021844406
0.04343509511090815 0.001273660051765546
0.036447898935875855 0.0009056650778802577
0.041151601006276906 0.001213562835346238
0.038365476502804086 0.0011162146929564187
0.05207621894078329 0.0013991707351124205
0.04514286998892203 0.0013164846718609624
0.03935510778683238 0.0011612867247094982
0.044367120863171294 0.0012938171166752
0.043492632554261945 0.001275154160339298
0.0413408707245253 0.0012182934078737162
0.044137602410046384 0.0012898458712697902
0.042372503463411704 0.0012477521099754085
0.038363487139577046 0.0011161859038111288
0.03886870195856318 0.0011429211967879382
0.037327761616325006 0.0010730036087807093
0.039329432183876634 0.0011602703211792686
0.04479396666465618 0.001307334867760801
0.04142885614419356 0.001220553634539101
0.047070647560758516 0.0013424749959085602
0.03883441416837741 0.0011421054427955823
0.04429969888587948 0.0012920500814743718
0.04197225015377626 0.0012322696343289863
0.0388637469150126 0.001142844144396804
0.04520345275523141 0.0013177812375033682
0.03846133791375905 0.0011220467004022794
0.043802532309200615 0.0012825764572426124
0.038843367219669744 0.0011423070848195493
0.03696741067687981 0.0010544447341089835
0.04204890153778251 0.0012360319451545365
0.03724559230613522 0.0010694070779209142
0.038257657093708985 0.0011132861169471653
0.04556330892955884 0.00132603983502122
0.03870985034154728 0.0011319928503326082
0.03723714593797922 0.0010694026482269692
0.042109824920771644 0.0012380905936879572
0.038487892190460116 0.0011230075833736919
0.0445245139853796 0.0013003769859096792
0.038798621884780005 0.0011406351432015072
0.04340034635970369 0.0012732126283481193
0.04333335708361119 0.0012705695326076238
0.03976131955278106 0.0011704839434969472
0.042312303761718795 0.0012430505939846626
0.037467053305590525 0.0010770338044494565
0.04290441631746944 0.001261896294863618
0.044623422116274014 0.0013022416337662435
0.04221184691414237 0.0012407959402480628
0.03950609196908772 0.0011646456041489728
0.03974906825169455 0.001169816920082667
0.043204435089137405 0.0012659814847211237
0.0432328981696628 0.0012674376221184502
0.03986764291767031 0.0011730692476703553
0.03889263849123381 0.0011460208093012625
0.039299927302636206 0.0011584209960346925
0.04427849393687211 0.0012905464527648292
0.043589282053289935 0.001276169999528065
0.04239954624790698 0.0012480254933961987
0.04275558891822584 0.0012557518793983036
0.03993108117720112 0.0011742404449250898
0.04015312121191528 0.001182322538511471
0.03949730354361236 0.0011638087753453874
0.04286945911007933 0.0012592810035130242
0.04204532167932484 0.0012334794605521893
0.045795572514180094 0.001329560942849639
0.04021018900675699 0.0011832871896331199
0.039767455207766034 0.0011721506964477157
0.03994502974092029 0.0011755531122616958
0.04462280572624877 0.0013021823629060236
0.03971056250156835 0.0011695933462760877
0.03695240945671685 0.0010520169957999315
0.04105814285867382 0.00120746094671631
0.0403407487901859 0.0011943150384468026
0.04123982347664423 0.0012170305280960747
0.04265042537008412 0.0012521065041255497
0.038699262600857764 0.0011307963859508163
0.045117082801880315 0.0013156025202079036
0.045467152493074536 0.0013236304480415129
0.04176730875042267 0.0012295700526010478
0.0391643958282657 0.0011537385230440123
0.04233806314005051 0.0012456805663987325
0.03871740435715765 0.001132165203216573
0.0455595719977282 0.0013258831313578412
0.037046792393084615 0.0010614658028771373
0.04332894805702381 0.0012705311901299865
0.04551949792949017 0.0013256103284220444
0.04140272369841114 0.0012191081627861422
0.04240021266741678 0.0012519358560894034
0.03977952970308252 0.0011722868330252822
0.042131479291128926 0.0012389830112624622
0.04289604164659977 0.0012614032189048885
0.03909424718585797 0.001152101594470878
0.03670177728054114 0.00104512380403321
0.04271030213567428 0.0012534253721696587
0.043790374853415415 0.0012818078721466009
0.04282355013128836 0.0012587512096615683
0.0446146747271996 0.0013019000334679731
0.038862464018166065 0.001142503830124042
0.04408846022852231 0.001288313603708957
0.038464721728814766 0.0011222014213672082
0.04236981985741295 0.0012474003196984995
0.04206764716946054 0.0012366576754629932
0.04519424213503953 0.0013174744849493436
0.04275960411177948 0.0012562324250211532
0.04136741333059035 0.0012186802796350094
0.03789886407321319 0.001101397120692127
0.03743805686099222 0.0010748447561184094
0.03867444639035966 0.0011279134250870015
0.03918831412738655 0.0011571373042897903
0.04949001202476211 0.0013568617823693785
0.04495569335995242 0.0013091075611555425
0.03734116250416264 0.0010736446770351904
0.04371163237374276 0.001280577014767914
0.04515615246782545 0.001316825448157033
0.03708125196862966 0.0010658875025910675
0.0384985497512389 0.0011237053076911252
0.03868088062154129 0.0011301781523798127
0.03846379516471643 0.0011220900946682377
0.044509396626381204 0.0012991539181257394
0.04382694943342358 0.0012827662062591116
0.041469995834631845 0.001221477500621404
0.04428496211767197 0.0012912901552226685
0.039950382051756606 0.001181576119051897
0.040267126460094005 0.001184371813906182
0.04454058498959057 0.0013012742876981065
0.042943823587847874 0.0012629272446247342
0.04549794620834291 0.0013239793865977845
0.038742319302400574 0.0011325497434881981
0.04266082563844975 0.0012532238467883872
0.047170055579044856 0.0013442032582133834
0.04436712327878922 0.0012938182680954924
0.04213966598035768 0.0012390948613756336
0.03695016496931203 0.0010519935685806558
0.045808539347490296 0.001329781643107708
0.03926839222549461 0.0011572059638638166
0.03903604450169951 0.0011494694090288249
0.03758472250774503 0.001079928464605473
0.04438679909799248 0.001295038095122436
0.039981709778658114 0.0011817389270163403
0.04031446622684598 0.0011914983397218748
0.037275890819728374 0.0010721345684032713
0.043452956961118616 0.0012745004364660417
0.04344396987289656 0.0012740824590764532
0.04377389475121163 0.001281066030060174
0.041747360199224204 0.0012252672167960554
0.04497496923431754 0.0013110819054418243
0.03910137992352247 0.001152412599822128
0.05042036887607537 0.0013972292867947544
0.03725198851316236 0.0010706074567679025
0.04232386339572258 0.0012454538555175532
0.044282374263275415 0.0012908557202990778
0.04153441225935239 0.0012241216916208941
0.03849892836296931 0.0011245465220781625
0.04101370141142979 0.0012067229631611553
0.041747532377485186 0.0012259778518455278
0.04218423331622034 0.001239253358107817
0.03880742230103351 0.0011414378882363962
0.03987009354750626 0.0011734751942640287
0.03889026920660399 0.0011450374049672973
0.04274017160059884 0.0012554921945593378
0.042212939501041546 0.0012408843995217467
0.04233576807018835 0.001245630277935561
0.042122275568544865 0.0012385220923079032
0.03705759102012962 0.0010644981161931355
0.04137656159582548 0.0012190084626126918
0.045100317016476765 0.001312346077611437
0.03910508821718395 0.0011536353797509946
0.04520543324179016 0.001317834124165529
0.04109063613577746 0.001209869579270162
0.038870003510965034 0.0011430144636506157
0.04111245254171081 0.001210291270581365
0.03711265901802108 0.0010678554535843432
0.04463037024834193 0.0013030119798713713
0.03773729880049359 0.0010831822119143908
0.04232127527939156 0.0012433791025614482
0.049908409084309824 0.0013710977655136958
0.04116080503445119 0.0012136256336816587
0.03696021600626409 0.001053675985076552
0.036725976649904624 0.0010461313786436222
0.039048141363309696 0.0011497918358145398
0.04388034768635407 0.00128567640649635
0.03932153922505677 0.0011596677895795438
0.04331942429416813 0.001270439121981326
0.04463272818247788 0.0013035840947850375
