0.01405528837494785 0.001179346003482351
0.011795228499977384 0.0009920570728354505
0.014465515416304697 0.001193801836620878
0.0152906676485145 0.0012520265408966225
0.012924226961331442 0.0011077774393015716
0.01471929275066941 0.0012214021755880822
0.013348673302971292 0.00113204683202639
0.012533904577139765 0.001083893708027972
0.016247515490249498 0.0012945886680881813
0.017065169380657608 0.0013144932232762585
0.013752973747614305 0.0011641647200804073
0.016001740044885082 0.0012856880359777278
0.01572306545676838 0.0012725686349313037
0.015262397228070768 0.0012511639338299574
0.015717278514784994 0.0012719460818289008
0.015829385296456167 0.0012768018546012172
0.015766083874041215 0.001274119749723468
0.015582356476443238 0.001265941398742143
0.013659618067322299 0.0011547886217613268
0.017230081428351696 0.0013224452175109036
0.012826648897316772 0.00110369547337541
0.013391779910307378 0.0011339048282934527
0.01176726866106037 0.0009884916871669702
0.013516672041077982 0.0011427104873291682
0.01352874691656325 0.0011432411557734667
0.014473216127953492 0.0011947006619266176
0.015900481383141596 0.001283730781324266
0.015628042849129997 0.0012679713631769118
0.012229210580699146 0.001052663170867163
0.012814236208214425 0.0011036847977266007
0.0162874226916756 0.0012961002182692027
0.016458713849715423 0.0013036123859819782
0.013356513431062922 0.0011326803883093817
0.012706899164186325 0.001097545377433562
0.015769492980325595 0.0012741397099489404
0.015296721783670364 0.0012526656859108698
0.016224369614064926 0.0012926801784942654
0.013661523245900753 0.0011552241003300878
0.014590852075343719 0.0012071814662704128
0.012641527217056137 0.0010911926365224645
0.014963242829253431 0.0012378091224718446
0.015058561359182931 0.001241486689195881
0.013206435534812044 0.0011247075324263278
0.013465061911119847 0.001138997401767483
0.014488949516817229 0.0011963437591475667
0.014812749926932156 0.001232352712690954
0.013360886347072665 0.0011332919239066541
0.014544661746185739 0.0011994938786301645
0.013494315986463334 0.0011412144690439163
0.015228338234010153 0.00124943148375678
0.015679192951211007 0.0012702716524017887
0.013765595063887304 0.0011656042352115037
0.014996657228039112 0.0012389885156380842
0.014925615727406694 0.0012356778403272983
0.01210748148150742 0.0010442731204420852
0.016374520211684285 0.0013003041485717404
0.01370217205840163 0.0011580108669022593
0.016430420841061277 0.0013024693769239093
0.012101964159228373 0.001043583407749793
0.015805158105649753 0.0012765255282829457
0.01777173530354048 0.001326277423004285
0.016326750603184337 0.0012980277801943885
0.013251335687527899 0.0011288984487691778
0.013201333269535098 0.001123945156678019
0.0135455692125106 0.001143980491633556
0.017058463734429097 0.0013141441554580524
0.014068148826481774 0.001180530100100441
0.015274215711542638 0.001251189189588331
0.013344373510335572 0.0011318599154037656
0.013573902477219235 0.0011448502818893758
0.016250757544185035 0.001294687030622299
0.012990875969990157 0.001110457700178813
0.016486340569827007 0.0013042859768575
0.012531711185147287 0.0010825772510543175
0.01501183368236525 0.0012394858981679135
0.013271698931930587 0.001130148193169589
0.013239261141279712 0.0011255495614932443
0.01623446414123464 0.0012932252265045463
0.011428498932218645 0.0006145042259504407
0.015376425692011253 0.0012571972616797211
0.014952098492358346 0.0012377918296806456
0.013107893528285786 0.0011156463784800508
0.014476863325398881 0.0011949369447847857
0.01618469708773773 0.0012914054392467733
0.015279879084118875 0.0012517196960288857
0.012409525683324318 0.0010745449512796768
0.01686812724074116 0.0013051215222503743
0.01278505867230706 0.0011013164121322916
0.012084595407941379 0.0010416188517297087
0.012552396699902602 0.0010874822683035745
0.014891313989210175 0.0012355852188647987
0.013169801986805396 0.0011229069668843294
0.015665141814679373 0.0012685477688592073
0.015591021496220492 0.0012659606925353728
0.015327554401665111 0.0012533500915878903
0.013557645048422273 0.0011446592122865695
0.016000276416889392 0.0012842452545100969
0.014109072162682423 0.0011830133526018471
0.016281501415505772 0.001295535764484157
0.011435023130616173 0.000881823535564763
0.013509451648133108 0.0011423444477713929
0.012511444074334577 0.001079903286353101
0.01408940627516131 0.001181259520990352
0.012797200251952745 0.0011036437581424252
0.015328609602875076 0.001254306286227802
0.013578959449660033 0.0011470280167031888
0.013206451403675601 0.0011247085966488157
0.015284541328583146 0.0012518885808958657
0.01450233659488731 0.0011978764983950896
0.01290726045408519 0.0011068208082178899
0.013652843688760186 0.0011544416531705792
0.013808628664264688 0.0011760264987970004
0.015238245272485074 0.0012499642000420863
0.014486726962786634 0.0011953529738093494
0.012985437919269316 0.0011103637089036056
0.012925971954246052 0.0011082759970122424
0.017045273412804818 0.0013137336218278506
0.012621568042959552 0.0010898151599576522
0.015328667221183423 0.0012562324504870048
0.016198283065023134 0.0012920902397581813
0.013151573315553833 0.0011183535002601275
0.012672821681917412 0.001094493343657632
0.014046410607988946 0.001178782195893291
0.012085181984730298 0.001041686731525715
0.015255329693900421 0.00125063510495238
0.01617547472778824 0.001291133120844279
0.015835813028388657 0.0012774878407526558
0.012011931205051951 0.0010362740040932295
0.011733974883100018 0.000987926947800588
0.014929419940017397 0.0012357422244804184
0.013080365431960672 0.0011134723115446832
0.012707766247331165 0.0011009652530447056
0.01584380685017095 0.001277714127127183
0.011432681421865709 0.0008807364883978153
0.011993024654657347 0.0010330149695505497
0.01618843401229242 0.0012915202453314123
0.017215160183695843 0.0013217118362263136
0.014486212774500018 0.001194973810470401
0.011730190759408288 0.0009775047428774997
0.013522960211048485 0.0011428250975313858
0.01333119362971047 0.0011305051616545825
0.01634384708631842 0.0012986912528276662
0.01405355045972101 0.001178967010218912
0.01643857458293496 0.0013025003315760841
0.01619348621352401 0.0012917504828919846
0.014712686293933075 0.001207394062930689
0.011606735944951652 0.0008873706657936964
0.011602197726460872 0.0008859875388225191
0.011720932605385315 0.0008950000828917837
0.014500822715490358 0.001196862061419779
0.015218826612908742 0.0012490665411633017
0.01251137742656283 0.0010797679847200925
0.015504177881666692 0.0012627019084447966
0.017264362493733643 0.0013236523607247364
0.013489383090927731 0.0011407661172597727
0.01503346652680193 0.0012406693222146714
0.015262886088748928 0.001251173676223516
0.015181915541688795 0.0012475923190322646
0.016380563785787672 0.001301991630498378
0.01575863710786507 0.001273741009299556
0.014963794477807824 0.0012381023868783814
0.013543872973968973 0.001143868019880756
0.014584315471438458 0.0012011969022296398
0.013368635198276024 0.0011334531800457626
0.012930737168062478 0.0011088130358984927
0.01312230098665168 0.001116046631636891
0.01318292837459012 0.0011233913542127993
0.015774019797390793 0.0012763386032474955
0.013463452996802516 0.0011372613348612504
0.015020310267573223 0.001240561472286572
0.013332468326552771 0.0011306429510113958
0.015026817010948434 0.0012405903512444638
0.015530422433585045 0.0012633196236038202
0.014789402644964866 0.0012256670306669548
0.012593467814440373 0.0010877244330913527
0.014487088807072723 0.0011955298107295675
0.012549358354590368 0.0010842144683920196
0.014989195555244805 0.001238719567481894
0.013244264206150547 0.0011268739540355455
0.013665158239746233 0.001156033527990985
0.015136667218030198 0.0012456254145263301
0.015669109983718954 0.0012695564561227002
0.012930285738548264 0.0011084063858106674
0.015838192724913824 0.0012776775711245136
0.015069457127538044 0.001242740454927116
0.01626072782164556 0.0012948201640483603
0.012078967432898935 0.0010411896855657687
0.013723907501116628 0.0011615376099598507
0.01487666563843959 0.0012350338699889107
0.013619922749057878 0.0011536174198454319
0.017069389368771226 0.001315103129286399
0.01373432361651794 0.0011639835224741546
0.015410724307002965 0.001262113191160097
0.01570605993765639 0.0012719096881710357
0.015016904602816794 0.0012401570422753139
0.01601998578553321 0.0012857040737799252
0.012999326092540286 0.0011107928507954057
0.016177118786799838 0.001291278536655227
0.013776781655906234 0.0011705126137258048
0.015566514346573967 0.0012651971219383995
0.012665615413425257 0.001093820388007316
0.012114696190110408 0.001044635580456088
0.016395014092267957 0.0013022874072703416
0.014038307081136736 0.0011781950713611877
0.01298899318499025 0.0011103904507763218
0.015995906629541423 0.0012841202128583973
0.01602289217771613 0.0012881700093885229
0.015666493971366435 0.0012694643337454181
0.015244888949382585 0.001250352573379132
0.013535456972022075 0.0011438511853612
0.01348889121436514 0.0011405063544316363
0.01254914069431834 0.0010839888111604523
0.015477086213650182 0.0012626903339878481
0.01351031244485057 0.0011424674964928272
0.015196793185168644 0.0012485135378028644
0.014016945749972365 0.001177314223468784
0.012705419590929523 0.0010970084249493084
0.01316811989818234 0.0011186208471372083
0.013678918530786177 0.001157117365664817
0.01493804257188458 0.0012365526233679702
0.013604636846139329 0.0011473069700969063
0.012162553364760242 0.0010487470822226896
0.014941438006644603 0.0012374530174383835
0.014566516198101453 0.0012000274723504845
0.015601439694364672 0.0012663216771215957
0.015293267466404359 0.0012521752418024334
0.01580408340669237 0.0012763545971665735
0.015043063671328127 0.0012409076175572409
0.015844278168515302 0.0012800457766388718
0.012945818525622599 0.0011093477769463789
0.015892492046987172 0.001280233136071729
0.014002629606693517 0.0011760798518025695
0.012115297126001678 0.0010480204869054432
0.013270208924950566 0.0011294308319520496
0.015232696867315099 0.0012495608057179197
0.015034610700240592 0.0012407090505348606
0.011612406262429431 0.0008919322322356038
0.016140457799338037 0.001290576991323178
0.016423523749836022 0.001302400421764105
0.013526083745091455 0.0011431402658672596
0.01574479964619968 0.0012736584394588135
0.012955785059602931 0.0011099050802840793
0.015643939143046737 0.0012680749536002622
0.01687759510241449 0.0013082115809766037
0.017246889856323833 0.0013227531469510723
0.012367032933980227 0.0010676794211121887
0.012485325583838858 0.001079184895615981
0.012840523762861267 0.0011051909159505158
0.01306449817639077 0.0011121273430489964
0.013734067517361837 0.0011627338261632758
0.012643937014217954 0.00109376198361133
0.014777511703869095 0.001224329703973126
0.0151300365505449 0.0012437005151468838
