0.04039550689049065 0.0011716019198502181
0.044117751298472285 0.0012763954218826257
0.045767214556690305 0.001314314058618038
0.03765582852065563 0.0010379405484854942
0.04320589348208159 0.0012524167896117433
0.0435495329729747 0.0012624909613805357
0.040554100705776364 0.0011758145392377628
0.041997178544988856 0.0012207199060867424
0.046501656077452935 0.0013332181008536281
0.04108421862474643 0.001193925760617276
0.041652855987194926 0.0012082253051630687
0.043834504089318216 0.0012678816474362975
0.039902869415527675 0.0011587974630629105
0.03841808464494534 0.0011152209162901272
0.04759150848258287 0.0013538464258999738
0.0423808836058015 0.0012289262278954993
0.044580416462849826 0.0012848590213252464
0.03945403057150543 0.0011472681489976821
0.04302516680036206 0.0012500077568802226
0.0419626711809542 0.0012196746861263819
0.040735267830314115 0.0011813871115009533
0.03769716355600394 0.0010393163106527936
0.045382795215118676 0.001304585887282883
0.03873584186658263 0.0011259733810220496
0.045624647435033694 0.0013116056870785542
0.04750907814013772 0.0013503733152901987
0.04241807249491103 0.0012299466779950308
0.04323567729443312 0.0012535758860394708
0.042813562977244146 0.0012442994186585565
0.03901420393958688 0.0011353029731253628
0.04582463460974395 0.001314435642598255
0.04545832145959139 0.001307082638504653
0.04621228670293931 0.0013262507582112448
0.042016070583486 0.0012212708284096152
0.04563958756625652 0.0013116773698129691
0.038246384501690045 0.001106121940210869
0.04568555089645088 0.0013129160597600276
0.04050409531919286 0.001175056600914104
0.03843721016892232 0.0011165942410116259
0.04454244836233556 0.001284579654566187
0.04256003626505844 0.0012347840256552445
0.03977538683102466 0.001156455573891435
0.04431810352252796 0.0012782597659679595
0.044684542663162574 0.0012891501328340382
0.04077117319684476 0.001183054282591911
0.04624090311699547 0.0013265263942230376
0.04438995718373917 0.001281811453281989
0.04273040760017466 0.0012425190523117635
0.039631238469155505 0.0011511666511978547
0.04671882250113413 0.0013366979537750012
0.04736966022755951 0.0013433684293886472
0.044751192901458126 0.0012927561074320693
0.04401545367727522 0.0012741462869598763
0.0408566290861927 0.0011857070849146112
0.0429393473896198 0.0012474163963815954
0.04041253821924329 0.0011718862224370241
0.042952615942340344 0.001247457222234516
0.042689302848884836 0.0012379281279208953
0.042916021280689165 0.0012470263454815722
0.039100782421883196 0.0011375769336154917
0.04059967654757202 0.0011758691362047102
0.04292164041544311 0.0012471629866013245
0.03886855090968311 0.0011292141771264141
0.04292938485741615 0.0012473070114538132
0.042894115395029075 0.001246547495611594
0.04114335804479197 0.0011959957255385234
0.044724125880748034 0.0012908395565318642
0.041948733560275286 0.001218711038291076
0.04025334399193525 0.001169078237580834
0.04188960528699681 0.001216232051319821
0.03971118401386775 0.0011551174573014578
0.043515729979844764 0.0012608736565198342
0.04616109569906257 0.0013243590783531545
0.04300028631405439 0.0012493906367581076
0.040159814001526684 0.0011662608176266076
0.04899284310522489 0.0013659152205036662
0.043692589897545986 0.0012671550316554203
0.040474398323567584 0.0011744279345293762
0.03941509802825749 0.0011440587941251579
0.03797353314439533 0.0010576840719522806
0.04248576282407157 0.0012310828460613266
0.041087729565333575 0.0011947406537728966
0.040413541602902114 0.0011721624014171539
0.03979179370799102 0.0011570452684281918
0.04262689255119767 0.0012359063230178435
0.04407153984357137 0.0012758342372762854
0.0419028562027961 0.0012170722911832854
0.040219258051365614 0.001168500425592356
0.04124848464562092 0.0011997677665931405
0.04467444308102131 0.0012885866290162085
0.044499459356302395 0.0012835838474529737
0.04738908406579867 0.001344104274721758
0.04437225131550804 0.0012792847091986914
0.042545073287328705 0.0012339968693595438
0.044153661001473665 0.0012768773867719574
0.04245196521515027 0.0012305067948545911
0.04345483554061502 0.0012579298536365968
0.03925714755314402 0.0011397278472031758
0.03695356409298256 0.0010221304669357778
0.04237911384552717 0.0012285378284104809
0.03681572328787297 0.001003849626840747
0.04752770173945464 0.001351910357698216
0.04332370561314747 0.0012541069163489738
0.04438110688352026 0.00128032947804968
0.03868817852344364 0.0011253165898779116
0.04322113684611395 0.0012524893695626815
0.04402708060661098 0.0012753049363709579
0.039106171287130564 0.0011378757226339076
0.04612190446641762 0.0013231262624913143
0.03843216074164957 0.0011153555951750604
0.04130012192763388 0.001201001949084457
0.0428869954921538 0.001246430332230375
0.044639239844400436 0.0012872286793026433
0.04193601047154516 0.0012185801533632912
0.03786831078468822 0.0010530720192036824
0.04650498511909973 0.0013343855550829176
0.04308509576367214 0.0012510094929893967
0.04391678476531524 0.001272553097578566
0.04557673636008985 0.001311449706690837
0.04063574082101695 0.0011799192834587302
0.04154391126940027 0.0012060498647770146
0.047411762905539945 0.0013480044799507596
0.04640756323351525 0.0013302295272978881
0.04323533514980227 0.0012535678461063071
0.0468147819119622 0.0013418770250837042
0.04007316171191633 0.0011646519324131077
0.039595419919351116 0.00114946643498115
0.036343564934213646 0.0009258758082069107
0.03960707554506371 0.0011510561837440036
0.041668926540296525 0.0012084002587471332
0.04502057973877527 0.0012970418856639299
0.03989477420691401 0.0011578093221942254
0.03757887831307016 0.001034412453918776
0.04251963156275451 0.0012338228762018844
0.038202497526071966 0.0011016625819593173
0.03702364178025164 0.001022593435664021
0.037664022122044116 0.0010380914300185395
0.0385472240720901 0.0011244637112746148
0.04282573383534327 0.001244466649268361
0.042617399827577174 0.0012353093579804408
0.03737054520752281 0.0010327802519896068
0.04357089834229555 0.001262786693587259
0.038432500849012285 0.0011154254452776513
0.03813075803918764 0.0010606138966977596
0.041273473179899156 0.0012000032606920286
0.04172174073755741 0.001211369028169429
0.04643180075800046 0.0013308433756265003
0.045407581666950136 0.00130596657481874
0.03990888939006254 0.0011611543650360545
0.03907650901237503 0.0011370521497156005
0.03966681967722252 0.0011528393697517458
0.04420009086607024 0.0012770008033839986
0.04268513244460337 0.001236702514688659
0.04606372062698938 0.001319681252425653
0.042885235452558845 0.0012448530865185603
0.044901305984240025 0.0012940880314999959
0.041753976402105764 0.0012131323214816803
0.040313216275535524 0.0011705839942806051
0.0435900745796971 0.001263892736460548
0.03907553729368374 0.0011370296087989118
0.04172299586934969 0.0012113984948882717
0.04190403755637817 0.0012179228006061749
0.04195042292121798 0.0012188732266622537
0.04061154421651736 0.0011770288556363084
0.0414921481278725 0.0012049943225065363
0.04584274353692308 0.0013149982605682453
0.04110822160146199 0.0011957105784858868
0.04004911308584269 0.0011640018319667433
0.04546544232289307 0.0013077091593913792
0.04618257697438821 0.00132509590821428
0.041890962194884196 0.001216462967931875
0.0389215451432392 0.001130609573010588
0.039634551241761073 0.0011517401708260877
0.036946943117072806 0.0010194258884439478
0.04203871643403545 0.0012215256738272728
0.040684560663066804 0.001180232128717762
0.03845795184315648 0.0011181449704054103
0.04051232349593192 0.001175246921775397
0.044731074522132985 0.001291391817630938
0.03764496452640742 0.001037420616739837
0.043446210271213204 0.0012576862150126544
0.04035892029060051 0.0011713493240677053
0.04516544230864383 0.0013004088582420081
0.044373037191689946 0.0012797609886092687
0.038703203230397776 0.0011256586026320292
0.04196605154720601 0.0012197883384033048
0.036588531627785414 0.000939907222345937
0.03686468250816688 0.0010087305035995087
0.037960027722874656 0.0010561222206888488
0.037686997617129236 0.0010389989311079262
0.04238306116894819 0.001229276517733524
0.04283475245756563 0.0012447804622297554
0.04170034083654173 0.0012103035624022596
0.03926345257787034 0.0011399438435546472
0.03730541205732152 0.0010298987544956617
0.03668507339898497 0.0009567508441250538
0.039065418764948845 0.0011358696847310057
0.04222585982643068 0.0012268836806015315
0.04199347534449771 0.0012203058031445835
0.04129772540181875 0.0012006380993625498
0.042973663948941976 0.0012476093015720835
0.03677657316438854 0.0009979765673051588
0.042134915478527546 0.0012241503745826776
0.043854512405232526 0.001269148811843479
0.04483334862743504 0.0012935279446537606
0.04083470784826204 0.0011854142826450698
0.0388057337841019 0.0011285363334536669
0.042909724987111986 0.0012466042526284582
0.04746407346101478 0.0013484435244208726
0.04002360766753554 0.0011634119955488131
0.046403363259742036 0.0013290866181705496
0.04646550118923187 0.001331701003437047
0.041408745833905414 0.0012046097726852167
0.0485582256806083 0.0013560518436861457
0.041624538134783506 0.001207243363296584
0.0423591140715871 0.001227655365710234
0.041181624634191394 0.0011979361511293973
0.04402694596501533 0.0012749088180044055
0.039676031345152296 0.0011534154066339397
0.04275500121002551 0.0012428135207755986
0.04268976583261974 0.0012385741038087872
0.041896487498888746 0.0012166387950856006
0.03943258966319263 0.0011443451621744316
0.038182428252184764 0.0010975876610928026
0.048342717840569094 0.0013550128460337874
0.043637199385557324 0.0012648666884160775
0.046222898876294494 0.0013264638328109868
0.044342453009448946 0.0012786849410986179
0.04618429523543455 0.001325207131458228
0.038445385987870395 0.0011173102561770065
0.03884786937851459 0.0011288473215245176
0.0426658789801877 0.0012366880428089644
0.04458597632765304 0.001286278215047787
0.03933139996661339 0.0011439406207500724
0.045653946785023436 0.0013125712830515113
0.04547471446858253 0.0013077722335310682
0.042068674782058224 0.0012237028402068972
0.043202219865634106 0.0012517052102793969
0.04487247663200833 0.0012935977392771747
0.04235082271043211 0.0012273098773221136
0.04092894523637369 0.0011869647778439685
0.04612953071773518 0.0013232838814474235
0.04450628595077433 0.0012838064249081071
0.043324185913661495 0.001254946513199684
0.03931011322129052 0.0011424251197240665
0.038445489888545126 0.0011174804731126642
0.04115011100657284 0.0011967799018748337
0.03904601198155433 0.001135383807195467
0.04575887834653258 0.001314107580583368
0.0453713325841818 0.0013044880388406455
0.04021419835044071 0.0011670688436424825
0.04179780272534117 0.001214119610722264
0.04553285728616174 0.001310508465849125
0.03685306079569273 0.0010087211530844797
0.04628667564247735 0.001328037975326879
0.03964468580670655 0.0011522647519086604
0.044958516547922045 0.0012957069116055209
0.04106099469936453 0.001193828230498184
0.04497504627215676 0.0012964489569640136
0.04502161004347727 0.0012970794186912826
0.040472800290444866 0.0011737706499843625
0.04586486829066416 0.001318871095918439
0.039291051449254155 0.001141886829827854
0.04410949889279436 0.0012759634187204938
0.04620602962677367 0.0013257952514322824
0.039576776121975854 0.0011475223739125795
0.04130882005847525 0.001203267937853525
0.038439007475972176 0.0011166524463988026
0.039073151303455234 0.0011369558505975874
0.03926794740254991 0.001140997456786863
0.04011427133809775 0.0011648354611679679
0.040283935057232156 0.0011690860192175023
0.03970213497814257 0.0011536693050402391
0.042978383993613534 0.0012485272877711395
0.04122844460653141 0.0011991353094344959
0.04503115081752185 0.0012996957216273586
0.047381028038216755 0.0013438330420285638
0.04856579634360969 0.0013562547846959205
0.04108693322632462 0.0011940091771975858
0.041279415163444355 0.001200466170303116
0.03857004476594739 0.0011249325236803998
0.03892396611627191 0.0011337669693602948
0.044005768475471996 0.0012737668746467534
0.04319491851492785 0.0012516577667156525
0.042043719833600335 0.0012229314254454948
0.04668021120596677 0.0013355529913496866
0.04471614398062229 0.0012906701840620372
0.042496248614043 0.001232281268130464
0.0399775322584901 0.001162519966783293
0.0372845230740495 0.0010294607236573938
0.042722682061139494 0.001238786236172018
0.03843428069376387 0.0011158134975630674
0.04214691086963285 0.0012267908941794303
0.043376906076446176 0.001256056091733626
0.04297805539681576 0.0012483997725212248
0.04323428083444014 0.0012534192633211205
0.040547180047724396 0.0011755421101042884
0.04333795965067111 0.001255288038009894
0.04262090611155145 0.001235415304563503
0.03993566983263008 0.001161553467682097
0.03874679174623452 0.0011274544190200686
0.041206815076293424 0.0011985560831817565
