0.007123514079380021 0.0008191906310711705
0.0071236095264188455 0.000819193358879693
0.0071236095264188455 0.000819193358879693
0.007123616875955875 0.0008191935715134741
0.007123659517895801 0.0008191948002756938
0.007123660651700658 0.0008191948497176695
0.007123679888158508 0.0008191954015361028
0.007123717437649531 0.0008191964728520658
0.007123761016948894 0.0008191977350691936
0.007123761016948894 0.0008191977350691936
0.0071237657447236515 0.0008191978628333213
0.0071237657447236515 0.0008191978628333213
0.007123782224037944 0.0008191983473186649
0.007123782224037944 0.0008191983473186649
0.007123782224037944 0.0008191983473186649
0.007123811431512872 0.0008191991823397269
0.007123811431512872 0.0008191991823397269
0.007123811431512872 0.0008191991823397269
0.007123811431512872 0.0008191991823397269
0.007123811431512872 0.0008191991823397269
0.007123811431512872 0.0008191991823397269
0.007123811431512872 0.0008191991823397269
0.007123811431512872 0.0008191991823397269
0.007123811431512872 0.0008191991823397269
0.007123811431512872 0.0008191991823397269
0.007123811431512872 0.0008191991823397269
0.007123811431512872 0.0008191991823397269
0.007123815432580619 0.0008191993080758294
0.007123825539032646 0.0008191996023025065
0.0071238353749519725 0.0008191998745100883
0.0071238353749519725 0.0008191998745100883
0.0071238353749519725 0.0008191998745100883
0.0071238353749519725 0.0008191998745100883
0.0071238353749519725 0.0008191998745100883
0.0071238353749519725 0.0008191998745100883
0.0071238353749519725 0.0008191998745100883
0.0071238353749519725 0.0008191998745100883
0.00712385313925671 0.000819200392186849
0.00712385313925671 0.000819200392186849
0.00712385313925671 0.000819200392186849
0.00712385313925671 0.000819200392186849
0.00712385313925671 0.000819200392186849
0.00712385313925671 0.000819200392186849
0.00712385313925671 0.000819200392186849
0.00712385313925671 0.000819200392186849
0.00712385313925671 0.000819200392186849
0.00712385313925671 0.000819200392186849
0.00712385313925671 0.000819200392186849
0.007123872804856036 0.0008192009646536255
0.007123883217710517 0.0008192012409789873
0.007123892971542332 0.0008192015493429613
0.007123892971542332 0.0008192015493429613
0.007123892971542332 0.0008192015493429613
0.007123892971542332 0.0008192015493429613
0.007123892971542332 0.0008192015493429613
0.007123892971542332 0.0008192015493429613
0.007123903174918272 0.0008192018371778643
0.007123905365550913 0.0008192018869633713
0.007123913819664518 0.0008192021466601179
0.007123937755179625 0.0008192028239046681
0.007123937755179625 0.0008192028239046681
0.00712394535922778 0.0008192030286939239
0.00712398316264291 0.0008192041492385928
0.007124020499475185 0.0008192334303886191
0.007124020499475185 0.0008192334303886191
0.0071242958894850526 0.0008192437811240447
0.00712439941442287 0.0008192476955562378
0.007124472153468352 0.0008192504368490397
0.007124472153468352 0.0008192504368490397
0.007124472153468352 0.0008192504368490397
0.007124472153468352 0.0008192504368490397
0.00712449061660023 0.0008192511185619835
0.007124520018132382 0.0008192522164524708
0.0071245411055172285 0.0008192530097837201
0.0071245411055172285 0.0008192530097837201
0.0071245411055172285 0.0008192530097837201
0.0071245411055172285 0.0008192530097837201
0.0071245411055172285 0.0008192530097837201
0.0071245411055172285 0.0008192530097837201
0.007124552485216005 0.0008192534493485614
0.007124612855403373 0.00081948141826029
0.007124768830033113 0.0008194965929331295
0.007125321831637428 0.0008195343777576613
0.007125350749107182 0.0008195532103559042
0.007125607041183887 0.0008195781478046935
0.0071259725714308735 0.0008196701026193468
0.0071259725714308735 0.0008196701026193468
0.0071259725714308735 0.0008196701026193468
0.0071259725714308735 0.0008196701026193468
0.007126009999309118 0.0008196741561492039
0.0071263073142220105 0.0008197063430723185
0.0071263073142220105 0.0008197063430723185
0.007126714021704968 0.0008197503756028855
0.0071271092917902755 0.000819793168380837
0.007127121529978754 0.0008197944944542874
0.007127121529978754 0.0008197944944542874
0.007127121529978754 0.0008197944944542874
0.007128237821936995 0.0008199153517076859
0.007128243837382119 0.0008199160031223596
0.0071283129591359065 0.0008199234879921829
0.00712850914906958 0.0008199447263466795
0.007128545305910489 0.0008199486419732476
0.0071287829720838684 0.0008199743739746835
0.0071297945739567156 0.0008200838932280025
0.007130640026639998 0.00082017542705038
0.007130783890715317 0.0008201910003130454
0.007132572656470739 0.0008202559310810368
0.007133089192012569 0.0008203061840994833
0.007133916671934085 0.0008205301697710505
0.007134094113787346 0.0008205493810808428
0.007134351824746691 0.0008205772821060849
0.007135575184469855 0.0008207097299855059
0.007138917647918198 0.0008207298618432888
0.007139020908274062 0.0008208833596680859
0.007139428217303105 0.0008211268762686748
0.007139481655449187 0.0008211326626200642
0.0071400018945198766 0.0008211889863362265
0.007140989681514247 0.0008212959276439133
0.007141128278706388 0.0008213109335597907
0.007141172797125262 0.0008213157532083106
0.007141606829753209 0.0008213627445871312
0.007142487758607656 0.0008214581176292646
0.007142818362473358 0.0008214939089824317
0.007143494666482357 0.000821567130232845
0.007143494666482357 0.000821567130232845
0.007143653859051955 0.0008215843633448879
0.007145339607481199 0.0008217668711931272
0.007148164844818722 0.000822072742479286
0.007148460531426398 0.0008221047525688469
0.0071518951950155256 0.0008224766049311237
0.007152121152652614 0.0008225010691450026
0.0071522473138924784 0.0008225147291357178
0.007157341375081135 0.0008230662350875392
0.007158205272999332 0.0008231597631473755
0.007164543954462912 0.0008233668005512957
0.007168873061887393 0.0008243147066285526
0.007170218067156087 0.0008244603219153884
0.007172910629982425 0.00082475183426825
0.007178788894889414 0.00082538824427642
0.007180088306769558 0.0008255289227757288
0.007180339747693749 0.0008256326097305707
0.007186001842099674 0.0008262528869941598
0.0071873597757495244 0.0008263161655139418
0.007191222763588355 0.0008267343911118945
0.007196102475536775 0.0008272626894943227
0.007205006669914346 0.0008273039237050022
0.0072125594986256324 0.0008280388283075738
0.007236708805940165 0.000830388599676473
0.007268215709319914 0.0008350699951316456
0.007301607158560566 0.0008367033563225247
0.007301607158560566 0.0008367033563225247
0.007328358892666187 0.0008415813742024799
0.007347401264397828 0.0008436429884367793
0.00739707983885464 0.0008548244735785164
0.007450856316296062 0.0008587390597181689
0.007452751727435697 0.0008614365819527081
0.007549082514330257 0.000874388470128565
0.00760804671928871 0.0008806927788888351
0.007635398857114967 0.0008855294297564624
0.007654662205840374 0.0008879892865597222
0.007664590992232766 0.0008892916372612603
0.007729023197958174 0.0008963345788707605
0.00775148944527689 0.0009001000120046818
0.007757543398691925 0.0009014100108228039
0.0077640507852246785 0.000902428305572819
0.007896785623764052 0.0009191747616701684
0.007922435037855769 0.0009197530357660528
0.007956605202865754 0.0009263451947780544
0.007995822892305137 0.0009324058735704892
0.008039103560561827 0.0009381078587222805
0.008082791268897818 0.0009432242332573284
0.008090677537202754 0.0009442354040273551
0.008094504706075187 0.0009452637642076117
0.008106493196533388 0.0009464679987178587
0.008111578742840131 0.000947435314774036
0.008148349629586622 0.0009522837521030697
0.008154193053242087 0.000953025670124174
0.00815716496841494 0.0009533033109565146
0.00819653317937252 0.000954835804055918
0.00820026670166161 0.0009582534932255269
0.008258199059555604 0.0009661480882485656
0.008268677243717961 0.0009670885758802264
0.008273827639955142 0.0009675786934495293
0.00827987542903687 0.0009686307027183452
0.008299716958309443 0.0009714086192977027
0.008301574739249161 0.0009720026422993188
0.008323563290454356 0.0009748847565810902
0.008337214263362511 0.0009763529698243994
0.008342406111251388 0.0009768493256112176
0.008380014220063271 0.0009821079679464642
0.008387350592189863 0.0009832848380102862
0.008396616213353964 0.0009840279436957719
0.008409059300921607 0.0009857815880598565
0.008437669645721875 0.0009893506449097206
0.008465149987114111 0.0009919106283008102
0.008466522348355474 0.0009935625795608758
0.008498135185306973 0.0009963673583057232
0.00853280356850748 0.0009979343555954101
0.008552155103066665 0.0010045649826493559
0.00857254615724824 0.001007117856592749
0.008594301591636731 0.001009436582889106
0.008641352843982594 0.0010148590122740003
0.008646728676898006 0.0010161017139822084
0.008708906269560163 0.0010248594263825225
0.008743837656990138 0.0010267152423557612
0.008759880375924232 0.0010308310915312473
0.008765854753405375 0.0010319806127598381
0.008805283065792209 0.0010374877544924218
0.008832448222653265 0.0010406401507048048
0.00884267754992921 0.0010413358606169384
0.008869591384024565 0.0010432501941422924
0.00891449412264449 0.0010512976247461006
0.008931400887110813 0.0010520610632804316
0.008960958846730687 0.001054626641572031
0.008971707096913768 0.0010586678805359555
0.00898422325798346 0.0010605385993764202
0.008998876943047258 0.0010626392567679496
0.009035942996591778 0.001067147277001657
0.009059047902874824 0.0010679947083443151
0.009066332747997728 0.0010697772880448081
0.009086053626525196 0.0010739612223330058
0.009091369776549618 0.0010742582296272413
0.009144918718003273 0.001076944072265281
0.009161328329034716 0.0010789545830359078
0.00916607363616441 0.0010841312977952974
0.009212192994365891 0.0010897731709573306
0.009219859154343047 0.001090786299994908
0.009229754686561072 0.001092554024424328
0.009234355517585297 0.0010931874103185652
0.009259047427797018 0.0010959657451471664
0.009265387132999453 0.001096792362041733
0.009297796702738424 0.0010983448205104198
0.009309862642285803 0.0011025074532940433
0.009330684917488672 0.0011054906236006303
0.009338046397301587 0.001105756726780681
0.00933993468824333 0.0011061442178349526
0.00935388146409671 0.0011083970166492784
0.009355345792550929 0.0011088631125498862
0.009403097376200556 0.0011150816778059895
0.009435701221922771 0.0011193201750761602
0.009447282985310543 0.0011200412956059967
0.00946681788810224 0.0011233681688586207
0.009472945087691528 0.0011239721847558903
0.00948014850238851 0.00112496462252401
0.00949276504261577 0.0011266685570075693
0.009495308398716856 0.0011268327636058087
0.009505983305562966 0.0011280945932864719
0.009511616075574832 0.0011290546578228036
0.009532433644294108 0.0011293816603948847
0.009533763361586772 0.0011304873487051246
0.009539743720853505 0.0011327289250293397
0.009544307146766637 0.0011328503770915682
0.009562677086317752 0.0011345074615431415
0.009567289164285786 0.00113600125197402
0.009574271890385804 0.0011369067291931852
0.009594418339354918 0.00113980544307706
0.00960550190549876 0.0011412461583400456
0.009607753642197701 0.0011413808479352656
0.009611784144659893 0.0011420924648326025
0.009627589714947211 0.0011436363334007345
0.009637467821556707 0.00114519639781981
0.009648070820035427 0.0011467278959729026
0.00966099663549561 0.0011483980977316792
0.00968408945425356 0.0011504461435196908
0.009687461517975676 0.0011520043031506648
0.009704509645855022 0.0011541983560811704
0.009709844696819049 0.0011546003449386555
0.009717385076779567 0.0011556306596061461
0.00971954994647033 0.001155715311106262
0.009721164519199486 0.0011562399197906597
0.009721364487449933 0.0011562603274909208
0.009770918274760497 0.0011628217952200255
0.009782596172600574 0.00116417450073809
0.009814803754292502 0.0011679990539124065
0.00982184896111048 0.0011694197640939616
0.009846136351716578 0.0011722365517119776
0.009900722988678603 0.0011795961929369338
0.009907940465560065 0.0011805820460312716
0.009915290150295264 0.0011810157182984122
0.009935156343143478 0.0011831578021919502
0.010020079015026554 0.0011924413519447518
0.010081295844310173 0.0012024504816149637
0.010106856827218097 0.001205843277539175
0.01023749453377484 0.001223286414712671
0.010297894352060674 0.001231162458273461
0.010336454201311868 0.0012360853894286198
0.010365348149963718 0.001239850697644115
0.010408540290511002 0.0012452329258491282
0.010413036531150343 0.0012459031454705113
0.010476807508446238 0.0012542176270319784
0.010549453987447631 0.0012634187574840563
0.010556849910100868 0.0012638255176163032
0.01057234375080597 0.0012667821011048636
0.010626544855336179 0.001273349383674474
0.010632763047179106 0.0012743683028973705
0.010680143378102335 0.0012806762857535984
0.01072625294200868 0.0012854691166030996
0.010738242663962658 0.0012881464173006244
0.010741464107494665 0.001288556243397675
0.0109066730772133 0.0013100383242094626
0.010970117304921003 0.0013172995337044713
0.011009028100224673 0.0013232495455950267
0.011054007936407468 0.001323844057619098
0.011089279336233162 0.0013335680896548556
0.011097433884448659 0.0013346868303494564
0.011107461050647296 0.0013356745486471462
0.011144722575625163 0.0013398097117075613
0.011147015378262308 0.0013410110255059294
0.011182345558011784 0.0013458682370043236
0.011298625926859176 0.0013608069867757913
0.011334390192504484 0.0013651969040851324
0.01135657640076021 0.0013684858594566426
0.011411197277016696 0.0013747894306037124
0.011440863383266976 0.0013793605948271698
0.01148221008429056 0.0013829861630142465
0.011646286802627819 0.0014059831413219686
0.011771678463484911 0.0014218770450653145
0.011799958839508913 0.0014255716613544183
0.011874810262758745 0.001434549799033985
0.01190580906168996 0.0014381368606531787
0.011950529446856355 0.001445524638920528
0.012027772415103562 0.0014497991568486524
0.01204520647047886 0.0014577671942831636
0.012141959374063793 0.0014621987648252893
0.012150591337116377 0.0014636821872519292
0.012150591337116377 0.0014636821872519292
0.012151816507079813 0.0014707107042286108
0.012228447486821947 0.0014787422901430523
0.012237690390293435 0.0014801886017408647
0.012240417599364584 0.0014829178475995368
0.012277648264195633 0.0014878762323980673
0.012292739102387913 0.0014881107121750075
0.012299090322651019 0.0014892022158260513
0.012300343063070575 0.0014894175073838422
0.012304304705075065 0.0014906122734310754
0.012304406531369863 0.0014906282216059692
0.012307309206704642 0.0014910824207182848
0.012312204089798863 0.0014918483461708197
0.01231240061939834 0.0014918790992861468
0.012315576386148457 0.0014920354031464497
0.0123156364252521 0.0014920457150765496
0.012316973282977518 0.0014922754424068682
0.01231788088784334 0.0014924313796903293
0.012319605206573579 0.0014927277226311304
0.012321046429121404 0.0014929754097136624
0.01232219430378511 0.0014931726578666425
0.01232233341904753 0.0014931965657026443
0.012323920057481794 0.0014934692451736308
0.012324562499303637 0.0014937821354836008
0.01232485935773008 0.001493828605544833
0.01232505281930484 0.0014938588635500564
0.012325574017716504 0.0014939404380846146
0.012326025834445026 0.0014940111242373489
0.012327780585156963 0.0014942857026351663
0.01232784869625441 0.0014942963583731068
0.01232840006972458 0.001494382643415784
0.01232937095211064 0.0014944060089909744
0.012329632342264621 0.0014945754763444217
0.012330031550677972 0.0014946379491255208
0.012331163616867145 0.0014947140832400577
0.0123311789303807 0.0014947167256503982
0.012331647990195233 0.0014947973051285385
0.012332057277648648 0.0014949549098133715
0.012332345435503229 0.0014950000221920056
0.012332379207020574 0.0014950052954046692
0.012333585124971427 0.001495130262045216
0.01233424286191149 0.0014952432908960634
0.012334437296447965 0.0014952766847800307
0.01233452487512818 0.0014952917366707493
0.012334587471975383 0.0014953508621320508
0.012334768448162774 0.0014953791676002364
0.012337182372237927 0.0014953885956341109
0.012387996397851134 0.0014966187117317223
0.012444702790032321 0.0014975362220734452
0.01425320278439483 0.0015465284820831747
0.014582918019532728 0.0015555907968354988
0.02316410629669315 0.0015586389787497976
0.023203110117330384 0.001561206727642793
0.02323031595729414 0.0015618079497768326
0.023400712338483086 0.001569694984539934
0.023512220491781668 0.0015747545690050658
0.02359956206061084 0.0015790217605637503
0.023727263921123978 0.0017993839888644743
0.026724765320518255 0.0018277206034348018
0.02765652266600885 0.0018734553320879995
0.028921622259289605 0.0019378004034061238
0.031178762244745584 0.001970750412442128
0.03237046498124893 0.0019831581267372605
0.03248106245053253 0.0019985651017121356
0.03288508871748453 0.0020042421992535514
0.032920332352429804 0.00200433957957196
0.0329795668105893 0.0020364140436375804
0.033748676477032995 0.002045365854670384
0.033894443755999155 0.002051583401237264
0.03392474235267637 0.002053046892980129
0.03398386256374633 0.002057414209051844
0.03408434696749832 0.002061011317697999
0.03422001245242381 0.0020673089345436464
0.0342536816717644 0.002069932165775326
0.03440022061583244 0.002075556796586074
0.03443078186922122 0.002077489476124284
0.034463339908697585 0.0020790620740088043
0.03447707003908243 0.002079725273073127
0.03452831288276361 0.002082200353077435
0.03452934229012462 0.0020838902656217253
0.034592269403434524 0.002084478555266965
0.03459338728949774 0.0020851216169551477
0.03459897427371389 0.0020856788236159403
0.034603140879156204 0.00208614484875615
0.03461222666969757 0.0020865663726940264
0.0346286911519602 0.0020870488066670667
0.03463602282509161 0.0020874029357202083
0.034647229040340705 0.0020879442329896454
0.03466558929003356 0.002088831076911388
0.034667702892414026 0.0020889732035389384
0.034668552721551886 0.002089689410361599
0.03468397423752125 0.0020897190917414242
0.034689084273195926 0.0020898601477801564
0.03468972957797022 0.002089997082755959
0.03469407542515536 0.0020902070064189046
0.03469789285498081 0.0020905991266563025
0.0347043006237048 0.0020906136073228234
0.0347071522316555 0.0020909703408494977
0.03470829702794812 0.002091023441073822
0.034709037124765564 0.0020910578016501476
0.03471182503276232 0.002091088081463896
0.03471398468459164 0.0020920265985045674
0.03473251394785681 0.0020928201151938102
0.03474801969512298 0.0020928229587095695
0.03474802935588802 0.002092823427945681
0.034749041759458955 0.002092913731998222
0.03474954024613706 0.0020929368654080023
0.034755738236381124 0.0020931853856647345
0.034756628826130634 0.0020932356309866017
0.03475754265598742 0.0020932879152937393
0.03475882264014504 0.0020933132842158473
