0.007127418199862188 0.0008193207571646394
0.007127418199862188 0.0008193207571646394
0.007127418199862188 0.0008193207571646394
0.007127418199862188 0.0008193207571646394
0.007127418199862188 0.0008193207571646394
0.007127418199862188 0.0008193207571646394
0.007127418199862188 0.0008193207571646394
0.007127418199862188 0.0008193207571646394
0.007127418199862188 0.0008193207571646394
0.007127418199862188 0.0008193207571646394
0.007127418199862188 0.0008193207571646394
0.007127418199862188 0.0008193207571646394
0.007127418199862188 0.0008193207571646394
0.007127418199862188 0.0008193207571646394
0.007127418199862188 0.0008193207571646394
0.007127418199862188 0.0008193207571646394
0.007127418199862188 0.0008193207571646394
0.007127418199862188 0.0008193207571646394
0.007127418199862188 0.0008193207571646394
0.007127418199862188 0.0008193207571646394
0.007127418199862188 0.0008193207571646394
0.007127418199862188 0.0008193207571646394
0.007127418199862188 0.0008193207571646394
0.007127418199862188 0.0008193207571646394
0.007127418199862188 0.0008193207571646394
0.007127418199862188 0.0008193207571646394
0.007127418199862188 0.0008193207571646394
0.007127418199862188 0.0008193207571646394
0.007127418199862188 0.0008193207571646394
0.007127418199862188 0.0008193207571646394
0.007127418199862188 0.0008193207571646394
0.007127418199862188 0.0008193207571646394
0.007127418199862188 0.0008193207571646394
0.007127418199862188 0.0008193207571646394
0.007127418199862188 0.0008193207571646394
0.007127418199862188 0.0008193207571646394
0.007127418199862188 0.0008193207571646394
0.007127418199862188 0.0008193207571646394
0.007127418199862188 0.0008193207571646394
0.007127418199862188 0.0008193207571646394
0.007127418199862188 0.0008193207571646394
0.007127418199862188 0.0008193207571646394
0.007127418199862188 0.0008193207571646394
0.007127629117416544 0.0008193273844704783
0.007129622188276202 0.0008193901611970639
0.007131130524478575 0.000819437654430949
0.007131130524478575 0.000819437654430949
0.007152424313259832 0.0008205303362536715
0.007167498791519651 0.0008205828643174842
0.007181563547988453 0.0008210257086424673
0.007181958688693248 0.0008210381293440533
0.007258973406137109 0.0008254567252021413
0.007517316900406192 0.0008348033360775644
0.007947999430425252 0.0008517328485793791
0.007947999430425252 0.0008517328485793791
0.007947999430425252 0.0008517328485793791
0.007947999430425252 0.0008517328485793791
0.007947999430425252 0.0008517328485793791
0.007947999430425252 0.0008517328485793791
0.007947999430425252 0.0008517328485793791
0.007947999430425252 0.0008517328485793791
0.007947999430425252 0.0008517328485793791
0.007947999430425252 0.0008517328485793791
0.007947999430425252 0.0008517328485793791
0.007947999430425252 0.0008517328485793791
0.007947999430425252 0.0008517328485793791
0.007947999430425252 0.0008517328485793791
0.007947999430425252 0.0008517328485793791
0.007947999430425252 0.0008517328485793791
0.007947999430425252 0.0008517328485793791
0.007947999430425252 0.0008517328485793791
0.007947999430425252 0.0008517328485793791
0.007947999430425252 0.0008517328485793791
0.007947999430425252 0.0008517328485793791
0.007947999430425252 0.0008517328485793791
0.007947999430425252 0.0008517328485793791
0.007947999430425252 0.0008517328485793791
0.007947999430425252 0.0008517328485793791
0.007947999430425252 0.0008517328485793791
0.007947999430425252 0.0008517328485793791
0.007947999430425252 0.0008517328485793791
0.007947999430425252 0.0008517328485793791
0.007947999430425252 0.0008517328485793791
0.007947999430425252 0.0008517328485793791
0.007947999430425252 0.0008517328485793791
0.007947999430425252 0.0008517328485793791
0.007947999430425252 0.0008517328485793791
0.007947999430425252 0.0008517328485793791
0.007947999430425252 0.0008517328485793791
0.007947999430425252 0.0008517328485793791
0.007947999430425252 0.0008517328485793791
0.007947999430425252 0.0008517328485793791
0.007947999430425252 0.0008517328485793791
0.007947999430425252 0.0008517328485793791
0.007947999430425252 0.0008517328485793791
0.007947999430425252 0.0008517328485793791
0.007947999430425252 0.0008517328485793791
0.007947999430425252 0.0008517328485793791
0.007947999430425252 0.0008517328485793791
0.007947999430425252 0.0008517328485793791
0.007947999430425252 0.0008517328485793791
0.007947999430425252 0.0008517328485793791
0.007947999430425252 0.0008517328485793791
0.007947999430425252 0.0008517328485793791
0.007947999430425252 0.0008517328485793791
0.007947999430425252 0.0008517328485793791
0.007947999430425252 0.0008517328485793791
0.007947999430425252 0.0008517328485793791
0.007947999430425252 0.0008517328485793791
0.007947999430425252 0.0008517328485793791
0.007947999430425252 0.0008517328485793791
0.007947999430425252 0.0008517328485793791
0.007947999430425252 0.0008517328485793791
0.007947999430425252 0.0008517328485793791
0.007947999430425252 0.0008517328485793791
0.007947999430425252 0.0008517328485793791
0.007947999430425252 0.0008517328485793791
0.007947999430425252 0.0008517328485793791
0.007947999430425252 0.0008517328485793791
0.007947999430425252 0.0008517328485793791
0.007947999430425252 0.0008517328485793791
0.007947999430425252 0.0008517328485793791
0.007947999430425252 0.0008517328485793791
0.007947999430425252 0.0008517328485793791
0.007947999430425252 0.0008517328485793791
0.007947999430425252 0.0008517328485793791
0.007947999430425252 0.0008517328485793791
0.007947999430425252 0.0008517328485793791
0.007947999430425252 0.0008517328485793791
0.007947999430425252 0.0008517328485793791
0.007947999430425252 0.0008517328485793791
0.007947999430425252 0.0008517328485793791
0.007947999430425252 0.0008517328485793791
0.007947999430425252 0.0008517328485793791
0.007947999430425252 0.0008517328485793791
0.007947999430425252 0.0008517328485793791
0.007947999430425252 0.0008517328485793791
0.007947999430425252 0.0008517328485793791
0.007947999430425252 0.0008517328485793791
0.007947999430425252 0.0008517328485793791
0.007947999430425252 0.0008517328485793791
0.007947999430425252 0.0008517328485793791
0.007947999430425252 0.0008517328485793791
0.007947999430425252 0.0008517328485793791
0.007947999430425252 0.0008517328485793791
0.007947999430425252 0.0008517328485793791
0.007947999430425252 0.0008517328485793791
0.007947999430425252 0.0008517328485793791
0.007947999430425252 0.0008517328485793791
0.007947999430425252 0.0008517328485793791
0.007947999430425252 0.0008517328485793791
0.007947999430425252 0.0008517328485793791
0.007947999430425252 0.0008517328485793791
0.007947999430425252 0.0008517328485793791
0.007947999430425252 0.0008517328485793791
0.007947999430425252 0.0008517328485793791
0.007947999430425252 0.0008517328485793791
0.007947999430425252 0.0008517328485793791
0.007947999430425252 0.0008517328485793791
0.007947999430425252 0.0008517328485793791
0.007947999430425252 0.0008517328485793791
0.007947999430425252 0.0008517328485793791
0.007947999430425252 0.0008517328485793791
0.007947999430425252 0.0008517328485793791
0.007947999430425252 0.0008517328485793791
0.007947999430425252 0.0008517328485793791
0.007947999430425252 0.0008517328485793791
0.007947999430425252 0.0008517328485793791
0.007947999430425252 0.0008517328485793791
0.007947999430425252 0.0008517328485793791
0.007947999430425252 0.0008517328485793791
0.007947999430425252 0.0008517328485793791
0.007947999430425252 0.0008517328485793791
0.007947999430425252 0.0008517328485793791
0.007947999430425252 0.0008517328485793791
0.007947999430425252 0.0008517328485793791
0.007947999430425252 0.0008517328485793791
0.007947999430425252 0.0008517328485793791
0.007947999430425252 0.0008517328485793791
0.007947999430425252 0.0008517328485793791
0.007947999430425252 0.0008517328485793791
0.007947999430425252 0.0008517328485793791
0.007947999430425252 0.0008517328485793791
0.007947999430425252 0.0008517328485793791
0.007947999430425252 0.0008517328485793791
0.007947999430425252 0.0008517328485793791
0.007947999430425252 0.0008517328485793791
0.007947999430425252 0.0008517328485793791
0.007947999430425252 0.0008517328485793791
0.007947999430425252 0.0008517328485793791
0.007947999430425252 0.0008517328485793791
0.007947999430425252 0.0008517328485793791
0.007947999430425252 0.0008517328485793791
0.007947999430425252 0.0008517328485793791
0.007947999430425252 0.0008517328485793791
0.007947999430425252 0.0008517328485793791
0.007947999430425252 0.0008517328485793791
0.007947999430425252 0.0008517328485793791
0.007947999430425252 0.0008517328485793791
0.007947999430425252 0.0008517328485793791
0.007947999430425252 0.0008517328485793791
0.007947999430425252 0.0008517328485793791
0.007947999430425252 0.0008517328485793791
0.007947999430425252 0.0008517328485793791
0.007947999430425252 0.0008517328485793791
0.007947999430425252 0.0008517328485793791
0.007947999430425252 0.0008517328485793791
0.007947999430425252 0.0008517328485793791
0.007947999430425252 0.0008517328485793791
0.007947999430425252 0.0008517328485793791
0.007947999430425252 0.0008517328485793791
0.007947999430425252 0.0008517328485793791
0.007947999430425252 0.0008517328485793791
0.007947999430425252 0.0008517328485793791
0.007947999430425252 0.0008517328485793791
0.007947999430425252 0.0008517328485793791
0.007947999430425252 0.0008517328485793791
0.007947999430425252 0.0008517328485793791
0.007947999430425252 0.0008517328485793791
0.007947999430425252 0.0008517328485793791
0.007947999430425252 0.0008517328485793791
0.007947999430425252 0.0008517328485793791
0.007947999430425252 0.0008517328485793791
0.007947999430425252 0.0008517328485793791
0.007947999430425252 0.0008517328485793791
0.007947999430425252 0.0008517328485793791
0.007947999430425252 0.0008517328485793791
0.007947999430425252 0.0008517328485793791
0.007947999430425252 0.0008517328485793791
0.007947999430425252 0.0008517328485793791
0.007947999430425252 0.0008517328485793791
0.007947999430425252 0.0008517328485793791
0.007947999430425252 0.0008517328485793791
0.007947999430425252 0.0008517328485793791
0.007947999430425252 0.0008517328485793791
0.007947999430425252 0.0008517328485793791
0.007947999430425252 0.0008517328485793791
0.007947999430425252 0.0008517328485793791
0.007947999430425252 0.0008517328485793791
0.007947999430425252 0.0008517328485793791
0.007947999430425252 0.0008517328485793791
0.007947999430425252 0.0008517328485793791
0.007947999430425252 0.0008517328485793791
0.007947999430425252 0.0008517328485793791
0.007947999430425252 0.0008517328485793791
0.007947999430425252 0.0008517328485793791
0.007947999430425252 0.0008517328485793791
0.007947999430425252 0.0008517328485793791
0.007947999430425252 0.0008517328485793791
0.007947999430425252 0.0008517328485793791
0.007947999430425252 0.0008517328485793791
0.007947999430425252 0.0008517328485793791
0.007947999430425252 0.0008517328485793791
0.007947999430425252 0.0008517328485793791
0.007947999430425252 0.0008517328485793791
0.007947999430425252 0.0008517328485793791
0.007947999430425252 0.0008517328485793791
0.007947999430425252 0.0008517328485793791
0.007947999430425252 0.0008517328485793791
0.007947999430425252 0.0008517328485793791
0.007947999430425252 0.0008517328485793791
0.007947999430425252 0.0008517328485793791
0.007947999430425252 0.0008517328485793791
0.007947999430425252 0.0008517328485793791
0.007947999430425252 0.0008517328485793791
0.007947999430425252 0.0008517328485793791
0.007947999430425252 0.0008517328485793791
0.007947999430425252 0.0008517328485793791
0.007947999430425252 0.0008517328485793791
0.007947999430425252 0.0008517328485793791
0.007947999430425252 0.0008517328485793791
0.007947999430425252 0.0008517328485793791
0.007947999430425252 0.0008517328485793791
0.007947999430425252 0.0008517328485793791
0.007947999430425252 0.0008517328485793791
0.007947999430425252 0.0008517328485793791
0.007947999430425252 0.0008517328485793791
0.007947999430425252 0.0008517328485793791
0.007947999430425252 0.0008517328485793791
0.007947999430425252 0.0008517328485793791
0.007947999430425252 0.0008517328485793791
0.007947999430425252 0.0008517328485793791
0.007947999430425252 0.0008517328485793791
0.007947999430425252 0.0008517328485793791
0.007947999430425252 0.0008517328485793791
0.007947999430425252 0.0008517328485793791
0.007947999430425252 0.0008517328485793791
0.007947999430425252 0.0008517328485793791
0.007947999430425252 0.0008517328485793791
0.007947999430425252 0.0008517328485793791
0.007947999430425252 0.0008517328485793791
0.007947999430425252 0.0008517328485793791
0.007947999430425252 0.0008517328485793791
0.007947999430425252 0.0008517328485793791
0.007947999430425252 0.0008517328485793791
0.007947999430425252 0.0008517328485793791
0.007947999430425252 0.0008517328485793791
0.007947999430425252 0.0008517328485793791
0.007947999430425252 0.0008517328485793791
0.007947999430425252 0.0008517328485793791
0.007947999430425252 0.0008517328485793791
0.007947999430425252 0.0008517328485793791
0.007947999430425252 0.0008517328485793791
0.007947999430425252 0.0008517328485793791
0.007947999430425252 0.0008517328485793791
0.007947999430425252 0.0008517328485793791
0.007947999430425252 0.0008517328485793791
0.007947999430425252 0.0008517328485793791
0.007947999430425252 0.0008517328485793791
0.007947999430425252 0.0008517328485793791
0.007947999430425252 0.0008517328485793791
0.007947999430425252 0.0008517328485793791
0.007947999430425252 0.0008517328485793791
0.007947999430425252 0.0008517328485793791
0.007947999430425252 0.0008517328485793791
0.007947999430425252 0.0008517328485793791
0.007947999430425252 0.0008517328485793791
0.007947999430425252 0.0008517328485793791
0.007947999430425252 0.0008517328485793791
0.007947999430425252 0.0008517328485793791
0.007947999430425252 0.0008517328485793791
0.007947999430425252 0.0008517328485793791
0.007947999430425252 0.0008517328485793791
0.007947999430425252 0.0008517328485793791
0.007947999430425252 0.0008517328485793791
0.007947999430425252 0.0008517328485793791
0.007947999430425252 0.0008517328485793791
0.007947999430425252 0.0008517328485793791
0.007947999430425252 0.0008517328485793791
0.007947999430425252 0.0008517328485793791
0.007947999430425252 0.0008517328485793791
0.007947999430425252 0.0008517328485793791
0.007947999430425252 0.0008517328485793791
0.007947999430425252 0.0008517328485793791
0.007947999430425252 0.0008517328485793791
0.007947999430425252 0.0008517328485793791
0.007947999430425252 0.0008517328485793791
0.007947999430425252 0.0008517328485793791
0.007947999430425252 0.0008517328485793791
0.007947999430425252 0.0008517328485793791
0.007947999430425252 0.0008517328485793791
0.007947999430425252 0.0008517328485793791
0.007947999430425252 0.0008517328485793791
0.007947999430425252 0.0008517328485793791
0.007947999430425252 0.0008517328485793791
0.007947999430425252 0.0008517328485793791
0.007947999430425252 0.0008517328485793791
0.007947999430425252 0.0008517328485793791
0.007947999430425252 0.0008517328485793791
0.007947999430425252 0.0008517328485793791
0.007947999430425252 0.0008517328485793791
0.007947999430425252 0.0008517328485793791
0.007947999430425252 0.0008517328485793791
0.007947999430425252 0.0008517328485793791
0.007947999430425252 0.0008517328485793791
0.007947999430425252 0.0008517328485793791
0.007947999430425252 0.0008517328485793791
0.007947999430425252 0.0008517328485793791
0.007947999430425252 0.0008517328485793791
0.007947999430425252 0.0008517328485793791
0.007947999430425252 0.0008517328485793791
0.007947999430425252 0.0008517328485793791
0.007947999430425252 0.0008517328485793791
0.007947999430425252 0.0008517328485793791
0.007947999430425252 0.0008517328485793791
0.007947999430425252 0.0008517328485793791
0.007947999430425252 0.0008517328485793791
0.007947999430425252 0.0008517328485793791
0.007947999430425252 0.0008517328485793791
0.007947999430425252 0.0008517328485793791
0.007947999430425252 0.0008517328485793791
0.007947999430425252 0.0008517328485793791
0.007947999430425252 0.0008517328485793791
0.007947999430425252 0.0008517328485793791
0.007947999430425252 0.0008517328485793791
0.007947999430425252 0.0008517328485793791
0.007947999430425252 0.0008517328485793791
0.007947999430425252 0.0008517328485793791
0.007947999430425252 0.0008517328485793791
0.007947999430425252 0.0008517328485793791
0.007947999430425252 0.0008517328485793791
0.007947999430425252 0.0008517328485793791
0.007947999430425252 0.0008517328485793791
0.007947999430425252 0.0008517328485793791
0.007947999430425252 0.0008517328485793791
0.007947999430425252 0.0008517328485793791
0.007947999430425252 0.0008517328485793791
0.007947999430425252 0.0008517328485793791
0.007947999430425252 0.0008517328485793791
0.007947999430425252 0.0008517328485793791
0.007947999430425252 0.0008517328485793791
0.007947999430425252 0.0008517328485793791
0.007947999430425252 0.0008517328485793791
0.007947999430425252 0.0008517328485793791
0.007947999430425252 0.0008517328485793791
0.007947999430425252 0.0008517328485793791
0.007947999430425252 0.0008517328485793791
0.007947999430425252 0.0008517328485793791
0.007947999430425252 0.0008517328485793791
0.007947999430425252 0.0008517328485793791
0.007947999430425252 0.0008517328485793791
0.007947999430425252 0.0008517328485793791
0.007947999430425252 0.0008517328485793791
0.007947999430425252 0.0008517328485793791
0.007947999430425252 0.0008517328485793791
0.007947999430425252 0.0008517328485793791
0.007947999430425252 0.0008517328485793791
0.007947999430425252 0.0008517328485793791
0.007947999430425252 0.0008517328485793791
0.007947999430425252 0.0008517328485793791
0.007947999430425252 0.0008517328485793791
0.007947999430425252 0.0008517328485793791
0.007947999430425252 0.0008517328485793791
0.007947999430425252 0.0008517328485793791
0.007947999430425252 0.0008517328485793791
0.007947999430425252 0.0008517328485793791
0.007947999430425252 0.0008517328485793791
0.007947999430425252 0.0008517328485793791
0.007947999430425252 0.0008517328485793791
0.007947999430425252 0.0008517328485793791
0.007947999430425252 0.0008517328485793791
0.007947999430425252 0.0008517328485793791
0.007947999430425252 0.0008517328485793791
0.007947999430425252 0.0008517328485793791
0.007947999430425252 0.0008517328485793791
0.007947999430425252 0.0008517328485793791
0.007947999430425252 0.0008517328485793791
0.007947999430425252 0.0008517328485793791
0.007947999430425252 0.0008517328485793791
0.007947999430425252 0.0008517328485793791
0.007947999430425252 0.0008517328485793791
0.007947999430425252 0.0008517328485793791
0.007947999430425252 0.0008517328485793791
0.007947999430425252 0.0008517328485793791
0.007947999430425252 0.0008517328485793791
0.007947999430425252 0.0008517328485793791
0.007947999430425252 0.0008517328485793791
0.007947999430425252 0.0008517328485793791
0.007947999430425252 0.0008517328485793791
0.007947999430425252 0.0008517328485793791
0.007947999430425252 0.0008517328485793791
0.007947999430425252 0.0008517328485793791
0.007947999430425252 0.0008517328485793791
0.007947999430425252 0.0008517328485793791
0.007947999430425252 0.0008517328485793791
0.007947999430425252 0.0008517328485793791
0.007947999430425252 0.0008517328485793791
0.007947999430425252 0.0008517328485793791
0.007947999430425252 0.0008517328485793791
0.007947999430425252 0.0008517328485793791
0.007947999430425252 0.0008517328485793791
0.007947999430425252 0.0008517328485793791
0.007947999430425252 0.0008517328485793791
0.007947999430425252 0.0008517328485793791
0.007947999430425252 0.0008517328485793791
0.007947999430425252 0.0008517328485793791
0.007947999430425252 0.0008517328485793791
0.007947999430425252 0.0008517328485793791
0.007947999430425252 0.0008517328485793791
0.007947999430425252 0.0008517328485793791
0.007947999430425252 0.0008517328485793791
0.007947999430425252 0.0008517328485793791
0.007947999430425252 0.0008517328485793791
0.007947999430425252 0.0008517328485793791
0.007947999430425252 0.0008517328485793791
0.007947999430425252 0.0008517328485793791
0.007947999430425252 0.0008517328485793791
0.007947999430425252 0.0008517328485793791
0.007947999430425252 0.0008517328485793791
0.007947999430425252 0.0008517328485793791
0.007947999430425252 0.0008517328485793791
0.007947999430425252 0.0008517328485793791
0.007947999430425252 0.0008517328485793791
0.007947999430425252 0.0008517328485793791
0.007947999430425252 0.0008517328485793791
0.007947999430425252 0.0008517328485793791
0.007947999430425252 0.0008517328485793791
0.007947999430425252 0.0008517328485793791
0.007947999430425252 0.0008517328485793791
0.007947999430425252 0.0008517328485793791
0.007947999430425252 0.0008517328485793791
0.007947999430425252 0.0008517328485793791
0.007947999430425252 0.0008517328485793791
0.007947999430425252 0.0008517328485793791
0.007947999430425252 0.0008517328485793791
0.007947999430425252 0.0008517328485793791
0.007947999430425252 0.0008517328485793791
0.007947999430425252 0.0008517328485793791
0.007947999430425252 0.0008517328485793791
0.007947999430425252 0.0008517328485793791
0.007947999430425252 0.0008517328485793791
0.007947999430425252 0.0008517328485793791
0.007947999430425252 0.0008517328485793791
0.007947999430425252 0.0008517328485793791
0.007947999430425252 0.0008517328485793791
0.007947999430425252 0.0008517328485793791
0.007990014813918169 0.0008534045653109076
0.008746119578432021 0.0008834725207254532
0.011593063275237887 0.0009958777919440679
0.02550341433314048 0.0016664665291298867
