0.007137330759029438 0.0008212271985690752
0.007139636166672943 0.0008215225369285288
0.007139636166672943 0.0008215225369285288
0.007139793597508314 0.0008215427039085846
0.007139793597508314 0.0008215427039085846
0.0071525640641286765 0.0008231786729378623
0.0071525640641286765 0.0008231786729378623
0.0071571616892541455 0.0008237676532667057
0.0071571616892541455 0.0008237676532667057
0.0071571616892541455 0.0008237676532667057
0.0071571616892541455 0.0008237676532667057
0.0071571616892541455 0.0008237676532667057
0.0071571616892541455 0.0008237676532667057
0.0071571616892541455 0.0008237676532667057
0.0071571616892541455 0.0008237676532667057
0.0071571616892541455 0.0008237676532667057
0.0071571616892541455 0.0008237676532667057
0.0071571616892541455 0.0008237676532667057
0.0071571616892541455 0.0008237676532667057
0.0071571616892541455 0.0008237676532667057
0.0071571616892541455 0.0008237676532667057
0.0071571616892541455 0.0008237676532667057
0.0071571616892541455 0.0008237676532667057
0.0071571616892541455 0.0008237676532667057
0.0071571616892541455 0.0008237676532667057
0.0071571616892541455 0.0008237676532667057
0.0071571616892541455 0.0008237676532667057
0.0071571616892541455 0.0008237676532667057
0.0071571616892541455 0.0008237676532667057
0.0071571616892541455 0.0008237676532667057
0.0071571616892541455 0.0008237676532667057
0.0071571616892541455 0.0008237676532667057
0.0071571616892541455 0.0008237676532667057
0.0071571616892541455 0.0008237676532667057
0.0071571616892541455 0.0008237676532667057
0.0071571616892541455 0.0008237676532667057
0.0071571616892541455 0.0008237676532667057
0.0071571616892541455 0.0008237676532667057
0.0071571616892541455 0.0008237676532667057
0.0071571616892541455 0.0008237676532667057
0.0071571616892541455 0.0008237676532667057
0.0071571616892541455 0.0008237676532667057
0.0071571616892541455 0.0008237676532667057
0.0071571616892541455 0.0008237676532667057
0.0071571616892541455 0.0008237676532667057
0.0071571616892541455 0.0008237676532667057
0.0071592970683791385 0.00082404120440663
0.0071592970683791385 0.00082404120440663
0.00716261888857343 0.0008244667493243635
0.00716261888857343 0.0008244667493243635
0.00716261888857343 0.0008244667493243635
0.00716606340490945 0.0008249080116445018
0.007168878700672743 0.0008252686666714018
0.007168878700672743 0.0008252686666714018
0.007173075344734276 0.0008258062791117137
0.0071735939402238335 0.0008258727116306608
0.0071735939402238335 0.0008258727116306608
0.0071735939402238335 0.0008258727116306608
0.007187952476474592 0.0008273999882849516
0.007187952476474592 0.0008273999882849516
0.007187952476474592 0.0008273999882849516
0.007188869436433008 0.000827829586451027
0.007188869436433008 0.000827829586451027
0.007188869436433008 0.000827829586451027
0.007191152798919698 0.0008281220994942817
0.007195323296050296 0.0008286563637765697
0.007197008136727165 0.0008288721971368188
0.007197008136727165 0.0008288721971368188
0.007197008136727165 0.0008288721971368188
0.007197008136727165 0.0008288721971368188
0.007197008136727165 0.0008288721971368188
0.007197829566378166 0.0008289774285863187
0.00720220350515151 0.0008295377561901372
0.007211545034102123 0.0008308513209234902
0.007214585029748411 0.0008311086839818118
0.007215065051112679 0.0008311853901907761
0.007234244614460091 0.0008336423953666074
0.0072366040401422764 0.0008337437838790229
0.007245597448915201 0.0008349550997246739
0.007245597448915201 0.0008349550997246739
0.007246481602178214 0.0008352100195444019
0.007246481602178214 0.0008352100195444019
0.007246481602178214 0.0008352100195444019
0.007246481602178214 0.0008352100195444019
0.007246481602178214 0.0008352100195444019
0.007246481602178214 0.0008352100195444019
0.007259947165103929 0.0008367889083917805
0.007275929785925286 0.0008387134001500912
0.0073154749613156865 0.0008440484474609006
0.0073154749613156865 0.0008440484474609006
0.007336723595466276 0.0008467705116711983
0.0073384719731950975 0.0008468823849639125
0.007434978925538966 0.0008593575683732823
0.007438061331865069 0.000859752437077238
0.007438061331865069 0.000859752437077238
0.007490119518122356 0.0008647041385239504
0.007511958697982899 0.0008697107680442081
0.007955906853348026 0.0009269888739212356
0.007958396777986206 0.0009276114796566842
0.008049150039033082 0.0009378299192045143
0.00806902477797377 0.000939346378266147
0.00806902477797377 0.000939346378266147
0.00806902477797377 0.000939346378266147
0.00806902477797377 0.000939346378266147
0.00806902477797377 0.000939346378266147
0.00806902477797377 0.000939346378266147
0.00806902477797377 0.000939346378266147
0.00806902477797377 0.000939346378266147
0.00806902477797377 0.000939346378266147
0.00806902477797377 0.000939346378266147
0.00806902477797377 0.000939346378266147
0.00806902477797377 0.000939346378266147
0.00806902477797377 0.000939346378266147
0.00806902477797377 0.000939346378266147
0.00806902477797377 0.000939346378266147
0.00806902477797377 0.000939346378266147
0.00806902477797377 0.000939346378266147
0.00806902477797377 0.000939346378266147
0.00806902477797377 0.000939346378266147
0.00806902477797377 0.000939346378266147
0.00806902477797377 0.000939346378266147
0.00806902477797377 0.000939346378266147
0.00806902477797377 0.000939346378266147
0.00806902477797377 0.000939346378266147
0.00806902477797377 0.000939346378266147
0.00806902477797377 0.000939346378266147
0.00806902477797377 0.000939346378266147
0.00806902477797377 0.000939346378266147
0.00806902477797377 0.000939346378266147
0.00806902477797377 0.000939346378266147
0.00806902477797377 0.000939346378266147
0.00806902477797377 0.000939346378266147
0.00806902477797377 0.000939346378266147
0.00806902477797377 0.000939346378266147
0.00806902477797377 0.000939346378266147
0.00806902477797377 0.000939346378266147
0.00806902477797377 0.000939346378266147
0.00806902477797377 0.000939346378266147
0.00806902477797377 0.000939346378266147
0.00806902477797377 0.000939346378266147
0.00806902477797377 0.000939346378266147
0.00806902477797377 0.000939346378266147
0.00806902477797377 0.000939346378266147
0.00806902477797377 0.000939346378266147
0.00806902477797377 0.000939346378266147
0.00806902477797377 0.000939346378266147
0.00806902477797377 0.000939346378266147
0.00806902477797377 0.000939346378266147
0.00806902477797377 0.000939346378266147
0.00806902477797377 0.000939346378266147
0.00806902477797377 0.000939346378266147
0.00806902477797377 0.000939346378266147
0.00806902477797377 0.000939346378266147
0.00806902477797377 0.000939346378266147
0.00806902477797377 0.000939346378266147
0.00806902477797377 0.000939346378266147
0.00806902477797377 0.000939346378266147
0.00806902477797377 0.000939346378266147
0.00806902477797377 0.000939346378266147
0.00806902477797377 0.000939346378266147
0.00806902477797377 0.000939346378266147
0.00806902477797377 0.000939346378266147
0.00806902477797377 0.000939346378266147
0.00806902477797377 0.000939346378266147
0.00806902477797377 0.000939346378266147
0.00806902477797377 0.000939346378266147
0.00806902477797377 0.000939346378266147
0.00806902477797377 0.000939346378266147
0.00806902477797377 0.000939346378266147
0.00806902477797377 0.000939346378266147
0.00806902477797377 0.000939346378266147
0.00806902477797377 0.000939346378266147
0.00806902477797377 0.000939346378266147
0.00806902477797377 0.000939346378266147
0.00806902477797377 0.000939346378266147
0.00806902477797377 0.000939346378266147
0.00806902477797377 0.000939346378266147
0.00806902477797377 0.000939346378266147
0.00806902477797377 0.000939346378266147
0.00806902477797377 0.000939346378266147
0.00806902477797377 0.000939346378266147
0.00806902477797377 0.000939346378266147
0.00806902477797377 0.000939346378266147
0.00806902477797377 0.000939346378266147
0.00806902477797377 0.000939346378266147
0.00806902477797377 0.000939346378266147
0.00806902477797377 0.000939346378266147
0.00806902477797377 0.000939346378266147
0.00806902477797377 0.000939346378266147
0.00806902477797377 0.000939346378266147
0.00806902477797377 0.000939346378266147
0.00806902477797377 0.000939346378266147
0.00806902477797377 0.000939346378266147
0.00806902477797377 0.000939346378266147
0.00806902477797377 0.000939346378266147
0.00806902477797377 0.000939346378266147
0.00806902477797377 0.000939346378266147
0.00806902477797377 0.000939346378266147
0.00806902477797377 0.000939346378266147
0.00806902477797377 0.000939346378266147
0.00806902477797377 0.000939346378266147
0.00806902477797377 0.000939346378266147
0.00806902477797377 0.000939346378266147
0.00806902477797377 0.000939346378266147
0.00806902477797377 0.000939346378266147
0.00806902477797377 0.000939346378266147
0.00806902477797377 0.000939346378266147
0.00806902477797377 0.000939346378266147
0.00806902477797377 0.000939346378266147
0.00806902477797377 0.000939346378266147
0.00806902477797377 0.000939346378266147
0.00806902477797377 0.000939346378266147
0.00806902477797377 0.000939346378266147
0.00806902477797377 0.000939346378266147
0.00806902477797377 0.000939346378266147
0.00806902477797377 0.000939346378266147
0.00806902477797377 0.000939346378266147
0.00806902477797377 0.000939346378266147
0.00806902477797377 0.000939346378266147
0.00806902477797377 0.000939346378266147
0.00806902477797377 0.000939346378266147
0.00806902477797377 0.000939346378266147
0.00806902477797377 0.000939346378266147
0.00806902477797377 0.000939346378266147
0.00806902477797377 0.000939346378266147
0.00806902477797377 0.000939346378266147
0.00806902477797377 0.000939346378266147
0.00806902477797377 0.000939346378266147
0.00806902477797377 0.000939346378266147
0.00806902477797377 0.000939346378266147
0.00806902477797377 0.000939346378266147
0.00806902477797377 0.000939346378266147
0.00806902477797377 0.000939346378266147
0.00806902477797377 0.000939346378266147
0.00806902477797377 0.000939346378266147
0.00806902477797377 0.000939346378266147
0.00806902477797377 0.000939346378266147
0.00806902477797377 0.000939346378266147
0.00806902477797377 0.000939346378266147
0.00806902477797377 0.000939346378266147
0.00806902477797377 0.000939346378266147
0.00806902477797377 0.000939346378266147
0.00806902477797377 0.000939346378266147
0.00806902477797377 0.000939346378266147
0.00806902477797377 0.000939346378266147
0.00806902477797377 0.000939346378266147
0.00806902477797377 0.000939346378266147
0.00806902477797377 0.000939346378266147
0.00806902477797377 0.000939346378266147
0.00806902477797377 0.000939346378266147
0.00806902477797377 0.000939346378266147
0.00806902477797377 0.000939346378266147
0.00806902477797377 0.000939346378266147
0.00806902477797377 0.000939346378266147
0.00806902477797377 0.000939346378266147
0.00806902477797377 0.000939346378266147
0.00806902477797377 0.000939346378266147
0.00806902477797377 0.000939346378266147
0.00806902477797377 0.000939346378266147
0.00806902477797377 0.000939346378266147
0.00806902477797377 0.000939346378266147
0.00806902477797377 0.000939346378266147
0.00806902477797377 0.000939346378266147
0.00806902477797377 0.000939346378266147
0.00806902477797377 0.000939346378266147
0.00806902477797377 0.000939346378266147
0.00806902477797377 0.000939346378266147
0.00806902477797377 0.000939346378266147
0.00806902477797377 0.000939346378266147
0.00806902477797377 0.000939346378266147
0.00806902477797377 0.000939346378266147
0.00806902477797377 0.000939346378266147
0.00806902477797377 0.000939346378266147
0.00806902477797377 0.000939346378266147
0.00806902477797377 0.000939346378266147
0.00806902477797377 0.000939346378266147
0.00806902477797377 0.000939346378266147
0.00806902477797377 0.000939346378266147
0.00806902477797377 0.000939346378266147
0.00806902477797377 0.000939346378266147
0.00806902477797377 0.000939346378266147
0.00806902477797377 0.000939346378266147
0.00806902477797377 0.000939346378266147
0.00806902477797377 0.000939346378266147
0.00806902477797377 0.000939346378266147
0.00806902477797377 0.000939346378266147
0.00806902477797377 0.000939346378266147
0.00806902477797377 0.000939346378266147
0.00806902477797377 0.000939346378266147
0.00806902477797377 0.000939346378266147
0.00806902477797377 0.000939346378266147
0.00806902477797377 0.000939346378266147
0.00806902477797377 0.000939346378266147
0.00806902477797377 0.000939346378266147
0.00806902477797377 0.000939346378266147
0.00806902477797377 0.000939346378266147
0.00806902477797377 0.000939346378266147
0.00806902477797377 0.000939346378266147
0.00806902477797377 0.000939346378266147
0.00806902477797377 0.000939346378266147
0.00806902477797377 0.000939346378266147
0.00806902477797377 0.000939346378266147
0.00806902477797377 0.000939346378266147
0.00806902477797377 0.000939346378266147
0.00806902477797377 0.000939346378266147
0.00806902477797377 0.000939346378266147
0.00806902477797377 0.000939346378266147
0.00806902477797377 0.000939346378266147
0.00806902477797377 0.000939346378266147
0.00806902477797377 0.000939346378266147
0.00806902477797377 0.000939346378266147
0.00806902477797377 0.000939346378266147
0.00806902477797377 0.000939346378266147
0.00806902477797377 0.000939346378266147
0.00806902477797377 0.000939346378266147
0.00806902477797377 0.000939346378266147
0.00806902477797377 0.000939346378266147
0.00806902477797377 0.000939346378266147
0.00806902477797377 0.000939346378266147
0.00806902477797377 0.000939346378266147
0.00806902477797377 0.000939346378266147
0.00806902477797377 0.000939346378266147
0.00806902477797377 0.000939346378266147
0.00806902477797377 0.000939346378266147
0.00806902477797377 0.000939346378266147
0.00806902477797377 0.000939346378266147
0.00806902477797377 0.000939346378266147
0.00806902477797377 0.000939346378266147
0.00806902477797377 0.000939346378266147
0.00806902477797377 0.000939346378266147
0.00806902477797377 0.000939346378266147
0.00806902477797377 0.000939346378266147
0.00806902477797377 0.000939346378266147
0.00806902477797377 0.000939346378266147
0.00806902477797377 0.000939346378266147
0.00806902477797377 0.000939346378266147
0.00806902477797377 0.000939346378266147
0.00806902477797377 0.000939346378266147
0.00806902477797377 0.000939346378266147
0.00806902477797377 0.000939346378266147
0.00806902477797377 0.000939346378266147
0.00806902477797377 0.000939346378266147
0.00806902477797377 0.000939346378266147
0.00806902477797377 0.000939346378266147
0.00806902477797377 0.000939346378266147
0.00806902477797377 0.000939346378266147
0.00806902477797377 0.000939346378266147
0.00806902477797377 0.000939346378266147
0.00806902477797377 0.000939346378266147
0.00806902477797377 0.000939346378266147
0.00806902477797377 0.000939346378266147
0.00806902477797377 0.000939346378266147
0.00806902477797377 0.000939346378266147
0.00806902477797377 0.000939346378266147
0.00806902477797377 0.000939346378266147
0.00806902477797377 0.000939346378266147
0.00806902477797377 0.000939346378266147
0.00806902477797377 0.000939346378266147
0.00806902477797377 0.000939346378266147
0.00806902477797377 0.000939346378266147
0.00806902477797377 0.000939346378266147
0.00806902477797377 0.000939346378266147
0.00806902477797377 0.000939346378266147
0.00806902477797377 0.000939346378266147
0.00806902477797377 0.000939346378266147
0.00806902477797377 0.000939346378266147
0.00806902477797377 0.000939346378266147
0.00806902477797377 0.000939346378266147
0.00806902477797377 0.000939346378266147
0.00806902477797377 0.000939346378266147
0.00806902477797377 0.000939346378266147
0.00806902477797377 0.000939346378266147
0.00806902477797377 0.000939346378266147
0.00806902477797377 0.000939346378266147
0.00806902477797377 0.000939346378266147
0.00806902477797377 0.000939346378266147
0.00806902477797377 0.000939346378266147
0.00806902477797377 0.000939346378266147
0.00806902477797377 0.000939346378266147
0.00806902477797377 0.000939346378266147
0.00806902477797377 0.000939346378266147
0.00806902477797377 0.000939346378266147
0.00806902477797377 0.000939346378266147
0.00806902477797377 0.000939346378266147
0.00806902477797377 0.000939346378266147
0.00806902477797377 0.000939346378266147
0.00806902477797377 0.000939346378266147
0.00806902477797377 0.000939346378266147
0.00806902477797377 0.000939346378266147
0.00806902477797377 0.000939346378266147
0.00806902477797377 0.000939346378266147
0.00806902477797377 0.000939346378266147
0.008088787336881575 0.0009425378045360796
0.008367228141849151 0.0009807191289741505
0.00838281448182687 0.0009825900502166104
0.008559116758832573 0.001005428134069791
0.008644036560878086 0.0010164285956035224
0.008646124215342995 0.0010169360408576148
0.008646124215342995 0.0010169360408576148
0.008762463736910284 0.0010317546530977924
0.008762604681940643 0.0010320686617567342
0.008863520202732553 0.0010451608777217048
0.008909050725029989 0.0010497670619912676
0.008920525688535404 0.0010515381994600432
0.008920525688535404 0.0010515381994600432
0.009059236831968406 0.0010705417704778425
0.009059236831968406 0.0010705417704778425
0.009124377006958506 0.0010775409292433178
0.009163445278513097 0.0010817213540362117
0.009205802720582187 0.0010894778336965998
0.009205802720582187 0.0010894778336965998
0.009219404599152044 0.0010912631028661096
0.009244862873291161 0.0010944684390121217
0.009297391442561692 0.0011013194760687098
0.009348723518529112 0.0011039204153589987
0.009410645657704431 0.0011161318251871801
0.009422727465613682 0.0011176574181660263
0.009476756992488334 0.0011238252808580583
0.009476756992488334 0.0011238252808580583
0.00949221977473117 0.0011266153336500924
0.00949328447016838 0.0011268415625442787
0.009506349221323731 0.001127030588031116
0.009506349221323731 0.001127030588031116
0.009520478711363817 0.001130267936051822
0.009523640827354112 0.0011303719854234987
0.009535872405745046 0.0011322291443654092
0.009552186257362478 0.001134478136644778
0.009552186257362478 0.001134478136644778
0.009552186257362478 0.001134478136644778
0.00955920752299838 0.0011353779698912761
0.009569491706282839 0.001136730326166134
0.00957915045679629 0.0011379721921328863
0.009591163614031662 0.0011395501842110336
0.009591163614031662 0.0011395501842110336
0.00962372015774363 0.001143630233763324
0.00968758622642712 0.0011520061898937202
0.009688912199990584 0.0011520947441839276
0.009701247304469796 0.001153682156574579
0.009713661950866037 0.0011553066169803963
0.009722252743119348 0.0011564091970855588
0.009742462774938303 0.0011580864134825971
0.009762454424766677 0.001161618079206605
0.009762454424766677 0.001161618079206605
0.009787013187785003 0.0011648093004518777
0.009833725569847034 0.0011705765685097072
0.00984250889713342 0.0011719935021273168
0.009852628265152957 0.0011731163514037625
0.009877715213218185 0.001176638629902057
0.009917664662771672 0.0011813108967587635
0.009928774873871461 0.0011833484088958077
0.00993374892547073 0.0011838036115971802
0.009957345700051336 0.001187053690285111
0.010100093723851473 0.0012053953330563724
0.010162906746715595 0.001213592962355058
0.010182741343270112 0.0012160695641089483
0.010233713021531607 0.0012223960681627434
0.010256840021925737 0.001225033194775391
0.010275702878693959 0.0012280164898407359
0.010275702878693959 0.0012280164898407359
0.01030071640191396 0.0012315219469105803
0.010315052105524148 0.0012328589098581587
0.010349593771123024 0.0012377447201374877
0.010349593771123024 0.0012377447201374877
0.010385076755078562 0.0012422272999094174
0.010417429948611764 0.0012467326013354844
0.010525423116513086 0.0012597576922934515
0.010542502435234838 0.0012627722781745644
0.01063353638398989 0.0012740535328377126
0.010657948925035554 0.001277660285935366
0.010788605402221721 0.0012942346948139334
0.010800114919079016 0.0012957750148855042
0.010923712985613555 0.0013121832098111279
0.010923712985613555 0.0013121832098111279
0.010923712985613555 0.0013121832098111279
0.010923712985613555 0.0013121832098111279
0.011023739239449154 0.0013248357534046595
0.011105300465286565 0.0013359175710104534
0.011140276378480456 0.0013400958591231744
0.011367867945841747 0.001369621745039447
0.01143647879337917 0.001378897263248334
0.01143647879337917 0.001378897263248334
0.011530861852177105 0.0013909992981836457
0.011581461529570767 0.0013974194919165238
0.011660303359368327 0.0014076802147315337
0.01168459933947745 0.0014106777256426553
0.011724938797233707 0.0014160676330985814
0.01174586629641233 0.0014188021512209137
0.011771041740857323 0.001422179338870765
0.011781639600209504 0.0014236411318053527
0.01188335235652169 0.0014348907952093162
0.012071979648488383 0.0014611705866149193
0.012259742941494668 0.0014853799005538875
0.012311364929276307 0.0014922315342105915
0.012311364929276307 0.0014922315342105915
0.012332817564035637 0.001492406437398825
0.012431644792223149 0.0014935952969582643
0.0207955905750213 0.0017212950165282057
0.0207955905750213 0.0017212950165282057
0.025071931617403304 0.001835357768945698
0.026482018663612196 0.0018724512169386478
