0.007125779936010554 0.000819755251112849
0.007125779936010554 0.000819755251112849
0.007128780800675669 0.0008201443858057186
0.007133558276825524 0.0008207628841993415
0.007133867552561658 0.0008208040133813976
0.007138530587557142 0.000821408693922572
0.007138530587557142 0.000821408693922572
0.007138530587557142 0.000821408693922572
0.007138530587557142 0.000821408693922572
0.007138530587557142 0.000821408693922572
0.007138530587557142 0.000821408693922572
0.007138530587557142 0.000821408693922572
0.007138530587557142 0.000821408693922572
0.007138530587557142 0.000821408693922572
0.007138530587557142 0.000821408693922572
0.007138530587557142 0.000821408693922572
0.007138530587557142 0.000821408693922572
0.007138530587557142 0.000821408693922572
0.007138530587557142 0.000821408693922572
0.007138530587557142 0.000821408693922572
0.007138530587557142 0.000821408693922572
0.007138530587557142 0.000821408693922572
0.007138530587557142 0.000821408693922572
0.007138530587557142 0.000821408693922572
0.007138530587557142 0.000821408693922572
0.007138530587557142 0.000821408693922572
0.007138530587557142 0.000821408693922572
0.007138530587557142 0.000821408693922572
0.007138530587557142 0.000821408693922572
0.007138530587557142 0.000821408693922572
0.007138530587557142 0.000821408693922572
0.007138530587557142 0.000821408693922572
0.007138530587557142 0.000821408693922572
0.007138530587557142 0.000821408693922572
0.007138530587557142 0.000821408693922572
0.007138530587557142 0.000821408693922572
0.007138530587557142 0.000821408693922572
0.007138530587557142 0.000821408693922572
0.007138530587557142 0.000821408693922572
0.007138530587557142 0.000821408693922572
0.007138530587557142 0.000821408693922572
0.007138530587557142 0.000821408693922572
0.007138530587557142 0.000821408693922572
0.007138530587557142 0.000821408693922572
0.007138530587557142 0.000821408693922572
0.007138530587557142 0.000821408693922572
0.007138530587557142 0.000821408693922572
0.007138530587557142 0.000821408693922572
0.007138530587557142 0.000821408693922572
0.007138530587557142 0.000821408693922572
0.007138530587557142 0.000821408693922572
0.007138530587557142 0.000821408693922572
0.007138530587557142 0.000821408693922572
0.007138530587557142 0.000821408693922572
0.007138530587557142 0.000821408693922572
0.007138530587557142 0.000821408693922572
0.007138530587557142 0.000821408693922572
0.007138530587557142 0.000821408693922572
0.007138530587557142 0.000821408693922572
0.007138530587557142 0.000821408693922572
0.007138530587557142 0.000821408693922572
0.007138530587557142 0.000821408693922572
0.007138530587557142 0.000821408693922572
0.007138530587557142 0.000821408693922572
0.007138530587557142 0.000821408693922572
0.007138530587557142 0.000821408693922572
0.007138530587557142 0.000821408693922572
0.007138530587557142 0.000821408693922572
0.007138530587557142 0.000821408693922572
0.007138530587557142 0.000821408693922572
0.007138530587557142 0.000821408693922572
0.007138530587557142 0.000821408693922572
0.007138530587557142 0.000821408693922572
0.007138530587557142 0.000821408693922572
0.007138530587557142 0.000821408693922572
0.007138530587557142 0.000821408693922572
0.007138530587557142 0.000821408693922572
0.007138530587557142 0.000821408693922572
0.007138530587557142 0.000821408693922572
0.007138530587557142 0.000821408693922572
0.007138530587557142 0.000821408693922572
0.007138530587557142 0.000821408693922572
0.007138530587557142 0.000821408693922572
0.007138530587557142 0.000821408693922572
0.007138530587557142 0.000821408693922572
0.007138530587557142 0.000821408693922572
0.007138530587557142 0.000821408693922572
0.007138530587557142 0.000821408693922572
0.007138530587557142 0.000821408693922572
0.007138530587557142 0.000821408693922572
0.007138530587557142 0.000821408693922572
0.007138530587557142 0.000821408693922572
0.007138530587557142 0.000821408693922572
0.007138530587557142 0.000821408693922572
0.007138530587557142 0.000821408693922572
0.007138530587557142 0.000821408693922572
0.007138530587557142 0.000821408693922572
0.007138530587557142 0.000821408693922572
0.007138530587557142 0.000821408693922572
0.007138530587557142 0.000821408693922572
0.007138530587557142 0.000821408693922572
0.007138530587557142 0.000821408693922572
0.007138530587557142 0.000821408693922572
0.007138530587557142 0.000821408693922572
0.007138530587557142 0.000821408693922572
0.007138530587557142 0.000821408693922572
0.007138530587557142 0.000821408693922572
0.007138530587557142 0.000821408693922572
0.007138530587557142 0.000821408693922572
0.007138530587557142 0.000821408693922572
0.007138530587557142 0.000821408693922572
0.007138530587557142 0.000821408693922572
0.007138530587557142 0.000821408693922572
0.007138530587557142 0.000821408693922572
0.007138530587557142 0.000821408693922572
0.007138530587557142 0.000821408693922572
0.007138530587557142 0.000821408693922572
0.007138530587557142 0.000821408693922572
0.007138530587557142 0.000821408693922572
0.007138530587557142 0.000821408693922572
0.007138530587557142 0.000821408693922572
0.007138530587557142 0.000821408693922572
0.007138530587557142 0.000821408693922572
0.007138530587557142 0.000821408693922572
0.007138530587557142 0.000821408693922572
0.007138530587557142 0.000821408693922572
0.007138530587557142 0.000821408693922572
0.007138530587557142 0.000821408693922572
0.007138530587557142 0.000821408693922572
0.007138530587557142 0.000821408693922572
0.007138530587557142 0.000821408693922572
0.007138530587557142 0.000821408693922572
0.007138530587557142 0.000821408693922572
0.007138530587557142 0.000821408693922572
0.007138530587557142 0.000821408693922572
0.007138530587557142 0.000821408693922572
0.007138530587557142 0.000821408693922572
0.007138530587557142 0.000821408693922572
0.007138530587557142 0.000821408693922572
0.007138530587557142 0.000821408693922572
0.007138530587557142 0.000821408693922572
0.007138530587557142 0.000821408693922572
0.007138530587557142 0.000821408693922572
0.007138530587557142 0.000821408693922572
0.007138530587557142 0.000821408693922572
0.007138530587557142 0.000821408693922572
0.007138530587557142 0.000821408693922572
0.007138530587557142 0.000821408693922572
0.007138530587557142 0.000821408693922572
0.007138530587557142 0.000821408693922572
0.007138530587557142 0.000821408693922572
0.007138530587557142 0.000821408693922572
0.007138530587557142 0.000821408693922572
0.007138530587557142 0.000821408693922572
0.007138530587557142 0.000821408693922572
0.007138530587557142 0.000821408693922572
0.007138530587557142 0.000821408693922572
0.007138530587557142 0.000821408693922572
0.007138530587557142 0.000821408693922572
0.007138530587557142 0.000821408693922572
0.007138530587557142 0.000821408693922572
0.007138530587557142 0.000821408693922572
0.007138530587557142 0.000821408693922572
0.007138530587557142 0.000821408693922572
0.007138530587557142 0.000821408693922572
0.007138530587557142 0.000821408693922572
0.007138530587557142 0.000821408693922572
0.007138530587557142 0.000821408693922572
0.007138530587557142 0.000821408693922572
0.007138530587557142 0.000821408693922572
0.007138530587557142 0.000821408693922572
0.007138530587557142 0.000821408693922572
0.007138530587557142 0.000821408693922572
0.007138530587557142 0.000821408693922572
0.007138530587557142 0.000821408693922572
0.007138530587557142 0.000821408693922572
0.007138530587557142 0.000821408693922572
0.007138530587557142 0.000821408693922572
0.007138530587557142 0.000821408693922572
0.007138530587557142 0.000821408693922572
0.007138530587557142 0.000821408693922572
0.007138530587557142 0.000821408693922572
0.007138530587557142 0.000821408693922572
0.007138530587557142 0.000821408693922572
0.007138530587557142 0.000821408693922572
0.007138530587557142 0.000821408693922572
0.007138530587557142 0.000821408693922572
0.007138530587557142 0.000821408693922572
0.007138530587557142 0.000821408693922572
0.007138530587557142 0.000821408693922572
0.007138530587557142 0.000821408693922572
0.007138530587557142 0.000821408693922572
0.007138530587557142 0.000821408693922572
0.007138530587557142 0.000821408693922572
0.007138530587557142 0.000821408693922572
0.007138530587557142 0.000821408693922572
0.007138530587557142 0.000821408693922572
0.007138530587557142 0.000821408693922572
0.007138530587557142 0.000821408693922572
0.007138530587557142 0.000821408693922572
0.007138530587557142 0.000821408693922572
0.007138530587557142 0.000821408693922572
0.007138530587557142 0.000821408693922572
0.007138530587557142 0.000821408693922572
0.007138530587557142 0.000821408693922572
0.007138530587557142 0.000821408693922572
0.007138530587557142 0.000821408693922572
0.007138530587557142 0.000821408693922572
0.007138530587557142 0.000821408693922572
0.007138530587557142 0.000821408693922572
0.007138530587557142 0.000821408693922572
0.007138530587557142 0.000821408693922572
0.007138530587557142 0.000821408693922572
0.007138530587557142 0.000821408693922572
0.007138530587557142 0.000821408693922572
0.007138530587557142 0.000821408693922572
0.007138530587557142 0.000821408693922572
0.007138530587557142 0.000821408693922572
0.007138530587557142 0.000821408693922572
0.007138530587557142 0.000821408693922572
0.007138530587557142 0.000821408693922572
0.007138530587557142 0.000821408693922572
0.007138530587557142 0.000821408693922572
0.007138530587557142 0.000821408693922572
0.007138530587557142 0.000821408693922572
0.007138530587557142 0.000821408693922572
0.007138530587557142 0.000821408693922572
0.007138530587557142 0.000821408693922572
0.007138530587557142 0.000821408693922572
0.007138530587557142 0.000821408693922572
0.007138530587557142 0.000821408693922572
0.007138530587557142 0.000821408693922572
0.007138530587557142 0.000821408693922572
0.007138530587557142 0.000821408693922572
0.007138530587557142 0.000821408693922572
0.007138530587557142 0.000821408693922572
0.007138530587557142 0.000821408693922572
0.007138530587557142 0.000821408693922572
0.007138530587557142 0.000821408693922572
0.007138530587557142 0.000821408693922572
0.007138530587557142 0.000821408693922572
0.007138530587557142 0.000821408693922572
0.007138530587557142 0.000821408693922572
0.007138530587557142 0.000821408693922572
0.007138530587557142 0.000821408693922572
0.007138530587557142 0.000821408693922572
0.007138530587557142 0.000821408693922572
0.007138530587557142 0.000821408693922572
0.007138530587557142 0.000821408693922572
0.007138530587557142 0.000821408693922572
0.007138530587557142 0.000821408693922572
0.007138530587557142 0.000821408693922572
0.007138530587557142 0.000821408693922572
0.007138530587557142 0.000821408693922572
0.007138530587557142 0.000821408693922572
0.007138530587557142 0.000821408693922572
0.007138530587557142 0.000821408693922572
0.007138530587557142 0.000821408693922572
0.007138530587557142 0.000821408693922572
0.007138530587557142 0.000821408693922572
0.007138530587557142 0.000821408693922572
0.007138530587557142 0.000821408693922572
0.007138530587557142 0.000821408693922572
0.007138530587557142 0.000821408693922572
0.007138530587557142 0.000821408693922572
0.007138530587557142 0.000821408693922572
0.007138530587557142 0.000821408693922572
0.007138530587557142 0.000821408693922572
0.007138530587557142 0.000821408693922572
0.007138530587557142 0.000821408693922572
0.007138530587557142 0.000821408693922572
0.007138530587557142 0.000821408693922572
0.007138530587557142 0.000821408693922572
0.007138530587557142 0.000821408693922572
0.007138530587557142 0.000821408693922572
0.007138530587557142 0.000821408693922572
0.007138530587557142 0.000821408693922572
0.007138530587557142 0.000821408693922572
0.007138530587557142 0.000821408693922572
0.007138530587557142 0.000821408693922572
0.007138530587557142 0.000821408693922572
0.007138530587557142 0.000821408693922572
0.007138530587557142 0.000821408693922572
0.007138530587557142 0.000821408693922572
0.007138530587557142 0.000821408693922572
0.007138530587557142 0.000821408693922572
0.007138530587557142 0.000821408693922572
0.007138530587557142 0.000821408693922572
0.007138530587557142 0.000821408693922572
0.007138530587557142 0.000821408693922572
0.007138530587557142 0.000821408693922572
0.007138530587557142 0.000821408693922572
0.007138530587557142 0.000821408693922572
0.007138530587557142 0.000821408693922572
0.007138530587557142 0.000821408693922572
0.007138530587557142 0.000821408693922572
0.007138530587557142 0.000821408693922572
0.007138530587557142 0.000821408693922572
0.007138530587557142 0.000821408693922572
0.007138530587557142 0.000821408693922572
0.007138530587557142 0.000821408693922572
0.007138530587557142 0.000821408693922572
0.007138530587557142 0.000821408693922572
0.007138530587557142 0.000821408693922572
0.007138530587557142 0.000821408693922572
0.007138530587557142 0.000821408693922572
0.007138530587557142 0.000821408693922572
0.007138530587557142 0.000821408693922572
0.007138530587557142 0.000821408693922572
0.007138530587557142 0.000821408693922572
0.007138530587557142 0.000821408693922572
0.007138530587557142 0.000821408693922572
0.007138530587557142 0.000821408693922572
0.007138530587557142 0.000821408693922572
0.007138530587557142 0.000821408693922572
0.007138530587557142 0.000821408693922572
0.007138530587557142 0.000821408693922572
0.007138530587557142 0.000821408693922572
0.007138530587557142 0.000821408693922572
0.007138530587557142 0.000821408693922572
0.007138530587557142 0.000821408693922572
0.007138530587557142 0.000821408693922572
0.007138530587557142 0.000821408693922572
0.007138530587557142 0.000821408693922572
0.007138530587557142 0.000821408693922572
0.007138530587557142 0.000821408693922572
0.007138530587557142 0.000821408693922572
0.007138530587557142 0.000821408693922572
0.007138530587557142 0.000821408693922572
0.007138530587557142 0.000821408693922572
0.007138530587557142 0.000821408693922572
0.007138530587557142 0.000821408693922572
0.007138530587557142 0.000821408693922572
0.007138530587557142 0.000821408693922572
0.007138530587557142 0.000821408693922572
0.007138530587557142 0.000821408693922572
0.007138530587557142 0.000821408693922572
0.007138530587557142 0.000821408693922572
0.007138530587557142 0.000821408693922572
0.007138530587557142 0.000821408693922572
0.007138530587557142 0.000821408693922572
0.007138530587557142 0.000821408693922572
0.007138530587557142 0.000821408693922572
0.007138530587557142 0.000821408693922572
0.007138530587557142 0.000821408693922572
0.007138530587557142 0.000821408693922572
0.007138530587557142 0.000821408693922572
0.007138530587557142 0.000821408693922572
0.007138530587557142 0.000821408693922572
0.007138530587557142 0.000821408693922572
0.007138530587557142 0.000821408693922572
0.007138530587557142 0.000821408693922572
0.007138530587557142 0.000821408693922572
0.007138530587557142 0.000821408693922572
0.007138530587557142 0.000821408693922572
0.007138530587557142 0.000821408693922572
0.007138530587557142 0.000821408693922572
0.007138530587557142 0.000821408693922572
0.007138530587557142 0.000821408693922572
0.007138530587557142 0.000821408693922572
0.007138530587557142 0.000821408693922572
0.007138530587557142 0.000821408693922572
0.007138530587557142 0.000821408693922572
0.007138530587557142 0.000821408693922572
0.007138530587557142 0.000821408693922572
0.007138530587557142 0.000821408693922572
0.007138530587557142 0.000821408693922572
0.007138530587557142 0.000821408693922572
0.007138530587557142 0.000821408693922572
0.007138530587557142 0.000821408693922572
0.007138530587557142 0.000821408693922572
0.007138530587557142 0.000821408693922572
0.007138530587557142 0.000821408693922572
0.007138530587557142 0.000821408693922572
0.007138530587557142 0.000821408693922572
0.007138530587557142 0.000821408693922572
0.007138530587557142 0.000821408693922572
0.007138530587557142 0.000821408693922572
0.007138530587557142 0.000821408693922572
0.007138530587557142 0.000821408693922572
0.007138530587557142 0.000821408693922572
0.007138530587557142 0.000821408693922572
0.007138530587557142 0.000821408693922572
0.007138530587557142 0.000821408693922572
0.007138530587557142 0.000821408693922572
0.007138530587557142 0.000821408693922572
0.007138530587557142 0.000821408693922572
0.007138530587557142 0.000821408693922572
0.007138530587557142 0.000821408693922572
0.007138530587557142 0.000821408693922572
0.007138530587557142 0.000821408693922572
0.007138530587557142 0.000821408693922572
0.007138530587557142 0.000821408693922572
0.007138530587557142 0.000821408693922572
0.007138530587557142 0.000821408693922572
0.007138530587557142 0.000821408693922572
0.007138530587557142 0.000821408693922572
0.007138530587557142 0.000821408693922572
0.007138530587557142 0.000821408693922572
0.007138530587557142 0.000821408693922572
0.007138530587557142 0.000821408693922572
0.007138530587557142 0.000821408693922572
0.007138530587557142 0.000821408693922572
0.007138530587557142 0.000821408693922572
0.007138530587557142 0.000821408693922572
0.007138530587557142 0.000821408693922572
0.007138530587557142 0.000821408693922572
0.007138530587557142 0.000821408693922572
0.007138530587557142 0.000821408693922572
0.007138530587557142 0.000821408693922572
0.007138530587557142 0.000821408693922572
0.007138530587557142 0.000821408693922572
0.007138530587557142 0.000821408693922572
0.007138530587557142 0.000821408693922572
0.007138530587557142 0.000821408693922572
0.007138530587557142 0.000821408693922572
0.007138530587557142 0.000821408693922572
0.007138530587557142 0.000821408693922572
0.007138530587557142 0.000821408693922572
0.007138530587557142 0.000821408693922572
0.007138530587557142 0.000821408693922572
0.007138530587557142 0.000821408693922572
0.007138530587557142 0.000821408693922572
0.007138530587557142 0.000821408693922572
0.007138530587557142 0.000821408693922572
0.007138530587557142 0.000821408693922572
0.007138530587557142 0.000821408693922572
0.007138530587557142 0.000821408693922572
0.007138530587557142 0.000821408693922572
0.007138530587557142 0.000821408693922572
0.007138530587557142 0.000821408693922572
0.007138530587557142 0.000821408693922572
0.007138530587557142 0.000821408693922572
0.007138530587557142 0.000821408693922572
0.007138530587557142 0.000821408693922572
0.007138530587557142 0.000821408693922572
0.007138530587557142 0.000821408693922572
0.007138530587557142 0.000821408693922572
0.007138530587557142 0.000821408693922572
0.007138530587557142 0.000821408693922572
0.007138530587557142 0.000821408693922572
0.007138530587557142 0.000821408693922572
0.007138530587557142 0.000821408693922572
0.007138530587557142 0.000821408693922572
0.007138530587557142 0.000821408693922572
0.007138530587557142 0.000821408693922572
0.007138530587557142 0.000821408693922572
0.007138530587557142 0.000821408693922572
0.007138530587557142 0.000821408693922572
0.007138530587557142 0.000821408693922572
0.007138530587557142 0.000821408693922572
0.007138530587557142 0.000821408693922572
0.007138530587557142 0.000821408693922572
0.007138530587557142 0.000821408693922572
0.007138530587557142 0.000821408693922572
0.007138530587557142 0.000821408693922572
0.007138530587557142 0.000821408693922572
0.007138530587557142 0.000821408693922572
0.007139532668410586 0.0008215386359382592
0.007140781100621272 0.0008217005285243444
0.007140781100621272 0.0008217005285243444
0.0071419675635466355 0.0008218543832848986
0.0071699928891953485 0.0008254865731592754
0.007172260928355719 0.0008257826786984447
0.007173232686878228 0.0008259086899742293
0.007174014933313661 0.0008260046963843473
0.007194425830130211 0.0008286509931785188
0.007263012625606233 0.0008375566028324141
0.007272821239524195 0.0008388228454880587
0.00748028790377352 0.0008656649263848619
0.007489096091854508 0.0008668683179430463
0.007717555502467488 0.0008964938098362581
0.007734582803943667 0.0008971868465855387
0.008331451942602576 0.0009752154447720297
0.008586772846043884 0.0010092718379576414
0.008662815980564453 0.0010191372921439172
0.008767845355765466 0.0010277739396938159
0.008785393167693698 0.0010299875800671482
0.008928478803357676 0.0010430428894921038
0.009065141901701757 0.0010713241605288652
0.009180595477613821 0.0010862945744863984
0.009180595477613821 0.0010862945744863984
0.009180595477613821 0.0010862945744863984
0.009194045209205557 0.0010880472431236967
0.009218027133750228 0.0010911518238622172
0.009521814470709367 0.0011305652430650044
0.009574044740815163 0.0011370902247671948
0.009574044740815163 0.0011370902247671948
0.009585213253302902 0.0011378896883308775
0.009595260599292317 0.0011400930368093767
0.009598475175449105 0.001140509004296243
0.009633787870700784 0.0011450889375394365
0.009675910093941257 0.0011497880795909316
0.010441273334923114 0.0011579840246556728
0.012164947361125264 0.0011672492749897957
0.012169882433077121 0.0012202845487800124
0.012335810743306162 0.00149268169236155
0.012339769090070061 0.0014955441716049764
0.021293062036570033 0.0017346375003261558
0.03471623179332303 0.0020827613713636367
