0.007155420853483617 0.0007994479258766473
0.007158391855489318 0.0008206412328200662
0.007402020525466866 0.0008496250840935307
0.007483258793463586 0.0008633543019262721
0.007689432399719151 0.0008909466242468375
0.007832386684535245 0.0009059716297876774
0.007896119835419869 0.0009113822989741524
0.007906281549535231 0.0009125916663162635
0.007928854290210258 0.000916655377782293
0.007974564059311701 0.0009288358126961833
0.00816996963661676 0.0009501703428306164
0.008323585656432873 0.0009622559439459249
0.00832632764206564 0.0009678765866695937
0.00832632764206564 0.0009678765866695937
0.008342257299785442 0.0009751087628062825
0.008373036706916123 0.0009800477638401382
0.008445838875523087 0.0009894043437339434
0.008460988187271075 0.000991351345988264
0.008460988187271075 0.000991351345988264
0.008460988187271075 0.000991351345988264
0.008460988187271075 0.000991351345988264
0.008460988187271075 0.000991351345988264
0.008460988187271075 0.000991351345988264
0.008460988187271075 0.000991351345988264
0.008460988187271075 0.000991351345988264
0.008460988187271075 0.000991351345988264
0.008460988187271075 0.000991351345988264
0.008460988187271075 0.000991351345988264
0.008460988187271075 0.000991351345988264
0.008460988187271075 0.000991351345988264
0.008460988187271075 0.000991351345988264
0.008460988187271075 0.000991351345988264
0.008460988187271075 0.000991351345988264
0.008460988187271075 0.000991351345988264
0.00853275555498539 0.0010005749361221593
0.008651720626698566 0.0010080313875617869
0.008668417981706268 0.0010183447681231831
0.008770395982308662 0.0010241375664781557
0.008817043425515807 0.0010371117982438186
0.008817043425515807 0.0010371117982438186
0.008826311897280621 0.0010396419507312273
0.008860864754906151 0.0010427437431547505
0.008922387551606306 0.0010500374047131646
0.008992289879855377 0.001059634575548518
0.008992289879855377 0.001059634575548518
0.009009417855857314 0.0010622509109532705
0.009107947996998522 0.0010744990339718206
0.009107947996998522 0.0010744990339718206
0.009140477662698003 0.0010778234006386688
0.00916543997999886 0.0010829271699699344
0.009196726229486443 0.0010859088685538053
0.009199380411143529 0.0010878818491584378
0.009270361990768092 0.0010931300850584268
0.009281392171217432 0.0010935786800275063
0.009281392171217432 0.0010935786800275063
0.00929929944928868 0.0011004622078134832
0.009308341833020883 0.0011016198556711447
0.00933076080500545 0.0011021492346762246
0.009342675135973161 0.0011060877437096325
0.00935134055531341 0.001106683030262011
0.00935134055531341 0.001106683030262011
0.00935134055531341 0.001106683030262011
0.009353377185953277 0.0011070436711345868
0.009453940433133093 0.0011198801613464134
0.009484875122299882 0.0011213266078505873
0.00949647942491634 0.0011258003531000708
0.009530070299496759 0.0011275025625269593
0.009530070299496759 0.0011275025625269593
0.009572266651654416 0.0011337688632555305
0.009572266651654416 0.0011337688632555305
0.009602790105326702 0.0011399372393688999
0.009602790105326702 0.0011399372393688999
0.009610650380521231 0.0011406837877059868
0.00963416010645379 0.0011441013512618011
0.009679706114511917 0.0011460032993654279
0.009713204280724252 0.0011543222178671665
0.009713204280724252 0.0011543222178671665
0.009752761477953472 0.001156520459695572
0.00976036421713862 0.0011566192267396997
0.00976036421713862 0.0011566192267396997
0.009787585662511318 0.0011627012674057069
0.009926275242795077 0.0011815919000048014
0.01008549437590134 0.001200031871215544
0.010205070776751639 0.0012179233754636516
0.010234037586570351 0.001221103211158228
0.011020082688072417 0.0013175834674604991
0.011020082688072417 0.0013175834674604991
0.011020082688072417 0.0013175834674604991
0.011034978148932938 0.001319598608114765
0.012215004137230924 0.001402239536790724
0.012215004137230924 0.001402239536790724
0.012306479659693621 0.0014177511415267945
0.012324849844759306 0.00143114651733561
0.012327293605927712 0.001443419117720832
0.01233816747019425 0.0014576747198757041
0.012349866077881562 0.001479307865295771
0.021723706580428388 0.0017392348972591226
0.023054879855601215 0.001770173677816701
0.029510782595239045 0.0017971600461346724
