0.012538304 0.0009210302
0.01246731 0.0009178773
0.011601243 0.0007223483
0.011364282 0.00019230552
0.013012351 0.0010181672
0.012449009 0.0009108748
0.011689105 0.00073498697
0.013023583 0.0010200529
0.011754196 0.0007779495
0.012370469 0.00088677113
0.01193854 0.0008437947
0.011998405 0.00085233146
0.0125866635 0.0009667712
0.012582881 0.00095491024
0.013518121 0.0011031538
0.011726472 0.0007631091
0.013623249 0.0011195577
0.013449534 0.0010987158
0.013800962 0.0011350567
0.012320983 0.0008852988
0.014221264 0.0011834009
0.0133990515 0.0010867723
0.013460673 0.0011010187
0.01341251 0.0010909425
0.014200979 0.0011753157
0.013821655 0.0011390632
0.013357192 0.0010836807
0.013132857 0.0010560165
0.012796418 0.0009842223
0.012399133 0.0008909087
0.013755617 0.0011299234
0.0120454 0.0008637938
0.014045485 0.001175245
0.011326096 0.00018378114
0.013188389 0.0010691016
0.013736795 0.0011210963
0.01323321 0.0010815744
0.011374992 0.00053089904
0.023292005 0.0015887523
0.029288923 0.0017110558
0.0135757765 0.0011147978
0.028056867 0.0016872189
0.02229119 0.0015535093
0.015879098 0.0013550221
0.012596086 0.00096765684
0.024988009 0.0016036872
0.029401205 0.0017161116
0.01681944 0.0014018458
0.017414305 0.0014305764
0.025690595 0.0016324592
0.025284259 0.0016209717
0.015489854 0.0013212673
0.020497292 0.0015215835
0.016038327 0.0013668459
0.019659068 0.0014924685
0.020060858 0.0015070966
0.016908685 0.001402575
0.016429638 0.0013740762
0.021499472 0.0015267368
0.02732671 0.0016688483
0.018009596 0.0014511857
0.026002765 0.0016456596
0.01707848 0.0014182196
0.01599381 0.0013579645
0.017014483 0.001411755
0.01716072 0.0014205292
0.017764416 0.001442364
0.018803742 0.0014714506
0.027015423 0.0016684495
0.023213796 0.0015748703
0.016966112 0.0014035156
0.016992457 0.0014103169
0.015469978 0.0013128225
0.01718026 0.0014216035
0.024180429 0.0015902157
0.028965203 0.0017109641
0.018252095 0.0014542668
0.022666944 0.0015640476
0.018728629 0.0014713424
0.015215776 0.0012986521
0.019399378 0.0014782145
0.028521521 0.0016947417
0.022156816 0.0015468796
0.016453253 0.0013766175
0.021663234 0.0015280133
0.024868924 0.0016000535
0.015182193 0.0012953762
0.028468989 0.0016888488
0.026922237 0.001663113
0.024584487 0.001596099
0.01923244 0.0014778231
0.015537283 0.0013365897
0.023079915 0.0015653264
0.025239086 0.0016197783
0.026709005 0.0016555038
0.014494381 0.0012277412
0.0164021 0.0013717868
0.017531168 0.00144105
0.026501855 0.0016472269
0.019122923 0.0014760651
0.026572779 0.0016524782
0.011547074 0.000676993
0.014896077 0.0012931498
0.017213143 0.001424444
0.025059367 0.0016088276
0.011757805 0.0008419683
0.021775197 0.0015373526
0.013825311 0.0011659781
0.014598261 0.0012438722
0.014279078 0.0012224718
0.01474303 0.0012795005
0.022234218 0.0015506413
0.013055886 0.0010297709
0.02748025 0.0016763683
0.016580226 0.0013857574
0.0146469 0.0012475626
0.018190281 0.0014524411
0.022394601 0.0015626615
0.026738375 0.0016607633
0.016621387 0.0013955673
0.014253824 0.001219497
0.025202788 0.0016178957
0.015307869 0.0013059904
0.015654406 0.0013500835
0.028961957 0.0017101172
0.023112526 0.0015670583
0.014650081 0.0012521014
0.012082299 0.0008833896
0.018350463 0.0014599356
0.016784377 0.0013975354
0.019683642 0.001497212
0.016800791 0.0014001485
0.021873321 0.001546135
0.018533083 0.0014628153
0.023155019 0.0015727682
0.011407317 0.000665976
