0.035607237565228905 0.000530972062372874
0.03565022987854156 0.0005574423032940924
0.03565202493320082 0.0006623602090021399
0.03566750407813921 0.000677277359229388
0.03567745793496615 0.0006791136510401105
0.03567745793496615 0.0006791136510401105
0.03567745793496615 0.0006791136510401105
0.03567745793496615 0.0006791136510401105
0.03567745793496615 0.0006791136510401105
0.035688796622477516 0.000680237191028031
0.03569413249052634 0.0006835976184735167
0.035776397621376015 0.0006860478200780109
0.035864960233835064 0.0006982931299238271
0.03587695481084108 0.0007004546819520225
0.03587695481084108 0.0007004546819520225
0.03587695481084108 0.0007004546819520225
0.03589922286916018 0.00072619595848582
0.03589922286916018 0.00072619595848582
0.03589922286916018 0.00072619595848582
0.035903621606836175 0.0007319303449142929
0.03590746881191173 0.0007408086387155346
0.03592701924470068 0.000761115006087507
0.03597201537296155 0.0007889594303676743
0.03598234485635121 0.000790574263200733
0.03598586139508677 0.0007927192523600284
0.036013622265404444 0.0008272095916181138
0.03624222475063824 0.0008424342534125058
0.03624222475063824 0.0008424342534125058
0.03624222475063824 0.0008424342534125058
0.036283435348021885 0.0008431433092545284
0.036283435348021885 0.0008431433092545284
0.03635373611790424 0.0008567687687235187
0.03635877159470411 0.0008569499569671934
0.03635877159470411 0.0008569499569671934
0.03636005024778213 0.00085713182780883
0.03636005024778213 0.00085713182780883
0.03636005024778213 0.00085713182780883
0.03636005024778213 0.00085713182780883
0.03638463236657271 0.0008616716664548047
0.03639184813622095 0.0008629375474636964
0.03641362913429642 0.0008647520673454596
0.03642924060638251 0.0008676949191954746
0.03642924060638251 0.0008676949191954746
0.03642924060638251 0.0008676949191954746
0.03642924060638251 0.0008676949191954746
0.03642924060638251 0.0008676949191954746
0.03642924060638251 0.0008676949191954746
0.03642924060638251 0.0008676949191954746
0.03643238655059889 0.0008709666556573826
0.03643238655059889 0.0008709666556573826
0.0364335015743082 0.0008712313067677715
0.036445825465299196 0.0008716313389247792
0.036445825465299196 0.0008716313389247792
0.036445825465299196 0.0008716313389247792
0.036445825465299196 0.0008716313389247792
0.036445825465299196 0.0008716313389247792
0.03661048476243857 0.0009209265273269216
0.036671645722745255 0.0009227447415854313
0.036681008188463336 0.000924241167937161
0.036681008188463336 0.000924241167937161
0.036681008188463336 0.000924241167937161
0.036681008188463336 0.000924241167937161
0.03675827285741682 0.0009314657771535381
0.03678612549053481 0.0009355799656677979
0.0368439822056842 0.0009376638011196533
0.036871167135061785 0.0009420088171761872
0.03690513402587829 0.0009429216812740139
0.03690513402587829 0.0009429216812740139
0.036968956780071366 0.0009461387042499459
0.03697557861206651 0.000959380132926909
0.03704963191745066 0.0009617032798177864
0.03705942750034291 0.000962699580147141
0.037065073381026326 0.0009636941124791889
0.0370652629153048 0.000963735583364516
0.0370652629153048 0.000963735583364516
0.03713141464328321 0.0009721428093989376
0.03714761985821394 0.0009759891205488477
0.03714761985821394 0.0009759891205488477
0.03714761985821394 0.0009759891205488477
0.03714761985821394 0.0009759891205488477
0.03714761985821394 0.0009759891205488477
0.037156526941266664 0.000978103218572559
0.037156526941266664 0.000978103218572559
0.03715758083260498 0.0009782923044654181
0.03715921060303252 0.0009787401862534411
0.0372369088010754 0.0009792621671996578
0.0372369088010754 0.0009792621671996578
0.03723972058134876 0.0009793027107160375
0.03726614180129571 0.0009810879058238858
0.03726614180129571 0.0009810879058238858
0.03728127739453556 0.000983769554056036
0.037309863952085714 0.0009839479017813184
0.03732993219455358 0.0009906044216745754
0.037442677094415934 0.0009955758103783099
0.037442677094415934 0.0009955758103783099
0.037442677094415934 0.0009955758103783099
0.037442677094415934 0.0009955758103783099
0.037442677094415934 0.0009955758103783099
0.037442677094415934 0.0009955758103783099
0.03755153480032841 0.001010550039669739
0.03766318327853298 0.0010111175323521443
0.03768735626577421 0.0010146923277856246
0.03779180716397889 0.0010198965305268975
0.03779180716397889 0.0010198965305268975
0.03779180716397889 0.0010198965305268975
0.03779180716397889 0.0010198965305268975
0.03779180716397889 0.0010198965305268975
0.03779180716397889 0.0010198965305268975
0.03779180716397889 0.0010198965305268975
0.03779180716397889 0.0010198965305268975
0.03779180716397889 0.0010198965305268975
0.03779180716397889 0.0010198965305268975
0.03779180716397889 0.0010198965305268975
0.03780403518988957 0.0010223707851473
0.03780403518988957 0.0010223707851473
0.03780403518988957 0.0010223707851473
0.03780519643862233 0.0010228676146705167
0.03780519643862233 0.0010228676146705167
0.03780698112388964 0.0010229668705175677
0.03781482242661259 0.0010234945615571393
0.037831533377463276 0.001026107024454589
0.037831533377463276 0.001026107024454589
0.037831533377463276 0.001026107024454589
0.037831533377463276 0.001026107024454589
0.037831533377463276 0.001026107024454589
0.037831533377463276 0.001026107024454589
0.037831533377463276 0.001026107024454589
0.03787051483110908 0.0010262179059797555
0.03789986066704339 0.0010287709296095907
0.03796943969653867 0.0010407142897098474
0.03815843868219489 0.0010419660461573111
0.03815843868219489 0.0010419660461573111
0.03815843868219489 0.0010419660461573111
0.03816866523854013 0.0010426289220525418
0.03816866523854013 0.0010426289220525418
0.03817963426906794 0.0010442469000636909
0.038253658988788505 0.001046198740844969
0.03830930297059106 0.0010464634504435205
0.03831183502800594 0.0010470644652799904
0.03839980478079236 0.0010591254423776262
0.038574717858361 0.0010607146105548998
0.038574717858361 0.0010607146105548998
0.038574717858361 0.0010607146105548998
0.038574717858361 0.0010607146105548998
0.038574717858361 0.0010607146105548998
0.038574717858361 0.0010607146105548998
0.03859367767707672 0.0010652147274887562
0.039007670008968126 0.0010807866778892318
0.03910592555428043 0.0010814690796369137
0.03951404979358478 0.0010819231492009617
0.03952680715797525 0.0010921417895399278
0.03952680715797525 0.0010921417895399278
0.03987035628042338 0.0010950957269335185
0.03989628096230018 0.001103928060717605
0.03989628096230018 0.001103928060717605
0.03989628096230018 0.001103928060717605
0.0402347326820291 0.0011041236350070158
0.0402347326820291 0.0011041236350070158
0.04023817594920327 0.0011043609827792811
0.04023817594920327 0.0011043609827792811
0.04023817594920327 0.0011043609827792811
0.04023817594920327 0.0011043609827792811
0.04024428515285564 0.0011047821063230297
0.04024428515285564 0.0011047821063230297
0.04024428515285564 0.0011047821063230297
0.04024428515285564 0.0011047821063230297
0.04024428515285564 0.0011047821063230297
0.04024428515285564 0.0011047821063230297
0.04024428515285564 0.0011047821063230297
0.04024428515285564 0.0011047821063230297
0.04024428515285564 0.0011047821063230297
0.04024428515285564 0.0011047821063230297
0.040253804241123 0.001105438254507189
0.040253804241123 0.001105438254507189
0.040253804241123 0.001105438254507189
0.0403583953246212 0.0011106426192473273
0.040373549243372775 0.0011115697148022792
0.04093359259253886 0.0011143040415501852
0.04093359259253886 0.0011143040415501852
0.04103040880722484 0.001118123313808567
0.04103040880722484 0.001118123313808567
0.04103040880722484 0.001118123313808567
0.04103040880722484 0.001118123313808567
0.041039922849727614 0.001122786422964446
0.04105990947137626 0.0011374841232641027
0.041126769539619086 0.0011378712196022274
0.041200856237275645 0.0011443361249244969
0.041444839161619694 0.0011569277991338733
0.041726598896995044 0.0011584090594536213
0.041726598896995044 0.0011584090594536213
0.041726598896995044 0.0011584090594536213
0.041726598896995044 0.0011584090594536213
0.041784351857677995 0.0011601084965522951
0.041784351857677995 0.0011601084965522951
0.041784351857677995 0.0011601084965522951
0.041784351857677995 0.0011601084965522951
0.0418176328774205 0.0011608847750644747
0.04183740602508732 0.0011685882770472048
0.04215163833942871 0.0011698168814006423
0.042204134987026416 0.001175365215956243
0.04236627382197749 0.0011780418131267286
0.042367896507933184 0.001178705704611434
0.04237898891528991 0.0011788982128143513
0.04237898891528991 0.0011788982128143513
0.04237898891528991 0.0011788982128143513
0.04237898891528991 0.0011788982128143513
0.04237898891528991 0.0011788982128143513
0.04242863572546601 0.0011856067566446832
0.042744347895910195 0.0011882537691105055
0.042744347895910195 0.0011882537691105055
0.042744347895910195 0.0011882537691105055
0.042744347895910195 0.0011882537691105055
0.042744347895910195 0.0011882537691105055
0.042744347895910195 0.0011882537691105055
0.042744347895910195 0.0011882537691105055
0.042744347895910195 0.0011882537691105055
0.04294938507121771 0.0011907390217215984
0.04294938507121771 0.0011907390217215984
0.04294938507121771 0.0011907390217215984
0.04294938507121771 0.0011907390217215984
0.04294938507121771 0.0011907390217215984
0.04294938507121771 0.0011907390217215984
0.04294938507121771 0.0011907390217215984
0.04294938507121771 0.0011907390217215984
0.04294938507121771 0.0011907390217215984
0.04294938507121771 0.0011907390217215984
0.04294938507121771 0.0011907390217215984
0.04294938507121771 0.0011907390217215984
0.04301598200914228 0.001191546241152349
0.04304666891023506 0.0011942086643709708
0.04304666891023506 0.0011942086643709708
0.04304666891023506 0.0011942086643709708
0.04304666891023506 0.0011942086643709708
0.04304666891023506 0.0011942086643709708
0.04326954818677596 0.00119558895427378
0.04333535041232108 0.0011969540651029422
0.04334996845218143 0.001201620669170396
0.04337857259312115 0.0012148331923507478
0.04340773035679526 0.0012194935507684247
0.04421003684836274 0.0012230938290414572
0.04421003684836274 0.0012230938290414572
0.04421003684836274 0.0012230938290414572
0.04421003684836274 0.0012230938290414572
0.044293268624445964 0.0012245200954436714
0.044293337654430734 0.001224522923275825
0.044293337654430734 0.001224522923275825
0.044293337654430734 0.001224522923275825
0.044293337654430734 0.001224522923275825
0.044293337654430734 0.001224522923275825
0.044363962287660284 0.0012292797971004412
0.04441634991379536 0.0012294321735998876
0.04442086328407385 0.0012298858409767277
0.04451545807457455 0.0012392340576869206
0.04476467239486611 0.0012413219003838646
0.044937958582491964 0.0012437703823239994
0.044937958582491964 0.0012437703823239994
0.04510249868015121 0.0012448400561072476
0.04510249868015121 0.0012448400561072476
0.04510249868015121 0.0012448400561072476
0.045250135789737404 0.0012460598398039695
0.045250135789737404 0.0012460598398039695
0.045250135789737404 0.0012460598398039695
0.04533168733494828 0.0012509447287478808
0.04545652181178015 0.0012594793725131054
0.04557486467197691 0.0012611251501136555
0.04557486467197691 0.0012611251501136555
0.04565010389233917 0.0012724785402233427
0.04565010389233917 0.0012724785402233427
0.04565010389233917 0.0012724785402233427
0.04565010389233917 0.0012724785402233427
0.04565010389233917 0.0012724785402233427
0.04565010389233917 0.0012724785402233427
0.04565917581105299 0.0012750958300756432
0.046429307664275034 0.0012808928892130693
0.046429307664275034 0.0012808928892130693
0.046555431063262126 0.0012872857338805414
0.046555431063262126 0.0012872857338805414
0.046555431063262126 0.0012872857338805414
0.046555431063262126 0.0012872857338805414
0.046555431063262126 0.0012872857338805414
0.046555431063262126 0.0012872857338805414
0.046555431063262126 0.0012872857338805414
0.046555431063262126 0.0012872857338805414
0.046555431063262126 0.0012872857338805414
0.046555431063262126 0.0012872857338805414
0.046555431063262126 0.0012872857338805414
0.04667822238161787 0.0012880361939665904
0.04667822238161787 0.0012880361939665904
0.04667822238161787 0.0012880361939665904
0.04667822238161787 0.0012880361939665904
0.04667822238161787 0.0012880361939665904
0.04667822238161787 0.0012880361939665904
0.04667822238161787 0.0012880361939665904
0.04667822238161787 0.0012880361939665904
0.04667822238161787 0.0012880361939665904
0.04667822238161787 0.0012880361939665904
0.04674102221024671 0.0012940211846418415
0.047230406021397074 0.0012957604149260555
0.047332615169480195 0.0012963621098084728
0.047380605369105926 0.0012972823246375723
0.04757627901948761 0.0013018806385617226
0.04757627901948761 0.0013018806385617226
0.04757627901948761 0.0013018806385617226
0.04757627901948761 0.0013018806385617226
0.04758150993174665 0.0013020035645490992
0.04760280839719814 0.0013059875779145606
0.047891910781472 0.0013071067469509912
0.04797611145183237 0.0013112194475589146
0.04901098465684604 0.001316679006144642
0.04901098465684604 0.001316679006144642
0.04933333887187634 0.0013274114016210087
0.04939447213161279 0.001332786287246766
0.04941200486390114 0.0013342130955711073
0.049724802335106545 0.001344079478310573
0.05017635220458588 0.0013463821481077291
0.05017635220458588 0.0013463821481077291
