0.03566943147971448 0.0005739342883786449
0.035731060773632264 0.0006138125152760209
0.035731060773632264 0.0006138125152760209
0.03574608465825005 0.0006336920248913389
0.03574628866604688 0.0007421576885400378
0.03579240809381164 0.0007490127101231659
0.03579240809381164 0.0007490127101231659
0.03579240809381164 0.0007490127101231659
0.03579729324901269 0.0007497611688648102
0.03582799502942804 0.0007546160978100221
0.03584038013839025 0.000756327383548175
0.03584038013839025 0.000756327383548175
0.03584038013839025 0.000756327383548175
0.03585299026732046 0.0007582501486873717
0.03585299026732046 0.0007582501486873717
0.0358548611716948 0.0007585390009933884
0.0358548611716948 0.0007585390009933884
0.0358548611716948 0.0007585390009933884
0.0358548611716948 0.0007585390009933884
0.0358548611716948 0.0007585390009933884
0.0358548611716948 0.0007585390009933884
0.0358548611716948 0.0007585390009933884
0.0358548611716948 0.0007585390009933884
0.0358548611716948 0.0007585390009933884
0.0358548611716948 0.0007585390009933884
0.0358548611716948 0.0007585390009933884
0.0358548611716948 0.0007585390009933884
0.0358548611716948 0.0007585390009933884
0.0358548611716948 0.0007585390009933884
0.035864205080347294 0.0007599601590805999
0.03586810196249465 0.0007748847323022605
0.03596405564970449 0.000775699007061804
0.03596405564970449 0.000775699007061804
0.03596405564970449 0.000775699007061804
0.03596405564970449 0.000775699007061804
0.03596405564970449 0.000775699007061804
0.03596405564970449 0.000775699007061804
0.03596405564970449 0.000775699007061804
0.03596405564970449 0.000775699007061804
0.03596405564970449 0.000775699007061804
0.03596405564970449 0.000775699007061804
0.03596405564970449 0.000775699007061804
0.03596405564970449 0.000775699007061804
0.035964359962248935 0.0007757456746140393
0.03596529491290317 0.0007785551047600782
0.0359735422625341 0.0007994940961369491
0.0359735422625341 0.0007994940961369491
0.036007853991476074 0.0008005145224502378
0.036024492925924724 0.0008056577216254827
0.03605062056211411 0.0008176197056663127
0.036093584827232704 0.0008372899831437489
0.036093584827232704 0.0008372899831437489
0.03612401039181856 0.0008512196825383375
0.03612812002936387 0.0008531011929196941
0.036168830692769334 0.0008598528934605238
0.0362105603799333 0.0008659418901773719
0.03625423271635882 0.0008693864021902058
0.03629499611276726 0.0008790934214428537
0.03629499611276726 0.0008790934214428537
0.03629499611276726 0.0008790934214428537
0.03651920893680176 0.0009128372648197437
0.03671531323744593 0.0009285023477773866
0.03672022049314946 0.0009415587091345538
0.0367428762856979 0.0009474271142345858
0.036778191949523704 0.0009497292532673939
0.03684889523969538 0.0009525017536588282
0.0368706834913329 0.0009527570285961089
0.0368706834913329 0.0009527570285961089
0.0368706834913329 0.0009527570285961089
0.0368706834913329 0.0009527570285961089
0.0368706834913329 0.0009527570285961089
0.03690430166247321 0.0009611317409522896
0.03690430166247321 0.0009611317409522896
0.03691980408897305 0.0009635463661347883
0.03693834311880612 0.000963893654215836
0.03695315190865423 0.0009669210063766849
0.03696268216304036 0.0009702250017997266
0.037028263726546 0.0009748653843033023
0.03705630981284265 0.0009764843975461849
0.03705630981284265 0.0009764843975461849
0.03705630981284265 0.0009764843975461849
0.03710229225406829 0.0009807472611224567
0.03710444240179158 0.0009846516528379265
0.03716154845741763 0.0009899457459313808
0.037311001020606055 0.0009982444954761069
0.037311001020606055 0.0009982444954761069
0.037311001020606055 0.0009982444954761069
0.03735835107889129 0.0010042155906399956
0.03735835107889129 0.0010042155906399956
0.03735835107889129 0.0010042155906399956
0.037373090327675364 0.0010058519579096397
0.03745644385487797 0.0010076077008866974
0.03746218342970982 0.0010085250715115665
0.03746218342970982 0.0010085250715115665
0.03755340542262585 0.0010138480437462988
0.03755340542262585 0.0010138480437462988
0.03770913239021556 0.0010139551936111145
0.037834501651200794 0.001016259378415937
0.037855415331951796 0.0010253001132804922
0.037955768224523595 0.0010304433238196755
0.03795692869518663 0.0010306552047862458
0.03800671234442795 0.0010318202246822439
0.03802354681958996 0.0010455013076150442
0.03818140456998091 0.001045855174561926
0.03818140456998091 0.001045855174561926
0.03818140456998091 0.001045855174561926
0.038208153068572004 0.0010559551807898756
0.03856852005617064 0.0010626480732995917
0.03858628025338402 0.0010668949003854841
0.03863855176781114 0.0010704156291751453
0.038665429217376646 0.0010720363689868287
0.038703941745130824 0.0010756913322070643
0.03898172634377303 0.0010802892214943373
0.03898172634377303 0.0010802892214943373
0.03898172634377303 0.0010802892214943373
0.03898172634377303 0.0010802892214943373
0.03898172634377303 0.0010802892214943373
0.03898172634377303 0.0010802892214943373
0.03898172634377303 0.0010802892214943373
0.03898172634377303 0.0010802892214943373
0.03898172634377303 0.0010802892214943373
0.03898384064331449 0.0010802911245559566
0.03913782867744798 0.0010820774502333247
0.03914516900457837 0.0010824502599909537
0.03914516900457837 0.0010824502599909537
0.03916239585525676 0.0010848606345315243
0.039166219556601725 0.0010857681603647492
0.039203070194887904 0.0010884151584164682
0.03921233319647906 0.0010888820621238018
0.03922241388985393 0.0010890596656723465
0.03922241388985393 0.0010890596656723465
0.0392404106383625 0.0010894825874995788
0.03929157260096486 0.001090494957121582
0.03929157260096486 0.001090494957121582
0.03934682069768387 0.0010912276016972267
0.03936605997658284 0.001092435335485241
0.039442682230345576 0.0010966253068467394
0.039615693534365885 0.0010970834590921673
0.03967598155495353 0.0010995212762631582
0.03974104040153635 0.0011002731080754374
0.03978029382643466 0.0011007985874223725
0.03978029382643466 0.0011007985874223725
0.03978029382643466 0.0011007985874223725
0.03978318722446195 0.0011011399559704574
0.03978318722446195 0.0011011399559704574
0.03978318722446195 0.0011011399559704574
0.03978318722446195 0.0011011399559704574
0.03980780076676157 0.0011013064622359726
0.03980791472842436 0.0011013159416686895
0.039811344733781416 0.0011021984083380693
0.039811344733781416 0.0011021984083380693
0.039811344733781416 0.0011021984083380693
0.039811344733781416 0.0011021984083380693
0.039811344733781416 0.0011021984083380693
0.03989669706638878 0.001104172842483118
0.03995312251615523 0.0011058286117010033
0.04004439197181896 0.001108376079350335
0.040046880451740006 0.0011084938505033133
0.04023517405431172 0.0011137552468303577
0.04038385647819796 0.0011148538170138531
0.04038385647819796 0.0011148538170138531
0.040394796643937206 0.0011259146195273485
0.04050126295953052 0.00112811878926185
0.04050126295953052 0.00112811878926185
0.04050126295953052 0.00112811878926185
0.0406876298297184 0.0011300879851424768
0.04071810880247437 0.0011311714184772123
0.04071810880247437 0.0011311714184772123
0.04071810880247437 0.0011311714184772123
0.04071810880247437 0.0011311714184772123
0.04072537422278704 0.0011328958370265731
0.040809070750113995 0.0011365392480852986
0.04092184851697119 0.0011380594825781997
0.04092184851697119 0.0011380594825781997
0.04092184851697119 0.0011380594825781997
0.04093532301133517 0.0011384870110201274
0.04093532301133517 0.0011384870110201274
0.04093532301133517 0.0011384870110201274
0.04093532301133517 0.0011384870110201274
0.04105442808460797 0.0011428219180458267
0.04105442808460797 0.0011428219180458267
0.04105442808460797 0.0011428219180458267
0.041345082541629476 0.0011500966196287328
0.041345082541629476 0.0011500966196287328
0.041364777839031315 0.001151440993784898
0.04151100472084961 0.001151912639998588
0.04151100472084961 0.001151912639998588
0.04151100472084961 0.001151912639998588
0.04151100472084961 0.001151912639998588
0.04151747834782132 0.0011530269287486797
0.04151747834782132 0.0011530269287486797
0.04151747834782132 0.0011530269287486797
0.04151747834782132 0.0011530269287486797
0.04151747834782132 0.0011530269287486797
0.04151747834782132 0.0011530269287486797
0.04151747834782132 0.0011530269287486797
0.04151936225506892 0.0011536799986246952
0.0415311579328754 0.0011538469031097958
0.04159046483507202 0.001162028701097983
0.04159046483507202 0.001162028701097983
0.041625568916153224 0.0011622983149166815
0.041625568916153224 0.0011622983149166815
0.041625568916153224 0.0011622983149166815
0.04183185032846255 0.001162332094863066
0.04183185032846255 0.001162332094863066
0.04183185032846255 0.001162332094863066
0.04183185032846255 0.001162332094863066
0.04183185032846255 0.001162332094863066
0.04193140917606157 0.0011633151998738558
0.04195406797507924 0.0011648214142671268
0.041984324731470034 0.001169178718578356
0.04203061739526812 0.0011700606835840382
0.04209813231495742 0.001174063021440998
0.042176666556932335 0.0011790420967921942
0.04236158795264356 0.0011791245455207175
0.042433288676210004 0.0011816472585010264
0.042433288676210004 0.0011816472585010264
0.042499588297429204 0.0011821385296659286
0.04257321174461936 0.0011822719947091188
0.04257321174461936 0.0011822719947091188
0.042658810950983825 0.0011879104950753992
0.042658810950983825 0.0011879104950753992
0.042658810950983825 0.0011879104950753992
0.042658810950983825 0.0011879104950753992
0.042658810950983825 0.0011879104950753992
0.042658810950983825 0.0011879104950753992
0.042658810950983825 0.0011879104950753992
0.042658810950983825 0.0011879104950753992
0.042658810950983825 0.0011879104950753992
0.042658810950983825 0.0011879104950753992
0.042658810950983825 0.0011879104950753992
0.04266680119772548 0.0011882560091859477
0.04266680119772548 0.0011882560091859477
0.04266680119772548 0.0011882560091859477
0.042878108082509914 0.0011927145407173575
0.042878108082509914 0.0011927145407173575
0.043077699153870316 0.0011950970196815877
0.043080071830865235 0.0011970242445147124
0.0431797359339036 0.001197304753710433
0.04321473058323888 0.001197327591902885
0.04321473058323888 0.001197327591902885
0.04321473058323888 0.001197327591902885
0.04321473058323888 0.001197327591902885
0.04321953388347723 0.0011982766299882168
0.04321953388347723 0.0011982766299882168
0.04321953388347723 0.0011982766299882168
0.043232327483177936 0.0011985890551739458
0.043232327483177936 0.0011985890551739458
0.043232327483177936 0.0011985890551739458
0.043232327483177936 0.0011985890551739458
0.043232327483177936 0.0011985890551739458
0.043232327483177936 0.0011985890551739458
0.043232327483177936 0.0011985890551739458
0.043232327483177936 0.0011985890551739458
0.04324718627291352 0.0011986341291231404
0.04324718627291352 0.0011986341291231404
0.04324718627291352 0.0011986341291231404
0.04325148015943272 0.0011989293239354243
0.043261008660153394 0.001199584395899649
0.043261008660153394 0.001199584395899649
0.043261008660153394 0.001199584395899649
0.043261008660153394 0.001199584395899649
0.043261008660153394 0.001199584395899649
0.043261008660153394 0.001199584395899649
0.04326519543915427 0.0012036990556322234
0.04333746115119342 0.00120546616117357
0.04333746115119342 0.00120546616117357
0.04333746115119342 0.00120546616117357
0.043422244776705005 0.0012077838619601155
0.043422244776705005 0.0012077838619601155
0.0434460689887471 0.0012096903285406255
0.0435451009322731 0.001211035297126316
0.04369011935981085 0.0012176571794237413
0.04380257298234999 0.0012197595684806616
0.04380257298234999 0.0012197595684806616
0.04380257298234999 0.0012197595684806616
0.04386593334937097 0.0012200212772563734
0.043883217627346705 0.0012205330822239267
0.04390473175661431 0.0012209199805558602
0.04390582479290534 0.0012211291480793312
0.04390582479290534 0.0012211291480793312
0.04390582479290534 0.0012211291480793312
0.04390582479290534 0.0012211291480793312
0.04390582479290534 0.0012211291480793312
0.04390582479290534 0.0012211291480793312
0.04390582479290534 0.0012211291480793312
0.04391383811217638 0.0012230310501227643
0.044088481617861136 0.0012231740949886366
0.044088481617861136 0.0012231740949886366
0.044088481617861136 0.0012231740949886366
0.04410315170529206 0.0012234677393616995
0.04410321523570015 0.0012234828183173352
0.044137778902307225 0.0012257948140702846
0.044164020694159346 0.001228299801238577
0.044294009812547254 0.0012285236691972328
0.04433423429927646 0.0012296212637544015
0.04438678799763467 0.0012308953259888866
0.04438678799763467 0.0012308953259888866
0.04438678799763467 0.0012308953259888866
0.04438678799763467 0.0012308953259888866
0.04438678799763467 0.0012308953259888866
0.04438678799763467 0.0012308953259888866
0.04438678799763467 0.0012308953259888866
0.04438678799763467 0.0012308953259888866
0.04438678799763467 0.0012308953259888866
0.04438678799763467 0.0012308953259888866
0.04438678799763467 0.0012308953259888866
0.04438678799763467 0.0012308953259888866
0.04438678799763467 0.0012308953259888866
0.04438678799763467 0.0012308953259888866
0.04438678799763467 0.0012308953259888866
0.04438678799763467 0.0012308953259888866
0.04440616391005686 0.0012339652516427805
0.04449475861396698 0.0012377441499327538
0.04450202611983719 0.0012391764116771533
0.04450202611983719 0.0012391764116771533
0.04450202611983719 0.0012391764116771533
0.04450202611983719 0.0012391764116771533
0.04450202611983719 0.0012391764116771533
0.04453731050269368 0.0012393365085684091
0.04468327255907951 0.001240009781290938
0.04470891204158058 0.0012448461930886644
0.04470891204158058 0.0012448461930886644
0.0447264162546774 0.0012454082063008513
0.0447264162546774 0.0012454082063008513
0.0447264162546774 0.0012454082063008513
0.04482936266113962 0.0012456057973496922
0.04482936266113962 0.0012456057973496922
0.04486856670741204 0.0012492881593613896
0.04509371535286245 0.0012510861072549493
0.04509371535286245 0.0012510861072549493
0.045167085137820105 0.001254199693817346
0.04530546252136198 0.0012588281101371496
0.04530546252136198 0.0012588281101371496
0.04530546252136198 0.0012588281101371496
0.045333927739352596 0.001259725400276975
0.04552975610132498 0.0012650572232251144
0.04560071575848906 0.0012663522652178565
0.04560071575848906 0.0012663522652178565
0.045835786055583555 0.0012706423345020545
0.045835786055583555 0.0012706423345020545
0.045835786055583555 0.0012706423345020545
0.04594152468998884 0.0012740736945453942
0.04594152468998884 0.0012740736945453942
0.04594152468998884 0.0012740736945453942
0.04594152468998884 0.0012740736945453942
0.04594152468998884 0.0012740736945453942
0.046001725307026176 0.0012750497269270538
0.0460058060182453 0.001275421795162177
0.046019143136587906 0.0012786485493207589
0.046019143136587906 0.0012786485493207589
0.046448177589068856 0.001280409974502693
0.046448177589068856 0.001280409974502693
0.046448177589068856 0.001280409974502693
0.046448177589068856 0.001280409974502693
0.046448177589068856 0.001280409974502693
0.046448177589068856 0.001280409974502693
0.046448177589068856 0.001280409974502693
0.046448177589068856 0.001280409974502693
0.046448177589068856 0.001280409974502693
0.046448177589068856 0.001280409974502693
0.046448177589068856 0.001280409974502693
0.046448177589068856 0.001280409974502693
0.046448177589068856 0.001280409974502693
0.046448177589068856 0.001280409974502693
0.046448177589068856 0.001280409974502693
0.04644922161886636 0.0012804585976704753
0.04645023583150505 0.0012805058359196021
0.046454992430939965 0.0012807273686709
0.04645672763135038 0.0012808081860878424
0.04645672763135038 0.0012808081860878424
0.04645672763135038 0.0012808081860878424
0.04645672763135038 0.0012808081860878424
0.04645672763135038 0.0012808081860878424
0.04645672763135038 0.0012808081860878424
0.04645672763135038 0.0012808081860878424
0.04645672763135038 0.0012808081860878424
0.04645672763135038 0.0012808081860878424
0.04645820467363835 0.0012808769743835112
0.0464633959356327 0.0012811187520987205
0.04650104832951956 0.001281195823252888
0.04650104832951956 0.001281195823252888
0.04650104832951956 0.001281195823252888
0.04650104832951956 0.001281195823252888
0.04650104832951956 0.001281195823252888
0.046544168551713616 0.0012817678754166782
0.046549048683570106 0.0012818725868315596
0.04656309288154363 0.0012820735729162519
0.04658149267379451 0.0012826390694182905
0.04658149267379451 0.0012826390694182905
0.04665032215972428 0.0012836664625536652
0.04668652391458658 0.001284830312245313
0.04668652391458658 0.001284830312245313
0.04668652391458658 0.001284830312245313
0.04668652391458658 0.001284830312245313
0.04668652391458658 0.001284830312245313
0.04668652391458658 0.001284830312245313
0.04673479536457503 0.0012863821840027891
0.04691226294292631 0.001286785414321122
0.04691226294292631 0.001286785414321122
0.04698902738994325 0.0012930927876630518
0.04698902738994325 0.0012930927876630518
0.04698902738994325 0.0012930927876630518
0.04698902738994325 0.0012930927876630518
0.04713570750723598 0.0012949765800128385
0.04715197046171811 0.0012951854430822613
0.047183163205674124 0.0012955860475513648
0.04728509989170341 0.0012977638748154939
0.04728509989170341 0.0012977638748154939
0.0476003928997016 0.0012992128937254516
0.0477074619499294 0.0013023195500733065
0.0477074619499294 0.0013023195500733065
0.04777775368384961 0.0013035805724372213
0.04782307371199187 0.0013038043373247417
0.04782307371199187 0.0013038043373247417
0.04782307371199187 0.0013038043373247417
0.04782307371199187 0.0013038043373247417
0.0478400219239206 0.0013056296580163226
0.048062201563562064 0.0013068754261061988
0.04808410112562428 0.0013076539708755206
0.048228607730687996 0.0013098812267696711
0.0486384532307633 0.0013121857467555656
0.04905679579166454 0.0013134993447249533
0.04905679579166454 0.0013134993447249533
0.049133809981787575 0.0013247461166045738
