0.03563343512889669 0.0006367510750061342
0.03565670633175941 0.0006398571261188132
0.035721247647483176 0.0006534879513959022
0.035721247647483176 0.0006534879513959022
0.035726229392438774 0.0006806619349803366
0.0357339608678823 0.0006818976760703269
0.0357339608678823 0.0006818976760703269
0.0357339608678823 0.000681897676070327
0.03573563784068866 0.0007388742073063039
0.03573563784068866 0.0007388742073063039
0.0357467091072593 0.0007462809038427124
0.0357467091072593 0.0007462809038427124
0.03575010537487652 0.0007471091346191285
0.035768472495651155 0.0007524299889765798
0.0358142822162468 0.0007620493068249957
0.0358142822162468 0.0007620493068249957
0.0358374753861988 0.0007648915485192185
0.035876532664994173 0.0007703338518215961
0.035876532664994173 0.0007703338518215961
0.035879674933274416 0.0007727335440073086
0.035883420637836394 0.0007743066954692981
0.03589532129696024 0.0007835481397636515
0.03591692893028986 0.0007904928596214963
0.03592026038550587 0.0007936123601911814
0.035935018902337995 0.0007963069985918987
0.035935018902337995 0.0007963069985918987
0.035935018902337995 0.0007963069985918987
0.035935018902337995 0.0007963069985918987
0.035935018902337995 0.0007963069985918987
0.035935018902337995 0.0007963069985918987
0.035935018902337995 0.0007963069985918987
0.03599658324339859 0.0007977206810743406
0.035998370863376025 0.0008051467298612418
0.036017084151740236 0.000817194309255172
0.03605046601429984 0.0008243469385424847
0.03605046601429984 0.0008243469385424847
0.036073289295748295 0.0008318066433854696
0.0360772751043347 0.0008396793508740916
0.0360772751043347 0.0008396793508740916
0.0360772751043347 0.0008396793508740916
0.03609208814341772 0.0008414839103292364
0.03610164073475809 0.0008426019729465235
0.03610164073475809 0.0008426019729465235
0.03611849130742613 0.000844238046928425
0.03611849130742613 0.000844238046928425
0.036119112077569376 0.0008460926883539526
0.03613088084593777 0.0008485667565980829
0.03613088084593777 0.0008485667565980829
0.036154375652237225 0.0008487096057363863
0.03616153212247829 0.0008510420888839683
0.03616153212247829 0.0008510420888839683
0.03616153212247829 0.0008510420888839683
0.03616153212247829 0.0008510420888839683
0.03616153212247829 0.0008510420888839683
0.036168938476994206 0.0008543416799753322
0.03617830469527515 0.0008569001903897775
0.03618775703376538 0.0008592832531826324
0.03618775703376538 0.0008592832531826324
0.03620553503307142 0.0008610235496009439
0.03620553503307142 0.0008610235496009439
0.03620806229576949 0.0008626709297725535
0.03620837320269542 0.0008627154602013273
0.03620837320269542 0.0008627154602013273
0.036226119501235485 0.0008628345767728579
0.036226119501235485 0.0008628345767728579
0.036226119501235485 0.0008628345767728579
0.036226119501235485 0.0008628345767728579
0.036226119501235485 0.0008628345767728579
0.036226119501235485 0.0008628345767728579
0.036226119501235485 0.0008628345767728579
0.036226119501235485 0.0008628345767728579
0.036226119501235485 0.0008628345767728579
0.03622732752401717 0.0008639230853291793
0.036232267693000475 0.0008683745048632658
0.036238375893326555 0.0008690934429092985
0.036238375893326555 0.0008690934429092985
0.036251442868961245 0.0008699531348501743
0.03626355573255123 0.0008713066279550223
0.03626355573255123 0.0008713066279550223
0.03626367541560546 0.0008721865767536528
0.03627025082628883 0.0008740765273828704
0.03627254773139642 0.0008744370142596549
0.03627254773139642 0.0008744370142596549
0.03627254773139642 0.0008744370142596549
0.03627735991148667 0.0008751922447137765
0.03628494446580516 0.0008763187513823059
0.03628494446580516 0.0008763187513823059
0.03628494446580516 0.0008763187513823059
0.03628494446580516 0.0008763187513823059
0.03628494446580516 0.0008763187513823059
0.03628494446580516 0.0008763187513823059
0.03628494446580516 0.0008763187513823059
0.03628494446580516 0.0008763187513823059
0.03628494446580516 0.0008763187513823059
0.03629125561874433 0.0008770484381849795
0.03629125561874433 0.0008770484381849795
0.03633355575186731 0.0008779583331924837
0.03633355575186731 0.0008779583331924837
0.036345972581046895 0.0008829601368895031
0.036345972581046895 0.0008829601368895031
0.036345972581046895 0.0008829601368895031
0.036345972581046895 0.0008829601368895031
0.03635484634690889 0.000884636826663734
0.03643785856958166 0.0008975528608128946
0.036444731189558224 0.0009053161094929763
0.036444731189558224 0.0009053161094929763
0.036444731189558224 0.0009053161094929763
0.036444731189558224 0.0009053161094929763
0.03651367272215257 0.0009095742101040793
0.03651367272215257 0.0009095742101040793
0.03651778202305961 0.0009099827705662918
0.03651778202305961 0.0009099827705662918
0.03651778202305961 0.0009099827705662918
0.03651778202305961 0.0009099827705662918
0.03651778202305961 0.0009099827705662918
0.03651778202305961 0.0009099827705662918
0.03651778202305961 0.0009099827705662918
0.03654051318149751 0.0009122427409444114
0.03655986436768242 0.0009168022992814307
0.0366007694408286 0.0009229563919845947
0.036630512834405285 0.0009392364569417466
0.03669229679839785 0.000942116677080808
0.036758430681818395 0.0009458952487876427
0.03676511852078362 0.0009459508773532159
0.03677464709160086 0.0009460616440573588
0.03680975677593318 0.000954178499888342
0.03688389209810965 0.000955627043373537
0.03688576528471119 0.0009636715097341473
0.036977035962567475 0.0009643409904455393
0.036977035962567475 0.0009643409904455393
0.03702135736099887 0.0009748278333887234
0.03702135736099887 0.0009748278333887234
0.03702135736099887 0.0009748278333887234
0.037104289780356105 0.0009829404154661503
0.03711871236884678 0.000990903763779253
0.03716432355306407 0.0009923032101757426
0.03716432355306407 0.0009923032101757426
0.03716432355306407 0.0009923032101757426
0.03716791855904725 0.000993294581634017
0.037276417992331654 0.0009997182751498982
0.037276417992331654 0.0009997182751498982
0.037276417992331654 0.0009997182751498982
0.03730135770418543 0.0010056758758825413
0.03730135770418543 0.0010056758758825413
0.03730135770418543 0.0010056758758825413
0.03730135770418543 0.0010056758758825413
0.03730135770418543 0.0010056758758825413
0.03730135770418543 0.0010056758758825413
0.03730135770418543 0.0010056758758825413
0.03730135770418543 0.0010056758758825413
0.03730135770418543 0.0010056758758825413
0.03730135770418543 0.0010056758758825413
0.03730135770418543 0.0010056758758825413
0.03730135770418543 0.0010056758758825413
0.03730135770418543 0.0010056758758825413
0.03730135770418543 0.0010056758758825413
0.03730135770418543 0.0010056758758825413
0.03730135770418543 0.0010056758758825413
0.03732299880008495 0.0010077877519267596
0.03738974290657084 0.0010090106204250634
0.03739117763844947 0.0010102732537013786
0.037405978365426605 0.001015885426694174
0.037405978365426605 0.001015885426694174
0.03747003057627084 0.0010221360495965097
0.03747003057627084 0.0010221360495965097
0.037472203585742575 0.0010238403590920612
0.037494486162962505 0.0010257403748237354
0.037494486162962505 0.0010257403748237354
0.037494486162962505 0.0010257403748237354
0.037494486162962505 0.0010257403748237354
0.037494486162962505 0.0010257403748237354
0.03751995632439246 0.0010270081222464938
0.03751995632439246 0.0010270081222464938
0.037537312357729384 0.001028701834579599
0.037537312357729384 0.001028701834579599
0.0375839324791779 0.0010309319756984369
0.0375839324791779 0.0010309319756984369
0.037599979046389106 0.0010348172493980282
0.037599979046389106 0.0010348172493980282
0.037599979046389106 0.0010348172493980282
0.037599979046389106 0.0010348172493980282
0.03768200923502813 0.0010370365828028588
0.03771948328810036 0.0010423042978489564
0.03777402355820367 0.0010444220664886693
0.037922049810440145 0.0010503313830908002
0.03797776136984496 0.0010545815153646988
0.03797776136984496 0.0010545815153646988
0.038011916446932754 0.0010564002994864954
0.03803867829121002 0.001057825388275385
0.03810114816482978 0.0010594290700204126
0.03810114816482978 0.0010594290700204126
0.03810114816482978 0.0010594290700204126
0.03810114816482978 0.0010594290700204126
0.03818605682639808 0.0010632147857293959
0.03818605682639808 0.0010632147857293959
0.03819414772941069 0.0010641318777562753
0.038194528887702923 0.0010644016653276044
0.03822163699841657 0.0010660580348292354
0.03825992366856025 0.001069577767272933
0.038266183456565524 0.001069940213292809
0.03829194650116149 0.0010727884121137917
0.03829194650116149 0.0010727884121137917
0.03829194650116149 0.0010727884121137917
0.0383308042554461 0.0010733813205296534
0.038364805625210795 0.0010735203360111663
0.038364805625210795 0.0010735203360111663
0.038364805625210795 0.0010735203360111663
0.03836564537408437 0.001075236636891611
0.03840887009649247 0.0010758154916161694
0.03840887009649247 0.0010758154916161694
0.03840887009649247 0.0010758154916161694
0.03842508751609041 0.0010773939325613943
0.038450048997852565 0.0010797311987266584
0.038450048997852565 0.0010797311987266584
0.038450048997852565 0.0010797311987266584
0.038450048997852565 0.0010797311987266584
0.038450048997852565 0.0010797311987266584
0.038450048997852565 0.0010797311987266584
0.038450048997852565 0.0010797311987266584
0.038450048997852565 0.0010797311987266584
0.038450048997852565 0.0010797311987266584
0.038450048997852565 0.0010797311987266584
0.038450048997852565 0.0010797311987266584
0.038450048997852565 0.0010797311987266584
0.038450048997852565 0.0010797311987266584
0.038450048997852565 0.0010797311987266584
0.038453530113495435 0.0010809309510304858
0.038453530113495435 0.0010809309510304858
0.038453530113495435 0.0010809309510304858
0.038481309012397824 0.0010828720995888393
0.038481309012397824 0.0010828720995888393
0.038481309012397824 0.0010828720995888393
0.038481309012397824 0.0010828720995888393
0.038481309012397824 0.0010828720995888393
0.038481309012397824 0.0010828720995888393
0.038481309012397824 0.0010828720995888393
0.038481309012397824 0.0010828720995888393
0.038481309012397824 0.0010828720995888393
0.038481309012397824 0.0010828720995888393
0.038481309012397824 0.0010828720995888393
0.038481309012397824 0.0010828720995888393
0.038481309012397824 0.0010828720995888393
0.038481309012397824 0.0010828720995888393
0.038481309012397824 0.0010828720995888393
0.038481309012397824 0.0010828720995888393
0.038481309012397824 0.0010828720995888393
0.03850707689359055 0.001082987676365459
0.03850707689359055 0.001082987676365459
0.03880711811412893 0.0010852697151651726
0.03880711811412893 0.0010852697151651726
0.038956692029865375 0.001087276923213242
0.03918504295779244 0.0010938381690482333
0.03918504295779244 0.0010938381690482333
0.03918504295779244 0.0010938381690482333
0.03918504295779244 0.0010938381690482333
0.03918504295779244 0.0010938381690482333
0.03918504295779244 0.0010938381690482333
0.03918504295779244 0.0010938381690482333
0.03998850641965471 0.0010940425560159485
0.04001809159165625 0.001094043084189495
0.04001809159165625 0.001094043084189495
0.04001809159165625 0.001094043084189495
0.04001809159165625 0.001094043084189495
0.04001809159165625 0.001094043084189495
0.04001809159165625 0.001094043084189495
0.04002579925073081 0.0011073158777090643
0.040099090858072894 0.0011117532213042933
0.040099090858072894 0.0011117532213042933
0.040336599522414314 0.0011145674201663738
0.040560548649153226 0.0011149569807511618
0.040560548649153226 0.0011149569807511618
0.04056677751861735 0.001115921310516813
0.04056677751861735 0.001115921310516813
0.04072706914649721 0.0011307066721057168
0.04083578415754932 0.0011310266682718994
0.040945766378622364 0.00113588359621008
0.040945766378622364 0.00113588359621008
0.040945766378622364 0.00113588359621008
0.040945766378622364 0.00113588359621008
0.040945766378622364 0.00113588359621008
0.04128889562078528 0.0011458229663271243
0.04136061023389194 0.0011553729580371637
0.04136061023389194 0.0011553729580371637
0.0417612134723228 0.0011630219898903997
0.04185211998974461 0.0011651186942364985
0.04185211998974461 0.0011651186942364985
0.04185211998974461 0.0011651186942364985
0.041902108798098095 0.0011658972765344671
0.041916025204596016 0.0011660916225243797
0.041916025204596016 0.0011660916225243797
0.0422202705841737 0.0011723645737866998
0.04223587320092409 0.0011824440291951733
0.04269970699335912 0.001185220448480362
0.042747682381943736 0.001188488139082149
0.042928301594821305 0.001191643897173358
0.042928301594821305 0.001191643897173358
0.04296982952147939 0.0011923484622435151
0.04296982952147939 0.0011923484622435151
0.04296982952147939 0.0011923484622435151
0.043160509589998314 0.0011942916410594194
0.043160509589998314 0.0011942916410594194
0.043160509589998314 0.0011942916410594194
0.04317026131204414 0.0012009712312139136
0.04317026131204414 0.0012009712312139136
0.04317026131204414 0.0012009712312139136
0.04317026131204414 0.0012009712312139136
0.04317026131204414 0.0012009712312139136
0.04317026131204414 0.0012009712312139136
0.04326093315633121 0.0012012023774623057
0.04326093315633121 0.0012012023774623057
0.04326093315633121 0.0012012023774623057
0.04326093315633121 0.0012012023774623057
0.04326093315633121 0.0012012023774623057
0.04326093315633121 0.0012012023774623057
0.04326093315633121 0.0012012023774623057
0.04326093315633121 0.0012012023774623057
0.04326093315633121 0.0012012023774623057
0.04326093315633121 0.0012012023774623057
0.04326093315633121 0.0012012023774623057
0.04326093315633121 0.0012012023774623057
0.04326093315633121 0.0012012023774623057
0.04326093315633121 0.0012012023774623057
0.04326093315633121 0.0012012023774623057
0.04326093315633121 0.0012012023774623057
0.04338125927597669 0.0012043392953223154
0.04341009302854483 0.0012047883848300069
0.0435427066417651 0.0012092580882680632
0.04386341719257145 0.0012105861459672151
0.04386341719257145 0.0012105861459672151
0.043898953157858564 0.0012202713530237996
0.04391622284482277 0.0012229612804447144
0.04410152132474855 0.001228428712672676
0.04413650646940029 0.00122844436488535
0.04413650646940029 0.00122844436488535
0.04415022089921465 0.001228558675729527
0.04418128043945205 0.0012304206556572777
0.04418128043945205 0.0012304206556572777
0.04418457894518629 0.0012309344426801097
0.04418457894518629 0.0012309344426801097
0.04445058052235851 0.0012383758514148367
0.04471714499238519 0.0012395352697272498
0.04477364499757494 0.001248335609847638
0.04510989077940146 0.0012582162133712698
0.04548016227919251 0.001269206317426732
0.04561772937965633 0.001273217900094388
0.04609999614236754 0.0012874641879652494
0.04609999614236754 0.0012874641879652494
0.046160534228447486 0.0012892524990580508
0.046160534228447486 0.0012892524990580508
0.046160534228447486 0.0012892524990580508
0.046160534228447486 0.0012892524990580508
0.046627191798627926 0.0012900585997302242
0.04666803272148348 0.001291582159209154
0.04708817086320429 0.001294688223700363
0.04708817086320429 0.001294688223700363
0.04708817086320429 0.001294688223700363
0.04708817086320429 0.001294688223700363
0.04708817086320429 0.001294688223700363
0.04708817086320429 0.001294688223700363
0.04708817086320429 0.001294688223700363
0.0472377037714064 0.0012984849945686001
0.04741035425783882 0.001300752893868117
0.047674277758164 0.001302409244262477
0.047933301755111055 0.001302425125092141
0.048121216880398686 0.0013040059530308856
0.048369901633582985 0.0013114411283084034
0.04935135740483332 0.001313289632660118
0.04936337665851068 0.0013144659679104086
0.04936337665851068 0.0013144659679104086
0.04937756452188285 0.0013356531421247775
0.049832324551512736 0.0013418649958645867
0.049832324551512736 0.0013418649958645867
0.049832324551512736 0.0013418649958645867
0.05007228909610736 0.0013429037345192593
