0.04375647380948067 0.0012328810480539687
0.042679982841946185 0.0012029822173644789
0.04375647380948067 0.0012328810480539687
0.03848563530482352 0.0010831141771632247
0.04375647380948067 0.0012328810480539687
0.04375647380948067 0.0012328810480539687
0.04375647380948067 0.0012328810480539687
0.04375647380948067 0.0012328810480539687
0.042679982841946185 0.0012029822173644789
0.04375647380948067 0.0012328810480539687
0.04375647380948067 0.0012328810480539687
0.04375647380948067 0.0012328810480539687
0.04375647380948067 0.0012328810480539687
0.04339352482929826 0.0012225454265717417
0.043124526855535805 0.0012152906783740036
0.04313218186143786 0.0012155038748460356
0.04313117056153715 0.0012154756332165562
0.04312340775504708 0.0012152595700172242
0.03964419465046376 0.0011063683195970953
0.04311179672367871 0.0012149365284130909
0.043121373862959445 0.0012152029266871978
0.04310967423953116 0.0012148773130320478
0.04312886332627386 0.001215411386510823
0.04209695290774107 0.0011867531939060427
0.04311422060709447 0.001215004078403581
0.04312193125952035 0.0012152185045124497
0.0431070642080158 0.0012148047644586768
0.04308157425839454 0.0012140952130721416
0.04313050489872694 0.0012154571413702797
0.042477295035496354 0.0011973317523370497
0.04311393236275762 0.0012149958020017948
0.04208876832854003 0.0011865262131323107
0.043125362135469913 0.0012153138959547505
0.042715640855021775 0.0012036758271278813
0.042050477932207286 0.0011854599270009203
0.04312648845370859 0.0012153454445069656
0.04018530109897256 0.001123472051403951
0.043124001123942435 0.0012152760973549448
0.04312397271860391 0.0012152752533438616
0.043108180863782763 0.001214835821883753
0.04311843903269619 0.001215121224959148
0.04211070423480123 0.0011871343158418313
0.0420953732682392 0.0011867093890032265
0.04309973248746246 0.001214626397995744
0.043149108649231493 0.0012159749203419778
0.04203618655446917 0.0011850621995108668
0.04313167359214276 0.0012154895484854933
0.043120426940731704 0.0012151765295129735
0.04314068565145135 0.0012157405690231826
0.04312313615810126 0.001215251915709814
0.043115096632391214 0.0012150284019298851
0.04312167293392122 0.0012152113376941998
0.04211404616944492 0.001187226880574599
0.042098055710084736 0.0011867837056342978
0.042125380714423954 0.0011875409145432059
0.03848563530482352 0.0010831141771632247
0.04311648686416447 0.0012150669062975794
0.0431377119384706 0.0012156576267443597
0.04757685982622206 0.0013064421218587086
0.04209796374198049 0.0011867809007526375
0.04315454256720841 0.0012161261984147131
0.03982942341826856 0.0011179594403074589
0.03964269265998155 0.0011063676793128252
0.04313195974100381 0.0012154974792792927
0.04313630296383053 0.0012156183838669676
0.0420937828021124 0.0011866651839227416
0.03848563530482352 0.0010831141771632247
0.04310454020742327 0.0012147345514677
0.04247603262774646 0.0011973052060056943
0.043136139516718686 0.0012156140292063355
0.04339352482929826 0.0012225454265717417
0.04312924458645284 0.001215422209497774
0.04313100839499384 0.0012154711330367718
0.041760283638723195 0.0011771450590458699
0.04313210363034159 0.0012155016847827937
0.043126130010932684 0.0012153354109614156
0.04339352482929826 0.0012225454265717417
0.04312440461944789 0.0012152873277955223
0.04311921272892505 0.0012151429109508172
0.04315125022549182 0.0012160345577285625
0.043151969905011356 0.0012160545884398744
0.043116025743074715 0.0012150544644100592
0.04312244616448879 0.0012152328272350132
0.0418963092379272 0.001181193372758571
0.04304775735363364 0.0012131537187087815
0.04209296347107738 0.0011866425593325403
0.04202688473742455 0.0011848035901493859
0.04210138332564384 0.0011868758556374814
0.04188526899088174 0.0011809036368504167
0.043136841617524624 0.0012156337870692369
0.043115601991303265 0.0012150424481660593
0.04313041816931218 0.0012154546420788392
0.03848563530482352 0.0010831141771632247
0.03858533361926675 0.0010849236787180416
0.04311417287681252 0.0012150024886068422
0.04312702198512852 0.0012153603056503925
0.045886030537076294 0.0012457961274776608
0.04339352482929826 0.0012225454265717417
0.042107107350602746 0.0011870344351336826
0.043120051734149456 0.0012151663249824196
0.04313500504940748 0.0012155823787907138
0.04311526333913207 0.0012150333313911688
0.043118389090523124 0.0012151198170613497
0.04313143715262413 0.0012154829273640644
0.04264557431451976 0.001202000963530736
0.04311369312927127 0.001214989330037497
0.04204405704513192 0.0011852812422148418
0.043125785305164754 0.0012153257193858735
0.04103904403746128 0.0011573690153454663
0.04208205675240606 0.0011863402942253742
0.04313040873967111 0.0012154546348028816
0.04310740216169506 0.0012148140740464441
0.04311681038234383 0.0012150758011557627
0.04311334062367678 0.0012149792673881166
0.043113441905006766 0.001214982163219247
0.039892748231068254 0.0011191596204298548
0.04312397842295468 0.0012152754061389714
0.043116562184877694 0.0012150691509305034
0.04309925704728812 0.001214587413414847
0.044362390297465026 0.0012390172269078903
0.04757685982622206 0.0013064421218587086
0.042113446281291544 0.0011872106188093312
0.043121352791786194 0.001215202242747182
0.042044378467835486 0.001185290149805951
0.04313996038399637 0.0012157201817899477
0.04312434606254101 0.0012152857379987836
0.04436586902011186 0.0012391359923640266
0.042034144746139646 0.0011850056234834483
0.04315326677169651 0.0012160906480858102
0.04311444377526641 0.0012150103902968112
0.042038470157422125 0.0011851258441311074
0.043136670836247504 0.001215628843056038
0.042094110627658665 0.0011866742315760348
0.04312893806491047 0.0012154135292803403
0.043281512218527496 0.0012196604257042054
0.04209968785289675 0.0011868288420373574
0.042679982841946185 0.0012029822173644789
0.0431277621537447 0.0012153808238508645
0.043110550730489194 0.001214901767525589
0.04542354098521173 0.0012455967735149898
0.04339352482929826 0.0012225454265717417
0.04275842511560768 0.0012048667995259166
0.04209976701531559 0.001186831188533688
0.043128691031597555 0.0012154065407230519
0.0430987587897107 0.0012145737273385748
0.043121289229020476 0.0012152005801908672
0.0431351667502895 0.0012155867661931552
0.043122828705236316 0.0012152434028394055
0.04309621069114655 0.001214502572111087
0.04312761256005615 0.0012153767347626854
0.04211720451712608 0.0011873146759171505
0.04310469818301499 0.0012147389570600353
0.04305939213372767 0.001213477851706557
0.04311192687600851 0.0012149399299232755
0.0430956018390134 0.0012144855936639942
0.042679982841946185 0.0012029822173644789
0.04211302625481039 0.0011871984679601155
0.04312275175470859 0.001215241394675104
0.04100722435396165 0.0011564874002942815
0.04312369041144848 0.001215267362567829
0.04311964684166014 0.0012151549526606686
0.04309925704728812 0.001214587413414847
0.04205750022083521 0.0011856599630846176
0.043133797706104815 0.0012155488548160065
0.042117613716982305 0.0011873255061800592
0.04339352482929826 0.0012225454265717417
0.04313479037955403 0.0012155763470218517
0.042049316223710775 0.0011854276363010285
0.04101410729344934 0.001156678137704148
0.04312533943448216 0.0012153132993262261
0.04305275564547628 0.0012132928386563435
0.042107696644961834 0.00118705075874459
0.04312472359742969 0.0012152962990512606
0.042097450816072524 0.0011867668472405057
0.042045654845423996 0.0011853256946778856
0.043132718303240836 0.0012155188524047844
0.043131158920004964 0.0012154754513176158
0.03983018291182816 0.0011179737048223615
0.04209513927344233 0.0011867028260894585
0.04312308772932738 0.0012152505805715919
0.04160227638203651 0.001173023869341705
0.043124267482198775 0.0012152836898167152
0.04309952282346785 0.0012145949804107659
0.04311647382564843 0.001215066651639063
0.043117056833580136 0.0012150828661106061
0.0431266431696713 0.0012153496063547209
0.043120924732647836 0.0012151903501944616
0.04313278163317591 0.001215520536788972
0.042111467802897096 0.001187155517982319
0.043126147938892245 0.001215335782035254
0.04310685594100505 0.0012147990200901404
0.042101067025214434 0.001186867266369518
0.04312349040992558 0.0012152618401159998
0.0420337428804487 0.0011849941256514285
0.04312709835357964 0.0012153624011261854
0.04209864407312125 0.0011867999128298834
0.04315148631576449 0.0012160411024524365
0.04314352129586041 0.001215819484059466
0.043113794294185936 0.0012149920003139414
0.04276830924209207 0.001205142034450546
0.04310896201059222 0.0012148574969614856
0.043677121633663774 0.001230672249221243
0.043112719897180796 0.0012149621798016597
0.04311739117838442 0.0012150924630986992
0.04339352482929826 0.0012225454265717417
0.04209582740440965 0.0011867220673593692
0.04313252656720579 0.0012155133845226374
0.04312695609405637 0.0012153582902101334
0.04308583284728229 0.001214213658386143
0.043104436714202166 0.001214731644722633
0.043125354568473995 0.0012153138013673015
0.042679982841946185 0.0012029822173644789
0.04254202079027891 0.0011991420469712466
0.0431227246299386 0.0012152405397500843
0.04203382774721831 0.0011849964739667485
0.043119115405716 0.0012151400987931993
0.043092325795441866 0.0012143944040872157
0.042774317669682205 0.0012053091486450285
0.04310112842358649 0.0012146396038588136
0.043131016311235726 0.0012154713986092247
0.04277815017849207 0.0012054160361003596
0.04312129667960107 0.00121520084576332
0.043593100970610976 0.00122833355635521
0.042099869111552835 0.0011868339133798145
0.042679982841946185 0.0012029822173644789
0.043121530674397945 0.0012152073941251729
0.042054190183989704 0.001185563314720639
0.04372337483800948 0.001231959686265327
0.04390326386783272 0.0012331712532613892
0.04311643948312849 0.0012150660331826657
0.043121530674397945 0.0012152073941251729
0.04314019624143839 0.0012157268647570163
0.04312963434495032 0.0012154328323958907
0.04312422324437648 0.0012152822564530652
0.04311079904437065 0.0012149086869612802
0.04312187759205699 0.0012152169183536898
0.04311720957048237 0.001215086980664637
0.04311208671424538 0.0012149445356044453
0.03983218490611762 0.0011180114743183367
0.04204221710097045 0.0011852300758619094
0.04311935289297253 0.001215146665344946
0.04209928470663726 0.0011868177098222077
0.043126296950504184 0.0012153400966781192
0.04339352482929826 0.0012225454265717417
0.04312507342547178 0.0012153058632975444
0.04311348090413958 0.0012149832509749103
0.04310093983076513 0.0012146342160122003
0.04203977098222822 0.0011851619983644923
0.04354083817452192 0.001226878746820148
0.04313397570513189 0.0012155536896898411
0.04358089354354888 0.0012279937291168608
0.043089235899969935 0.0012143086642026901
0.04311223409604281 0.0012149485301051755
0.04311546636745334 0.0012150384900451172
0.04210829536896199 0.0011870673770317808
0.042039813357405365 0.0011851633480546298
0.043127431883476675 0.0012153716343163978
0.04217811953276396 0.0011890293790202122
0.038416372146457434 0.0010805491147038992
0.04375647380948067 0.0012328810480539687
0.04310638806782663 0.0012147857596573886
0.042124473373405635 0.0011875158415932674
0.043122318922542036 0.0012152293347753584
0.04209622635971755 0.001186732897622278
0.043107403558678925 0.001214814266859321
0.04664204630535096 0.0012729830705211498
0.043366648838855326 0.0012217973053338937
0.043132083024829626 0.0012155009535490535
0.04312411544378847 0.001215279356983956
0.043114751344546676 0.0012150186958024278
0.043273514485917985 0.0012194566734251566
0.04311299161054194 0.0012149696085543837
0.04312593105714768 0.0012153298630437348
0.04311824415344745 0.0012151158662163652
0.042892854660749435 0.0012088625917385798
0.039829592453315854 0.0011179626708326396
0.04276187892537564 0.0012049631150148343
0.043125982861965895 0.0012153312054579146
0.043107892852276564 0.001214827767398674
0.043553477502427995 0.0012272306012164336
0.042121195467188954 0.0011874249248648994
0.04309219308197498 0.0012143907151767053
0.0424024872481823 0.0011949917643505614
0.04203844058793038 0.0011851250092149712
0.043123112875036895 0.0012152513263572473
0.043093031039461493 0.0012144139327574521
0.0431565388571471 0.0012161817794549279
0.043125677737407386 0.001215322976349853
0.04102334752678871 0.0011569341204449302
0.04328675684519112 0.0012198064650874585
0.04310975095722824 0.0012148794448876288
0.043122245115228 0.001215227326611057
0.04313580458983779 0.00121560483603389
0.039827618980780244 0.0011179252396686934
0.0421182467835024 0.0011873432522406802
0.04252423031721264 0.0011986289646301884
0.042103767627850175 0.001186941830383148
0.04312569729518145 0.0012153233255958185
0.042101469123736024 0.0011868784895341378
0.04308538162149489 0.0012142011473770253
0.042054462363012135 0.001185571310998057
0.04312542511615902 0.0012153158932051156
0.04311892169062048 0.0012151347254985012
0.04310543544124812 0.001214759464346571
0.042621106025762856 0.0012010539685434196
0.043744722148403525 0.0012325539137236774
0.0434977785916999 0.0012256802219781093
0.04312089737504721 0.0012151898299634922
0.04312544735148549 0.0012153164534538519
0.04311427799984813 0.0012150054462836124
0.04311858327127993 0.0012151256632932927
0.04313763277605176 0.0012156554112152662
0.04313138290308416 0.0012154814321547747
0.043134622974321246 0.0012155715994595084
0.04310796014033258 0.0012148295318183955
0.04311215225607157 0.0012149462345405482
0.04309025616385043 0.0012143370804551523
0.04209163994528353 0.0011866059539897833
0.04309618612751365 0.0012145018408773467
0.0431724441004917 0.001216624576045433
0.04754064651206136 0.0013024834006500896
0.04319143493194133 0.001217153163452167
0.04198337474372238 0.001183592345114448
0.03964429092593491 0.001106368381442735
0.042104399763047695 0.0011869843146996573
0.04310714150778949 0.001214806965435855
0.043098372290842235 0.0012145628315920476
0.04313182958867401 0.0012154940122854896
0.043110965518280864 0.0012149133217462804
0.04311436181887984 0.0012150077600381337
0.0423811738146469 0.00119466490468767
0.04204847838263959 0.0011854042822960764
0.04311434330884367 0.0012150072798249312
0.04312381660565734 0.0012152708659414202
0.04312303860206157 0.0012152493036410306
0.04210974648594856 0.0011871077513205819
0.04313559108413756 0.0012155987133155577
0.04435696778818965 0.0012388319883029908
0.04312832187861204 0.0012153963834862225
0.04329801141284406 0.0012201196514070034
0.042106598848477006 0.001187020639918046
0.042102847481146455 0.0011869164263771381
0.04313836921937764 0.0012156759985373355
0.04209501587320119 0.0011866994100273587
0.043239466031081975 0.0012184899896965362
0.04312062019016594 0.0012151819937571418
0.042229046928696334 0.001190442912047729
0.04397746850736439 0.0012377157108858228
0.043107149307616055 0.0012148069763497915
0.042112506460398436 0.001187184145237552
0.043124062824063 0.0012152777744631749
0.04310727876145393 0.0012148107634857297
0.043111340375617146 0.0012149236317782197
0.039828618289902806 0.0011179442226421088
0.042094210744835436 0.0011866770400956739
0.04312031622976065 0.0012151734226790722
0.041015808237716556 0.0011567251494852826
0.04207394423428923 0.0011861154780490324
0.04326164862141013 0.001219107442011591
0.04322467080783099 0.001218078159581637
0.04204542899969965 0.0011853194282593904
0.0430668304907158 0.0012136846235080156
0.04367176431696862 0.0012305231102800462
0.04338435549288988 0.001222523074829951
0.04312994214706123 0.0012154413416283205
0.04312869976274669 0.0012154069190728478
0.0430970563320443 0.0012145260734541807
0.04210287402383983 0.0011869172703882214
0.04311099695041776 0.0012149144567956682
0.04310684301890433 0.0012147988636570517
0.04313547001220286 0.0012155952645116486
0.04312499531079084 0.0012153038187534548
0.04211243079043925 0.001187182297144318
0.03955284017138183 0.0011028604239982087
0.04371841135434806 0.0012318215740378946
0.04312199493870139 0.0012152202834840864
0.037984761176630855 0.0010035212344519095
0.04313502355944365 0.0012155828226241283
0.04312523629050702 0.0012153104653407354
0.04373986541759223 0.0012324187373451423
0.043124881107360125 0.0012153005300206132
0.04338425421155989 0.0012225202335685026
0.038190898834727705 0.0010722291153797414
0.04315131751354784 0.0012160364385636058
0.043114479281939566 0.0012150109469075687
0.043129498371854424 0.0012154290670878254
0.04313283402007073 0.001215522028360283
0.043112759361974895 0.0012149630929343402
0.04297494189813733 0.0012108937371522188
0.041688023251481354 0.001175422152300598
0.04313766094855964 0.001215656302520074
0.04311875824350864 0.001215130258060526
0.04213261173572391 0.0011877413708134554
0.043339614872820675 0.001221277689182898
0.042720216093584895 0.001203803203679854
0.04321693303063512 0.001217862853081897
0.04265449719969183 0.001202276791445911
0.04310824163258076 0.0012148375135438982
0.04211049620062113 0.00118712849507574
0.038319134968332946 0.0010769790133053903
0.042026996961794794 0.0011848066187667428
0.04342106753028929 0.001223545001266757
0.04329462337773293 0.0012200256605865434
0.043121918803080916 0.001215218217112124
0.043125281226821244 0.0012153116840636358
0.038745358237065375 0.0010896461499214638
0.04312144743744284 0.0012152050694567151
0.04310979600995779 0.00121488072181819
0.043109619175083935 0.0012148760579293594
0.04173820838332176 0.0011768127442337573
0.04211207234766334 0.0011871724673255812
0.04061029071453959 0.0011454973191575846
0.04345552541781217 0.0012245041252754163
0.04346751107368618 0.0012248377242940478
0.047536085825413465 0.0013023957362747751
0.04312371707055718 0.0012152681447332725
0.043503912864252925 0.001225850955961505
0.042778511182405055 0.001205426175147295
0.04311628942377865 0.0012150618458690587
0.04310733370948583 0.0012148122623329982
0.043118394329212606 0.0012151200644439086
0.04210787347983569 0.0011870559392264113
0.04311555752065033 0.0012150413385825232
0.04311707755550742 0.0012150832335464656
0.04339352482929826 0.0012225454265717417
0.04312977474182844 0.0012154367177572567
0.04179801442660391 0.0011784699636336882
0.0431266202358529 0.0012153489042248111
0.042817546403966844 0.0012067818752257153
0.03793352178763598 0.0008967538833530853
0.041014353395439684 0.00115668499347521
0.04235684860032052 0.0011939878513658186
0.04341978777665645 0.0012235094436618965
0.039827028405852616 0.0011179142311448231
0.0431237326702103 0.0012152686394983903
0.04311294585932046 0.0012149684880569112
0.04313147300854325 0.0012154840260336641
0.043117189197801054 0.0012150865950388834
0.04206961230374873 0.0011859927708428586
0.04318772291298956 0.0012170497793704271
0.042029942967928946 0.0011848883223137818
0.04205624875612557 0.0011856205182994017
0.04313119896687567 0.001215476389916148
