0.042679982841946185 0.0012029822173644789
0.04375647380948067 0.0012328810480539687
0.042679982841946185 0.0012029822173644789
0.04375647380948067 0.0012328810480539687
0.042679982841946185 0.0012029822173644789
0.042679982841946185 0.0012029822173644789
0.04375647380948067 0.0012328810480539687
0.04339352482929826 0.0012225454265717417
0.0395803457358852 0.0011106461242889054
0.04339352482929826 0.0012225454265717417
0.03848563530482352 0.0010831141771632247
0.0395803457358852 0.0011106461242889054
0.04339352482929826 0.0012225454265717417
0.04375647380948067 0.0012328810480539687
0.042679982841946185 0.0012029822173644789
0.042679982841946185 0.0012029822173644789
0.04279642959591001 0.0012058480861014687
0.038745388854295015 0.0010895885352510959
0.04316348675638437 0.0012162991224613506
0.04280496411956847 0.00120608513316256
0.042800259427167475 0.0012059545806550886
0.0428066331660375 0.0012061328925483394
0.040106004918925464 0.0011256868347118143
0.03859876678325236 0.0010841017501661554
0.03870086756069213 0.0010863747702387627
0.03938904858659953 0.0011060324613936245
0.0420791330980137 0.00118618175474694
0.04278609005268663 0.0012055617771693505
0.04201722680591047 0.0011844654400192667
0.04317066981457174 0.0012164992403995711
0.042908328236080706 0.001208975983900018
0.04279556428082287 0.0012058240681653842
0.04317675612401217 0.0012166682317911182
0.04280840675346553 0.0012061814777553082
0.0385958282276988 0.0010839931746886577
0.037408809177577496 0.0008873614387994166
0.04209410666953772 0.0011865980741276871
0.03983567876275629 0.0011180190849700011
0.03938535542692989 0.0011059451117034769
0.04279677430167794 0.001205857999593718
0.04209201852791011 0.0011865401575050782
0.04139555396977812 0.0011644478981907014
0.04314604168757796 0.0012158153949712869
0.04278865712694824 0.0012056323867000174
0.039387761149555445 0.0011060022970923455
0.04316597047727555 0.001216368120367406
0.04208570660557598 0.0011863643067044904
0.04219560488127172 0.0011894364361069165
0.042088673799298704 0.0011864462485391414
0.042679982841946185 0.0012029822173644789
0.043654014938510954 0.0012300157177378424
0.04316735174506903 0.0012164066210971214
0.042080274084582925 0.0011862130104418611
0.04314884194172919 0.0012158923382230569
0.04279954778030515 0.0012059348155162297
0.04315411997959018 0.001216039130667923
0.0431763919768855 0.0012166579072072636
0.042102874838747084 0.001186841785965953
0.041395197971723974 0.0011644412770692725
0.043142143404111266 0.0012157049968664069
0.04317581688519567 0.0012166418928245548
0.043163402122445405 0.001216297041537473
0.04317357356194407 0.0012165808220743202
0.03981591574847698 0.0011176511070516426
0.0393953553866595 0.0011061804416385712
0.04281437071040273 0.0012063469803251792
0.04317538545001298 0.0012166298838565126
0.043517665821127594 0.0012262032651051413
0.04216454178094864 0.0011886238607985433
0.042088589747436345 0.001186444462291547
0.042084667133167386 0.001186335717648035
0.04208895692136139 0.0011864546777360374
0.043161839013919234 0.001216253192978911
0.04316297813784331 0.0012162848688603844
0.03823334164917469 0.0010736868462117855
0.042490154854021966 0.0011976745172432857
0.043171383906155825 0.0012165184125478845
0.04339352482929826 0.0012225454265717417
0.04210644599515945 0.001186940937259351
0.04317968327086419 0.0012167495879111812
0.042093649855814874 0.001186585186587763
0.04317638371139765 0.0012166577434982173
0.04280093149282038 0.0012059733453497756
0.043167173280380666 0.0012164018080511596
0.04207813960965723 0.0011861541515827412
0.039345782017335296 0.0011050145549234003
0.04208543023560196 0.0011863568906846922
0.0420784552115947 0.0011861637976835482
0.04316733661107719 0.001216406177263707
0.04317327786702663 0.0012165720472694375
0.04208750429097563 0.00118641441440559
0.04281017929315567 0.0012062304704159033
0.04339352482929826 0.0012225454265717417
0.03859727457165718 0.0010840458744496573
0.042082682135514915 0.0011862803221447393
0.0431621934985742 0.0012162634811829776
0.0420891095418483 0.00118645970178477
0.042088510701432824 0.0011864429543493316
0.04277335514780134 0.0012052075580868404
0.0381219006376341 0.0010668327049643267
0.04280556086450815 0.0012061017587257084
0.04354607139248401 0.0012269972248759586
0.04280240286607295 0.00120601416710997
0.04281189956236631 0.0012062785426678602
0.043174119549803436 0.0012165964726591483
0.04346116166561842 0.001224622919835383
0.04262602562084794 0.0012014732419629581
0.043169230106286705 0.0012164584222773556
0.04279674228746444 0.0012058569773216732
0.04318587307352573 0.0012169216279289685
0.043122697970829904 0.001215166394104017
0.04317758372053504 0.0012166913293185644
0.043483881978318095 0.0012252593696757685
0.04315519775263965 0.0012160677142674103
0.04207243921700865 0.0011859962851303862
0.04201003478374332 0.0011842653875646647
0.04207983345258981 0.001186201196105685
0.04317014873959124 0.0012164843101345468
0.04279909480828792 0.0012059222826792393
0.042055441765114665 0.0011855241064040456
0.04208984307479113 0.0011864822045026813
0.04315686319023371 0.0012161146187281702
0.04626592400018126 0.0012752999100484885
0.04279981448780745 0.00120594216423342
0.043242118787020445 0.0012184967017674353
0.042272062972187996 0.0011915771065105218
0.03859768249094486 0.0010840606410056353
0.04356103320606053 0.0012274154869373888
0.04208160482812673 0.0011862504798045848
0.04280047304928303 0.0012059604632668197
0.043142643524333835 0.0012157189776189625
0.03812430880498141 0.0010669214570953045
0.03812273882795125 0.0010668637296475936
0.042810380924493074 0.0012062354253430385
0.042084461310878396 0.0011863297131640138
0.043159935739822686 0.0012161996528448071
0.0431606377242133 0.0012162200546299573
0.0420742150163278 0.0011860449103551218
0.042090245988219976 0.0011864903426612727
0.042793163447640836 0.00120575729306438
0.04010636580642313 0.0011256957186560612
0.04316101991571486 0.00121623090308276
0.04278970370069146 0.0012056620362272952
0.03859596257098019 0.0010839975038834382
0.04227749758865684 0.0011917297979380237
0.04315375548321754 0.0012160275873611681
0.04347164405044168 0.001224915587954456
0.04278326884377748 0.001205482636578381
0.04209690948482603 0.0011866753211506875
0.03859485371503979 0.0010839589958777651
0.03937914175912738 0.0011057998453907203
0.04316537419799715 0.001216350730828708
0.04017319262493402 0.0011311279558867682
0.04316361981909722 0.0012163027640781365
0.042371378862299025 0.0011943522731598932
0.04318009037524462 0.0012167616514489055
0.0431788747664541 0.0012167269524070434
0.04317743761930615 0.0012166865053586662
0.03741393657401204 0.0008875503663148265
0.04282482247799635 0.0012066367016814183
0.04316710424609482 0.0012164002509962302
0.0394285439979285 0.0011069841584685491
0.04278632521163672 0.0012055680745106656
0.04208745271898806 0.001186414167023031
0.04315882769878954 0.0012161696613475215
0.03983937355224043 0.001118088261137018
0.04277735610958189 0.0012053172249579802
0.04208094149362296 0.0011862319879583083
0.04375647380948067 0.0012328810480539687
0.04278755548875779 0.0012056019586452749
0.04279988550115377 0.0012059447726642247
0.042078573605977 0.001186166064144345
0.04280559835024178 0.0012061030029144604
0.04139534418936819 0.0011644440128293354
0.03812370146624744 0.0010668992654245812
0.04206297860946506 0.001185733721285942
0.04316177614964545 0.0012162514940428082
0.043293977971188724 0.00121976163063664
0.0401040279539302 0.001125640807003947
0.043192609562538564 0.001217107394040795
0.04318389529362321 0.0012168667344667483
0.0420864560874179 0.0011863852396345465
0.04339352482929826 0.0012225454265717417
0.04317810444626957 0.0012167057939223014
0.04316902230493724 0.001216453361848835
0.04210088204126805 0.001186787623737473
0.038230710895732045 0.00107359003595775
0.043164772214367986 0.0012163351384515408
0.04139558773022145 0.0011644485239230562
0.04015611298382282 0.001130499909777427
0.04010442306753248 0.0011256498291913886
0.04339352482929826 0.0012225454265717417
0.042085778317414224 0.0011863667987199733
0.043171454686671495 0.0012165201696916483
0.03823197435121983 0.0010736368203652091
0.04278994572814554 0.0012056680825480726
0.04280582116916776 0.0012061099041602574
0.043170462478883564 0.00121649296124815
0.04209364939015359 0.0011865848919114796
0.042070121271535754 0.001185931443615118
0.04279509338084608 0.0012058110696671065
0.04280223464593291 0.001206009190354962
0.042396654025651515 0.0011950588850595523
0.042071588104590774 0.001185972205348662
0.03812621347606182 0.0010669912589946762
0.04316858237143606 0.0012164406252850313
0.0428054325748235 0.0012060986409778707
0.043160509783774614 0.0012162161729065701
0.042095316806808114 0.0011866319346154341
0.03822953754570335 0.0010735466166806873
0.04208896216005087 0.0011864553125633392
0.04325935279484838 0.0012189802328066435
0.04015299666207284 0.0011303851788397878
0.037408379605039954 0.000887346128365607
0.03989070397801697 0.0011190883196832146
0.04261294018942863 0.0012011074195470428
0.04280037130229175 0.0012059577748004813
0.040153666283003986 0.001130409389588749
0.04274356598034501 0.0012043803108099382
0.042097162804566324 0.0011866829827340553
0.04208351450506598 0.0011863033996633021
0.04207166191190481 0.001185973660540185
0.04315265454351902 0.0012159976686234586
0.04206857236567885 0.0011858888319693506
0.03957667725626379 0.0011105576468253275
0.03983235138002783 0.0011179571665707044
0.040104902582243085 0.0011256614852754865
0.042784430319443345 0.0012055156694259495
0.04278994572814554 0.0012056680825480726
0.04315460636280477 0.0012160528312961105
0.04208127490710467 0.0011862415121868253
0.042082621599547565 0.0011862790233863052
0.04279690305702388 0.0012058613538101781
0.041204474749974906 0.0011527098176884465
0.04207463643979281 0.001186057072118274
0.04281212866771966 0.0012062838031852152
0.0427946662530303 0.0012057993153575808
0.03938982298132032 0.0011060510278184665
0.04201427148655057 0.001184382890642155
0.040160374133847654 0.0011306561900710221
0.04281068441923708 0.0012062436435371637
0.03859576245304197 0.0010839912356459536
0.04316464508883655 0.001216331780597102
0.041463799425400794 0.0011657245158858132
0.03939030156470835 0.0011060622910008533
0.04316846851725131 0.0012164374202257022
0.042075656121596694 0.0011860851464007283
0.04317751189228147 0.0012166887281637173
0.04280562500935048 0.0012061037377861794
0.042800221126526594 0.0012059536929882597
0.03823336795903742 0.0010736875556176528
0.042074293247424066 0.0011860469312523492
0.04317847511265427 0.0012167171844339464
0.03860584774520248 0.001084361570974579
0.04232048452831805 0.0011929300999327097
0.04327610449399799 0.0012194480696052779
0.04208676936104894 0.0011863942218042212
0.04317759186960757 0.00121669216605369
0.04342719912528992 0.0012236745315021835
0.0431359033100307 0.0012155327422078699
0.042064513196237385 0.0011857757708639838
0.04207796265836805 0.0011861489110742696
0.03983681311365217 0.0011180399887962267
0.038495066575706005 0.0010832896186911967
0.03983772685751319 0.00111805684355204
0.040097191580571234 0.0011254806631768588
0.040106602013111115 0.0011257012265559752
0.04375647380948067 0.0012328810480539687
0.03956697741523385 0.0011103238321084064
0.04208569787442684 0.00118636427760066
0.043164389790035784 0.0012163241372036282
0.043164092348888516 0.0012163158862676937
0.04256852762773633 0.0011998656282230513
0.043166514951735735 0.0012163832216174342
0.04315894970204681 0.0012161730192019604
0.042094680829904974 0.0011866138684126781
0.04201781295705587 0.001184478765935637
0.04280749335885048 0.0012061559864378069
0.04216337006073445 0.0011885358508152422
0.04209622333291918 0.0011866570039273938
0.042077938793227077 0.0011861487673741067
0.04209478502161801 0.001186616793347639
0.04201207577716559 0.0011843194079119712
0.04281216475646943 0.001206285542139085
0.04313746967818588 0.0012155759723100346
0.04209382086992264 0.0011865900160046294
0.042809692793525755 0.0012062167043040972
0.043176173814572394 0.0012166518317826558
0.04272245545871556 0.0012037936721753795
0.04316441202536225 0.001216325006680563
0.04208705073688179 0.001186401901577483
0.04278681275900453 0.0012055814331688453
0.04208993585780263 0.0011864825610246044
0.04279214423149824 0.0012057287676725537
0.04207861376926303 0.0011861670045618666
0.04209700005594641 0.0011866782424476696
0.0401487136259675 0.0011302279162919149
0.04361503606196493 0.0012289259466342628
0.042096326360479 0.0011866610548167955
0.04280795098748058 0.0012061683628417086
0.04314644820988178 0.0012158266617916524
0.04280534642748535 0.0012060959925292991
0.04375647380948067 0.0012328810480539687
0.04279118136037141 0.001205702134029707
0.04280464549083263 0.0012060774606652558
0.04209018393885344 0.0011864888947457075
0.04316781589295715 0.0012164196195953991
0.042805972625501454 0.0012061134220857639
0.043114509084261954 0.001214939882629551
0.043149281525984406 0.0012159045727457851
0.042806230718269944 0.0012061214874847792
0.04339352482929826 0.0012225454265717417
0.038594923447817564 0.0010839602073247079
0.043163714348338544 0.0012163059182057623
0.04208309669047594 0.00118629200005671
0.03848563530482352 0.0010831141771632247
0.04209524649195373 0.0011866308377648238
0.04298339015804231 0.001211076698382385
0.04316409979946911 0.0012163161300122738
0.04143444716464728 0.0011651754757622257
0.04316949797794223 0.0012164655927335843
0.040106799569912255 0.0011257069963903632
0.042089690803550184 0.0011864758216688642
0.042063753586262465 0.0011857547287945636
0.039390385849401355 0.0011060630549764028
0.042679982841946185 0.0012029822173644789
0.04374415660277009 0.0012325141033215914
0.04316337942145765 0.0012162962084403262
0.04280972038395703 0.00120621776295593
0.04339352482929826 0.0012225454265717417
0.043305735220201313 0.00122027595716645
0.04375647380948067 0.0012328810480539687
0.03901553666219115 0.0010972560703521594
0.04315934737678617 0.001216183853102848
0.043206083471886814 0.0012174918992968742
0.04209058883134276 0.0011865001488331473
0.04316076694522053 0.001216223718074616
0.04209375148639083 0.0011865881187986815
0.04209129302762449 0.0011865197066072142
0.0432754245121032 0.0012194280861876905
0.043177647166885436 0.0012166934357082937
0.04339352482929826 0.0012225454265717417
0.04317064944189042 0.0012164986910647713
0.04375647380948067 0.0012328810480539687
0.04375647380948067 0.0012328810480539687
0.04210165294352919 0.001186807632620912
0.04280755133368075 0.0012061572306265589
0.04339352482929826 0.0012225454265717417
0.04208693909458816 0.0011863987929245923
0.04313171748071909 0.0012154170944995712
0.04316194273997098 0.0012162564053141978
0.04120639630127698 0.0011527109927556012
0.0428011987823993 0.0012059811051585712
0.03848563530482352 0.0010831141771632247
0.04375647380948067 0.0012328810480539687
0.04279804171528667 0.0012058931752108037
0.04280360008124262 0.001206047545565525
0.04208066186401993 0.0011862243354698876
0.04280263825785369 0.0012060208282491658
0.043181042186915874 0.0012167871718702372
0.0414518112083897 0.0011655002817860804
0.03938843111973256 0.001106019260987523
0.04201862320769578 0.0011845041008200496
0.04316127044148743 0.0012162377097411081
0.04209176730364561 0.0011865334145113593
0.04317162628285587 0.0012165248663222883
0.043162675108760595 0.0012162767961854115
0.04278805654030293 0.001205615968501661
0.04237268026918173 0.0011943896115553798
0.042797236470505595 0.0012058708089170977
0.04316723137162626 0.0012164034160377923
0.042679982841946185 0.0012029822173644789
0.03938684449531138 0.0011059806711273268
0.04316401341930032 0.001216314241901273
0.04375647380948067 0.0012328810480539687
0.03812396677676588 0.0010669086332200095
0.04206986038479954 0.0011859242913487833
0.043169797980226576 0.001216474840475712
0.038233598810620606 0.0010736969925346784
0.04209612822160125 0.0011866537333844462
0.043162871384993196 0.0012162825296400115
0.04375647380948067 0.0012328810480539687
0.044359731138683856 0.0012409851333359256
0.039838510914705694 0.0011180717083334457
0.04375647380948067 0.0012328810480539687
0.042074827826581895 0.001186062323540682
0.042074061930179596 0.0011860411614179611
0.04277857323177159 0.001205352251417935
0.04375647380948067 0.0012328810480539687
0.04207907780073583 0.0011861800703627523
0.04280329984612763 0.0012060395383741707
0.039392423117533326 0.0011061110235459637
0.04278204485308379 0.001205447239044588
0.042679982841946185 0.0012029822173644789
0.04213945660740137 0.001187868485430954
0.04217755829449743 0.0011889336346939672
0.042679982841946185 0.0012029822173644789
0.043166332645341754 0.0012163788524048869
0.04311587742995471 0.0012149781250627711
0.04279655986465514 0.0012058518768753856
0.04316598945297301 0.001216368949826574
0.04373937321361154 0.0012324027993599884
0.03983286477159709 0.0011179666362295393
0.03859491122420877 0.0010839595524885226
0.042022159905172884 0.001184601424029097
0.04300670116208494 0.0012117270052840468
0.04312141623813659 0.001215130861965008
0.043159874505363405 0.0012161987251602113
0.04339352482929826 0.0012225454265717417
0.04280500882305205 0.001206087337777717
0.0431652971310541 0.0012163496539869811
0.04318462603259832 0.0012168870198365767
0.0395803457358852 0.0011106461242889054
0.04202861338853836 0.0011847805508296005
0.042088751681149006 0.00118644890608266
0.04208629147615284 0.0011863803974847542
0.04280961456242949 0.001206214823469054
0.04375647380948067 0.0012328810480539687
0.042073060874827206 0.001186013620099402
0.042296401341445744 0.0011922563480766257
0.03823217051103711 0.0010736435142462142
0.04375647380948067 0.0012328810480539687
0.04375647380948067 0.0012328810480539687
0.04332325130235404 0.0012207656291138846
0.042003374197520316 0.001184080396342324
0.043298977660015225 0.001219901390868472
0.04208024684339762 0.0011862127812491963
0.04010723880492151 0.0011257163823756855
0.04240977216977626 0.001195426548292744
0.04315517412032932 0.0012160675578343216
0.041395648499019444 0.001164449677162338
0.03859654103871435 0.0010840188660949934
0.04375647380948067 0.0012328810480539687
0.04208072856999934 0.0011862261744681746
0.04252270027063787 0.0011985873916273704
0.03938754030968994 0.0011059965363529045
0.04315690114162862 0.0012161154445493594
0.04316138103604317 0.0012162401508248877
0.043162762303836644 0.0012162793354946189
0.04316033865325153 0.0012162114726379514
0.039390268619172275 0.0011060613960580667
0.042097073630429804 0.0011866798722621752
0.04197139630559832 0.0011824591274489649
0.038595125428400934 0.0010839678361662664
0.04260931257158518 0.0012010061800538097
0.04207299277186394 0.0011860120412165998
0.04317139554768801 0.0012165195657871664
0.042813014588318765 0.0012063086214766372
0.0420838997233659 0.0011863141171488678
0.0420859259320423 0.0011863706531585194
0.04316144890617579 0.001216242726513883
0.03859584219753742 0.0010839941787708085
0.04280630755238235 0.001206122320581926
0.03812202368862927 0.0010668372306099627
0.03938677744008601 0.0011059784428653074
0.04281071596778929 0.0012062461719324347
0.04209030559286475 0.001186493504064856
0.04323915997520089 0.001218415858602384
0.042604969115927815 0.001200884536956437
0.04339215415529907 0.0012225070859130938
0.04687125759664923 0.0012922568748763297
0.04277417482808232 0.0012052303245582152
0.042283570393919945 0.0011918970249098493
