Int32[1, 13, 51, 20, 2, 41, 48, 38, 55, 25, 31, 23, 22, 24, 27]
Float32[0.055248518, 0.05430185, 0.06546227, 0.054527417, 0.06939678, 0.060854513, 0.07240155, 0.06876506, 0.07891631, 0.06749083, 0.07135251, 0.068211846, 0.0721893, 0.07333546, 0.06754582]

Int32[13, 25, 9, 48, 31, 20, 22, 1, 24, 55, 38, 23, 41, 2, 37]
Float32[0.058701355, 0.07441059, 0.055979643, 0.06743556, 0.07532611, 0.06308557, 0.05634871, 0.06806101, 0.08242686, 0.08047059, 0.07043736, 0.066026226, 0.06585699, 0.059192955, 0.05624049]

Int32[37, 13, 41, 55, 23, 48, 22, 1, 31, 9, 25, 2, 24, 20, 38]
Float32[0.070675, 0.059770897, 0.0651093, 0.0827021, 0.070385575, 0.06264754, 0.062128227, 0.071478754, 0.07688311, 0.062282465, 0.06433179, 0.061953936, 0.06196085, 0.06634464, 0.06134584]

Int32[37, 27, 41, 25, 38, 23, 24, 31, 22, 55, 13, 20, 48, 1, 2]
Float32[0.06770911, 0.06699044, 0.062103108, 0.069708996, 0.06716828, 0.07271642, 0.06862871, 0.06590871, 0.06747768, 0.07739932, 0.07096279, 0.053111944, 0.07116721, 0.06751503, 0.051432263]

Int32[9, 41, 37, 13, 22, 55, 31, 20, 38, 25, 1, 48, 24, 23, 51]
Float32[0.053030476, 0.07176309, 0.0629409, 0.07554622, 0.06934663, 0.063443735, 0.05965029, 0.06153267, 0.076331206, 0.07999321, 0.057606637, 0.073220424, 0.06842504, 0.058945, 0.06822451]

Int32[41, 9, 48, 1, 38, 2, 55, 22, 51, 24, 31, 23, 13, 25, 20]
Float32[0.06472843, 0.059309572, 0.05962078, 0.07146192, 0.07336594, 0.0726878, 0.0759774, 0.05826419, 0.08136036, 0.08083213, 0.07912814, 0.059400894, 0.04530084, 0.06022903, 0.058332585]

Int32[22, 51, 23, 13, 31, 38, 1, 48, 55, 24, 2, 41, 25, 37, 35]
Float32[0.062057637, 0.06439974, 0.06953616, 0.06406625, 0.07322107, 0.06555865, 0.07326794, 0.06824916, 0.07001885, 0.069741406, 0.06959179, 0.06581445, 0.07062459, 0.061356924, 0.052495398]

Int32[9, 25, 37, 48, 31, 22, 23, 2, 41, 38, 1, 24, 13, 20, 55]
Float32[0.04232815, 0.06601534, 0.056667287, 0.0779478, 0.07617938, 0.0625515, 0.0696613, 0.07192585, 0.07618135, 0.07259399, 0.07042934, 0.069527015, 0.0653558, 0.05231674, 0.07031923]

Int32[38, 55, 48, 41, 31, 24, 60, 23, 2, 25, 13, 20, 22, 37, 1]
Float32[0.06803294, 0.07630687, 0.06731553, 0.06514757, 0.069257595, 0.06520276, 0.055695884, 0.072944686, 0.06951559, 0.055669334, 0.08057882, 0.05922701, 0.06734642, 0.062153626, 0.06560542]

Int32[37, 22, 48, 2, 24, 13, 31, 41, 25, 1, 38, 51, 55, 23, 60]
Float32[0.061770882, 0.060315598, 0.06838429, 0.07577993, 0.072712086, 0.075942084, 0.072724216, 0.06997194, 0.06727845, 0.07501156, 0.0660854, 0.047645625, 0.07060059, 0.05872286, 0.057054542]

Int32[41, 48, 2, 13, 24, 38, 25, 31, 55, 23, 1, 37, 20, 22, 9]
Float32[0.055182904, 0.060007215, 0.059075333, 0.06013383, 0.08208894, 0.075682424, 0.06567739, 0.072892316, 0.0761999, 0.06434131, 0.065514, 0.07241224, 0.070235536, 0.07137911, 0.049177587]

Int32[60, 1, 20, 41, 2, 55, 48, 24, 25, 38, 31, 13, 37, 27, 23]
Float32[0.036329325, 0.061231907, 0.06599134, 0.068434305, 0.07193724, 0.082240224, 0.07376611, 0.0684149, 0.07047268, 0.07357387, 0.06957869, 0.0685162, 0.07305304, 0.053759154, 0.06270103]

Int32[41, 2, 22, 35, 24, 25, 38, 55, 20, 48, 23, 1, 51, 31, 9]
Float32[0.06619002, 0.064738646, 0.0645992, 0.059573196, 0.05709388, 0.07634191, 0.06582755, 0.07778641, 0.05106594, 0.07154416, 0.064522766, 0.08019852, 0.066037074, 0.07529593, 0.05918483]

Int32[24, 23, 31, 27, 13, 48, 2, 22, 55, 25, 9, 38, 20, 41, 1]
Float32[0.06593043, 0.0697244, 0.067381695, 0.059558343, 0.06933091, 0.073352575, 0.06246446, 0.05697782, 0.07900697, 0.062038306, 0.056680832, 0.06819199, 0.071758226, 0.0714822, 0.06612088]

Int32[41, 13, 20, 2, 22, 31, 24, 37, 25, 55, 38, 1, 23, 9, 48]
Float32[0.05845139, 0.060670856, 0.064574644, 0.06791456, 0.07469561, 0.06638344, 0.069839746, 0.061059497, 0.072812214, 0.07199952, 0.07500691, 0.077032946, 0.059329823, 0.05303474, 0.06719417]

Int32[41, 48, 37, 23, 55, 20, 31, 1, 38, 2, 24, 22, 25, 13, 60]
Float32[0.05627572, 0.07274408, 0.058738414, 0.06874864, 0.08104484, 0.06688353, 0.07542019, 0.06546415, 0.07625326, 0.054437395, 0.07425692, 0.06966911, 0.06407272, 0.06355607, 0.052435026]

Int32[22, 23, 41, 1, 37, 25, 55, 13, 2, 38, 31, 48, 51, 24, 20]
Float32[0.03952052, 0.06206831, 0.060830954, 0.06695697, 0.07918183, 0.06771088, 0.08168, 0.07226618, 0.07392875, 0.06407685, 0.07489149, 0.07686967, 0.05214772, 0.064716816, 0.06315312]

Int32[22, 41, 37, 25, 31, 20, 13, 55, 38, 2, 48, 60, 1, 24, 23]
Float32[0.07019327, 0.054480772, 0.06683693, 0.061714634, 0.07293816, 0.060577057, 0.06530506, 0.06971679, 0.070034444, 0.07456102, 0.06739884, 0.06448819, 0.06023158, 0.07544624, 0.06607703]

Int32[8, 60, 37, 20, 2, 25, 24, 1, 23, 55, 48, 13, 31, 41, 38]
Float32[0.06635122, 0.054072507, 0.04831631, 0.057661235, 0.06637387, 0.078103215, 0.074507505, 0.07335714, 0.07182804, 0.08550479, 0.06767396, 0.06526586, 0.063082136, 0.06253449, 0.0653678]

Int32[31, 41, 51, 13, 20, 1, 23, 24, 48, 55, 22, 25, 38, 37, 2]
Float32[0.06633465, 0.07239399, 0.06729348, 0.06473436, 0.058517497, 0.06200003, 0.06742275, 0.081451885, 0.07769878, 0.06194757, 0.062898226, 0.06673871, 0.060381226, 0.059036393, 0.07115049]

Int32[60, 20, 25, 23, 55, 13, 1, 24, 22, 2, 31, 48, 38, 51, 41]
Float32[0.051547695, 0.06191339, 0.07261219, 0.07527562, 0.07276507, 0.06564432, 0.07414095, 0.055550814, 0.07434793, 0.06470671, 0.073742494, 0.08314712, 0.0615541, 0.06318612, 0.049865525]

Int32[20, 25, 13, 55, 41, 38, 23, 48, 2, 31, 37, 24, 1, 22, 60]
Float32[0.04870916, 0.07114218, 0.06539684, 0.06677041, 0.06490194, 0.06348171, 0.070337705, 0.07719116, 0.062030703, 0.077887416, 0.057652, 0.07287787, 0.06503929, 0.07119673, 0.065384954]

Int32[31, 1, 13, 25, 23, 38, 22, 24, 55, 2, 48, 41, 51, 37, 9]
Float32[0.066302046, 0.06662647, 0.06100417, 0.06763562, 0.06840232, 0.07549956, 0.057380248, 0.05958711, 0.07736731, 0.08077859, 0.071625866, 0.06512983, 0.06833356, 0.065421134, 0.048906207]

Int32[37, 9, 52, 38, 25, 22, 55, 48, 31, 1, 24, 23, 2, 41, 51]
Float32[0.06427822, 0.05862244, 0.06676476, 0.06781533, 0.0759245, 0.07197108, 0.064696744, 0.07467621, 0.068949476, 0.067445844, 0.062911995, 0.0707785, 0.06669755, 0.062468432, 0.05599895]

Int32[23, 27, 1, 48, 55, 25, 2, 24, 20, 38, 31, 41, 22, 13, 51]
Float32[0.063461244, 0.06193551, 0.07483963, 0.06256429, 0.08155163, 0.07951338, 0.07144291, 0.058436833, 0.06626729, 0.06329646, 0.071314305, 0.07140495, 0.05985861, 0.053296708, 0.060816303]

Int32[20, 9, 55, 37, 24, 38, 13, 31, 41, 48, 25, 23, 1, 2, 22]
Float32[0.07054895, 0.049378276, 0.0781292, 0.05342333, 0.07980104, 0.075936414, 0.057446893, 0.06943492, 0.07353662, 0.07617373, 0.064875655, 0.067316286, 0.06727697, 0.05476118, 0.061960578]

Int32[20, 13, 37, 1, 22, 55, 24, 48, 23, 2, 31, 41, 38, 25, 51]
Float32[0.06421701, 0.041886326, 0.04709937, 0.07396977, 0.07850107, 0.08286899, 0.06336812, 0.07660458, 0.07421489, 0.07823501, 0.07168975, 0.06273288, 0.06559742, 0.0627654, 0.056249466]

Int32[25, 55, 20, 24, 60, 38, 2, 48, 1, 41, 31, 13, 51, 22, 23]
Float32[0.04877199, 0.07432078, 0.06941942, 0.06294135, 0.050394684, 0.08177457, 0.071848646, 0.079744585, 0.07132519, 0.07419761, 0.068489715, 0.069639795, 0.048570406, 0.06995612, 0.058605142]

Int32[20, 23, 2, 48, 31, 38, 37, 24, 41, 55, 25, 51, 13, 1, 22]
Float32[0.058364075, 0.075205356, 0.06723718, 0.061460644, 0.07594065, 0.07144879, 0.05307519, 0.06872611, 0.07444751, 0.074589185, 0.07845395, 0.059399243, 0.05878706, 0.067280315, 0.05558476]

Int32[1, 13, 2, 9, 20, 22, 48, 41, 23, 25, 31, 38, 24, 51, 55]
Float32[0.07079508, 0.05732269, 0.05569648, 0.069525465, 0.069785155, 0.0651851, 0.06836184, 0.0667799, 0.072795644, 0.06593784, 0.0654227, 0.07688151, 0.057632394, 0.069997214, 0.06788101]

