0.016476901131682098 0.0012036254775011912
0.015060228935908526 0.0010951991680485662
0.01222475484246388 0.0007566737112938426
0.013136939029209316 0.0009304639315814711
0.015060585865285248 0.0010961222033074591
0.015149171347729862 0.0011036935575248208
0.014067672251258045 0.0010238461745757377
0.012363892048597336 0.0008309063414344564
0.016166018438525498 0.0011962579883402213
0.013306945562362671 0.0009527457877993584
0.01442094799131155 0.0010504533820494544
0.013215112034231424 0.0009425834014109569
0.013796579034533352 0.0010031886195065454
0.013892672548536211 0.0010089155093737645
0.013406836485955864 0.0009664883873483632
0.01485897006932646 0.0010866887369047618
0.012690334697254002 0.0008988699155452196
0.01396203727927059 0.0010181397155974992
0.01249265717342496 0.0008467797561024781
0.015263839217368513 0.0011113600867247442
0.01260075654136017 0.0008602140496805077
0.01352912443690002 0.000980067237833282
0.013886564294807613 0.0010035493505711202
0.013523500820156187 0.0009734315444802633
0.013366630591917783 0.0009627833733247826
0.016102919646073133 0.0011899079618160613
0.016140312887728214 0.0011924280479433946
0.01510473689995706 0.0010998982543242164
0.015574360324535519 0.0011266351211816072
0.014620671921875328 0.0010684551380109042
0.014898081542924047 0.0010876359392568702
0.01405489956960082 0.001021105890686158
0.016088698408566415 0.0011872080140165053
0.015644624596461654 0.0011613586830208078
0.01586826634593308 0.0011657678624032997
0.01347790629370138 0.0009665511006460292
0.014573356311302632 0.0010675007433746941
0.012766019615810364 0.0009030395376612432
0.01614483498269692 0.0011930179243790917
0.013991626386996359 0.0010194936494372087
0.016063954681158066 0.0011871114038513042
0.015246733441017568 0.0011054900169256143
0.012752109440043569 0.0009013772723847069
0.01752622553613037 0.0012250156287336722
0.014318157802335918 0.001033064749208279
0.015422705619130284 0.0011245182395214215
0.011745512369088829 0.0007202731394500006
0.013499508902896196 0.000967385012700106
0.014915645529981703 0.0010943403976853006
0.01465289678890258 0.0010722740917117335
0.015400504518765956 0.0011209617732674815
0.01589183515170589 0.0011799863132182509
0.012447973364032805 0.0008386775862163631
0.011562098225113004 0.0006126944936113432
0.01278488669777289 0.0009045352853718214
0.013910756504628807 0.0010122440889972495
0.013158713816665113 0.0009368744067614898
0.014832992281299084 0.0010827643691300182
0.014832992281299084 0.0010827643691300182
0.014445296139456332 0.0010660607877071016
0.014812724199146032 0.0010796116275741952
0.01625907386187464 0.0011985873861704022
0.015945887484122068 0.0011860962986247614
0.013299252779688686 0.000944439687373233
0.015117368893697858 0.00109996436003712
0.016158798418473452 0.0011940070544369519
0.016286703699734062 0.0012036192274536006
0.01623621617909521 0.0011972573629464023
0.015497091226279736 0.0011257624792051502
0.013505656563211232 0.0009683358621259686
0.015085283084772527 0.0010973962689604377
0.015621885424479842 0.0011498384701553732
0.0162425342714414 0.0011984494412899949
0.012800283322576433 0.0009105160570470616
0.016262459743302315 0.001199356142024044
0.016523156606126577 0.0012038347122143023
