0.016136694641318172 0.0011934678332181647
0.015885447850450873 0.0011860274826176465
0.013832776923663914 0.0009998385230574058
0.011718944180756807 0.0007011502184468554
0.01281739550177008 0.0009037507497851038
0.013865145039744675 0.00100032606133027
0.01616372395073995 0.0011945529404329136
0.015512159559875727 0.001117880798119586
0.014901490125339478 0.0010765752813313156
0.013166810909751803 0.0009314619819633663
0.01356352138100192 0.0009761060591699788
0.016376427083741874 0.0012069930817233399
0.0144557801540941 0.001043044132529758
0.015091576671693474 0.001095262001399533
0.012855342996772379 0.00090611736777646
0.015265285270288587 0.001104586195651791
0.013437550922390074 0.0009609218632249394
0.015018822334241122 0.0010879842557187658
0.013792213110718876 0.0009871553538687294
0.013999830698594451 0.00101832702421234
0.01611222920473665 0.0011924870268558152
0.014400023501366377 0.0010413849595352076
0.012816476752050221 0.0009019799781526672
0.014370321878232062 0.001038733622408472
0.013580455095507205 0.0009838973310252186
0.01514442206826061 0.0010966802765324246
0.012471605092287064 0.0008272842314909212
0.015584998938720673 0.0011646665734588169
0.013356589304748923 0.0009602839290892007
0.016072796599473804 0.0011880671299877577
0.014930870907846838 0.0010791560689540347
0.013411093677859753 0.0009608949949324597
0.0165043767192401 0.0012101349057047628
0.01618496817536652 0.0011964498407905921
0.016209754161536694 0.0012000601636827923
0.01631398091558367 0.0012011290527880192
0.013345392362680286 0.0009463143196626334
0.013815820042509586 0.0009959143226296874
0.013226247625425458 0.0009314732305938378
0.013867204252164811 0.0010062686360470252
0.016161892446689308 0.0011941540651605465
0.01527803106000647 0.0011157473709317856
0.01582147547742352 0.0011745155497919768
0.014496866147965193 0.0010675866506062448
0.01278943003853783 0.0008995750376925571
0.013236980536021292 0.0009393184282089351
0.015558420564047992 0.0011333272777847014
0.013890201284084469 0.0010090419091284275
0.015164945274591446 0.0011014282044925494
0.012826685619074851 0.0009056592880369863
0.014996212325058877 0.0010841809398698388
0.013329170877113938 0.0009418993431609124
0.011755860294215381 0.000705656213540351
0.012489157204981893 0.0008342058918060502
0.014977447572164237 0.001083975290384842
0.013797600055113435 0.0009935166908690007
0.012522697332315147 0.0008411850103584584
0.015517027000896633 0.0011233959667151794
0.013958927593193948 0.0010092074371641502
0.015215852356050164 0.0011030356527044205
0.016033699735999107 0.0011872352115460671
0.012225751182995737 0.0007432378697558306
0.014547712518833578 0.0010677377067622729
0.013505555398296565 0.0009705307984404499
0.015149126935284585 0.0011012753857357893
0.015019435144495219 0.0010912370689766249
0.016321539180353284 0.0012014782332698815
0.013985934783704579 0.0010109790855494794
0.016079723718576133 0.0011917336960323155
0.013555838668253273 0.0009743998925841879
