0.015788239135872573 0.0011601478181546554
0.012319182802457362 0.0007211383745016064
0.013386507518589497 0.0009616739425837295
0.012710110342595726 0.0009012476675707148
0.015578279155306518 0.0011472425176179968
0.012822756718378514 0.0009100876595766749
0.012822756718378514 0.0009100876595766749
0.014979632396716624 0.0010887470689340262
0.012420944753102958 0.0008337587714777328
0.012756401905789971 0.0009021387122629676
0.015096425951924175 0.0011001382918038871
0.013227180810645223 0.0009458734239160549
0.015282569162081927 0.0011053998387069441
0.015350137953646481 0.0011107090049335966
0.012660388485528529 0.0008918541425373405
0.012342554226052016 0.0007255794098455226
0.015582814638037235 0.00114985403342871
0.017783283721655607 0.001245848172402475
0.013994505105074495 0.001022910821120604
0.015502503141760826 0.0011367641636752523
0.01360696938354522 0.0009925778722390532
0.0159717375645414 0.0011863943000207655
0.014982265885919333 0.0010925614933512406
0.01672416360815987 0.0012187347529106773
0.013753974693827331 0.0010106135869136779
0.017525221162941307 0.0012293216641410254
0.017600955558009446 0.0012351484765531495
0.013130536186508834 0.0009364368906972231
0.015203088987618685 0.0011019982030120445
0.015710296807810664 0.0011542821739567444
0.013501710316631943 0.0009707536573841935
0.016197953082155436 0.0011975655506830662
0.015797735715750605 0.0011609603243414313
0.01651108037913218 0.0012048998760292307
0.015084602986462414 0.0010952030152111547
0.015875652141403407 0.0011617288109846413
0.015827012539375573 0.0011615700495894998
0.014270065585151315 0.001034892164170742
0.012785388680640608 0.000905898852579412
0.015756319917272776 0.0011601226651691832
0.013982788368593901 0.0010157487377000507
0.013446204422507435 0.0009647253282309975
0.014464929408859462 0.0010736346885096282
0.016377639083657414 0.0012027114134980366
0.012368551804684103 0.000822780068119755
0.013461902504786849 0.0009663758282840718
0.01275766227627173 0.0009044362959684804
0.01282789494143799 0.0009136756598309148
0.011692356667481363 0.0007056935828586575
0.014884346979670227 0.0010843011659744661
0.015311003546230495 0.0011095153240603395
0.015918633027467877 0.001181159124826081
0.01609725406160578 0.001191131967061665
0.015280224499292672 0.001102235868529533
0.014886061835568398 0.001088327702746028
0.013498363259714097 0.0009697892019175924
0.016109476098790765 0.0011912742047570646
0.011622817546594888 0.0003451509564911248
0.01171949622221291 0.0007095427172316704
0.012410319701302797 0.0008263342460850254
0.016203762672375888 0.0012002964649582282
0.013294202566612512 0.0009554124771966599
0.015629893983714283 0.001153429300757125
0.016184904205147177 0.001195399891003035
0.01500722044147551 0.0010933255980489776
0.015445534780155867 0.0011148103330924641
0.01334722136380151 0.0009567786510160659
0.013482744514476508 0.0009694764703453984
0.013707338366657495 0.00100194104561524
0.016175579803530127 0.0011933980422327295
0.012418804923072457 0.0008270613107015379
0.012552920437883586 0.0008480814649374224
0.01618316414533183 0.001193673007946927
0.012557818205095828 0.0008530229333700845
0.013511060213204473 0.0009748924221639754
0.014850536594167352 0.0010827054538822267
0.014848120044916868 0.001073917101166444
