0.04375647380948067 0.0012328810480539687
0.042679982841946185 0.0012029822173644789
0.0395803457358852 0.0011106461242889054
0.040293887723237276 0.0011302093334961683
0.04339352482929826 0.0012225454265717417
0.04375647380948067 0.0012328810480539687
0.042679982841946185 0.0012029822173644789
0.04339352482929826 0.0012225454265717417
0.0395803457358852 0.0011106461242889054
0.04339352482929826 0.0012225454265717417
0.042679982841946185 0.0012029822173644789
0.042679982841946185 0.0012029822173644789
0.042679982841946185 0.0012029822173644789
0.04339352482929826 0.0012225454265717417
0.042679982841946185 0.0012029822173644789
0.04375647380948067 0.0012328810480539687
0.04375647380948067 0.0012328810480539687
0.0395803457358852 0.0011106461242889054
0.042679982841946185 0.0012029822173644789
0.04339352482929826 0.0012225454265717417
0.042679982841946185 0.0012029822173644789
0.04375647380948067 0.0012328810480539687
0.04410845844540745 0.0012398602557368577
0.0395803457358852 0.0011106461242889054
0.042679982841946185 0.0012029822173644789
0.04375647380948067 0.0012328810480539687
0.0395803457358852 0.0011106461242889054
0.042679982841946185 0.0012029822173644789
0.042679982841946185 0.0012029822173644789
0.04339352482929826 0.0012225454265717417
0.04375647380948067 0.0012328810480539687
0.04375647380948067 0.0012328810480539687
0.04339352482929826 0.0012225454265717417
0.04339352482929826 0.0012225454265717417
0.042679982841946185 0.0012029822173644789
0.04410845844540745 0.0012398602557368577
0.0395803457358852 0.0011106461242889054
0.042679982841946185 0.0012029822173644789
0.04375647380948067 0.0012328810480539687
0.04375647380948067 0.0012328810480539687
0.03848563530482352 0.0010831141771632247
0.03848563530482352 0.0010831141771632247
0.0395803457358852 0.0011106461242889054
0.040293887723237276 0.0011302093334961683
0.0395803457358852 0.0011106461242889054
0.042679982841946185 0.0012029822173644789
0.04375647380948067 0.0012328810480539687
0.04339352482929826 0.0012225454265717417
0.03848563530482352 0.0010831141771632247
0.040293887723237276 0.0011302093334961683
0.0395803457358852 0.0011106461242889054
0.048425898887217045 0.0013214682985562831
0.04375647380948067 0.0012328810480539687
0.042679982841946185 0.0012029822173644789
0.04339352482929826 0.0012225454265717417
0.0395803457358852 0.0011106461242889054
0.042679982841946185 0.0012029822173644789
0.04375647380948067 0.0012328810480539687
0.04375647380948067 0.0012328810480539687
0.03848563530482352 0.0010831141771632247
0.042679982841946185 0.0012029822173644789
0.042679982841946185 0.0012029822173644789
0.0395803457358852 0.0011106461242889054
0.04375647380948067 0.0012328810480539687
0.042679982841946185 0.0012029822173644789
0.04339352482929826 0.0012225454265717417
0.04375647380948067 0.0012328810480539687
0.042679982841946185 0.0012029822173644789
0.042679982841946185 0.0012029822173644789
0.04375647380948067 0.0012328810480539687
0.042679982841946185 0.0012029822173644789
0.040293887723237276 0.0011302093334961683
0.04375647380948067 0.0012328810480539687
0.04339352482929826 0.0012225454265717417
0.042679982841946185 0.0012029822173644789
0.04375647380948067 0.0012328810480539687
0.04375647380948067 0.0012328810480539687
0.04375647380948067 0.0012328810480539687
0.040293887723237276 0.0011302093334961683
0.042679982841946185 0.0012029822173644789
0.0395803457358852 0.0011106461242889054
0.04339352482929826 0.0012225454265717417
0.042679982841946185 0.0012029822173644789
0.04339352482929826 0.0012225454265717417
0.03848563530482352 0.0010831141771632247
0.0395803457358852 0.0011106461242889054
0.042679982841946185 0.0012029822173644789
0.042679982841946185 0.0012029822173644789
0.03738441306632012 0.0009505117377557326
0.0395803457358852 0.0011106461242889054
0.03848563530482352 0.0010831141771632247
0.04375647380948067 0.0012328810480539687
0.04339352482929826 0.0012225454265717417
0.042679982841946185 0.0012029822173644789
0.0395803457358852 0.0011106461242889054
0.042679982841946185 0.0012029822173644789
0.03848563530482352 0.0010831141771632247
0.04339352482929826 0.0012225454265717417
0.0395803457358852 0.0011106461242889054
0.0395803457358852 0.0011106461242889054
0.04375647380948067 0.0012328810480539687
0.04375647380948067 0.0012328810480539687
0.04375647380948067 0.0012328810480539687
0.04339352482929826 0.0012225454265717417
0.04303196747787297 0.0012099614250473678
0.03848563530482352 0.0010831141771632247
0.03738441306632012 0.0009505117377557326
0.04339352482929826 0.0012225454265717417
0.042679982841946185 0.0012029822173644789
0.042679982841946185 0.0012029822173644789
0.042679982841946185 0.0012029822173644789
0.042679982841946185 0.0012029822173644789
0.042679982841946185 0.0012029822173644789
0.04339352482929826 0.0012225454265717417
0.042679982841946185 0.0012029822173644789
0.04375647380948067 0.0012328810480539687
0.042679982841946185 0.0012029822173644789
0.04375647380948067 0.0012328810480539687
0.042679982841946185 0.0012029822173644789
0.04339352482929826 0.0012225454265717417
0.0395803457358852 0.0011106461242889054
0.042679982841946185 0.0012029822173644789
0.042679982841946185 0.0012029822173644789
0.03801403217948973 0.0009738931303218124
0.04339352482929826 0.0012225454265717417
0.03738441306632012 0.0009505117377557326
0.0395803457358852 0.0011106461242889054
0.0395803457358852 0.0011106461242889054
0.03848563530482352 0.0010831141771632247
0.042679982841946185 0.0012029822173644789
0.04375647380948067 0.0012328810480539687
0.040293887723237276 0.0011302093334961683
0.04375647380948067 0.0012328810480539687
0.04375647380948067 0.0012328810480539687
0.04375647380948067 0.0012328810480539687
0.042679982841946185 0.0012029822173644789
0.04375647380948067 0.0012328810480539687
0.042679982841946185 0.0012029822173644789
0.04339352482929826 0.0012225454265717417
0.042679982841946185 0.0012029822173644789
0.04375647380948067 0.0012328810480539687
0.04375647380948067 0.0012328810480539687
0.042679982841946185 0.0012029822173644789
0.042679982841946185 0.0012029822173644789
0.042679982841946185 0.0012029822173644789
0.042679982841946185 0.0012029822173644789
0.03738441306632012 0.0009505117377557326
0.03848563530482352 0.0010831141771632247
0.04375647380948067 0.0012328810480539687
0.042679982841946185 0.0012029822173644789
0.04375647380948067 0.0012328810480539687
0.04375647380948067 0.0012328810480539687
0.042679982841946185 0.0012029822173644789
0.04375647380948067 0.0012328810480539687
0.0395803457358852 0.0011106461242889054
0.042679982841946185 0.0012029822173644789
0.03848563530482352 0.0010831141771632247
0.04375647380948067 0.0012328810480539687
0.042679982841946185 0.0012029822173644789
0.042679982841946185 0.0012029822173644789
0.042679982841946185 0.0012029822173644789
0.042679982841946185 0.0012029822173644789
0.04375647380948067 0.0012328810480539687
0.042679982841946185 0.0012029822173644789
0.042679982841946185 0.0012029822173644789
0.0383770486805588 0.0010763768950710073
0.04375647380948067 0.0012328810480539687
0.0395803457358852 0.0011106461242889054
0.0395803457358852 0.0011106461242889054
0.042679982841946185 0.0012029822173644789
0.04375647380948067 0.0012328810480539687
0.03848563530482352 0.0010831141771632247
0.04375647380948067 0.0012328810480539687
0.0395803457358852 0.0011106461242889054
0.042679982841946185 0.0012029822173644789
0.042679982841946185 0.0012029822173644789
0.042679982841946185 0.0012029822173644789
0.04339352482929826 0.0012225454265717417
0.03848563530482352 0.0010831141771632247
0.04339352482929826 0.0012225454265717417
0.040293887723237276 0.0011302093334961683
0.04375647380948067 0.0012328810480539687
0.04410845844540745 0.0012398602557368577
0.03848563530482352 0.0010831141771632247
0.039932330371811986 0.0011176253319717944
0.042679982841946185 0.0012029822173644789
0.042679982841946185 0.0012029822173644789
0.04339352482929826 0.0012225454265717417
0.0395803457358852 0.0011106461242889054
0.042679982841946185 0.0012029822173644789
0.04470585228409618 0.0012514392583398148
0.04375647380948067 0.0012328810480539687
0.040293887723237276 0.0011302093334961683
0.04375647380948067 0.0012328810480539687
0.04375647380948067 0.0012328810480539687
0.039932330371811986 0.0011176253319717944
0.04375647380948067 0.0012328810480539687
0.0395803457358852 0.0011106461242889054
0.03848563530482352 0.0010831141771632247
0.04339352482929826 0.0012225454265717417
0.04375647380948067 0.0012328810480539687
0.040293887723237276 0.0011302093334961683
0.042679982841946185 0.0012029822173644789
0.04375647380948067 0.0012328810480539687
0.042679982841946185 0.0012029822173644789
0.04375647380948067 0.0012328810480539687
0.042679982841946185 0.0012029822173644789
0.04339352482929826 0.0012225454265717417
0.0395803457358852 0.0011106461242889054
0.04339352482929826 0.0012225454265717417
0.04470585228409618 0.0012514392583398148
0.0395803457358852 0.0011106461242889054
0.03738441306632012 0.0009505117377557326
0.03738441306632012 0.0009505117377557326
0.04339352482929826 0.0012225454265717417
0.03738441306632012 0.0009505117377557326
0.042679982841946185 0.0012029822173644789
0.04339352482929826 0.0012225454265717417
0.042679982841946185 0.0012029822173644789
0.04375647380948067 0.0012328810480539687
0.04375647380948067 0.0012328810480539687
0.042679982841946185 0.0012029822173644789
0.04375647380948067 0.0012328810480539687
0.03848563530482352 0.0010831141771632247
0.03848563530482352 0.0010831141771632247
0.040293887723237276 0.0011302093334961683
0.04339352482929826 0.0012225454265717417
0.042679982841946185 0.0012029822173644789
0.040293887723237276 0.0011302093334961683
0.042679982841946185 0.0012029822173644789
0.03848563530482352 0.0010831141771632247
0.04339352482929826 0.0012225454265717417
0.04375647380948067 0.0012328810480539687
0.04375647380948067 0.0012328810480539687
0.0395803457358852 0.0011106461242889054
0.04339352482929826 0.0012225454265717417
0.042679982841946185 0.0012029822173644789
0.0395803457358852 0.0011106461242889054
0.042679982841946185 0.0012029822173644789
0.04410845844540745 0.0012398602557368577
0.04339352482929826 0.0012225454265717417
0.04339352482929826 0.0012225454265717417
0.042679982841946185 0.0012029822173644789
0.042679982841946185 0.0012029822173644789
0.03848563530482352 0.0010831141771632247
0.04375647380948067 0.0012328810480539687
0.042679982841946185 0.0012029822173644789
0.042679982841946185 0.0012029822173644789
0.042679982841946185 0.0012029822173644789
0.040293887723237276 0.0011302093334961683
0.0395803457358852 0.0011106461242889054
0.042679982841946185 0.0012029822173644789
0.0395803457358852 0.0011106461242889054
0.042679982841946185 0.0012029822173644789
0.042679982841946185 0.0012029822173644789
0.04339352482929826 0.0012225454265717417
0.042679982841946185 0.0012029822173644789
0.0381816296139732 0.0010374599712577037
0.042679982841946185 0.0012029822173644789
0.042679982841946185 0.0012029822173644789
0.0395803457358852 0.0011106461242889054
0.03848563530482352 0.0010831141771632247
0.04339352482929826 0.0012225454265717417
0.042679982841946185 0.0012029822173644789
0.03738441306632012 0.0009505117377557326
0.04339352482929826 0.0012225454265717417
0.04375647380948067 0.0012328810480539687
0.042679982841946185 0.0012029822173644789
0.040293887723237276 0.0011302093334961683
0.042679982841946185 0.0012029822173644789
0.04339352482929826 0.0012225454265717417
0.04375647380948067 0.0012328810480539687
0.04410845844540745 0.0012398602557368577
0.03848563530482352 0.0010831141771632247
0.042679982841946185 0.0012029822173644789
0.03848563530482352 0.0010831141771632247
0.0395803457358852 0.0011106461242889054
0.042679982841946185 0.0012029822173644789
0.042679982841946185 0.0012029822173644789
0.04375647380948067 0.0012328810480539687
0.04375647380948067 0.0012328810480539687
0.040293887723237276 0.0011302093334961683
0.042679982841946185 0.0012029822173644789
0.042679982841946185 0.0012029822173644789
0.042679982841946185 0.0012029822173644789
0.03848563530482352 0.0010831141771632247
0.03848563530482352 0.0010831141771632247
0.04375647380948067 0.0012328810480539687
0.04375647380948067 0.0012328810480539687
0.0395803457358852 0.0011106461242889054
0.0395803457358852 0.0011106461242889054
0.03848563530482352 0.0010831141771632247
0.04339352482929826 0.0012225454265717417
0.03848563530482352 0.0010831141771632247
0.04339352482929826 0.0012225454265717417
0.03848563530482352 0.0010831141771632247
0.0395803457358852 0.0011106461242889054
0.03848563530482352 0.0010831141771632247
0.03848563530482352 0.0010831141771632247
0.0395803457358852 0.0011106461242889054
0.040293887723237276 0.0011302093334961683
0.042679982841946185 0.0012029822173644789
0.04410845844540745 0.0012398602557368577
0.04375647380948067 0.0012328810480539687
0.039932330371811986 0.0011176253319717944
0.04375647380948067 0.0012328810480539687
0.04375647380948067 0.0012328810480539687
0.04375647380948067 0.0012328810480539687
0.03738441306632012 0.0009505117377557326
0.0395803457358852 0.0011106461242889054
0.04339352482929826 0.0012225454265717417
0.04375647380948067 0.0012328810480539687
0.042679982841946185 0.0012029822173644789
0.04339352482929826 0.0012225454265717417
0.042679982841946185 0.0012029822173644789
0.0395803457358852 0.0011106461242889054
0.0395803457358852 0.0011106461242889054
0.04375647380948067 0.0012328810480539687
0.04375647380948067 0.0012328810480539687
0.042679982841946185 0.0012029822173644789
0.04339352482929826 0.0012225454265717417
0.04375647380948067 0.0012328810480539687
0.0395803457358852 0.0011106461242889054
0.0395803457358852 0.0011106461242889054
0.042679982841946185 0.0012029822173644789
0.040293887723237276 0.0011302093334961683
0.03848563530482352 0.0010831141771632247
0.042679982841946185 0.0012029822173644789
0.042679982841946185 0.0012029822173644789
0.042679982841946185 0.0012029822173644789
0.04339352482929826 0.0012225454265717417
0.04375647380948067 0.0012328810480539687
0.042679982841946185 0.0012029822173644789
0.040293887723237276 0.0011302093334961683
0.0395803457358852 0.0011106461242889054
0.03848563530482352 0.0010831141771632247
0.04303196747787297 0.0012099614250473678
0.042679982841946185 0.0012029822173644789
0.04339352482929826 0.0012225454265717417
0.0395803457358852 0.0011106461242889054
0.042679982841946185 0.0012029822173644789
0.042679982841946185 0.0012029822173644789
0.03848563530482352 0.0010831141771632247
0.040293887723237276 0.0011302093334961683
0.042679982841946185 0.0012029822173644789
0.04375647380948067 0.0012328810480539687
0.042679982841946185 0.0012029822173644789
0.04375647380948067 0.0012328810480539687
0.042679982841946185 0.0012029822173644789
0.042679982841946185 0.0012029822173644789
0.04339352482929826 0.0012225454265717417
0.0395803457358852 0.0011106461242889054
0.04375647380948067 0.0012328810480539687
0.0395803457358852 0.0011106461242889054
0.03848563530482352 0.0010831141771632247
0.042679982841946185 0.0012029822173644789
0.042679982841946185 0.0012029822173644789
0.042679982841946185 0.0012029822173644789
0.042679982841946185 0.0012029822173644789
0.0395803457358852 0.0011106461242889054
0.0395803457358852 0.0011106461242889054
0.040293887723237276 0.0011302093334961683
0.04375647380948067 0.0012328810480539687
0.042679982841946185 0.0012029822173644789
0.0381816296139732 0.0010374599712577037
0.04375647380948067 0.0012328810480539687
0.04410845844540745 0.0012398602557368577
0.0395803457358852 0.0011106461242889054
0.042679982841946185 0.0012029822173644789
0.04375647380948067 0.0012328810480539687
0.0395803457358852 0.0011106461242889054
0.03848563530482352 0.0010831141771632247
0.04375647380948067 0.0012328810480539687
0.042679982841946185 0.0012029822173644789
0.042679982841946185 0.0012029822173644789
0.04375647380948067 0.0012328810480539687
0.04339352482929826 0.0012225454265717417
0.042679982841946185 0.0012029822173644789
0.0395803457358852 0.0011106461242889054
0.042679982841946185 0.0012029822173644789
0.03848563530482352 0.0010831141771632247
0.03848563530482352 0.0010831141771632247
0.03738441306632012 0.0009505117377557326
0.042679982841946185 0.0012029822173644789
0.0383770486805588 0.0010763768950710073
0.040293887723237276 0.0011302093334961683
0.042679982841946185 0.0012029822173644789
0.03848563530482352 0.0010831141771632247
0.042679982841946185 0.0012029822173644789
0.04375647380948067 0.0012328810480539687
0.040293887723237276 0.0011302093334961683
0.04375647380948067 0.0012328810480539687
0.04375647380948067 0.0012328810480539687
0.04339352482929826 0.0012225454265717417
0.04339352482929826 0.0012225454265717417
0.042679982841946185 0.0012029822173644789
0.03848563530482352 0.0010831141771632247
0.042679982841946185 0.0012029822173644789
0.042679982841946185 0.0012029822173644789
0.040293887723237276 0.0011302093334961683
0.03848563530482352 0.0010831141771632247
0.0395803457358852 0.0011106461242889054
0.0395803457358852 0.0011106461242889054
0.0395803457358852 0.0011106461242889054
0.042679982841946185 0.0012029822173644789
0.04375647380948067 0.0012328810480539687
0.04339352482929826 0.0012225454265717417
0.03848563530482352 0.0010831141771632247
0.04410845844540745 0.0012398602557368577
0.042679982841946185 0.0012029822173644789
0.04339352482929826 0.0012225454265717417
0.04375647380948067 0.0012328810480539687
0.042679982841946185 0.0012029822173644789
0.04339352482929826 0.0012225454265717417
0.04339352482929826 0.0012225454265717417
0.04410845844540745 0.0012398602557368577
0.042679982841946185 0.0012029822173644789
0.042679982841946185 0.0012029822173644789
0.04375647380948067 0.0012328810480539687
0.042679982841946185 0.0012029822173644789
0.037080407375469804 0.0009048575318502117
0.03848563530482352 0.0010831141771632247
0.04339352482929826 0.0012225454265717417
0.04339352482929826 0.0012225454265717417
0.04375647380948067 0.0012328810480539687
0.04339352482929826 0.0012225454265717417
0.042679982841946185 0.0012029822173644789
0.042679982841946185 0.0012029822173644789
0.042679982841946185 0.0012029822173644789
0.03738441306632012 0.0009505117377557326
0.03848563530482352 0.0010831141771632247
0.0395803457358852 0.0011106461242889054
0.039932330371811986 0.0011176253319717944
0.042679982841946185 0.0012029822173644789
0.03848563530482352 0.0010831141771632247
0.04375647380948067 0.0012328810480539687
0.042679982841946185 0.0012029822173644789
0.04339352482929826 0.0012225454265717417
0.042679982841946185 0.0012029822173644789
0.042679982841946185 0.0012029822173644789
0.03848563530482352 0.0010831141771632247
0.04375647380948067 0.0012328810480539687
0.04375647380948067 0.0012328810480539687
0.04410845844540745 0.0012398602557368577
0.04375647380948067 0.0012328810480539687
0.0395803457358852 0.0011106461242889054
0.042679982841946185 0.0012029822173644789
0.042679982841946185 0.0012029822173644789
0.04375647380948067 0.0012328810480539687
0.04375647380948067 0.0012328810480539687
0.042679982841946185 0.0012029822173644789
0.04375647380948067 0.0012328810480539687
0.04410845844540745 0.0012398602557368577
0.04375647380948067 0.0012328810480539687
0.04339352482929826 0.0012225454265717417
0.0395803457358852 0.0011106461242889054
0.042679982841946185 0.0012029822173644789
0.0395803457358852 0.0011106461242889054
0.04339352482929826 0.0012225454265717417
0.0395803457358852 0.0011106461242889054
0.042679982841946185 0.0012029822173644789
0.042679982841946185 0.0012029822173644789
0.042679982841946185 0.0012029822173644789
0.03738441306632012 0.0009505117377557326
0.042679982841946185 0.0012029822173644789
0.0395803457358852 0.0011106461242889054
0.04375647380948067 0.0012328810480539687
0.042679982841946185 0.0012029822173644789
0.04339352482929826 0.0012225454265717417
0.04339352482929826 0.0012225454265717417
0.04375647380948067 0.0012328810480539687
0.04339352482929826 0.0012225454265717417
0.0395803457358852 0.0011106461242889054
0.04375647380948067 0.0012328810480539687
0.042679982841946185 0.0012029822173644789
0.03848563530482352 0.0010831141771632247
0.04375647380948067 0.0012328810480539687
0.0395803457358852 0.0011106461242889054
0.042679982841946185 0.0012029822173644789
0.04375647380948067 0.0012328810480539687
0.04375647380948067 0.0012328810480539687
0.04375647380948067 0.0012328810480539687
0.042679982841946185 0.0012029822173644789
0.04339352482929826 0.0012225454265717417
0.04375647380948067 0.0012328810480539687
