0.0497198598459363 0.0014120153209660202
0.050770784728229046 0.0014367329567903653
0.05075084138661623 0.0014362631918629631
0.049706813879311085 0.001411712495610118
0.05575921293348074 0.0016472023562528193
0.03901504259556532 0.0012585182121256366
0.04970164876431227 0.001411588687915355
0.054957933723926544 0.0016334967222064734
0.038716076873242855 0.0012486753694247454
0.038720027543604374 0.0012488446955103427
0.03871690481901169 0.0012487108760979027
0.050735196098685265 0.0014358951448230073
0.05465494655072689 0.0016236110241152346
0.05220653209835291 0.0014842200325801969
0.05494982562959194 0.001633358042454347
0.055392623879015446 0.0016351004014723003
0.05465724878013134 0.0016236462106462568
0.054656269028782845 0.0016236310766544193
0.039016212336719036 0.0012585721269715577
0.050741312094032764 0.0014360385393956676
0.038418867625296116 0.001235943695064634
0.0390163054689765 0.0012585766526171938
0.052209203131496906 0.0014842846139799803
0.05220094230026007 0.0014840898511465639
0.05464981123805046 0.0016235311049968004
0.05461779795587063 0.0016229905595537275
0.0511682266369462 0.001459801715100184
0.054946934804320335 0.0016333082458004355
0.054946934804320335 0.0016333082458004355
0.03871476463973522 0.0012486192281357944
0.05465903412550688 0.0016236738592851907
0.03842075541615486 0.0012360245164018124
0.054654826410114765 0.001623608433874324
0.05221238173544407 0.001484361826442182
0.054957181215286255 0.001633483887417242
0.054937115870416164 0.0016331399383489043
0.05220508202910423 0.0014841869415249676
0.038722106255590916 0.0012489341024775058
0.05221471004188061 0.0014844130200799555
0.05465663503855467 0.0016236370720434934
0.05495289899408817 0.0016334104584529996
0.05220821127295494 0.0014842610398773104
0.03901671897619963 0.0012585956428665668
0.038697583600878716 0.0012478830176405609
0.03902067709714174 0.001258777585462667
0.05495925899595022 0.0016335195978172123
0.0522082420065999 0.0014842629607301205
0.05495630204677582 0.001633468666113913
0.03872150741517544 0.0012489079817896709
0.052188506349921227 0.0014837972703389823
0.050749534741044044 0.001436233418644406
0.03872207924723625 0.0012489324435591698
0.03872249275445938 0.0012489500804804265
0.03901674132794142 0.0012585965159814805
0.05495182704180479 0.0016333924431819469
0.050765810534358025 0.0014366131072165444
0.03752224240452051 0.0011938743118662387
0.0557582238689065 0.0016471851558890194
0.05465152487158775 0.0016235562216024846
0.05074910447001457 0.0014362246001837775
0.05075468122959137 0.001436353151802905
0.052201900631189346 0.0014841113879811019
0.05495675187557936 0.001633475738344714
0.03901776857674122 0.001258643445908092
0.05539375264197588 0.001635117718251422
0.03872084245085716 0.0012488794309319928
0.054651408456265926 0.0016235553775914013
0.039016516879200935 0.001258586227777414
0.041848829947412014 0.0013543269014917314
0.05075087770819664 0.001436264137737453
0.03710184805095196 0.001136460661655292
0.039018516428768635 0.0012586779484990984
0.03872061241418123 0.0012488698121160269
0.054947043769061565 0.0016333101375494152
0.05466144718229771 0.0016237119270954281
0.05220761802047491 0.001484246997279115
0.05495218001306057 0.0016333981475327164
0.05464895162731409 0.0016235172806773335
0.03901890944689512 0.0012586954981088638
0.052213774994015694 0.0014843924000160769
0.05220585595816374 0.0014842055243207142
0.03347120154649019 0.0008958319522207603
0.055765941739082336 0.0016473169962409884
0.058831569738686085 0.0016950554272625595
0.038719676434993744 0.001248829299584031
0.0495514590293169 0.001381241629133001
0.05076201818883419 0.0014365301467478275
0.039020839147269726 0.0012587840319611132
0.05539105553179979 0.0016350758960470557
0.03901756275445223 0.0012586341908900067
0.05538809671998024 0.0016350297955796123
0.054650929756462574 0.001623547897906974
0.03901761118322611 0.0012586364609887823
0.052222724072635174 0.0014845988771412522
0.0372058916836977 0.0011554370139492676
0.054961963556706905 0.001633564825169742
0.05075487494468689 0.0014363594818860292
0.05494805611670017 0.0016333275707438588
0.04968490544706583 0.001411191187798977
0.05494809616357088 0.0016333288222085685
0.03901816066354513 0.0012586617085617036
0.05465356074273586 0.0016235891380347311
0.05465307645499706 0.0016235817747656256
0.05495327431708574 0.0016334165120497346
0.03872030694037676 0.0012488565553212538
0.054650343023240566 0.001623538468265906
0.05465754587203264 0.0016236512747127563
0.0487417122349143 0.0013673916109837592
0.052216299809515476 0.0014844541874481365
0.055759113281965256 0.001647200173465535
0.05539194028824568 0.0016350893420167267
0.038721516728401184 0.0012489084037952125
0.04966775048524141 0.0014100902189966291
0.0495567237958312 0.001381333713652566
0.05220535956323147 0.0014841925585642457
0.05075242929160595 0.0014363011869136244
0.03901857789605856 0.0012586810626089573
0.05496036261320114 0.0016335384279955178
0.03871845826506615 0.0012487771891755983
0.05221054516732693 0.0014843159297015518
0.05075527913868427 0.0014363657974172384
0.050740206614136696 0.0014360152708832175
0.04194101691246033 0.0013600137608591467
0.05494885705411434 0.0016333412495441735
0.038416665978729725 0.0012358504754956812
0.038410759530961514 0.001235596282640472
0.03842074889689684 0.0012360242835711688
0.03872267995029688 0.0012489582441048697
0.04970423597842455 0.0014116560632828623
0.0497186491265893 0.00141198790515773
0.04971729405224323 0.0014119565021246672
0.05495071783661842 0.0016333736130036414
0.03872121777385473 0.0012488965294323862
0.054634460248053074 0.001623269054107368
0.03871945384889841 0.0012488200736697763
0.05494978465139866 0.0016333572566509247
0.03871908038854599 0.0012488039646996185
0.05464894790202379 0.0016235171351581812
0.05495849810540676 0.0016335062100552022
0.05575866065919399 0.0016471925482619554
0.038724868558347225 0.001249052060302347
0.054658280685544014 0.0016236624796874821
0.039021920412778854 0.0012588345416588709
0.0390175636857748 0.0012586342199938372
0.05465993098914623 0.0016236878000199795
0.04971499461680651 0.0014119013794697821
0.0387191092595458 0.001248805085197091
0.038721660152077675 0.001248914239113219
0.05221052933484316 0.0014843158860458061
0.049552871845662594 0.0013812654069624841
0.05465470068156719 0.0016236070659942925
0.049545926973223686 0.0013811402022838593
0.039015937596559525 0.0012585597287397832
0.03871324937790632 0.0012485543411457911
0.052348775789141655 0.0014865409902995452
0.0390170244500041 0.0012586098164319992
0.05074980668723583 0.0014362379151862115
0.0549517497420311 0.0016333908715751022
0.04970408324152231 0.0014116437232587487
0.050747659988701344 0.001436187347280793
0.05464949458837509 0.001623525604372844
0.038714202120900154 0.0012485955812735483
0.03872005455195904 0.0012488456995924935
0.05075485445559025 0.0014363561203936115
0.03901863098144531 0.001258683085325174
0.0549462391063571 0.0016332960221916437
0.03871884476393461 0.0012487942294683307
0.04971957020461559 0.0014120096457190812
0.03871839493513107 0.0012487746425904334
0.054659781977534294 0.0016236861411016434
0.055761270225048065 0.0016472378629259765
0.05495418235659599 0.001633432722883299
0.03841739986091852 0.0012358805979602039
0.050737081095576286 0.0014359408232849091
0.05495052598416805 0.0016333700623363256
0.05075505655258894 0.0014363627415150404
0.03872579988092184 0.0012490914232330397
0.04954736586660147 0.001381171285174787
0.05466287676244974 0.0016237339586950839
0.0522010400891304 0.0014840934454696253
0.03871865663677454 0.001248785833013244
0.03901572711765766 0.0012585501826833934
0.054943621158599854 0.0016332516097463667
0.03871991112828255 0.001248839675099589
0.05117274448275566 0.0014599078567698598
0.0549490712583065 0.001633344974834472
0.05494994483888149 0.0016333594685420394
0.03901797533035278 0.001258653326658532
0.04183084052056074 0.0013425984943751246
0.03901737276464701 0.0012586255761561915
0.05465352535247803 0.001623588497750461
0.05073484871536493 0.0014358877670019865
0.04973082710057497 0.0014122756256256253
0.03871651738882065 0.001248693879460916
0.05576079711318016 0.001647229742957279
0.05465160310268402 0.0016235585790127516
0.04970512352883816 0.0014116697129793465
0.04969839472323656 0.0014115092053543776
0.054657261818647385 0.0016236462688539177
0.03901610989123583 0.001258567557670176
0.055761597119271755 0.0016472426941618323
0.05575916077941656 0.0016472011047881097
0.03841719124466181 0.0012358718377072364
0.038719357922673225 0.0012488161737564951
0.04973080474883318 0.0014122750726528466
0.05067458935081959 0.0014344701776281
0.038415041752159595 0.0012357798404991627
0.038416857831180096 0.0012358576350379735
0.05495638772845268 0.0016334699175786227
0.05466425325721502 0.0016237556701526046
0.038725828751921654 0.0012490929948398843
0.05577408615499735 0.001647457538638264
0.055740466341376305 0.0016468820977024734
0.05220819544047117 0.0014842601958662271
0.05220912117511034 0.001484283056925051
0.0507489088922739 0.0014362169313244522
0.05073974467813969 0.0014360043714987114
0.05073974467813969 0.0014360043714987114
0.038724048994481564 0.0012490166700445116
0.039013225585222244 0.0012584354117279872
0.05221340525895357 0.0014843828976154327
0.050739030353724957 0.0014359882479766384
0.038418169133365154 0.0012359140382613987
0.039016871713101864 0.0012586026277858764
0.05074157752096653 0.0014360476488946006
0.05575601011514664 0.0016471471753902733
0.038719809614121914 0.0012488350766943768
0.04194045718759298 0.0013599797093775123
0.049694737419486046 0.0014114258519839495
0.039016950875520706 0.00125860572734382
0.039016950875520706 0.00125860572734382
0.053146833553910255 0.0015303364780265838
0.05575763341039419 0.0016471754934173077
0.04969613626599312 0.001411458506481722
0.04954777657985687 0.0013811748649459332
0.03841789718717337 0.0012359016691334546
0.05575847066938877 0.0016471896087750793
0.05466141365468502 0.0016237111994996667
0.050754524767398834 0.0014363514637807384
0.05495789647102356 0.0016334960528183728
0.038417612202465534 0.0012358901149127632
0.03871904965490103 0.0012488024949561805
0.03752279281616211 0.0011938928219024092
0.04163799621164799 0.0012600993941305205
0.0546493474394083 0.0016235228104051203
0.039017996750772 0.0012586541852215305
0.05221882555633783 0.001484512584283948
0.05219870153814554 0.001484036649344489
0.05575953982770443 0.0016472081479150802
0.050753683783113956 0.0014363294903887436
0.05464454647153616 0.0016234489157795906
0.039017747156322 0.0012586424563778564
0.04971788823604584 0.001411970763001591
0.0549398772418499 0.0016331872902810574
0.049555675126612186 0.0013813154946547002
0.04969862289726734 0.001411515404470265
0.04969293437898159 0.0014113850193098187
0.05075443163514137 0.0014363480295287445
0.04874729458242655 0.0013674857909791172
0.05074012093245983 0.0014360126515384763
0.03901855740696192 0.0012586797383846715
0.051174383610486984 0.0014599399000871927
0.0497006019577384 0.0014115606609266251
0.038718331605196 0.001248772008693777
0.052206230349838734 0.0014842151576885954
0.04970883671194315 0.001411754550645128
0.05465795937925577 0.0016236570372711867
0.04955218452960253 0.001381254114676267
0.05538637284189463 0.0016350026708096266
0.04194111004471779 0.0013600196980405599
0.05313763674348593 0.001530145003926009
0.04955614171922207 0.001381323323585093
0.05465134046971798 0.0016235547082033008
0.05494427960366011 0.0016332626983057708
0.0384161863476038 0.0012358286185190082
0.05576460715383291 0.0016472946153953671
0.0546523267403245 0.001623570075025782
0.03901767544448376 0.001258639240404591
0.05073803663253784 0.0014359616325236857
0.05465972889214754 0.0016236850642599165
0.03901505749672651 0.001258519187103957
0.051177133806049824 0.0014600107388105243
0.05221400875598192 0.0014843946119071916
0.054945262148976326 0.0016332803352270275
0.05464549362659454 0.0016234633803833276
0.03901299647986889 0.0012584246578626335
0.03901645075529814 0.0012585835793288425
0.05465899780392647 0.0016236734809353948
0.05464452039450407 0.001623448304599151
0.0387168126180768 0.0012487067870097235
0.038715822622179985 0.001248664702870883
0.03871528338640928 0.0012486413324950263
0.0387251665815711 0.00124907806457486
0.03841830603778362 0.0012359193933662027
0.03872108273208141 0.0012488895881688222
0.05465069320052862 0.001623541204025969
0.051172162406146526 0.0014598942652810365
0.039017729461193085 0.0012586416851263493
0.05495245847851038 0.0016334024840034544
0.055771661922335625 0.001647435303311795
0.05465407017618418 0.0016235970542766154
0.03901408892124891 0.0012584750656969845
0.03346858732402325 0.000895715958904475
0.055742017924785614 0.0016469089314341545
0.04972040932625532 0.0014120287087280303
0.038418857380747795 0.0012359436659608036
0.054952509701251984 0.0016334033862221986
0.03901751432567835 0.0012586322700371966
0.054645512253046036 0.0016234636132139713
0.05465297773480415 0.0016235802904702723
0.04873780719935894 0.001367326476611197
0.03901430685073137 0.0012584851501742378
0.039015911519527435 0.0012585585354827344
0.05218836013227701 0.0014837951166555285
0.05074120964854956 0.0014360381028382108
0.05496370606124401 0.0016335955879185349
0.05075238645076752 0.0014362993388203904
0.03901614621281624 0.0012585693621076643
0.039016240276396275 0.001258573480299674
0.03842356614768505 0.0012361444532871246
0.049697719514369965 0.0014114929654169828
0.038418895564973354 0.001235944830114022
0.039016786962747574 0.0012585987715283409
0.03841983247548342 0.0012359848478809
0.054598281159996986 0.001622664392925799
0.054598281159996986 0.001622664392925799
0.05075587332248688 0.0014363791997311637
0.052200984209775925 0.001484090302255936
0.05495182517915964 0.0016333921812474728
0.03659677226096392 0.0010620257089613006
0.05220870487391949 0.0014842739037703723
0.05495395138859749 0.001633428386412561
0.04187049064785242 0.0013556626217905432
0.05465455539524555 0.00162360435933806
0.04954965598881245 0.0013812094402965158
0.05074114538729191 0.0014360360073624179
0.03872208762913942 0.0012489325599744916
0.054948887787759304 0.001633341540582478
0.05466645024716854 0.001623789983568713
0.0390215003862977 0.001258815304026939
0.03901384864002466 0.0012584657815750688
0.05495541635900736 0.0016334536776412278
0.05538285244256258 0.0016349481302313507
0.055390240624547005 0.0016350631485693157
0.05466324556618929 0.0016237399831879884
0.05467021744698286 0.0016238483076449484
0.05495033599436283 0.0016333668027073145
0.05219234153628349 0.0014838882198091596
0.038721450604498386 0.0012489058426581323
0.05465652048587799 0.0016236352093983442
0.03841559216380119 0.0012358033563941717
0.03872189670801163 0.0012489247601479292
0.03871603775769472 0.0012486736959544942
0.038720401003956795 0.001248860702617094
0.05575219634920359 0.001647082535782829
0.05576078500598669 0.001647229481022805
0.0549478717148304 0.0016333243693225086
0.03871903847903013 0.0012488022039178759
0.0546498904004693 0.0016235319199040532
0.05495521333068609 0.0016334497777279466
0.05074493773281574 0.0014361253124661744
0.05493336729705334 0.0016330774524249136
0.03901844844222069 0.0012586744414875284
0.05495497211813927 0.0016334456449840218
0.03872078191488981 0.0012488771608332172
0.03872069530189037 0.0012488732463680208
0.03901982307434082 0.0012587380042532459
0.03902250900864601 0.0012588602112373337
0.03901882283389568 0.0012586926168296486
0.054659195244312286 0.0016236764786299318
0.05075656436383724 0.001436400634702295
0.05221186112612486 0.0014843470853520557
0.055759815499186516 0.0016472124843858182
0.052198464050889015 0.001484027219703421
0.05074067786335945 0.001436024671420455
0.05220599006861448 0.0014842096134088933
0.054950776509940624 0.0016333746898453683
0.055763129144907 0.0016472692077513784
0.03841572906821966 0.001235809177160263
0.050736731849610806 0.0014359307970153168
0.033471264876425266 0.0008958346006693318
0.05221173353493214 0.0014843442040728405
0.05577284749597311 0.0016474362637382
0.04970670770853758 0.001411707722581923
0.05538384057581425 0.001634962420212105
0.05496263597160578 0.0016335765540134162
0.05575184524059296 0.0016470755799673498
0.0546371815726161 0.0016233113419730216
0.05218815430998802 0.0014837900380371138
0.04971464350819588 0.0014118932303972542
0.054947338066995144 0.0016333154635503888
0.052212570793926716 0.0014843638928141445
0.05466476269066334 0.0016237633535638452
0.038720970042049885 0.0012488849024521187
0.04970799759030342 0.0014117345563136041
0.03901717904955149 0.0012586168595589697
0.05465926416218281 0.0016236779047176242
0.05493775196373463 0.0016331512888427824
0.055383240804076195 0.001634952874155715
0.054652721621096134 0.0016235759539995342
0.05539005436003208 0.0016350597143173218
0.05539256986230612 0.0016350995283573866
0.03872073907405138 0.0012488749343901873
0.03872179239988327 0.0012489198707044125
0.049719059839844704 0.0014119968691375107
0.05465359706431627 0.0016235896036960185
0.049704570323228836 0.001411660254234448
0.03872116655111313 0.0012488933571148664
0.049693936482071877 0.0014114053919911385
0.038720243610441685 0.0012488536594901234
0.05074231140315533 0.001436064630979672
0.05576295591890812 0.0016472667048219591
0.055399948731064796 0.0016352147213183343
0.0557619808241725 0.0016472494462504983
0.03901879768818617 0.001258690914255567
0.05313513334840536 0.001530092122266069
0.05465348903089762 0.0016235873918049037
0.05463861860334873 0.0016233569767791778
0.03902097325772047 0.0012587910750880837
0.03871793858706951 0.0012487547210184857
0.055381680838763714 0.0016349294455721974
0.05219573527574539 0.0014839648647466674
0.038721867837011814 0.0012489235086832196
0.050739043392241 0.0014359885535668582
0.054651702754199505 0.0016235604416579008
0.0390191413462162 0.001258705960935913
0.05465785227715969 0.0016236555529758334
0.03752351086586714 0.0011939172400161624
0.052188511937856674 0.0014838004717603326
0.052211953327059746 0.0014843508979538456
0.054957096464931965 0.0016334812680725008
0.03872132673859596 0.0012489004584494978
0.055752492509782314 0.0016470873961225152
0.052198903635144234 0.0014840372605249286
0.038413699716329575 0.0012357466330286115
0.038718029856681824 0.0012487589265219867
0.0387162696570158 0.0012486837222240865
0.05221699923276901 0.001484467604313977
0.03871429152786732 0.0012485990300774574
0.05465397518128157 0.0016235952207352966
0.05313783325254917 0.0015301506500691175
0.0549522340297699 0.0016333992825821042
0.038720352575182915 0.0012488585052778944
0.055392082780599594 0.001635091903153807
0.0546500850468874 0.0016235348011832684
0.038721105083823204 0.0012488906650105491
0.05466334614902735 0.001623741554794833
0.03872112277895212 0.0012488913343986496
0.03872205223888159 0.0012489312648540363
0.03901911247521639 0.0012587059172801673
0.054652282036840916 0.0016235690272878855
0.03841932490468025 0.0012359640968497843
0.05221413914114237 0.0014844000688754022
0.054949176497757435 0.0016333465173374861
0.05073699727654457 0.0014359371562022716
0.039016536436975 0.0012585875083459541
0.05495493300259113 0.0016334450338035822
0.041848890483379364 0.0013543305976781994
0.05465070530772209 0.0016235446382779628
0.038719902746379375 0.0012488392821978778
0.038726591505110264 0.0012491256202338263
0.039016371592879295 0.0012585793592734262
0.038719773292541504 0.001248834392754361
0.05313603859394789 0.0015301122039090842
0.0546600017696619 0.0016236895462498069
0.05464698374271393 0.0016234870126936585
0.0487453481182456 0.0013674521469511092
0.055760106071829796 0.0016472175193484873
0.05465180613100529 0.001623562042368576
0.039022515527904034 0.0012588618992595002
0.038715423084795475 0.0012486473278841004
0.03901846334338188 0.0012586757948156446
0.05465459544211626 0.001623605116037652
0.04954429343342781 0.00138111985870637
0.052192539907991886 0.001483891872339882
0.050770009867846966 0.0014367132971528918
0.05464722868055105 0.0016234902723226696
0.049712011590600014 0.0014118302788119763
0.041941734962165356 0.0013600582897197455
0.05575535539537668 0.0016471371345687658
0.05539061315357685 0.001635069289477542
0.050728813745081425 0.0014357446052599698
0.05464570876210928 0.0016234669892583042
0.055766450241208076 0.0016473260766360909
0.05464459490031004 0.0016234494687523693
0.038419521413743496 0.0012359724205452949
0.04194189142435789 0.00136006812681444
0.054657856933772564 0.0016236563678830862
0.05220544803887606 0.001484196342062205
0.03872049693018198 0.0012488647480495274
0.03871882613748312 0.0012487934727687389
0.03901602886617184 0.0012585637741722167
0.05465460382401943 0.0016236055816989392
0.03902303893119097 0.0012588845274876803
0.054603682830929756 0.0016227552841883153
0.03901831991970539 0.001258669188246131
0.03901677578687668 0.0012585981894517317
0.049549223855137825 0.001381204929202795
0.03871833998709917 0.0012487723142839968
0.05064787436276674 0.0014172597439028323
