0.03569229225512404 0.0006216036567943781
0.03569229225512404 0.0006216036567943781
0.03569229225512404 0.0006216036567943781
0.03569229225512404 0.0006216036567943781
0.03569229225512404 0.0006216036567943781
0.03569229225512404 0.0006216036567943781
0.03569229225512404 0.0006216036567943781
0.03569229225512404 0.0006216036567943781
0.03569229225512404 0.0006216036567943781
0.03569229225512404 0.0006216036567943781
0.03569229225512404 0.0006216036567943781
0.03569229225512404 0.0006216036567943781
0.03569229225512404 0.0006216036567943781
0.03569229225512404 0.0006216036567943781
0.03626407398960433 0.0007829339302618209
0.03626407398960433 0.0007829339302618209
0.03626407398960433 0.0007829339302618209
0.03626407398960433 0.0007829339302618209
0.03626407398960433 0.0007829339302618209
0.03626407398960433 0.0007829339302618209
0.03626407398960433 0.0007829339302618209
0.03626407398960433 0.0007829339302618209
0.03626407398960433 0.000782933930261821
0.03626407398960433 0.000782933930261821
0.03626407398960433 0.000782933930261821
0.03626407398960433 0.000782933930261821
0.03626407398960433 0.000782933930261821
0.03626407398960433 0.000782933930261821
0.03626407398960433 0.000782933930261821
0.03626407398960433 0.000782933930261821
0.03626407398960433 0.000782933930261821
0.03626407398960433 0.000782933930261821
0.03626407398960433 0.0007829339302618211
0.03626407398960433 0.0007829339302618211
0.03626407398960433 0.0007829339302618211
0.03626407398960433 0.0007829339302618211
0.03626407398960433 0.0007829339302618211
0.03626407398960433 0.0007829339302618211
0.03626407398960433 0.0007829339302618211
0.03626407398960433 0.0007829339302618211
0.03626407398960433 0.0007829339302618211
0.03626407398960433 0.0007829339302618211
0.03626407398960433 0.0007829339302618211
0.03626407398960433 0.0007829339302618211
0.03626407398960433 0.0007829339302618211
0.03626407398960433 0.0007829339302618211
0.03626407398960433 0.0007829339302618211
0.03626407398960433 0.0007829339302618211
0.03626407398960433 0.0007829339302618211
0.03626407398960433 0.0007829339302618211
0.03626407398960433 0.0007829339302618211
0.03626407398960433 0.0007829339302618211
0.03626407398960433 0.0007829339302618211
0.03626407398960433 0.0007829339302618211
0.03626407398960433 0.0007829339302618211
0.03626407398960433 0.0007829339302618211
0.03626407398960433 0.0007829339302618211
0.03626407398960433 0.0007829339302618211
0.03626407398960433 0.0007829339302618211
0.03626407398960433 0.0007829339302618211
0.03626407398960433 0.0007829339302618211
0.03626407398960433 0.0007829339302618211
0.03626407398960433 0.0007829339302618211
0.03626407398960433 0.0007829339302618211
0.03626407398960433 0.0007829339302618211
0.03626407398960433 0.0007829339302618211
0.03626407398960433 0.0007829339302618211
0.03626407398960433 0.0007829339302618211
0.03626407398960433 0.0007829339302618211
0.03626407398960433 0.0007829339302618211
0.03626407398960433 0.0007829339302618211
0.03626407398960433 0.0007829339302618211
0.03626407398960433 0.0007829339302618211
0.03626407398960433 0.0007829339302618211
0.03626407398960433 0.0007829339302618211
0.03626407398960433 0.0007829339302618211
0.03626407398960433 0.0007829339302618211
0.03626407398960433 0.0007829339302618211
0.03626407398960433 0.0007829339302618211
0.03626407398960433 0.0007829339302618211
0.03626407398960433 0.0007829339302618211
0.03626407398960433 0.0007829339302618211
0.03626407398960433 0.0007829339302618211
0.03626407398960433 0.0007829339302618211
0.03626407398960433 0.0007829339302618211
0.03626407398960433 0.0007829339302618211
0.03626407398960433 0.0007829339302618211
0.03626407398960433 0.0007829339302618211
0.03626407398960433 0.0007829339302618211
0.03626407398960433 0.0007829339302618211
0.03626407398960433 0.0007829339302618211
0.03626407398960433 0.0007829339302618211
0.03626407398960433 0.0007829339302618211
0.03626407398960433 0.0007829339302618211
0.03626407398960433 0.0007829339302618211
0.03626407398960433 0.0007829339302618211
0.03626407398960433 0.0007829339302618211
0.03626407398960433 0.0007829339302618211
0.03626407398960433 0.0007829339302618211
0.03626407398960433 0.0007829339302618211
0.03626407398960433 0.0007829339302618211
0.03626407398960433 0.0007829339302618211
0.03626407398960433 0.0007829339302618211
0.03626407398960433 0.0007829339302618211
0.03626407398960433 0.0007829339302618211
0.03626407398960433 0.0007829339302618211
0.03626407398960433 0.0007829339302618211
0.03626407398960433 0.0007829339302618211
0.03626407398960433 0.0007829339302618211
0.03626407398960433 0.0007829339302618211
0.03626407398960433 0.0007829339302618211
0.03626407398960433 0.0007829339302618211
0.03626407398960433 0.0007829339302618211
0.03626407398960433 0.0007829339302618211
0.03626407398960433 0.0007829339302618211
0.03626407398960433 0.0007829339302618211
0.03626407398960433 0.0007829339302618211
0.03626407398960433 0.0007829339302618211
0.03626407398960433 0.0007829339302618211
0.03626407398960433 0.0007829339302618211
0.03626407398960433 0.0007829339302618211
0.03626407398960433 0.0007829339302618211
0.03626407398960433 0.0007829339302618211
0.03626407398960433 0.0007829339302618211
0.03626407398960433 0.0007829339302618211
0.03626407398960433 0.0007829339302618211
0.03626407398960433 0.0007829339302618211
0.03626407398960433 0.0007829339302618211
0.03626407398960433 0.0007829339302618211
0.03626407398960433 0.0007829339302618211
0.03626407398960433 0.0007829339302618211
0.03626407398960433 0.0007829339302618211
0.03626407398960433 0.0007829339302618211
0.03626407398960433 0.0007829339302618211
0.03626407398960433 0.0007829339302618211
0.03626407398960433 0.0007829339302618211
0.03626407398960433 0.0007829339302618211
0.03626407398960433 0.0007829339302618211
0.03626407398960433 0.0007829339302618211
0.03626407398960433 0.0007829339302618211
0.03626407398960433 0.0007829339302618211
0.03626407398960433 0.0007829339302618211
0.03626407398960433 0.0007829339302618211
0.03626407398960433 0.0007829339302618211
0.03626407398960433 0.0007829339302618211
0.03626407398960433 0.0007829339302618211
0.03626407398960433 0.0007829339302618211
0.03626407398960433 0.0007829339302618211
0.03626407398960433 0.0007829339302618211
0.03626407398960433 0.0007829339302618211
0.03626407398960433 0.0007829339302618211
0.03626407398960433 0.0007829339302618211
0.03626407398960433 0.0007829339302618211
0.03626407398960433 0.0007829339302618211
0.03626407398960433 0.0007829339302618211
0.03626407398960433 0.0007829339302618211
0.03626407398960433 0.0007829339302618211
0.03626407398960433 0.0007829339302618211
0.03626407398960433 0.0007829339302618211
0.03626407398960433 0.0007829339302618211
0.03626407398960433 0.0007829339302618211
0.03626407398960433 0.0007829339302618211
0.03626407398960433 0.0007829339302618211
0.03626407398960433 0.0007829339302618211
0.03626407398960433 0.0007829339302618211
0.03626407398960433 0.0007829339302618211
0.03626407398960433 0.0007829339302618211
0.03626407398960433 0.0007829339302618211
0.03626407398960433 0.0007829339302618211
0.03626407398960433 0.0007829339302618211
0.03626407398960433 0.0007829339302618211
0.03626407398960433 0.0007829339302618211
0.03626407398960433 0.0007829339302618211
0.03626407398960433 0.0007829339302618211
0.03626407398960433 0.0007829339302618211
0.03626407398960433 0.0007829339302618211
0.03626407398960433 0.0007829339302618211
0.03626407398960433 0.0007829339302618211
0.03626407398960433 0.0007829339302618211
0.03626407398960433 0.0007829339302618211
0.03626407398960433 0.0007829339302618211
0.03626407398960433 0.0007829339302618211
0.03626407398960433 0.0007829339302618211
0.03626407398960433 0.0007829339302618211
0.03626407398960433 0.0007829339302618211
0.03626407398960433 0.0007829339302618211
0.03626407398960433 0.0007829339302618211
0.03626407398960433 0.0007829339302618211
0.03626407398960433 0.0007829339302618211
0.03626407398960433 0.0007829339302618211
0.03626407398960433 0.0007829339302618211
0.03626407398960433 0.0007829339302618211
0.03626407398960433 0.0007829339302618211
0.03626407398960433 0.0007829339302618211
0.03626407398960433 0.0007829339302618211
0.03626407398960433 0.0007829339302618211
0.03626407398960433 0.0007829339302618211
0.03626407398960433 0.0007829339302618211
0.03626407398960433 0.0007829339302618211
0.03626407398960433 0.0007829339302618211
0.03626407398960433 0.0007829339302618211
0.03626407398960433 0.0007829339302618211
0.03626407398960433 0.0007829339302618211
0.03626407398960433 0.0007829339302618211
0.03626407398960433 0.0007829339302618211
0.03626407398960433 0.0007829339302618211
0.03626407398960433 0.0007829339302618211
0.03626407398960433 0.0007829339302618211
0.03626407398960433 0.0007829339302618211
0.03626407398960433 0.0007829339302618211
0.03626407398960433 0.0007829339302618211
0.03626407398960433 0.0007829339302618211
0.03626407398960433 0.0007829339302618211
0.03626407398960433 0.0007829339302618211
0.03626407398960433 0.0007829339302618211
0.03626407398960433 0.0007829339302618211
0.03626407398960433 0.0007829339302618211
0.03626407398960433 0.0007829339302618211
0.03626407398960433 0.0007829339302618211
0.03626407398960433 0.0007829339302618211
0.03626407398960433 0.0007829339302618211
0.03626407398960433 0.0007829339302618211
0.03626407398960433 0.0007829339302618211
0.03626407398960433 0.0007829339302618211
0.03626407398960433 0.0007829339302618211
0.03626407398960433 0.0007829339302618211
0.03626407398960433 0.0007829339302618211
0.03626407398960433 0.0007829339302618211
0.03626407398960433 0.0007829339302618211
0.03626407398960433 0.0007829339302618211
0.03626407398960433 0.0007829339302618211
0.03626407398960433 0.0007829339302618211
0.03626407398960433 0.0007829339302618211
0.03626407398960433 0.0007829339302618211
0.03626407398960433 0.0007829339302618211
0.03626407398960433 0.0007829339302618211
0.03626407398960433 0.0007829339302618211
0.03626407398960433 0.0007829339302618211
0.03626407398960433 0.0007829339302618211
0.03626407398960433 0.0007829339302618211
0.03626407398960433 0.0007829339302618211
0.03626407398960433 0.0007829339302618211
0.03626407398960433 0.0007829339302618211
0.03626407398960433 0.0007829339302618211
0.03626407398960433 0.0007829339302618211
0.03626407398960433 0.0007829339302618211
0.03626407398960433 0.0007829339302618211
0.03626407398960433 0.0007829339302618211
0.03626407398960433 0.0007829339302618211
0.03626407398960433 0.0007829339302618211
0.03626407398960433 0.0007829339302618211
0.03626407398960433 0.0007829339302618211
0.03626407398960433 0.0007829339302618211
0.03626407398960433 0.0007829339302618211
0.03626407398960433 0.0007829339302618211
0.03626407398960433 0.0007829339302618211
0.03626407398960433 0.0007829339302618211
0.03626407398960433 0.0007829339302618211
0.03626407398960434 0.0007829339302618211
0.036431618948762276 0.0008093316638823686
0.03643161894876228 0.0008093316638823687
0.03643161894876228 0.0008093316638823687
0.03643161894876228 0.0008093316638823687
0.03643161894876228 0.0008093316638823687
0.03643161894876228 0.0008093316638823687
0.03662933724124232 0.0008394793207593213
0.03673801563829944 0.0008652741610093342
0.03673801563829944 0.0008652741610093343
0.03673801563829944 0.0008652741610093343
0.03673801563829944 0.0008652741610093344
0.0370515941774025 0.0009165331592340002
0.0370515941774025 0.0009165331592340002
0.0370515941774025 0.0009165331592340002
0.0370515941774025 0.0009165331592340002
0.0370515941774025 0.0009165331592340003
0.0370515941774025 0.0009165331592340003
0.0370515941774025 0.0009165331592340003
0.0370515941774025 0.0009165331592340003
0.0370515941774025 0.0009165331592340003
0.0370515941774025 0.0009165331592340003
0.0370515941774025 0.0009165331592340003
0.0370515941774025 0.0009165331592340003
0.0370515941774025 0.0009165331592340003
0.0370515941774025 0.0009165331592340003
0.0370515941774025 0.0009165331592340003
0.0370515941774025 0.0009165331592340003
0.0370515941774025 0.0009165331592340003
0.03727582551470547 0.0009437743917921312
0.03738441211362886 0.0009505116729764701
0.03738441211362886 0.0009505116729764701
0.0377770947191033 0.0009612897696229094
0.037942367696171715 0.0009688705497448316
0.038075289156126305 0.000984784270491814
0.038075289156126305 0.000984784270491814
0.03813397547586405 0.0010168767619193806
0.03818162895667781 0.0010374599148951958
0.04021775069602317 0.0010636095691087231
0.042781481098950865 0.0011397615668706687
0.04422915308958982 0.0011406047893470848
0.044473131948171464 0.001157243997466514
0.044473131948171464 0.001157243997466514
0.04667280690520403 0.0012045384930108505
