0.03626407398960434 0.000782933930261821
0.03626407398960434 0.000782933930261821
0.03626407398960434 0.000782933930261821
0.03626407398960434 0.000782933930261821
0.03626407398960434 0.000782933930261821
0.03626407398960434 0.000782933930261821
0.03626407398960434 0.000782933930261821
0.03626407398960434 0.000782933930261821
0.03626407398960434 0.000782933930261821
0.03626407398960434 0.000782933930261821
0.03626407398960434 0.000782933930261821
0.03626407398960434 0.000782933930261821
0.03626407398960434 0.000782933930261821
0.03626407398960434 0.000782933930261821
0.03626407398960434 0.000782933930261821
0.03626407398960434 0.000782933930261821
0.03626407398960434 0.000782933930261821
0.03626407398960434 0.000782933930261821
0.03626407398960434 0.000782933930261821
0.03626407398960434 0.000782933930261821
0.03626407398960434 0.000782933930261821
0.03626407398960434 0.000782933930261821
0.03626407398960434 0.000782933930261821
0.03626407398960434 0.000782933930261821
0.03626407398960434 0.000782933930261821
0.03626407398960434 0.000782933930261821
0.03626407398960434 0.000782933930261821
0.03626407398960434 0.000782933930261821
0.03626407398960434 0.000782933930261821
0.03626407398960434 0.000782933930261821
0.03626407398960434 0.000782933930261821
0.03626407398960434 0.000782933930261821
0.03626407398960434 0.000782933930261821
0.03626407398960434 0.000782933930261821
0.03626407398960434 0.000782933930261821
0.03626407398960434 0.000782933930261821
0.03626407398960434 0.000782933930261821
0.03626407398960434 0.000782933930261821
0.03626407398960434 0.000782933930261821
0.03626407398960434 0.000782933930261821
0.03626407398960434 0.000782933930261821
0.03626407398960434 0.000782933930261821
0.03626407398960434 0.000782933930261821
0.03626407398960434 0.000782933930261821
0.03626407398960434 0.000782933930261821
0.03626407398960434 0.000782933930261821
0.03626407398960434 0.000782933930261821
0.03626407398960434 0.000782933930261821
0.03626407398960434 0.000782933930261821
0.03626407398960434 0.000782933930261821
0.03626407398960434 0.000782933930261821
0.03626407398960434 0.000782933930261821
0.03626407398960434 0.000782933930261821
0.03626407398960434 0.000782933930261821
0.03626407398960434 0.000782933930261821
0.03626407398960434 0.000782933930261821
0.03626407398960434 0.000782933930261821
0.03626407398960434 0.000782933930261821
0.03643161894876228 0.0008093316638823687
0.0370515941774025 0.0009165331592340002
0.0370515941774025 0.0009165331592340002
0.0370515941774025 0.0009165331592340002
0.0370515941774025 0.0009165331592340002
0.0370515941774025 0.0009165331592340002
0.0370515941774025 0.0009165331592340002
0.0370515941774025 0.0009165331592340002
0.0370515941774025 0.0009165331592340002
0.0370515941774025 0.0009165331592340002
0.0370515941774025 0.0009165331592340002
0.0370515941774025 0.0009165331592340002
0.0370515941774025 0.0009165331592340002
0.0370515941774025 0.0009165331592340002
0.0370515941774025 0.0009165331592340002
0.0370515941774025 0.0009165331592340002
0.0370515941774025 0.0009165331592340002
0.0370515941774025 0.0009165331592340002
0.0370515941774025 0.0009165331592340002
0.0370515941774025 0.0009165331592340002
0.0370515941774025 0.0009165331592340002
0.0370515941774025 0.0009165331592340002
0.0370515941774025 0.0009165331592340002
0.0370515941774025 0.0009165331592340002
0.0370515941774025 0.0009165331592340002
0.0370515941774025 0.0009165331592340002
0.0370515941774025 0.0009165331592340002
0.0370515941774025 0.0009165331592340002
0.0370515941774025 0.0009165331592340002
0.0370515941774025 0.0009165331592340002
0.0370515941774025 0.0009165331592340002
0.0370515941774025 0.0009165331592340002
0.0370515941774025 0.0009165331592340002
0.0370515941774025 0.0009165331592340002
0.0370515941774025 0.0009165331592340002
0.0370515941774025 0.0009165331592340002
0.0370515941774025 0.0009165331592340002
0.0370515941774025 0.0009165331592340002
0.0370515941774025 0.0009165331592340002
0.0370515941774025 0.0009165331592340002
0.0370515941774025 0.0009165331592340002
0.0370515941774025 0.0009165331592340002
0.0370515941774025 0.0009165331592340002
0.0370515941774025 0.0009165331592340002
0.0370515941774025 0.0009165331592340002
0.0370515941774025 0.0009165331592340002
0.0370515941774025 0.0009165331592340002
0.0370515941774025 0.0009165331592340002
0.0370515941774025 0.0009165331592340002
0.0370515941774025 0.0009165331592340002
0.0370515941774025 0.0009165331592340002
0.0370515941774025 0.0009165331592340002
0.0370515941774025 0.0009165331592340002
0.0370515941774025 0.0009165331592340002
0.0370515941774025 0.0009165331592340002
0.0370515941774025 0.0009165331592340002
0.0370515941774025 0.0009165331592340002
0.0370515941774025 0.0009165331592340002
0.0370515941774025 0.0009165331592340002
0.0370515941774025 0.0009165331592340002
0.0370515941774025 0.0009165331592340002
0.0370515941774025 0.0009165331592340002
0.0370515941774025 0.0009165331592340002
0.0370515941774025 0.0009165331592340002
0.0370515941774025 0.0009165331592340002
0.0370515941774025 0.0009165331592340002
0.0370515941774025 0.0009165331592340002
0.0370515941774025 0.0009165331592340002
0.0370515941774025 0.0009165331592340002
0.0370515941774025 0.0009165331592340002
0.0370515941774025 0.0009165331592340002
0.0370515941774025 0.0009165331592340002
0.0370515941774025 0.0009165331592340002
0.0370515941774025 0.0009165331592340002
0.0370515941774025 0.0009165331592340002
0.0370515941774025 0.0009165331592340002
0.0370515941774025 0.0009165331592340002
0.0370515941774025 0.0009165331592340002
0.0370515941774025 0.0009165331592340002
0.0370515941774025 0.0009165331592340002
0.0370515941774025 0.0009165331592340002
0.0370515941774025 0.0009165331592340002
0.0370515941774025 0.0009165331592340002
0.0370515941774025 0.0009165331592340002
0.0370515941774025 0.0009165331592340002
0.0370515941774025 0.0009165331592340002
0.0370515941774025 0.0009165331592340002
0.0370515941774025 0.0009165331592340002
0.0370515941774025 0.0009165331592340002
0.0370515941774025 0.0009165331592340002
0.0370515941774025 0.0009165331592340002
0.0370515941774025 0.0009165331592340002
0.0370515941774025 0.0009165331592340002
0.0370515941774025 0.0009165331592340002
0.0370515941774025 0.0009165331592340002
0.0370515941774025 0.0009165331592340002
0.0370515941774025 0.0009165331592340002
0.0370515941774025 0.0009165331592340002
0.0370515941774025 0.0009165331592340002
0.0370515941774025 0.0009165331592340002
0.0370515941774025 0.0009165331592340002
0.0370515941774025 0.0009165331592340002
0.0370515941774025 0.0009165331592340002
0.0370515941774025 0.0009165331592340002
0.0370515941774025 0.0009165331592340002
0.0370515941774025 0.0009165331592340002
0.0370515941774025 0.0009165331592340002
0.0370515941774025 0.0009165331592340002
0.0370515941774025 0.0009165331592340002
0.0370515941774025 0.0009165331592340002
0.0370515941774025 0.0009165331592340002
0.0370515941774025 0.0009165331592340002
0.0370515941774025 0.0009165331592340002
0.0370515941774025 0.0009165331592340002
0.0370515941774025 0.0009165331592340002
0.0370515941774025 0.0009165331592340002
0.0370515941774025 0.0009165331592340002
0.0370515941774025 0.0009165331592340002
0.0370515941774025 0.0009165331592340002
0.0370515941774025 0.0009165331592340002
0.0370515941774025 0.0009165331592340002
0.0370515941774025 0.0009165331592340002
0.0370515941774025 0.0009165331592340002
0.0370515941774025 0.0009165331592340002
0.0370515941774025 0.0009165331592340002
0.0370515941774025 0.0009165331592340002
0.0370515941774025 0.0009165331592340002
0.0370515941774025 0.0009165331592340002
0.0370515941774025 0.0009165331592340002
0.0370515941774025 0.0009165331592340002
0.0370515941774025 0.0009165331592340002
0.0370515941774025 0.0009165331592340002
0.0370515941774025 0.0009165331592340002
0.0370515941774025 0.0009165331592340002
0.0370515941774025 0.0009165331592340002
0.0370515941774025 0.0009165331592340002
0.0370515941774025 0.0009165331592340002
0.0370515941774025 0.0009165331592340002
0.0370515941774025 0.0009165331592340002
0.0370515941774025 0.0009165331592340002
0.0370515941774025 0.0009165331592340002
0.0370515941774025 0.0009165331592340002
0.0370515941774025 0.0009165331592340002
0.0370515941774025 0.0009165331592340002
0.0370515941774025 0.0009165331592340002
0.0370515941774025 0.0009165331592340002
0.0370515941774025 0.0009165331592340002
0.0370515941774025 0.0009165331592340002
0.0370515941774025 0.0009165331592340002
0.0370515941774025 0.0009165331592340002
0.0370515941774025 0.0009165331592340002
0.0370515941774025 0.0009165331592340002
0.0370515941774025 0.0009165331592340002
0.0370515941774025 0.0009165331592340002
0.0370515941774025 0.0009165331592340002
0.0370515941774025 0.0009165331592340002
0.0370515941774025 0.0009165331592340002
0.0370515941774025 0.0009165331592340002
0.0370515941774025 0.0009165331592340002
0.0370515941774025 0.0009165331592340002
0.0370515941774025 0.0009165331592340002
0.0370515941774025 0.0009165331592340002
0.0370515941774025 0.0009165331592340002
0.0370515941774025 0.0009165331592340002
0.0370515941774025 0.0009165331592340002
0.0370515941774025 0.0009165331592340002
0.0370515941774025 0.0009165331592340002
0.0370515941774025 0.0009165331592340002
0.0370515941774025 0.0009165331592340002
0.0370515941774025 0.0009165331592340002
0.0370515941774025 0.0009165331592340002
0.0370515941774025 0.0009165331592340002
0.0370515941774025 0.0009165331592340002
0.0370515941774025 0.0009165331592340002
0.0370515941774025 0.0009165331592340002
0.0370515941774025 0.0009165331592340002
0.0370515941774025 0.0009165331592340002
0.0370515941774025 0.0009165331592340002
0.0370515941774025 0.0009165331592340002
0.0370515941774025 0.0009165331592340002
0.0370515941774025 0.0009165331592340002
0.0370515941774025 0.0009165331592340002
0.0370515941774025 0.0009165331592340002
0.0370515941774025 0.0009165331592340002
0.0370515941774025 0.0009165331592340002
0.0370515941774025 0.0009165331592340002
0.0370515941774025 0.0009165331592340002
0.0370515941774025 0.0009165331592340002
0.0370515941774025 0.0009165331592340002
0.0370515941774025 0.0009165331592340002
0.0370515941774025 0.0009165331592340002
0.0370515941774025 0.0009165331592340002
0.0370515941774025 0.0009165331592340002
0.0370515941774025 0.0009165331592340002
0.0370515941774025 0.0009165331592340002
0.0370515941774025 0.0009165331592340002
0.0370515941774025 0.0009165331592340002
0.0370515941774025 0.0009165331592340002
0.0370515941774025 0.0009165331592340002
0.0370515941774025 0.0009165331592340002
0.0370515941774025 0.0009165331592340002
0.0370515941774025 0.0009165331592340002
0.0370515941774025 0.0009165331592340002
0.0370515941774025 0.0009165331592340002
0.0370515941774025 0.0009165331592340002
0.0370515941774025 0.0009165331592340002
0.0370515941774025 0.0009165331592340002
0.0370515941774025 0.0009165331592340002
0.0370515941774025 0.0009165331592340002
0.0370515941774025 0.0009165331592340002
0.0370515941774025 0.0009165331592340002
0.0370515941774025 0.0009165331592340002
0.0370515941774025 0.0009165331592340002
0.0370515941774025 0.0009165331592340002
0.0370515941774025 0.0009165331592340002
0.0370515941774025 0.0009165331592340002
0.0370515941774025 0.0009165331592340002
0.0370515941774025 0.0009165331592340002
0.0370515941774025 0.0009165331592340002
0.0370515941774025 0.0009165331592340002
0.0370515941774025 0.0009165331592340002
0.0370515941774025 0.0009165331592340002
0.0370515941774025 0.0009165331592340002
0.0370515941774025 0.0009165331592340002
0.0370515941774025 0.0009165331592340002
0.0370515941774025 0.0009165331592340002
0.0370515941774025 0.0009165331592340002
0.0370515941774025 0.0009165331592340002
0.0370515941774025 0.0009165331592340002
0.0370515941774025 0.0009165331592340002
0.0370515941774025 0.0009165331592340002
0.0370515941774025 0.0009165331592340002
0.0370515941774025 0.0009165331592340002
0.0370515941774025 0.0009165331592340002
0.0370515941774025 0.0009165331592340002
0.0370515941774025 0.0009165331592340002
0.0370515941774025 0.0009165331592340002
0.0370515941774025 0.0009165331592340002
0.0370515941774025 0.0009165331592340002
0.0370515941774025 0.0009165331592340002
0.0370515941774025 0.0009165331592340002
0.0370515941774025 0.0009165331592340002
0.0370515941774025 0.0009165331592340002
0.0370515941774025 0.0009165331592340002
0.0370515941774025 0.0009165331592340002
0.0370515941774025 0.0009165331592340002
0.0370515941774025 0.0009165331592340002
0.0370515941774025 0.0009165331592340002
0.0370515941774025 0.0009165331592340002
0.0370515941774025 0.0009165331592340002
0.0370515941774025 0.0009165331592340002
0.0370515941774025 0.0009165331592340002
0.0370515941774025 0.0009165331592340002
0.0370515941774025 0.0009165331592340002
0.0370515941774025 0.0009165331592340002
0.0370515941774025 0.0009165331592340002
0.0370515941774025 0.0009165331592340002
0.0370515941774025 0.0009165331592340002
0.0370515941774025 0.0009165331592340002
0.0370515941774025 0.0009165331592340002
0.0370515941774025 0.0009165331592340002
0.0370515941774025 0.0009165331592340002
0.0370515941774025 0.0009165331592340002
0.0370515941774025 0.0009165331592340002
0.0370515941774025 0.0009165331592340002
0.0370515941774025 0.0009165331592340002
0.0370515941774025 0.0009165331592340003
0.0370515941774025 0.0009165331592340003
0.0370515941774025 0.0009165331592340003
0.0370515941774025 0.0009165331592340003
0.0370515941774025 0.0009165331592340003
0.0370515941774025 0.0009165331592340003
0.0370515941774025 0.0009165331592340003
0.0370515941774025 0.0009165331592340003
0.0370515941774025 0.0009165331592340003
0.0370515941774025 0.0009165331592340003
0.0370515941774025 0.0009165331592340003
0.0370515941774025 0.0009165331592340003
0.0370515941774025 0.0009165331592340003
0.0370515941774025 0.0009165331592340003
0.0370515941774025 0.0009165331592340003
0.0370515941774025 0.0009165331592340003
0.0370515941774025 0.0009165331592340003
0.0370515941774025 0.0009165331592340003
0.03705159417740251 0.0009165331592340003
0.03705159417740251 0.0009165331592340003
0.03705159417740251 0.0009165331592340003
0.03705159417740251 0.0009165331592340003
0.03705159417740251 0.0009165331592340003
0.03705159417740251 0.0009165331592340003
0.03705159417740251 0.0009165331592340003
0.03705159417740251 0.0009165331592340003
0.03705159417740251 0.0009165331592340003
0.03705159417740251 0.0009165331592340003
0.03705159417740251 0.0009165331592340003
0.03705159417740251 0.0009165331592340003
0.03705159417740251 0.0009165331592340003
0.03705159417740251 0.0009165331592340003
0.03705159417740251 0.0009165331592340003
0.03705159417740251 0.0009165331592340003
0.03705159417740251 0.0009165331592340003
0.03727582551470547 0.0009437743917921309
0.03727582551470548 0.0009437743917921312
0.03727582551470548 0.0009437743917921312
0.03738441211362887 0.0009505116729764701
0.03745607598962323 0.0009555342090861446
0.03745607598962323 0.0009555342090861447
0.03803027869220874 0.0009573773029195096
0.03808115281213484 0.0010441130709032437
0.038081152812134846 0.0010441130709032437
0.038081152812134846 0.0010441130709032437
0.038081152812134846 0.0010441130709032437
0.038081152812134846 0.0010441130709032437
0.038081152812134846 0.0010441130709032437
0.038081152812134846 0.0010441130709032437
0.038081152812134846 0.0010441130709032437
0.038081152812134846 0.0010441130709032437
0.038081152812134846 0.0010441130709032437
0.038081152812134846 0.001044113070903244
0.0381528166881292 0.001049135607012918
0.038152816688129206 0.001049135607012918
0.038152816688129206 0.001049135607012918
0.038152816688129206 0.001049135607012918
0.038152816688129206 0.0010491356070129183
0.038152816688129206 0.0010491356070129183
0.038152816688129206 0.0010491356070129183
0.038152816688129206 0.0010491356070129183
0.03815281668812921 0.0010491356070129183
0.03843313736727469 0.00105109227888218
0.03851594406759772 0.0010659653784451635
0.03851594406759773 0.0010659653784451635
0.03890158466755329 0.0010727075832037704
0.039392088571700734 0.0010752552818504128
0.03988940501870951 0.0010912082326121825
0.042627485440367624 0.0011709603167604848
0.042627485440367624 0.001170960316760485
0.042627485440367624 0.001170960316760485
0.04267998269744849 0.001202982158633693
0.04267998269744851 0.001202982158633693
0.04267998269744851 0.001202982158633693
0.04476673132381509 0.00120876685185434
0.0447667313238151 0.00120876685185434
0.04483839519980945 0.0012137893879640143
0.04483839519980946 0.0012137893879640143
0.04665364028629054 0.001231537798774384
0.04771235619820348 0.0013019050435995204
