0.030701656875700145 0.0008468642971064474
0.03169950271504766 0.0008677981802776314
0.03195305967347887 0.0008794595200813636
0.0321405236035414 0.0008795637712738818
0.03234916732152608 0.0008796346336429024
0.032453305832230175 0.0008981885591042888
0.032514606655049114 0.0009267301827077403
0.032801958533686434 0.0009425610400127448
0.03280921829918916 0.0009425738289787832
0.03346365115101975 0.0009579728261151154
0.033497638484588386 0.0009588685332470746
0.03350153079108285 0.000962592482437095
0.03359500850714918 0.0009635745139003344
0.033850888022632905 0.0009874655052029512
0.033916361314621765 0.001013724249570109
0.03423618684731428 0.0010411339661024585
0.035014444076649894 0.0010517549313127051
0.035178898733894494 0.0010565672561932665
0.03536864324596628 0.0010624067872300703
0.03537178117753854 0.00108706044765214
0.03537583172234109 0.0010872014267980271
0.035376059863757546 0.0010934143634989404
0.035478124327077754 0.0010936595183123187
0.03556163740392547 0.001098213489429348
0.035732005499134134 0.0010990995669129685
0.03584096073791551 0.0011019880365673892
0.03595236691761654 0.0011167757322783091
0.036068160814963474 0.0011233617797781457
0.03610299595065959 0.0011358614005961935
0.0364224379872848 0.001136981080720447
0.0364224379872848 0.001136981080720447
0.036563063923888355 0.0011395354680519907
0.03661959296579007 0.001145425380924359
0.03675949848599346 0.001156704089032487
0.036896875703210166 0.0011586670305397246
0.03712616903173858 0.0011772555782690011
0.03746354693717468 0.001178874700997727
0.03769194017164616 0.001196321130893986
0.03788790567020885 0.001199972133739018
0.03811467838717575 0.0012092791966537553
0.03811467838717575 0.0012092791966537553
0.038265808045152234 0.0012216118734527381
0.03831759832755755 0.00122475703266172
0.03831759832755755 0.00122475703266172
0.03857875504896942 0.0012273477511585233
0.03858849883912325 0.0012309134124701214
0.038602475903817365 0.0012355915555050682
0.038602475903817365 0.0012355915555050682
0.038693047584239956 0.001237960922468397
0.03870229828570811 0.0012395026890379733
0.038729708415031816 0.0012436162708895188
0.03883197416340489 0.0012441406684302256
0.03884859216392469 0.001245085925758522
0.038920742769758515 0.0012474473436106335
0.03892747228797464 0.001249800190563115
0.03902333743431688 0.0012549843489980447
0.0390832220001749 0.0012573464096365923
0.03916617582565063 0.0012632415896567859
0.03934654098982905 0.001265362991642865
0.03939577991045615 0.0012653894500417864
0.03944073073362442 0.001265898955646656
0.039468854277304094 0.0012709837738171593
0.03956987972503648 0.001272211015260526
0.03962792782624444 0.001274885886532665
0.039646905256007225 0.0012759066189382672
0.039646905256007225 0.0012759066189382672
0.03965665574483055 0.0012777545561931183
0.03972878223183223 0.0012817611196344171
0.039741547022824356 0.001282124620120612
0.039755048697950726 0.001283263054459939
0.039853487969887844 0.001284571388965336
0.03991742747236729 0.0012895933532391726
0.03997195605754897 0.001292864860210035
0.03999908812131764 0.0012938271037118143
0.040036125492457844 0.0012961178759636639
0.04005233237632927 0.001296662591364071
0.04016354443068109 0.0012995194003069426
0.04023729438783678 0.0013058115168058794
0.04027298984596693 0.0013062373562256096
0.040379633752018904 0.001307758232798327
0.04041235912344868 0.0013086961353461594
0.040456699441931705 0.0013151925990582804
0.0405067182890725 0.0013175136890634519
0.04054781979212202 0.0013207367932256651
0.0406633519449178 0.0013293765653592912
0.0407973974646505 0.0013357362777522684
0.04104394630398324 0.0013368676646155712
0.041048228737569255 0.0013373844010087172
0.04104923696399959 0.0013386766241929172
0.04105062629068471 0.0013388991971006754
0.04116852537647479 0.0013408606047556413
0.04117975627156844 0.001343665534611994
0.04121488219177309 0.0013455952285554452
0.041286243875498 0.001347120716302146
0.04130542649805677 0.0013544704297596723
0.041479126304868025 0.0013567161468241655
0.04153029871221606 0.001359618970785284
0.04156546720344592 0.001365153759927226
0.041574492337386096 0.0013662732495427238
0.04163354287587105 0.0013712683845402208
0.04192765783746597 0.0013733561357216555
0.04193412236459947 0.001382109578012423
0.04199744621988548 0.0013831993129829762
0.0420277785106824 0.00138459258171635
0.04204009890201574 0.001389688593214137
0.042272565376950705 0.001392342768960656
0.04239829318884002 0.0013961209510680588
0.04243974292680436 0.0014033399105027344
0.04247721148145772 0.0014039734195937562
0.04259050238297111 0.001410770786919742
0.04337360486588421 0.0014152108341310397
0.043401143123461924 0.0014163739179927479
0.04375789742272409 0.0014214150849185814
0.04450642087225472 0.001441430836991334
0.04473799997875026 0.0014489301589488079
0.04672022424525755 0.0014792658769415758
0.04795253512640832 0.0014896478199603602
0.04904538383303417 0.0014946265802092298
0.04967863859218044 0.001512165038118643
0.049994079687652404 0.0015126107647192378
0.05039999211802768 0.0015211558208071763
0.050741664212466495 0.0015291542046359935
0.05075628538365607 0.0015403209556556132
0.051168064351273544 0.0015438928885419738
0.05169112562627248 0.0015489992831920337
0.05201135857251586 0.0015599908157398626
0.05239418257676111 0.0015735542416660685
0.05291098951863288 0.0015923633751851174
0.05421187708444532 0.0015925228447162803
0.05421187708444532 0.0015925228447162803
0.05421187708444532 0.0015925228447162803
0.0542743428980328 0.0016009946430344253
0.054284171902583944 0.0016067835472827214
0.05461046574487449 0.0016113536247344563
0.05484693453028411 0.001613383728141987
0.054857654499534204 0.0016164361984646158
0.05515675167755059 0.001627852114344268
0.055645934742596895 0.0016280148622724653
0.0561335034358883 0.0016282700653222613
0.0562080364006737 0.001639928120201382
0.05634717260655098 0.0016419386119891962
0.05688192046202606 0.001648718973934557
0.057103997647194836 0.001653944911590845
0.05808879740959268 0.0016681230549015613
0.05847774043465011 0.001670695598236172
0.05877508494670437 0.001677967627221385
0.05921949669594988 0.0016855749997295873
0.0597635430253936 0.0016967666604116747
0.06037326326767859 0.0017065166414690924
0.060911828264667935 0.0017095583556402674
0.06101089796279756 0.0017188596230430643
0.061420322661588256 0.001725746203497273
0.06255608190812516 0.0017397311150714025
0.06334279153099762 0.0017626319137233398
0.065087525659375 0.0017673129837791606
0.06609153204881067 0.0017675863074071581
0.06676620094978226 0.001770502747311501
0.06687637662503768 0.0017842598390699945
0.07072437169652843 0.001787547763434415
0.07148167452762895 0.0018196111148411455
0.07148439874829196 0.0018324690815835938
0.07728800893966115 0.0018825936064190121
