0.029999746783251246 0.0007763890244538303
0.03009033401404238 0.0008169782160543029
0.03047190620824594 0.000826361782342795
0.0305804024438038 0.0008405439799691258
0.030590375408727572 0.0008609093240982785
0.030775682407401576 0.0008700544872595956
0.0313358559101076 0.000889230205217124
0.031492883545721884 0.0008993662906483665
0.031605959993587354 0.0009188966225962978
0.0318723280829848 0.0009223067009491764
0.03203549259891274 0.0009279923278808801
0.03226154828876658 0.0009462457910428605
0.032304113659480424 0.0009472848161132341
0.03257536014551951 0.0009506658576494566
0.03262501234845653 0.0009525684414890796
0.03280548438128997 0.0009696992728931337
0.03294901579676555 0.0009780507904384225
0.0330026154104979 0.0009854772783148727
0.03319151135095377 0.0009872129824038639
0.03329074866054001 0.0009990246382006816
0.03345208311845959 0.0010015588015504636
0.033487855423921076 0.001003069889282883
0.03355804521016147 0.0010077986048192718
0.03383277768154176 0.0010093681662232757
0.03385283229434784 0.0010193715302769532
0.03386151490458496 0.0010202644046676407
0.03386151490458496 0.0010202644046676407
0.033917600409006855 0.0010226192536875371
0.03406329029863342 0.0010261254627327578
0.03408790660651689 0.0010293772193734946
0.034321089863615525 0.0010352264965638163
0.03433312849090232 0.0010391674823686334
0.03433471019073583 0.0010482076862491107
0.03451085269621922 0.0010557239512255748
0.034634425584040666 0.0010558239865376567
0.03466707387482995 0.001060946120090381
0.03467772876263538 0.0010622491547988624
0.03470107396918831 0.0010641154034864565
0.03484385076023799 0.0010682242439361074
0.0349035690884025 0.001068883716986382
0.03490673019401543 0.0010739387938357068
0.034977067411113894 0.0010747978832733973
0.03513011046026927 0.0010825755582806373
0.03522241064762003 0.0010839383898501272
0.03524364830208329 0.0010850238097329786
0.035274920794549545 0.0010898969568239522
0.03536893259791962 0.001090199680013036
0.03537421025261875 0.0010967039114797472
0.03540530543365608 0.001097748770581301
0.03553937817529424 0.0010984796271458377
0.03554153944435805 0.0011006660614412654
0.035607964434675725 0.001101868008620235
0.03561263963245813 0.0011058401689876503
0.035626350883392895 0.001106658038086758
0.03572441961856415 0.0011129791524131032
0.035961392225776906 0.001122408237962075
0.035961392225776906 0.001122408237962075
0.03607916881436159 0.0011235715795963825
0.03620637896782604 0.0011303087351783809
0.03629620958201737 0.001132298944063719
0.036394782926560273 0.0011369417217456125
0.03650387501021224 0.0011378887531923961
0.036528307938520035 0.001139667026564407
0.036538482216823084 0.001148180271978229
0.03659361714598809 0.001150942387922381
0.036762798622196405 0.0011535620759075835
0.03690623385519774 0.0011544987941170784
0.036934173200507625 0.0011556428785381126
0.036937542276569924 0.0011614358879142865
0.03705072937425456 0.0011660342849940403
0.03710538292681032 0.0011686380294479242
0.03717323709532158 0.0011719888555442068
0.03719871006519008 0.0011762748240186363
0.03738873771230143 0.001180596426561356
0.037419441433797204 0.00118088360439479
0.03746764541464382 0.001183245950670641
0.03748491232075543 0.001183505794409811
0.03748491232075543 0.001183505794409811
0.037509576073645634 0.0011867229338843746
0.03766880856708647 0.0011949553480877758
0.03776484656019654 0.0011984340587724374
0.037776581094996986 0.001199850780295182
0.03788159125010983 0.0012011388668590871
0.037926912749284517 0.001205567299829981
0.03801898678146988 0.0012073308012915136
0.03810948379906032 0.0012106416523792304
0.03818405185695146 0.0012139186973911386
0.038254940453427755 0.0012151654289952831
0.038285974806765724 0.0012169354267864878
0.03836258373064977 0.0012212202709449586
0.03845801912663255 0.0012240828348197542
0.03865663339446867 0.001224250310720851
0.03865803056141982 0.0012295822282171267
0.0386667387471042 0.0012321766627470085
0.03867432319253014 0.0012377391578459092
0.038841174629271225 0.0012457837311499098
0.038959565107480845 0.0012499009344552879
0.0390959175368682 0.0012520418763345277
0.03925873406991205 0.0012593542954896894
0.03931237060907586 0.00126092351584918
0.039346901780246524 0.0012652402774825963
0.039531581292767626 0.001270595922393077
0.0397346622019617 0.0012838770414378862
0.03975261022515293 0.0012902070183351078
0.040287587720692776 0.0012906952666418292
0.04031046337932003 0.0012977177016195863
0.04031467352278436 0.0013027483065559883
0.040445494582806704 0.0013058975555688026
0.040540897204612264 0.0013075644559428974
0.040642723475769235 0.001309859173240228
0.04068196291689669 0.0013099289722668496
0.04068846652735783 0.001325985154512661
0.04099767061442493 0.001333327566692183
0.041108786150384435 0.0013418609073877546
0.041144573041291564 0.001343864090600748
0.04114686282500167 0.0013451414885450948
0.04136077980062406 0.0013500554318827504
0.04144676335588997 0.0013547081453666489
0.04174347567297194 0.0013592704793018054
0.04174347567297194 0.0013592704793018054
0.04185792548757967 0.0013670077272796006
0.041860894772997315 0.001369966350655863
0.0419373112780424 0.0013767958730516218
0.04195379058507202 0.0013776306077042159
0.04199124883327057 0.0013783668474669226
0.04199257008620338 0.0013786749899011475
0.04214803805509727 0.001382597109651123
0.04223258923568321 0.0013877930235670906
0.042469765879383864 0.0013923128524636137
0.04256739056799174 0.001398670303407295
0.04261384393947474 0.001399040812248198
0.042698358887372445 0.0014002438866962295
0.04270276533253156 0.0014080323376132091
0.042903857043748536 0.0014147593953301777
0.042903857043748536 0.0014147593953301777
0.042903857043748536 0.0014147593953301777
0.042903857043748536 0.0014147593953301777
0.04291907872640044 0.0014175639642078062
0.04361276968418494 0.0014228374469052538
0.04373315584000827 0.0014236844722132448
0.04451814253056597 0.0014238219630374966
0.0445504692339455 0.001427503116872099
0.044560107444812064 0.0014363025264292149
0.04499665511081916 0.0014464190958277962
0.04582624615247372 0.0014767017979535884
0.047266496698182885 0.0014787894252411265
0.04771563514176455 0.0014946151394234805
0.04800702734013975 0.00149505376116981
0.04866571769260575 0.0015116258927020442
0.04928964040049863 0.0015142961064456351
0.04948869374464143 0.0015151188484770497
0.0499385124292695 0.0015202522211110274
0.05016798420809749 0.0015298210864063235
0.05053962500619723 0.0015499159527428133
0.051385043449848164 0.0015565230344522817
0.05150650758282299 0.0015608112699827437
0.05206588437652787 0.0015671606212156245
0.05215156363040881 0.0015676043309621945
0.05268918788668885 0.0015688685028263775
0.0533201160564201 0.0015741389097139503
0.053352831042504406 0.0015762319448076622
0.053437195446851625 0.0015835266915092672
0.053722392931604246 0.0015975195384899294
0.05457408345163682 0.0015997879654360647
0.054619798974904384 0.001609846185613011
0.054716684046928296 0.0016158543898085295
0.055374277961350304 0.0016168316179993804
0.05543204321897441 0.0016213503763507072
0.05543402955166232 0.0016288145576025454
0.05602607850331213 0.0016362001256819679
0.05608905987198633 0.001640261898825593
0.056347601411188795 0.0016420197146987637
0.056352049302819604 0.0016455788485433694
0.056671174971873704 0.0016499935510254408
0.05695536374933888 0.001657407364277526
0.05748701329523369 0.0016651549425074409
0.05805289457803268 0.0016671711084790286
0.05814755923503736 0.001669439665570779
0.0583877286761495 0.0016715794768582966
0.05845555737174262 0.0016808277946047873
0.05895032853546602 0.0016833692166477404
0.059465540913335196 0.0016876228991380589
0.05969050552117805 0.0017033816690229897
0.06013754149233975 0.0017076149316835555
0.06064095546942817 0.0017133249136175037
0.061479448223403954 0.0017249976418567052
0.06166373183525398 0.0017281591525592829
0.061764141500969885 0.0017351519978403107
0.06225011692906217 0.0017372493828003341
0.06252072237785708 0.0017478883281895068
0.06256304439611496 0.0017518757066940986
0.06379208212002516 0.0017565012562219477
0.06456731777695791 0.0017716655838397424
0.064882155404393 0.001780401433106665
0.06629382882432786 0.001784682963787468
0.06630301924559624 0.001787823089946261
0.06732308586901248 0.0018064491172460077
0.06789866700514005 0.0018090206323270485
0.06838301897006988 0.0018156931424780317
0.06844455163693555 0.001824700481392706
0.06915131509067508 0.0018316893919326763
0.06962542802392309 0.0018378279952578009
0.07078905930242087 0.001847042953177222
0.07112340015097793 0.0018533062684361213
0.07180946888179648 0.0018594766015174113
0.07210728072675529 0.001871463522205264
0.07280055978774455 0.0018868173738522019
0.07330370458810281 0.0018996024096529511
0.07386044531156116 0.0019074218912487559
0.07408093300038925 0.0019078781511579763
0.07654815055030827 0.001933035350682729
0.07675204694915547 0.0019491990480293734
0.07699133243969042 0.0019573961526113586
0.07747263557632866 0.0019594563747765688
0.07811847965386208 0.001976154570105386
0.07963862418055283 0.0019889130469248947
0.07969208744782103 0.0019945028218417205
