0.029663723415688882 0.0007972120646097167
0.030287351240635172 0.0008066725992251765
0.03075278576208814 0.0008260987129063994
0.030935016601945184 0.0008266610686027424
0.031041453283099638 0.0008270822092178074
0.031041453283099638 0.0008270822092178074
0.031041453283099638 0.0008270822092178074
0.031227703791954296 0.0008472482375916717
0.031253882835233754 0.0008520936153341735
0.03138182031964789 0.0008532646664682919
0.03140360888236836 0.000896405149087042
0.03188854471261827 0.0008986546797604101
0.03217810421738666 0.0009112729969944392
0.03220303312052486 0.0009289824643190725
0.03290587264846885 0.0009350347632560759
0.03292270891914322 0.0009358269096150656
0.033105677808880685 0.0009665690956841947
0.0336189223532998 0.0009756335783929784
0.0336189223532998 0.0009756335783929784
0.03373252921161996 0.0009844899749953094
0.03381742566972337 0.0010046553276188842
0.03401082994621342 0.0010161251031904927
0.034209643098199176 0.0010181914169174952
0.034500680145694004 0.0010438211178384693
0.03484071883972564 0.0010549379227092156
0.03516480674976186 0.001068353164413751
0.03528221324830148 0.0010753925945787555
0.035316309843293925 0.0010874764286229837
0.03541937524452141 0.001098565637804482
0.03547573738976169 0.0011054206954380164
0.03568278667778692 0.0011076855357855025
0.03576690528988963 0.0011110812353053413
0.035833905830542634 0.001119283273162369
0.03615148336108943 0.0011251078283811364
0.03621551692992088 0.0011288590655079394
0.036302154053040984 0.0011326327311445266
0.036302154053040984 0.0011326327311445266
0.036324716496342946 0.0011335561029041877
0.03635797243050449 0.0011444990577265434
0.036575004710057236 0.0011447177044115956
0.03661227821725875 0.0011457722920817394
0.03668865871528214 0.00115107795288215
0.036722002654266034 0.0011557992732929862
0.036775748909561576 0.001158496263157374
0.036928265012869874 0.0011590714555821387
0.03695990095757448 0.0011605613481772321
0.0369908522377868 0.001166586212399589
0.03702460259909697 0.0011668249437781248
0.037086825953295426 0.0011752094636495762
0.03719625425766826 0.0011761670014392208
0.03721043039532252 0.0011769717039624332
0.037228846958497666 0.0011780958907239253
0.03740145626786069 0.0011814613129907036
0.037424836667772556 0.0011815321155670363
0.037456798652769324 0.0011816250622329267
0.037513477926919704 0.001189287677768219
0.037580991820197376 0.0011925485995325446
0.03772070029329189 0.0011966210933193702
0.037721702317341115 0.0011999638631107821
0.03775189631295674 0.0012011965487905628
0.0379800673096467 0.0012024053535800248
0.03800190937455977 0.001206727706243483
0.03802163795654095 0.0012085572710004565
0.03814380496864575 0.0012149971523862115
0.03818500459527867 0.0012152549581468598
0.03836266488361793 0.0012204325345441624
0.03838846739541072 0.0012215909630858349
0.03841127124606719 0.001226001335805636
0.03844341312708443 0.0012292763916844113
0.03853616633656093 0.0012339054199316957
0.03862834715957726 0.001234757738890556
0.0387381716082797 0.001243349928766175
0.03891563662455846 0.001244097396138948
0.03892923493468983 0.001244198601795719
0.03894763303189423 0.0012448869746341646
0.0389534841777157 0.0012469180389226384
0.03905625424543108 0.0012526367540387758
0.03912707557373075 0.001255589352790702
0.03936285366728659 0.001257614637983787
0.0393904037790093 0.0012578818130321795
0.0393904037790093 0.0012578818130321795
0.03939702459237464 0.0012640660077581488
0.039417875685065586 0.0012647137534358374
0.039492319289836035 0.0012697578210745727
0.03951307977872688 0.00127008147732733
0.03951562176120478 0.0012712557585843945
0.03953488387144112 0.0012720785719639812
0.03953488387144112 0.0012720785719639812
0.03959929864755315 0.001278238627557929
0.03964635394300313 0.0012810192833282864
0.03981210669271448 0.0012840080305801089
0.03981210669271448 0.0012840080305801089
0.03990128080555619 0.0012851803988959837
0.040074131551789696 0.001297344255547238
0.04014071788796504 0.0012986156580647606
0.04017511526735719 0.001302482367263383
0.04033169296919361 0.001307272139030644
0.04033169296919361 0.001307272139030644
0.04041543220587077 0.0013112857679112241
0.040574985892183446 0.0013188224603314389
0.04073943239771484 0.001320566399917717
0.0409161908401665 0.0013252179209456885
0.040995432198659115 0.0013301216794592576
0.04100914379799457 0.0013303268520636774
0.04105684511342371 0.0013360357435966577
0.04109741516802986 0.0013375176158490387
0.04131754592952947 0.0013406915023894523
0.041323427158774496 0.0013416884917368753
0.041367713831716245 0.0013495670687649068
0.04143295701593862 0.0013537828516433925
0.04168700383684099 0.0013546493134579728
0.04172572158703073 0.0013680240399888376
0.04186781943296488 0.001375107585164993
0.04205214639653364 0.0013805100182277112
0.042281356099736496 0.001384666887773148
0.04241036281796512 0.0013903053777466708
0.04241434550106121 0.0013938764640042717
0.04243524931080854 0.0013964012042718872
0.04246802529049987 0.0013998862737071493
0.04256790560562291 0.0014055926843822822
0.04306462433478424 0.0014138381761681735
0.04311099250962676 0.0014191950453370824
0.04335564910796603 0.0014291649338060942
0.04364108497049029 0.001430051557699939
0.04408714185707287 0.0014329740336031132
0.04426510644098788 0.0014343059790765497
0.044332329130274926 0.001446195338919095
0.04463493244477281 0.001463482515675219
0.046265830068151825 0.001464578528619678
0.04635305822909544 0.0014727778559925186
0.04713368909388761 0.0014763876622078964
0.04742581731431714 0.0014943303025878357
0.04849050091103847 0.0014945343380218324
0.0486903859853012 0.0015048621301431402
0.05031144116287421 0.0015051675982967984
0.05031144116287421 0.0015051675982967984
0.05034126191289204 0.0015167609520154832
0.05043474056950501 0.0015182191347320453
0.05043474056950501 0.0015182191347320453
0.05064441882734183 0.0015289753571929468
0.05064597921200317 0.001542745219972969
0.0508561023446035 0.0015447226258888602
0.05089559213425075 0.0015449057704713504
0.05090069562375607 0.0015467078354147695
0.051360106411575006 0.001565091182581635
0.05258569700354823 0.0015725169286042095
0.05258569700354823 0.0015725169286042095
0.05286327575479911 0.0015738319915023077
0.0529081463938661 0.0015742159233036793
0.052938425051463345 0.0015784160238202767
0.053087198047912426 0.001584857775164256
0.053178471818742704 0.0015862394237755257
0.05339475659038463 0.0015903184191182894
0.05382619817408644 0.0016049303632286837
0.05449163444923972 0.0016137399014401804
0.05471661865885534 0.0016228604063153959
0.05550881717627448 0.001627364472241041
0.05586996983164084 0.001629726662206208
0.05598158105787747 0.0016317803334045275
0.05625298990251907 0.0016340543975203112
0.056254309105265236 0.001645316299120768
0.05639207707802027 0.0016550383404499952
0.05730087744256917 0.0016568926281135042
0.057358768986118976 0.0016575780134946024
0.05736957388841793 0.0016593967651596215
0.057592309570846864 0.0016614570014617841
0.05763802183920705 0.0016649978278044427
0.05774698041550411 0.0016661183780143436
0.05781645378892243 0.001671352351506461
0.05804097240131467 0.00167304854425003
0.05806215563713492 0.0016731418910758927
0.05812320448140161 0.001673894381875339
0.0582867470694518 0.0016754386281127394
0.0582867470694518 0.0016754386281127394
0.05829122500888655 0.0016787566979578085
0.05838250576402755 0.0016793137061749644
0.058445614633313075 0.001679935710827983
0.058445614633313075 0.001679935710827983
0.05849610177969801 0.0016803255370772437
0.058684822078490684 0.0016831343402517406
0.05896516196835025 0.0016881588529398845
0.05921652523700996 0.0016899442265285686
0.05960565982498221 0.0016906165243213893
0.05963924710089596 0.0016999954339613813
0.059659657065054654 0.0017024644274566195
0.0598145705706105 0.0017074741072319803
0.06019898619275557 0.0017097449701275037
0.060434567011446755 0.0017106428676619452
0.06066671878664774 0.0017116079443392277
0.060771459642435806 0.0017141744368831696
0.060990912762954486 0.0017258634776332338
0.061092681695849235 0.0017283008509756774
0.06175406476850541 0.0017363333378807866
0.06198077483784002 0.001737107740312663
0.06218544427821322 0.00174538696935302
0.06234792377277171 0.0017513768727070347
0.06291549727997305 0.00175546127237034
0.06291777706652463 0.00175620435051403
0.06303561064034945 0.0017569876938419266
0.06315873798745514 0.0017599965704499087
0.06335157839952925 0.001761264178278985
0.06335173655212331 0.0017616297230493541
0.06376943564332575 0.0017721485790392452
0.06385186908526444 0.0017740033745250684
0.06385186908526444 0.0017740033745250684
0.06385903619600627 0.001774183699085974
0.06415724666503204 0.0017781085415790733
0.06432970428645896 0.0017819543529732844
0.06476560970370564 0.0017909112088882835
0.06543278754693248 0.0018000017905585026
0.0664631364695795 0.001807277139580464
0.06687771729800637 0.0018185789943375497
0.06762211976489563 0.0018241747061477013
0.06825624923314086 0.0018252280680548093
0.06825667040024432 0.0018252743005666636
0.06843752215254362 0.001836064069848649
0.06857128809175314 0.0018436130052643847
0.06881184563540477 0.0018545879667414885
0.07033174995695107 0.0018710280247485366
0.07196943005151095 0.0018868663005039725
0.07222473283017325 0.0018935623451301494
0.07432417747903797 0.0019152481078085553
0.07437150927283519 0.0019225941217347097
0.07437150927283519 0.0019225941217347097
0.07607840397707077 0.0019409751918649484
0.07639849040780436 0.0019501826668274038
