0.0075969403648929595 0.0007801607698640744
0.00772830881380638 0.0007835670673964664
0.007746633888567035 0.000801905136334994
0.007823887393986543 0.0008030313525097582
0.007823887393986543 0.0008030313525097582
0.007893831542057198 0.0008116279988136594
0.00789699446217037 0.0008172657023881179
0.00789699446217037 0.0008172657023881179
0.00789701407793942 0.0008353903347888921
0.008393420985438384 0.0008477286210321912
0.008491475614064069 0.0008591545685533765
0.008540230847166305 0.0009190244771510696
0.008766904860861163 0.0009285416896434251
0.008770077566111575 0.0009429082312608589
0.008811948911831912 0.0009493976905024177
0.008811948911831912 0.0009493976905024177
0.008911730103900043 0.0009628892787453216
0.008911730103900043 0.0009628892787453216
0.008911730103900043 0.0009628892787453216
0.008911730103900043 0.0009628892787453216
0.009143759379678065 0.0009933154238151794
0.009221451597809 0.0010007560381843146
0.00922285108253142 0.0010115457830630907
0.009391573186715404 0.001019785624116428
0.009420244730955096 0.0010297225900455396
0.009521559458721206 0.0010407186338183894
0.009560130012527503 0.0010851090321822884
0.009716114605437793 0.0010877067984332146
0.009868891414532918 0.0010901633797967322
0.009891011965583132 0.0011579965654508642
0.01013139847820119 0.0011697052495253154
0.010148165600237662 0.0011709207242578815
0.010186646621977907 0.0011833370571072217
0.010308142026854409 0.001189751045223249
0.010360066561379357 0.0011911197411673881
0.010367219525833226 0.0012082447724758468
0.010399406323186542 0.001215116115551118
0.01053655771038911 0.0012262889641837804
0.010667735197457343 0.001229647164764434
0.01078516695520793 0.001256986995772442
0.010958202921939116 0.0012786369220849764
0.011007486825962837 0.0012945776906774893
0.011096375943481507 0.0013048652591956488
0.011608015475496114 0.0013245236539548013
0.011692159394533413 0.0013259836933337994
0.011828023891115834 0.0013727583807527004
0.011966837231980299 0.0013912215953381449
0.01212178400841275 0.001394880214011941
0.012318750500058834 0.0014289364341824
0.01238682538124348 0.0014504377747381046
0.012768169843103666 0.0014608852819767695
0.01388610101600871 0.001483421500886061
0.014905266552643202 0.0014843283748913387
0.01640995321446535 0.0015003858394955574
0.016732156925983156 0.0015329130397411428
0.017745465780765017 0.00157458774199204
0.019188543501711643 0.0015936144704423736
0.019445489714285575 0.001621741488173204
0.02021793431015259 0.0016357744908715877
0.02021793431015259 0.0016357744908715877
0.02021793431015259 0.0016357744908715877
0.021013521370579786 0.0016480103926332763
0.02113643260768942 0.0016481226701312707
0.02140444440328325 0.0016790347279031761
0.0217952770660403 0.001695572970862082
0.022134274640659073 0.0017035389566502598
0.022169546678891726 0.001704924072538366
0.022608019704795233 0.001726864550138204
0.02276525278902863 0.0017350506652284376
0.02294857734310116 0.0017364497869539904
0.023183383622901864 0.0017509114951898435
0.02337151614543657 0.0017550590367698844
0.023559438349602523 0.0017576945214581837
0.023837946605830447 0.001764729867982191
0.024469712810952598 0.0017688791688607246
0.024523982200207618 0.0017771441690998416
0.024555490186100086 0.0017780724196009778
0.024824165739464398 0.0017796363315281864
0.02513857234699469 0.0017799388495336604
0.025238366809790292 0.0017835203189868576
0.025386323324162446 0.0017867977435009758
0.025460924483721763 0.0017876662650909792
0.025640857304617633 0.001811291397718728
0.026659273995722637 0.0018133882130846057
0.02720310200223556 0.0018171532284997547
0.02720310200223556 0.0018171532284997547
0.027208868856005517 0.0018253355207089109
0.027270502420977706 0.0018361493187425194
0.02744479215230006 0.0018510718137258163
0.027707666525160685 0.0018582454990518017
0.02788114791534449 0.0018585582740414373
0.028848755765614714 0.001859595096512518
0.029075895744081433 0.0018603478137274687
0.029077985074862735 0.0018897243114499112
0.029437860164871838 0.0018957126997677242
0.030016417728505607 0.0019038180137976605
0.03060867242014076 0.001913690890995829
0.030942838755171717 0.0019140231212374677
0.031373630478856294 0.001925925614490256
0.031766345204891334 0.0019536960621163095
0.031785177947782774 0.001953714146252503
0.03300805757491946 0.001977668909883933
