0.03018742185313537 0.0008136630447117432
0.03070383564809396 0.0008190688436893507
0.030845803285546806 0.0008315545821073072
0.031034954169357587 0.0008430038394122378
0.031232800061460175 0.0008473202414949383
0.031281765890497346 0.0008783261402394187
0.03150470140862531 0.0008888869137992704
0.03169377785995868 0.0008925497700362581
0.03221328747352285 0.0008965984891517724
0.0322168261293118 0.0009221083090214708
0.03268667346231125 0.0009373828333382535
0.03280821203496524 0.0009455680513995772
0.033004879519841865 0.0009484407283205857
0.03307448491208602 0.0009722161819021184
0.0331457589741407 0.0009789774201706483
0.03367434285221971 0.0009970787350803464
0.033735296601005646 0.0010044015989559617
0.03374119575220965 0.0010110554425651506
0.03374402669191906 0.001011170719642174
0.033808540350924995 0.00101535867784163
0.03404145584492299 0.0010252419505373533
0.03436337647340097 0.001037250261619025
0.03464254139300055 0.0010377874536544687
0.03475832772895194 0.0010418603824786927
0.03481774211431246 0.0010536401802708514
0.03482972289835002 0.0010549987097408934
0.034991745678569 0.0010646332420927481
0.03508520472982824 0.0010674143727827214
0.035105311951094224 0.0010783938089606211
0.03514569977915859 0.0010803798790097415
0.03546961688802337 0.0010913588630048964
0.035790188954538366 0.0010966814520165665
0.03582968859783634 0.001103491532567339
0.03597458709314237 0.001112824172345283
0.03610358455913459 0.0011131434709079424
0.03617614801125035 0.0011192320320795163
0.03619010119908321 0.001119866933665332
0.03623977969430337 0.001121764544189267
0.036345793822409725 0.0011250678167486897
0.036393724730534496 0.0011347233583400757
0.036421197958397954 0.0011360523474937675
0.03654829074182238 0.001138354414462695
0.036746544949983126 0.0011388641102682128
0.036762948674873425 0.0011494627039774733
0.036905919780001996 0.001149629095919359
0.03693399182234172 0.0011506229698868356
0.03699917657915478 0.0011520895142576222
0.03704908130137953 0.0011531894593991218
0.03713710172556357 0.0011609870516654526
0.03718022824007622 0.0011644483750445822
0.03727960003444512 0.0011686429391630552
0.03739461481730616 0.0011693960162580093
0.03740194932426472 0.001176961960490475
0.0376147090979221 0.00117818838872512
0.03762983351354643 0.0011797658971015338
0.03769349564785304 0.0011829755135046333
0.03770687686970505 0.0011851116468126767
0.03780738377442875 0.001188256044864466
0.037868496469587676 0.0011884698287194908
0.03792984665898285 0.0011937403048198074
0.03792984665898285 0.0011937403048198074
0.037942097506235416 0.001198945367422169
0.03795264576291906 0.0011994130862176351
0.03795264576291906 0.0011994130862176351
0.03806953882120759 0.0012070387275663526
0.03828443808027696 0.0012071180014750712
0.038439920577204335 0.0012100661436945212
0.038448257505834436 0.0012105770783049417
0.0384939873299854 0.001216534414191298
0.03855122977236121 0.0012168891680580472
0.03866008141878349 0.001219633413134014
0.03876675479071913 0.001224175192949545
0.0388484486710046 0.0012251618753641967
0.03894462562296772 0.0012378175449921
0.03913957980586271 0.0012395704961554173
0.03919970147907676 0.00124517547232285
0.039300381819776506 0.0012488475716741021
0.03952574039790036 0.0012505128398628035
0.039558101910971546 0.0012537349578277002
0.03956371121170514 0.0012548504257698947
0.03957547503465045 0.0012583982728027476
0.03965996174475324 0.0012612074820708796
0.03965996174475324 0.0012612074820708796
0.03977465297776121 0.0012723414512289795
0.03983438821302458 0.0012772341013281136
0.039938362271710354 0.0012800133061356238
0.039938362271710354 0.0012800133061356238
0.04011721008307809 0.001282242277251201
0.04024150121882786 0.00129340209387387
0.040254272526276634 0.001296273105823318
0.0405194003540691 0.0013005798014404013
0.04052980003684248 0.0013024690598370452
0.04069686202007089 0.0013041659587737496
0.040831077966253904 0.0013116480750857973
0.04091569635561732 0.0013250348467708788
0.041175819251954376 0.0013288425048319412
0.041476803319763264 0.0013432179675781871
0.0415279822391364 0.001350407484943833
0.042044382533128866 0.0013506959381182873
0.042050797494691323 0.0013654810942811775
0.04205293633792187 0.0013682465057658804
0.04230119778084147 0.0013702484976064787
0.04240690581723545 0.0013756986117599013
0.042415899934863485 0.001386546195113201
0.04302353293659614 0.001406280966238391
0.04672431094018085 0.001443593460990792
0.04807084576484753 0.0014491478144458571
0.04843138390665286 0.0014568493170834486
0.04849642221246603 0.0014730604162518338
0.04928421730659662 0.0014734585780210062
0.04965402242779757 0.0014906557631575732
0.05079966739673025 0.001493543372786467
0.051057028293445016 0.0014979522951566813
0.051135917177470444 0.001505468014930061
0.051135917177470444 0.001505468014930061
0.05161716411448927 0.0015257865619755407
0.051995812573453884 0.001526181705293427
0.05239086831600017 0.0015414039186471564
0.053352898028760365 0.001546909372387399
0.05360763820359017 0.001548167019037899
0.053679395110174236 0.0015540809319149244
0.053679395110174236 0.0015540809319149244
0.053752282066925894 0.0015673650543413988
0.05405741511485511 0.0015676190981859014
0.054155309330604834 0.001571774812071203
0.05429541633340649 0.0016010467899175939
0.05475633060769412 0.0016133162469709013
0.05544170034873841 0.0016155855538417842
0.05597177118103149 0.001627208052542387
0.056241372046848745 0.0016336691735725998
0.05625433366378199 0.0016338323890636624
0.05658884064105948 0.0016353347129440035
0.05667929659957337 0.0016478445590483138
0.05708638050828882 0.0016518212592301633
0.05730282260955578 0.0016525405739819179
0.057371990979230895 0.0016578996240052227
0.05786367606808117 0.0016674760351244695
0.058072235412384966 0.0016690759601400546
0.05862527461582437 0.0016814413997559877
0.05960001661361309 0.0016827675377767276
0.06000773804718364 0.0017010555302830743
0.060722190852840086 0.0017072680949157299
0.061588789281448716 0.00172203112525297
0.062379929508094664 0.0017311775637876801
0.06277856366581225 0.0017334636212929275
0.06294638588841997 0.001744765244748643
0.06319983900232523 0.0017531681049286077
0.06420004707520512 0.001758177362619272
0.06449028025639311 0.0017649826123223597
0.06497789741774881 0.0017829799334095724
0.06606377219337682 0.0017945454474431256
0.0680507993557602 0.0018023093293775827
0.06817501861095993 0.001820268409329845
0.06836526558623798 0.0018242926282094158
0.07190857546186226 0.001829982211461399
0.07261092151515708 0.0018330943858181573
0.07312112784157798 0.00185946811408588
0.07444119715510002 0.001887400159887533
0.07566175031132442 0.0019087725587761868
0.07758020607821822 0.0019154514571120794
