0.029795486930356597 0.0008008814743272152
0.030456656306299165 0.0008041978065818116
0.030515266486526978 0.0008128866008787342
0.03079069713164227 0.0008600712860885567
0.031552630192959646 0.0008666195934179937
0.03157440409093052 0.0008705011496053315
0.03168451657519751 0.000887019869295581
0.03172255727731098 0.0008985983762943559
0.03216180069756386 0.0009232372597472704
0.03276811320329249 0.0009258897996837886
0.0328868300252639 0.0009335367450152394
0.03296133299687493 0.0009519685394226334
0.0331772326334636 0.000961025938758869
0.033400065555128845 0.0009664670804297716
0.03340325118462424 0.0009807566383005157
0.033695307063458656 0.0009824117411173234
0.033907104563870624 0.0009859843158076067
0.033960116260808124 0.000987797133114887
0.033960116260808124 0.000987797133114887
0.03397764128849516 0.0010165283540559292
0.03419445328854683 0.0010222351652778507
0.03459742860152351 0.0010227805713814771
0.034668047109046425 0.0010397257114897068
0.034709671619446825 0.0010428459416141533
0.0348080927981782 0.0010478443974347592
0.03482569848689984 0.001057195954770572
0.03524207504407302 0.0010606679007728141
0.035262069841444955 0.0010628411208668297
0.03545681886466284 0.0011040188344944228
0.03585925385691077 0.0011085803042547473
0.03585925385691077 0.0011085803042547473
0.03627513682835838 0.0011201214053304497
0.036619427119400916 0.001122445437654444
0.03673049225957971 0.0011287766684999763
0.03686488400833396 0.0011364423710993722
0.03687755541299531 0.001141196435171852
0.03698356054153746 0.001141523844564236
0.036985344088965685 0.0011544138818125485
0.03727146422274543 0.0011550336446042313
0.037375357363305134 0.0011598798081298772
0.03749745950215885 0.0011614198002742689
0.03756196022349029 0.0011632471893125262
0.03766838259204959 0.0011663071758358755
0.037721794018575706 0.001166651555224914
0.037737763713373756 0.0011666667287204586
0.037744038847928055 0.0011680477088535745
0.03778884954856844 0.0011713137316411168
0.0377975266860693 0.0011760714068935595
0.037886484530312944 0.0011816925966917577
0.03792726531671833 0.0011838772857253733
0.037955225985452506 0.0011849884377197427
0.0380537878753932 0.001185892168145545
0.03813121192293028 0.0011907503351005228
0.03827658496655487 0.001191275965784425
0.03832944354215524 0.0011950205729617856
0.038331616264852056 0.0011958617753407225
0.038677626409544856 0.0012172615221257843
0.03871259458654701 0.0012202447855508933
0.0387353350586204 0.0012263498947774623
0.03909523646244098 0.0012578018305558468
0.03914607871528341 0.0012642355041152789
0.03966507388182853 0.0012689852934494375
0.039901054856442617 0.0012801185434105368
0.040271543265004116 0.0012978140807629625
0.04084061012516781 0.0013052429621816489
0.04084061012516781 0.0013052429621816489
0.04084386407383687 0.0013071718924972916
0.04132258230507189 0.0013232780672754576
0.04177762452780072 0.0013357084206767466
0.04178661796587176 0.0013399063900430628
0.04183421170541796 0.0013410558044804981
0.04187573770686989 0.0013448989742384022
0.04187954221659059 0.0013461005033444016
0.04198464978030296 0.0013477407793129358
0.042038664507139153 0.0013478562596029855
0.042070351955212665 0.0013578737076599303
0.04210450881045871 0.0013786461730358839
0.04248325291581101 0.0013791791785442557
0.04248325291581101 0.0013791791785442557
0.042570582510049595 0.001384090450541037
0.042573594671561646 0.0013856199337511804
0.042669033216776134 0.0013954889675125378
0.0427910264323567 0.001396088492719264
0.042917511122380014 0.0014094475940879619
0.04311936895685509 0.0014107202148905887
0.04369552299583005 0.0014339732251357558
0.04512406393315414 0.0014378603399474335
0.04518142155264095 0.0014399931309588502
0.046683041695340946 0.001449888560193225
0.046697150388187406 0.0014789236440936437
0.049088191192493046 0.0014860190224153342
0.04911922368692216 0.0014873235951223477
0.04936686648875562 0.0014948407590623112
0.05009834021724593 0.0015013087797408982
0.05076613420138347 0.0015182868503370744
0.05079373217636218 0.0015245411757257277
0.05079373217636218 0.0015245411757257277
0.05085471816543649 0.0015254922435847845
0.0511345311374691 0.0015390510531927324
0.052397399066263985 0.0015543565716623227
0.05308422927059299 0.0015714900299797336
0.05313958028062629 0.001574776196960685
0.05380731161233136 0.0015833503415131024
0.05396759896543243 0.0015889855134925356
0.05464542977838708 0.0016071942568873275
0.05518177539728615 0.001611767315280805
0.055258515513632936 0.0016135264782774633
0.05558568568933661 0.0016143492846017408
0.05560224089162449 0.0016146583719724547
0.05565489529280171 0.0016212758044948402
0.05574758336090062 0.001624916282146503
0.05576153627091687 0.0016303359510487407
0.05607107373941805 0.0016345556271414772
0.05657177904411624 0.0016355701037717514
0.056719830187334425 0.0016370707128043017
0.056935172438469836 0.0016378400916663423
0.05706224797907458 0.0016422630403977415
0.057257287649795305 0.0016504141160739133
0.05793972047488251 0.001656430755538089
0.05846272632729695 0.0016681479292701305
0.05936142279718296 0.001669165887260707
0.05948679002993647 0.0016719309556377572
0.059549545760537795 0.0016765231970382135
0.059549545760537795 0.0016765231970382135
0.05988660447032862 0.00167888844212278
0.060156792640847896 0.001686550582402965
0.06109353127714204 0.0016881333898273805
0.06109353127714204 0.0016881333898273805
0.061135904541992525 0.0016911925982976289
0.06142321431698323 0.001691457048318081
0.061446865724440455 0.0016922458243426083
0.06163553289390002 0.0016945556885937705
0.06173681063923091 0.001710467003977432
0.06195400248404041 0.0017229804941793297
0.06295851907798022 0.0017283586351266784
0.06307043402658193 0.0017302259781125935
0.06349535650899252 0.0017374249638275785
0.0640795252678838 0.0017387677615884247
0.06422194082166241 0.0017447060873024038
0.06541003772025819 0.0017490321699122117
0.06580267308115972 0.0017617155967242014
0.06620384895382041 0.0017625556629464376
0.06627635442272099 0.0017720420211160032
0.06756800785778755 0.0017858724806295956
0.06777523771391357 0.0017898065480619323
0.0685694292621831 0.0017954147118430367
0.07160538273613457 0.0018095249055435586
0.07165430741666945 0.001832801325146084
0.0721704380870295 0.001837528447968576
0.0726465510982334 0.0018454773497429385
0.0729796038388648 0.0018511864591223186
0.07422557099735605 0.0018529185855160192
0.07424812548475253 0.0018593434946759379
0.0746557662207347 0.0019094866453437341
0.07638554252006025 0.0019203442366270895
0.07683839998460114 0.0019228839518552893
