0.014578396134311333 0.0007327451842229493
0.01480212269234471 0.0007447979085100087
0.015505634277360514 0.0007795388144131721
0.013819050800520927 0.0005631701794754918
0.014132473763311282 0.0006422442857001442
0.013511814875528216 0.0003415225041862868
0.01572981951176189 0.0008400663289194199
0.015387663326691836 0.0007666058388622332
0.014325957046821713 0.0006669335416518152
0.01449036446865648 0.0006772082965653681
0.01424904161831364 0.0006509157933578535
0.013633583701448515 0.0005174170771624631
0.01647612958913669 0.0008902346826289431
0.014418561768252403 0.0006744252141288598
0.01682136201998219 0.0009345225219021813
0.01643426826922223 0.0008885304559953511
0.017051557340892032 0.0009634247153371689
0.013906346197472885 0.0006302455760760495
0.014240478107240051 0.0006447424957514158
0.015842559281736612 0.0008435027157247532
0.01495304616400972 0.0007590763655116461
0.015624044986907393 0.0008239322314693709
0.015901406848570332 0.0008575747397117084
0.013291641836985946 0.00013891503476770595
0.01451083819847554 0.0006925177026460005
0.01370802748715505 0.0005434173358480621
0.013587465073214844 0.0003894893693541235
0.014382610213942826 0.0006896782942931168
0.014004947937792167 0.0005929581448071986
0.015830112679395825 0.0008400678361795144
0.01483209547586739 0.0007647487973372336
0.013622205820865929 0.0005206820956118463
0.01460744030191563 0.000728875314734978
0.013957371236756444 0.0005656315206579166
0.013341906480491161 0.00016461681479995605
0.015581589454086497 0.0007781637677908293
0.015785536787007004 0.0008384029824810568
0.014335801650304347 0.0006804870381529327
0.0155209157965146 0.0007705086773057701
0.01679962145863101 0.0009559560976413195
0.013596196542493999 0.0004972983451807522
0.017225380754098296 0.0009705909631065879
0.01597168025909923 0.0008642173761472804
0.01653707496006973 0.0009391810817760415
0.016173585201613605 0.0008738255942262185
0.014084496244322509 0.0006488961225841194
0.01561095961369574 0.0007796713880452444
0.01648657931946218 0.0008856885879140464
0.013455459586111829 0.00035327303612575633
0.017628565954510123 0.0009796581921364123
0.01713468856178224 0.0009571278314979281
0.01547514827689156 0.0008153830185619881
0.014935179468011484 0.0007665495131732314
0.015925165149383247 0.0008526650181011064
0.015671954373829067 0.0008307952336963353
0.014417377358768135 0.0006983229450270301
0.017000064573949203 0.0009317963931607665
0.013397299480857328 0.00013370401393331122
0.01573096407810226 0.0008453195891888754
0.014988226408604532 0.0007740399269096088
0.0136598838143982 0.0005167028157302411
0.014159854530589655 0.0006282730546445237
0.015328994835726917 0.0008076898138824617
0.016273876681225374 0.000899091197652524
0.013654830283485353 0.00032310430924553657
0.013918002048740163 0.00061596086584359
0.016735739511204883 0.0009249699648989917
0.014194028277415782 0.0006730604063704959
0.014632556005381048 0.0007212819170945295
0.017436039983294904 0.0009827170815697173
0.01367777748964727 0.0005413304024841636
0.0159352874616161 0.0008609478109065094
0.014320869406219572 0.0006835202693764586
0.013664682512171566 0.0005400360507792357
0.016277561226161197 0.0008678140211486607
0.014853481756290421 0.0007503830884161289
0.014016287750564516 0.0006081823539716424
0.013923252874519676 0.0005293313324727933
0.01345876941923052 0.00038859407277413993
0.015837847808143124 0.0008183627778635127
0.014723554602824152 0.000709773950802628
0.01562753494363278 0.0007881578294473002
0.01659743266645819 0.000909805518858775
0.016198056808207184 0.0008249810180132044
0.015777062333654612 0.0007991242036951007
0.01733525044983253 0.0009634300063225965
0.013376668794080615 0.00036532815374812344
0.017066966684069484 0.0009593740260243067
0.015277852886356413 0.0007524303318859893
0.01394887815695256 0.0005359665253763524
0.016098980500828475 0.0008187661251213285
0.014277818379923701 0.0006841174026703811
0.013460855057928711 0.00042566878369143524
0.014086672745179385 0.0006270514377320069
0.01424443832365796 0.0006822388841101201
0.014358214975800365 0.000697420397955284
0.01386477006599307 0.0005133339054737007
0.014827419945504516 0.000732130967435296
0.01536085782572627 0.0007688100749874138
0.013717762776650488 0.0004312158762331819
0.016740890685468912 0.0009297380629504914
0.017751865118043497 0.000994094343695906
0.015756291308207437 0.0008624596057416056
0.013806085771648213 0.0005577216679739649
0.015432874031830579 0.0007838062465452822
0.016724611690733582 0.0009105707495109527
0.015329883841332048 0.0007784611307215528
0.014865141594782472 0.0007621491058671381
0.015715243614977226 0.000822371740014205
0.014145512017421424 0.0006214455024746712
0.013439072761684656 -0.00019679299225572322
0.014424192777369171 0.000694994338118704
0.014241139608202502 0.0006351997767524153
0.013648078893311322 0.0004724822533717088
0.014665709109976888 0.0007038624098640867
0.016486785258166492 0.0009042534220498055
0.01357137702871114 0.0002336734510208771
0.014393486897461116 0.000692761246682494
0.016912981285713613 0.0009729172998049762
0.014667681592982262 0.0007115597136362339
0.01365163386799395 0.0004905870641778165
0.013658503827173263 0.00049539048495717
0.014741488208528608 0.0007248251902183256
0.01632160146255046 0.0008798452936389367
0.016408696013968438 0.0008923544755816692
0.01685556338634342 0.0009251463470718591
0.013750172423897311 0.0005434668537418474
0.01571698996121995 0.0008391448527618195
0.014356587518705055 0.0006825479058534256
0.015831598633667454 0.0008548027053620899
0.015526843897532672 0.0008043437037486001
0.013366042781854048 0.00024548578517169517
0.016771912516560405 0.0009487792776781134
0.01364468495012261 0.0003057092878862022
0.013392717635724694 0.00028723336708935676
0.01625913113821298 0.0008599098273407435
0.013793063495540991 0.0003384659371477028
0.014606967044528574 0.0007410182770399842
0.013902018778026104 0.00035303824097354664
0.015350099507486448 0.0007666624462672189
0.016259554191492498 0.0008644051722512813
0.014204425038769841 0.0006439340852466557
0.014103876892477274 0.000594068766986311
0.01520229285233654 0.0007654283417650731
0.015442087431438267 0.0007922224217509211
0.01435649418272078 0.0006686426477244822
0.014145613939035684 0.0006427587136386137
0.013912554015405476 0.0005295294272400497
0.01654752343893051 0.0009389753085997654
0.01395471437717788 0.0005895476706427871
0.015142561809625477 0.0007645142277397099
0.016321523900842294 0.0008890929748304188
0.015611133916536346 0.0008345786982317804
0.01556773335323669 0.000817308061868971
0.01406745525309816 0.0006180468328693678
0.01526263274718076 0.000808662252893555
0.014719105995027348 0.0007439824330504052
0.01455184502992779 0.0007184170337950491
0.01678775280015543 0.0009132771028816933
0.013615579809993505 0.0004478092414501589
0.014263310993555933 0.0006426847712646122
0.013595125637948513 0.0003863535955588304
0.014031992177478969 0.0005960510943623376
0.01567907357821241 0.0008304475359182106
0.0144168067490682 0.0006727351246809121
0.013896521646529436 0.0005779296734544914
0.015184373798547313 0.0007925968570816622
0.016089223412564024 0.0008793190286269237
0.014919665147317573 0.000763621478654386
0.01430713856825605 0.0006541998870943644
0.016254941176157445 0.000889369173137311
0.016481790749821812 0.0008961999701568857
0.014155610522720963 0.0006325857236788579
0.013758783228695393 0.0005350515430109226
0.015631867048796266 0.00082608140269258
0.013289537891978398 0.00032732184058659186
0.017148225742857903 0.0009138710311162868
0.014372535690199584 0.0006812169413024094
0.014777646778384224 0.0007323139277559676
0.013888530898839235 0.0005311488785082474
0.01573488287976943 0.0008343885770045745
0.01860435528215021 0.0009779858010006137
0.013973084191093221 0.000553728543991383
0.013608028530143201 0.00042817522012228437
0.013445175485685468 0.0003330478584757657
0.016865781595697626 0.000961177335739194
0.013725508004426956 0.0004411648235418397
0.015821830660570413 0.0008573034865548834
0.01491768695996143 0.0007717676398897311
0.016205876832827926 0.0008903051177640009
0.01447455512243323 0.0007101961309672333
0.015750571037642658 0.0008350269863512949
0.014233313064323738 0.0006449390486977791
0.016546541766729206 0.0009442578357266029
0.015352285758126527 0.0008027889061850146
0.015460847469512373 0.0008097421095953905
0.013937353913206607 0.0005329166442606947
0.013391525892075151 0.00026065932775054534
0.014033095329068601 0.0005966293397250411
0.015859761100728065 0.0008725464103918057
0.014162815932650119 0.000641503307633684
0.01570997081580572 0.0008297733672861796
0.014004572440171614 0.000591924168247715
0.014845926692942157 0.0007268307642789296
0.015881614410318434 0.0008597314299549907
0.015195703483186662 0.0007687258985242806
0.01340178243117407 0.00029826901663909666
0.017201841983478516 0.0009775178386917105
0.014549432729836553 0.0006986618091104901
0.014168394060106948 0.0006136189458629815
0.014678061765152961 0.0007199729982403369
0.014678061765152961 0.0007199729982403369
0.01365218631690368 0.0005465705078222527
0.014568214101018384 0.0007096042436387506
0.01671418733894825 0.0008903447651391616
0.017151618289062753 0.0009274901735807362
0.014114194782450795 0.0005705042312911246
0.01345260109519586 0.00037847721523576183
0.014176668948493898 0.000651166523084612
0.01545228375471197 0.0007888945556260296
0.013500671717338264 0.0004335145156346698
0.014433578966418281 0.0006547092461914872
0.014127064117928967 0.0005877469611732522
0.013324913801625371 0.0002061307277472224
0.01651739701628685 0.0008896038596049038
0.014604007417801768 0.0007334223462294176
0.01388642642996274 0.0005981319529837492
0.015756791515741497 0.0008358677664546121
0.013660390104632825 0.000508058531295319
0.015468181227333844 0.0008193935195777158
0.016165316221304238 0.0008866745101840934
0.01599264028482139 0.000853580988405156
0.014575344510376453 0.0007317515976410505
0.013719588401727378 0.0005477221150158584
0.01549161464208737 0.0008315090233281808
0.016729817230952904 0.0009260890219593421
0.013465172960422933 0.00043109516332151543
0.014171293034451082 0.0006879046477479278
0.013615487318020314 0.0004361602138942544
0.015442795818671584 0.0007951303477966576
0.015027495624963194 0.0007505452244913613
0.014127659815130755 0.0006361726261729928
0.014825081161689013 0.0007384211269254592
0.01503794448217377 0.0007743938615476509
0.016361925372621045 0.0008824931792332791
0.014886383461998776 0.000767258471569221
0.01807567579089664 0.0009654511450207792
0.01643199543468654 0.0008889977764283685
0.013410742598352954 0.00037956685991957784
0.0154794457484968 0.0008211638496504747
0.014546920836437494 0.0007455988948095182
0.016747155925258994 0.0009116327903484489
0.014106871298281476 0.0004929388671826018
0.01568297977792099 0.0008266041597835283
0.013708841754123569 0.00039190392362797866
0.014159141428535804 0.0005751371672886307
0.01690352978766896 0.0009372305157739902
0.014526824234053493 0.0007384311898022133
0.015966757899150252 0.0008729496266823844
0.01718839316163212 0.0009480214857831015
0.014229214779334143 0.0006576040250365622
0.015262468252331018 0.0007993727595021483
0.013731642568018287 0.0004862649429924204
0.013687452854355797 0.00048084677746373927
0.015120197058422491 0.0007709867231824319
0.015985302190529183 0.0008864413448463893
0.014394058613106608 0.0006619036569190939
0.015042066079331562 0.0007296299027075293
0.01569915871368721 0.0008179163360182429
0.01523041888140142 0.0007773893912599306
0.015450103906914592 0.000790462891018251
0.015069118235260248 0.0007328070723815472
0.015265357127645984 0.0007806556868672487
0.01384896069066599 0.0005180630405448028
0.014506823441479355 0.0007214898569145589
0.013996205874718726 0.000593313918216154
0.014219103410141543 0.000605684665060835
0.014276854024501517 0.0006438615116621804
0.01406570861581713 0.0005977871051072725
0.015088805608684197 0.0007347498039962375
0.015844380657654256 0.0008271114902527188
0.016696372942533344 0.0009205080095853191
0.013478043489158154 0.00046378282513614977
0.017573677614564076 0.0009744485348619492
0.014438575599342585 0.0006734705259532348
0.015084936050698161 0.0007475538816379412
0.015097949421033263 0.0007596610003020032
0.013852686068275943 0.00028859509984613396
0.01642951980466023 0.0009126642926275963
0.014102144981734455 0.0005844706256539212
0.015281705360393971 0.0007709050451012445
0.01388179961941205 0.0003442737488512648
0.014577140274923295 0.0006976931938424968
0.017816309322370216 0.0009410119273525197
0.015930635476252064 0.0008521358367943321
0.014648625976406038 0.0007378765924386244
0.013917062809923664 0.0005393822154928785
0.01630538419703953 0.0008649827432236634
0.0167163711739704 0.0009161628997844673
0.015243124507833272 0.0007606055551150348
0.014019369526067749 0.000574466997932177
0.01398808739031665 0.0005495637228705164
0.017238234519027174 0.0009205934347846778
0.015314580785343423 0.000813403510619537
0.014139526523649693 0.0006429310126350174
0.015877393656410277 0.0008187549128706451
0.015308163652662188 0.0007887725178079563
0.01551727220066823 0.0007764971749111282
0.01526323426514864 0.0007755717288091546
0.019291498872917145 0.0009591256439307472
0.013905841682571918 0.0006128188465481799
0.013722954376135021 0.00043135766054547275
0.014529510808642954 0.0006671160522273567
0.0143494637159165 0.0006616758373638731
0.015598284255247563 0.0007928234406335832
0.015893141535343602 0.0008044646201597061
0.0159245950053446 0.0008086377001745859
0.01441747575881891 0.00066402377774466
0.013408025493845344 0.0001722587223866867
0.013687668193597347 0.00041962404202422476
0.013775851344689727 0.00047357877792819636
0.016550873027881607 0.0008809955220385746
0.014881519397022203 0.0007606597509948188
0.014576732937712222 0.0007283913366791239
0.01389513336471282 0.0005904523604840506
0.01565880753332749 0.000800975018137251
0.017951969290152192 0.0009287264724662236
0.014204651379259303 0.0006461698885686928
0.016242519166553393 0.0008665616314829094
0.01762883539777249 0.0009154054814644041
0.014606535522034392 0.0007344432781337673
0.014143387670628726 0.0006451683675550157
0.013893811585148796 0.0004950351396928454
0.016063859162386507 0.000835588805102816
0.016789721907116473 0.0008864265773809166
0.013901032623834908 0.000522331054071401
0.014082643436267972 0.0006463605523094884
0.01637888216646388 0.0008838045605443767
0.01347798528149724 0.0004652033092042984
0.015699710755143315 0.0008157262652730424
0.014660556247690693 0.0007254264446601155
0.01487614115467295 0.0007376978048796445
0.015108013059943914 0.0007660330068119947
0.016947071970207617 0.0009055625905602938
0.015295607998268679 0.0007908742172730854
0.014605529548134655 0.000692340484874876
0.01600456249434501 0.0008728535258342163
0.014417807862628251 0.0006579601840712712
0.01401376468129456 0.0006213996794031118
0.01455773547058925 0.0006820305234214175
0.01454431371530518 0.0006593752132175723
0.015884898719377816 0.0008670757833897369
0.015448752033989877 0.0007934387049317593
0.015414703433634713 0.0007912043238320621
0.013259581552119926 0.00020728820436488604
0.01373949131811969 0.0004823630804366985
0.014497499825665727 0.0006584354978258489
0.015051765454700217 0.0007523347724145424
0.01882321562152356 0.0009150680325547
0.015306667279219255 0.0007995339683475322
0.01345123173086904 0.000426309326030605
0.016077010601293296 0.0008738178057683399
0.013822291162796319 0.0005491464539773006
0.015653122740332037 0.0008383453202895907
0.013611064438009635 0.0005126145399572124
0.015233560086926445 0.0007645599953320925
0.01682998868636787 0.00096846755786828
0.01660393428755924 0.0008971039442258189
0.0163986956467852 0.0008748383179408847
0.01646823203191161 0.000879854594131757
0.015011171228252351 0.000723147011740366
0.015004529850557446 0.0007199106132702582
0.014191901864251122 0.0006497662141100591
0.01648481556912884 0.0008930034309742041
0.016962010180577636 0.0009734858967931359
0.014642371592344716 0.0006887981007821509
0.014327413373393938 0.0006553537743911875
0.016694193269358948 0.0009015430641738931
0.015307623776607215 0.0008040237053137389
0.015095850976649672 0.0007406919648929033
0.013602809514850378 0.0005046564938311349
0.014856994908768684 0.0007167815101638553
0.013970730593428016 0.0005645292521876399
0.014090745215071365 0.000638149356291251
0.016738261736463755 0.0009191040730911482
0.015346269705332816 0.0008082452832240961
0.014544475707225502 0.000668191689555897
0.015899803081993014 0.0008446459942206275
0.013993116619531065 0.0006039781574145309
0.013545690104365349 0.0005235209714555822
0.016794505005236715 0.0009526059702693601
0.014450480230152607 0.0006910672966569109
0.014040467940503731 0.0006049967025774095
0.015217974141705781 0.0007884455671955948
0.013222559151472524 0.0002669124116891908
0.015224615228362381 0.0007984034200489987
0.019776481902226806 0.0009537226883367111
0.014149740192806348 0.000646579142767223
0.014761341124540195 0.0007127163896711863
0.01632115413667634 0.0008562727698517847
0.016044034040533006 0.0008528518155799247
0.016344605886843055 0.0008971111856226344
0.015667058993130922 0.0008064595431278576
0.0148714060196653 0.0007440503306952451
0.013446845521684736 0.00043706007113542
0.01473670220002532 0.0007090430644893786
0.01518345793010667 0.0007380667439065292
0.015721917152404785 0.0008372718634745979
0.013399121671682224 8.722731945454143e-5
0.01619526869035326 0.0008558170829928713
0.016627307457383722 0.0009003995796774689
0.01415362284751609 0.0006819976565566321
0.013875655888114125 0.0005892885271805426
0.015353448805399239 0.0007524812335759634
0.013588865986093879 0.0004714627777957503
0.013428868842311203 0.00031716374678580905
0.01354969057138078 0.0003488221191219054
0.013213900965638459 -8.727053227630677e-6
0.016920672147534788 0.000957290065343841
0.013609340705443174 0.00047187589825625764
0.015664077829569578 0.0007756601544315345
0.016917336732149124 0.0009141119826381328
0.01378631399711594 0.0005107602728458005
0.01379239748348482 0.0005570168448230106
0.014695141377160326 0.0007345024218921026
0.01410661224508658 0.0006578393874860922
0.01625709212385118 0.0008714436607988318
0.015560275845928118 0.000775393465119123
0.015090496803168207 0.0007377995091246703
0.014136903337202966 0.0006424387759125239
0.01649824989726767 0.0009112343623201014
0.013559481623815373 0.00042278614091628697
0.01436545595061034 0.0006914669065736234
0.014634597406256944 0.0007327747989620548
0.013711508858250454 0.0005111021755510592
0.014087970019318163 0.0005783279430033872
0.01709996844874695 0.00092316976042639
0.013800470507703722 0.0005257642683318409
0.014160924911266193 0.0006448350347909582
0.015686570608522743 0.0008278827192498284
0.015569888812024146 0.0007881293504397036
0.01612718787509948 0.000845529830257874
0.013978162955027074 0.0005424243852303334
0.013394785637501627 0.0001781541895979899
0.01415292764431797 0.0006439208887059067
0.0162765744025819 0.0008876370343386952
0.014844539400655776 0.0007615199128849781
0.014717700454639271 0.0007390818354906514
0.013467978977132589 0.00036314123371994356
0.016172608331544325 0.0008729902838240378
0.016720175161026418 0.0009634607204134227
0.01385218504583463 0.0006128883683231834
0.013521391345420852 0.00042598024583639926
0.01649847096996382 0.0008813686226858408
0.013792030717013404 0.0005672544721164741
0.017298042483162135 0.0010048687972812331
0.014836397749604657 0.0007249246327774017
0.014947832853067666 0.0007579752727906452
0.014353822625707835 0.0006539320741012489
0.014572792744729668 0.0006888802881803713
0.015327641507610679 0.0007774801561026834
0.015449898201040924 0.0007962766730997828
0.01631545231794007 0.0008782642953519826
0.01504304469563067 0.0007713894347034511
0.015606768720317632 0.00083289558551769
0.01411915643257089 0.0006464702855737414
0.016224086692091078 0.0008600254004704766
0.01461556408321485 0.0007104079259079299
0.01395281933946535 0.00061898929675408
0.013671300956048071 0.0005447139626539865
0.013385790924075991 0.0002821565904014278
0.015924132079817355 0.0008454872363472532
0.016537893330678344 0.0008881562416718225
0.015360885532572865 0.000783656120802334
0.01378013048088178 0.000558572106911015
0.014537886949256063 0.0006551747410412645
0.014180402911733836 0.0006094482687331038
0.015170890430454165 0.0007749513742965064
0.015812168101547286 0.0008305972087327973
0.014340958470711485 0.0006232445566638489
0.015381007397081703 0.0007786746054989635
0.01694804767612368 0.0009339809257653542
0.014846148493234068 0.0007154780005294015
0.01568263364606537 0.0008038247899548878
0.016228946071350947 0.0008567784416300128
0.013718204572796822 0.00019083142024101107
0.016553717898204923 0.00089427918965157
0.015612018352840096 0.0007994058350959676
0.014072461344767362 0.0005906789021992154
0.015387652325443923 0.0007912587325336062
0.015383683377876878 0.0007904415733719361
0.015087799169123173 0.0007551143021373719
0.016787946893600747 0.0008983989896478306
0.013484273600624874 0.00011409763010306051
0.013732612133026123 0.0004069242422701791
0.014855019660899416 0.0007194274683115509
0.013732779712881893 0.0005406492446127231
0.013983814569655806 0.0005450551827834715
0.016186384425964206 0.000830708910825706
0.015040379628771916 0.0007507121108574211
0.014436621335335076 0.0006380857530530193
0.01579324752674438 0.0008087849855655804
0.01798612845595926 0.0009696661027192022
0.014580891176592559 0.0006950871756998822
0.013962084805825725 0.0005355757825782348
0.01410917699104175 0.0006498181974166073
0.015329090936575085 0.0007885419063313748
0.015427972684847191 0.0007967856820414454
0.01634063120582141 0.0009037877916853176
0.013370744680287316 0.00032160888736143534
0.015249856398440897 0.0007388597268800368
0.017029614828061312 0.0009207617204083363
0.01463877732749097 0.0006885657776365406
0.01483028833172284 0.0007278124164713518
0.013658861280418932 0.0005048694545166654
0.014650847762823105 0.0006967822218939546
0.015090438886545599 0.0007345110898313578
0.014686808979604393 0.0007218507439574751
0.014615406485972926 0.0006873178735986585
0.0173850643041078 0.0009563063867972232
0.014097812498221174 0.0005952176829850941
0.014374779362697154 0.0006814625830884324
0.015749342361232266 0.0008436858486220444
0.013580879633082077 0.0004940056624036515
0.013972848624689505 0.0005487095322678215
0.014442795742070302 0.0007022610916465055
0.014248309918912128 0.000630242757324595
0.01600971125299111 0.0008676525685586967
0.013961337419459596 0.0005628047019854421
0.015772767015732825 0.000805242802016437
0.014184417144861072 0.0005839651457790751
0.01438575831707567 0.0006608581411455816
0.01418513388489373 0.0006175455191623769
0.01465356579865329 0.0007282398157713033
0.015135546826058999 0.0007749121584765817
0.013370418804697692 0.0003718606085385545
0.016892526240553707 0.0009619185630072025
0.015543084184173495 0.0007832271789993683
0.0166692451457493 0.0008851092370605329
0.015678323892643675 0.0007964004162204219
0.016513584094354883 0.0008827572260088346
0.015779096429469064 0.0008174895319825737
0.013535540725570172 0.0004429507550867129
0.014097095147008076 0.0005834013757066714
0.014630801160819829 0.0007228100253087177
0.014956462779082358 0.0007497867679830961
0.014406293514184654 0.0006831953719483863
0.017614449316170067 0.000981379231234314
0.01390925925807096 0.0005287138521907764
0.013652382360305637 0.0005111764992307144
0.013592849514679983 0.000365682557458058
0.015320807375246659 0.0008068256420301623
0.01406045543262735 0.0005781301301794883
0.014124789042398334 0.0006430545220155182
0.015636053285561502 0.0008246039858477161
0.015772594895679504 0.0008610854465587181
0.01950660059810616 0.000981017390586203
0.018103022885043174 0.0009594344403467403
0.015316156059270725 0.0008018547305255197
0.016271083790343255 0.0008896258013919578
0.016751574410591274 0.0009420945498277433
0.014185972540872172 0.000646176929876674
0.01498358411481604 0.0007675192609895021
0.01652574265608564 0.0009336641642221366
0.01446764069260098 0.0006947539495740784
0.015767677105031908 0.0008433099137619138
0.017369808541843668 0.0009525412151560886
0.014956667058868334 0.00073625003642519
0.013876742159482092 0.0005700964729840052
0.0137368768628221 0.0004920327303352678
0.014297662943135947 0.0006534546246257378
0.015311708528315648 0.0007989916421138332
0.014723768283147365 0.0007286551717697876
0.013944350008387119 0.0006098393341744668
0.01412963485927321 0.0006477611593709298
0.0163244579161983 0.0009030687215272337
0.014350092125823721 0.0006740812023053877
0.01368774549337104 0.0005614634321773337
0.013373178720939904 0.0003008930716532632
0.01711934938794002 0.0009584138197169523
0.014088733907556161 0.0006177192012728483
0.014393306366400793 0.0006858816996100359
0.015773551393067464 0.0008384138477595116
0.01528417257941328 0.0008063084042078117
0.014593062340281904 0.0007334454826377623
0.016895437438506633 0.0009580732021277072
0.016294865868985653 0.0008950110841396963
0.014474796102149412 0.0006959094002922939
0.013433976797387004 0.00040825256041898683
0.013868887617718428 0.0005765149144281168
0.014123805740382522 0.0006418000393750845
0.01391332718776539 0.0006038326396264893
0.014290160092059523 0.0006634287776705605
0.01288429563282989 2.1416418348962907e-5
0.01595052023185417 0.0008432728973275516
0.018475622637197375 0.0009668022976256907
0.013633455586386845 0.0004932681722493726
0.01607973696081899 0.000858339070873626
0.013908624998293817 0.0006155140035843942
0.01722241210518405 0.0009011754118546378
0.015896146767772734 0.0008033358838019922
0.014162825682433322 0.0006258683988562552
0.014621674257796258 0.0007295299503766728
0.014717340643983334 0.0007300716877125524
0.014564431214239448 0.0007081792637109174
0.014849411090835929 0.0007518235261159134
0.014320691698230803 0.0006912046828801977
0.015467134304344654 0.0007990863123268355
0.016788311710115522 0.0008953651677074959
0.015049088833620772 0.0007526639128627721
0.0163696474628523 0.0008922445367716136
0.013481817208230495 0.00043879089707843377
0.01783467354835011 0.0009102416634050314
0.013375727459788322 0.000377921006474935
0.013653342670295388 0.0005498622615505155
0.015070882509462535 0.0007362052306234546
0.013810337521135807 0.0005263075172479148
0.014647055271780118 0.0007314216420581943
0.01434879144653678 0.0006704262393668614
0.013624485058244318 0.0004895829295037402
0.01635372336022556 0.0009056788803718518
0.013403908291365951 0.0002226041392532352
0.013575136952567846 0.00032772676831882563
0.014272457570768893 0.0006542013443322503
0.014015481487149373 0.0005877825969946571
0.016295211302349344 0.000882571934198495
0.015514991944655776 0.0007801429044320685
0.013540678599383682 0.0003166845356190606
0.01618659184896387 0.0008412011902692029
0.01725052433903329 0.0009651419222791446
0.013838684652000666 0.0005459921196688811
0.014069262251723558 0.0006179058643738244
0.014046875847270712 0.0006067023571176833
0.015676594310207292 0.0008196357002816512
0.015276760386768728 0.0007461010045517469
0.013373813213547692 0.0002824893704200804
0.013834493176545948 0.0004445566898994002
0.016191454138606787 0.0008648045234167512
0.017804714967496693 0.0010222614373560646
0.014278656424721703 0.0006771078951715026
0.018069508631015196 0.0010438060489832424
0.015328533831052482 0.0007891152727097506
0.014580132527044043 0.0007198151358807081
0.0156735731579829 0.0008177390632226889
0.013468306511640549 0.00036037180780112976
0.0167489442974329 0.0009226143392879749
0.01383853642619215 0.0005006890269214637
0.013949536019936204 0.0005793300797449774
0.014103058783803135 0.0005959915911262215
0.01470590234384872 0.0007273124522271246
0.01580023701535538 0.0008231222077483835
0.015248309297021478 0.0007717047483311035
0.014494308619759977 0.0006874805649204063
0.014134299039142206 0.0006225920460565249
0.014128289156360552 0.000621449461505108
0.01350774077582173 0.00041105252171291795
0.014983200235292315 0.0007634588400833309
0.017294831020990387 0.0009702570123408805
0.016702126304153353 0.0009202057719903678
0.0159699093492236 0.0008307066357247095
0.016327365767210722 0.0009180755212128133
0.013273174001369625 4.59516679711669e-5
0.016570692183449864 0.0008660351559228729
0.015271945885615423 0.0007745711291136104
0.015620263322489336 0.0008050527242176031
0.015311160328565165 0.0007784787057971698
0.01545262464787811 0.0007931980590001331
0.013483844319125637 0.0004509685529683338
0.016904437681660056 0.0009061940800165758
0.01326765542034991 0.00023536642675026087
0.016013587825000286 0.000831727079457778
0.013563186570536345 0.000534729910441456
0.014075009850785136 0.0006486399397545028
0.014388117444468662 0.0006575012846496975
0.01661293944926001 0.0008884596354619134
0.013981341326143593 0.0005634620574710425
0.016173905140021816 0.0008617576170308894
0.014074492384679615 0.0006474535982761154
0.016015388333471492 0.0008486161323162378
0.014584093180019408 0.000732873025981462
0.0169413493713364 0.0009074536255866406
0.017043115192791447 0.0009263116244255798
0.016973204794339836 0.0009078778682578559
0.015905571111943573 0.0008268355222753598
0.016169696697033942 0.0008541699955912918
0.01553583104396239 0.0007973753217811463
0.01568021741695702 0.0008264486168627627
0.01470211404375732 0.0007433786825004063
0.01505349698709324 0.0007577797478006687
0.014056357409572229 0.0005700999126929673
0.013776513282209635 0.0005523137524505728
0.013776451523881406 0.0005164645563127124
0.014526853716233745 0.0006649539429872675
0.013695361267309636 0.0004950025002017355
0.014549371146131307 0.0007065643394525978
0.01607850642176345 0.0008332618044732953
0.01666780313826166 0.0009203822655763361
0.016495754476636648 0.0008814647799226805
0.01620847368030809 0.0008693250465512392
0.015375759161543101 0.0007995482437763712
0.017670765751972795 0.0009549405531288357
0.015377657226053998 0.0008059093077008583
0.014053283084649593 0.0006475858699559467
0.01407271740026772 0.0006529633769787324
0.014948626019759104 0.0007635655365447747
0.0161129645712208 0.0008493474219903874
0.014854996756184846 0.0007627428612977383
0.01767286250833422 0.0009598018277756637
0.016451802715891972 0.0008720139639990521
0.015719607064966112 0.0008079441545305599
