0.03940997272729874 0.0012873482482973486
0.04138122592121363 0.0013554759789258242
0.039791598450392485 0.0013037024182267487
0.05055020470172167 0.0015723581309430301
0.06766035733744502 0.001800839658244513
0.041456354316323996 0.0013588351575890556
0.04995831986889243 0.0015349089808296412
0.03975464170798659 0.0013020975748077035
0.04328271234408021 0.0014219743316061795
0.041389656718820333 0.0013558290374930948
0.041514750104397535 0.0013596690550912172
0.041382265742868185 0.0013555119949160144
0.0686006979085505 0.0018551527900854126
0.04141613934189081 0.0013570118899224326
0.03973940433934331 0.0013014537398703396
0.05158813390880823 0.0015900687430985272
0.03295091167092323 0.0009474613616475835
0.03887618379667401 0.0012463175371522084
0.06856131134554744 0.0018544445920269936
0.03977280668914318 0.0013028472603764385
0.04985816963016987 0.0015332741604652256
0.039416766725480556 0.0012876672262791544
0.06653892761096358 0.0017605721077416092
0.04093611007556319 0.0013137226487742737
0.041399598121643066 0.0013562827953137457
0.04104288620874286 0.001339882262982428
0.05017715599387884 0.0015387479797936976
0.068449049256742 0.001852783068898134
0.03974782954901457 0.0013018380559515208
0.04829431138932705 0.0014664839254692197
0.05212352704256773 0.0015983763587428257
0.03938741656020284 0.0012863626470789313
0.03973345551639795 0.00130117911612615
0.03301191609352827 0.0009565211948938668
0.04163311515003443 0.0013669445179402828
0.048109698574990034 0.0014628737844759598
0.03938463609665632 0.0012862605653936043
0.04094546753913164 0.0013140264636604115
0.039412453304976225 0.001287462902837433
0.050841798074543476 0.001577110990183428
0.04839451378211379 0.0014685743517475203
0.049877059645950794 0.0015335861826315522
0.03974462300539017 0.0013016870652791113
0.04327252972871065 0.001420844841049984
0.039785489439964294 0.0013034853618592024
0.039787353947758675 0.0013035674637649208
0.05063091777265072 0.001573738467413932
0.03937226999551058 0.00128573841357138
0.03977495664730668 0.0013030644477112219
0.04904397204518318 0.0015206168172881007
0.041395613458007574 0.0013560958759626374
0.03941477322950959 0.001287552047870122
0.0388147602789104 0.0012443375890143216
0.06835572235286236 0.0018499039288144559
0.0397331677377224 0.0013011664705118164
0.041376397013664246 0.0013552773598348722
0.06577495625242591 0.0017356403695885092
0.03978550527244806 0.0013035044248681515
0.04905297141522169 0.0015207487740553916
0.0397499855607748 0.0013019170291954651
0.06562196044251323 0.0017320045735687017
0.04163181968033314 0.0013668844912899658
0.0411292165517807 0.0013438651658361778
0.041523746214807034 0.0013601959071820602
0.04140041768550873 0.0013563171087298542
0.04138228436931968 0.001355516171315685
0.05001202458515763 0.001535682997200638
0.041638197377324104 0.001367359931464307
0.041380655486136675 0.0013554447068599984
0.06628988636657596 0.0017544220318086445
0.039765055291354656 0.0013025659281993285
0.04838063381612301 0.0014681434695376083
0.05161061603575945 0.0015904656756902114
0.05161874322220683 0.0015906017797533423
0.04905520286411047 0.0015208075637929142
0.048117156606167555 0.0014631546509917825
0.03974747145548463 0.0013018008176004514
0.04303726274520159 0.001385849784128368
0.05077328905463219 0.00157603868865408
0.06861377321183681 0.0018553178670117632
0.03974652569741011 0.0013017855089856312
0.03941023675724864 0.0012873651285190135
0.050700210966169834 0.0015749007870908827
0.041403818875551224 0.0013564662804128602
0.0414102328941226 0.001356741355266422
0.04904600419104099 0.0015206706011667848
0.05070812255144119 0.0015750414750073105
0.041529623325914145 0.0013604814885184169
0.034085259307175875 0.0010429294197820127
0.03409650456160307 0.0010434661235194653
0.0685591739602387 0.0018544161139288917
0.050510309636592865 0.0015716576599515975
0.033965927083045244 0.0010151044698432088
0.05060677882283926 0.0015732774918433279
0.050508011132478714 0.001571649860125035
0.03975608618929982 0.0013021761405980214
0.04130368772894144 0.0013521319488063455
0.049895261880010366 0.0015338923258241266
0.03267596149817109 0.0008061059343162924
0.03858265792950988 0.001236259558936581
0.041117248591035604 0.0013433916174108163
0.04137510107830167 0.0013551893207477406
0.04327826201915741 0.0014213669346645474
0.04322281992062926 0.001415445192833431
0.04109141556546092 0.0013421211478998885
0.0413938476704061 0.001356018881779164
0.041382653173059225 0.001355539687210694
0.05165213346481323 0.001591161169926636
0.05071454215794802 0.0015751344326417893
0.04152813367545605 0.001360452311928384
0.051658390555530787 0.00159128186351154
0.041098419576883316 0.0013424382777884603
0.04091151477769017 0.001312529289862141
0.03972723800688982 0.0013008851528866217
0.03405574057251215 0.001041813928168267
0.04162952862679958 0.001366766809951514
0.049886920023709536 0.0015337537042796612
0.039820853155106306 0.0013049574627075344
0.04139682883396745 0.0013561372616095468
0.04902023170143366 0.0015202508075162768
0.0432829181663692 0.001422004439518787
0.039395122323185205 0.0012867627228843048
0.03976123733446002 0.0013024152140133083
0.050705437548458576 0.001574985624756664
0.04991605179384351 0.001534183305921033
0.03974489960819483 0.0013017155870329589
0.05171830765902996 0.0015922691964078695
0.066179727204144 0.0017453198815928772
0.039763402193784714 0.0013024924992350861
0.04152707103639841 0.0013603627448901534
0.050709113478660583 0.001575058267917484
0.06851149490103126 0.0018537446885602549
0.039729243610054255 0.0013009572576265782
0.050645073875784874 0.0015740883245598525
0.039755238220095634 0.0013021539052715525
0.05070692952722311 0.0015750016900710762
0.04139412473887205 0.0013560271763708442
0.041392949409782887 0.0013559887011069804
0.06856803176924586 0.001854577159974724
0.041141684632748365 0.0013444104552036151
0.039790171664208174 0.0013036432501394302
0.03976655565202236 0.0013026294764131308
0.04907749779522419 0.0015211655118037015
0.041131129022687674 0.0013439412869047374
0.04904073849320412 0.0015205862000584602
0.03935196017846465 0.0012848844635300338
0.043224260210990906 0.0014155290555208921
0.03978199092671275 0.0013032566639594734
0.04305024491623044 0.0013864655484212562
0.04326813155785203 0.0014204741455614567
0.05067295115441084 0.00157442907220684
0.04091797908768058 0.0013130529259797186
0.04800800094380975 0.0014594342792406678
0.04108741134405136 0.0013419381866697222
0.06657280214130878 0.0017620626458665356
0.049934817012399435 0.0015344539715442806
0.041420381516218185 0.0013571832969319075
0.04140134993940592 0.00135635634069331
0.04906437639147043 0.0015209480479825288
0.06579047022387385 0.0017360636848025024
0.04143372131511569 0.0013578254147432745
0.050770568661391735 0.0015760017558932304
0.06655230326578021 0.001761198727763258
0.03941570594906807 0.001287598890485242
0.0340857501141727 0.001042950781993568
0.05058467295020819 0.0015729255392216146
0.04112704563885927 0.001343751690001227
0.042990666814148426 0.0013782869064016268
0.05065586697310209 0.0015741526440251619
0.04906084295362234 0.0015208810509648174
0.05162586458027363 0.001590787185705267
0.039368698839098215 0.001285587510210462
0.039766736794263124 0.0013026406231801957
0.04112677834928036 0.0013437505258480087
0.039390143007040024 0.0012864988966612145
0.04109536949545145 0.0013423007912933826
0.051642851904034615 0.0015910098591120914
0.04142352379858494 0.0013572632597060874
0.03976004896685481 0.0013023304200032726
0.06575471302494407 0.0017355090385535732
0.04898120369762182 0.001519629789981991
0.038563042879104614 0.0012355704238871112
0.034135046415030956 0.0010450419504195452
0.06652295915409923 0.0017600145802134648
0.041389338206499815 0.001355816493742168
0.03849649569019675 0.001233277580467984
0.05072244722396135 0.0015752946201246232
0.03980853175744414 0.0013044376100879163
0.041388328187167645 0.001355779153527692
0.06616894947364926 0.0017451451567467302
0.03396806726232171 0.001015377027215436
0.0482753561809659 0.0014660111628472805
0.041362655349075794 0.0013546565314754844
0.03417118499055505 0.001045868339133449
0.03975497605279088 0.001302141507039778
0.06767044821754098 0.0018013988592429087
0.0413800859823823 0.0013554075558204204
0.03938464308157563 0.0012862945877714083
0.04910450428724289 0.0015216073079500347
0.041121941059827805 0.0013435810687951744
0.041632057167589664 0.001366885582683608
0.03803494246676564 0.0011533305078046396
0.06647982308641076 0.001759004095220007
0.03396118199452758 0.0010148130095330998
0.050781470723450184 0.0015761771646793932
0.04093922534957528 0.0013138288632035255
0.06550612673163414 0.0017292598349740729
0.0507472138851881 0.0015756659558974206
0.05162397166714072 0.0015907038177829236
0.04163708398118615 0.0013671839114977047
0.049068800173699856 0.0015209756675176322
0.0498726898804307 0.0015335198841057718
0.03411440551280975 0.001044164557242766
0.06615704856812954 0.0017449311853852123
0.039734555408358574 0.0013012499257456511
0.039752716198563576 0.0013020393525948748
0.0490596741437912 0.0015208687982521951
0.034079249016940594 0.0010426599183119833
0.050422077998518944 0.001570143853314221
0.04140560468658805 0.001356556938844733
0.041116714011877775 0.0013433075946522877
0.04998970963060856 0.0015353552007582039
0.03396274661645293 0.0010149501613341272
0.034079317934811115 0.0010426671069581062
0.03934009466320276 0.0012843566946685314
0.04304284369572997 0.0013861186598660424
0.03940877877175808 0.0012873026716988534
0.03939269948750734 0.001286596670979634
0.034073191694915295 0.001042450312525034
0.03823269996792078 0.0011726133088814095
0.03882415592670441 0.0012445881147868931
0.04324492858722806 0.0014170215872582048
0.04899006150662899 0.0015197606408037245
0.051742933224886656 0.0015927336207823828
0.06555591709911823 0.001730420844978653
0.05065726116299629 0.0015741696115583181
0.03941532224416733 0.0012875752581749111
0.041432962752878666 0.0013578093057731166
0.03408466558903456 0.001042904652422294
0.04138200078159571 0.0013554852339439094
0.041628564707934856 0.0013665858132299036
0.051766428630799055 0.0015929418586893007
0.04902994725853205 0.0015204082592390478
0.039750590454787016 0.0013019394682487473
0.04136424697935581 0.0013547413982450962
0.05081458110362291 0.0015768477751407772
0.06568313296884298 0.0017334443982690573
0.040930251125246286 0.0013134429755154997
0.039792208932340145 0.0013037805474596098
0.04327652230858803 0.0014209719811333343
0.05163628701120615 0.0015909349895082414
0.0498590562492609 0.0015333016635850072
0.03977377200499177 0.0013029382389504462
0.03975591994822025 0.0013021624617977068
0.06824338529258966 0.0018481507722754031
0.06765196518972516 0.0018006175669142976
0.03880905965343118 0.0012439451820682734
0.034076332580298185 0.0010425470536574721
0.050660776905715466 0.0015743111143819988
0.050785006955266 0.0015763461706228554
0.040938516613096 0.001313722736085765
0.050696635618805885 0.0015748183068353683
0.04140496626496315 0.0013565252884291112
0.03385686641559005 0.001008371080388315
0.04111916245892644 0.0013435132277663797
0.03939403221011162 0.0012866659963037819
0.03941016271710396 0.0012873616942670196
0.03857581689953804 0.0012360359251033515
0.0398000436834991 0.0013040849735261872
0.043047226034104824 0.0013862585183233023
0.04113430343568325 0.0013441455375868827
0.04141882946714759 0.0013571496674558148
0.05165014322847128 0.0015911374939605594
0.05074048414826393 0.0015755336498841643
0.05170263955369592 0.0015918929129838943
0.06573624489828944 0.0017348006222164258
0.04163325252011418 0.0013671235647052526
0.0398036646656692 0.0013042251666774973
0.04109149053692818 0.0013422540941974148
0.039416061248630285 0.0012876176042482257
0.041129592806100845 0.0013438704336294904
0.039796809665858746 0.0013039313344052061
0.04137089988216758 0.0013550147850764915
0.041429826989769936 0.0013576016062870622
0.05079490412026644 0.0015765100251883268
0.041128162294626236 0.0013438141904771328
0.04327732464298606 0.001421183318598196
0.039411093108356 0.001287406572373584
0.041127266362309456 0.0013438096648314968
0.04835616471245885 0.0014677834406029433
0.0413970653899014 0.0013561465893872082
0.06642439821735024 0.0017577151593286544
0.03972618235275149 0.0013008173264097422
0.04326698090881109 0.001420415414031595
0.038545845076441765 0.001234987867064774
0.03941714996472001 0.001287672552280128
0.03976753167808056 0.00130267180793453
0.041631202679127455 0.0013668398169102147
0.043252602219581604 0.0014172444498399273
0.0685460651293397 0.0018542815669206902
0.06838362896814942 0.0018517721036914736
0.050666749477386475 0.0015743295080028474
0.041378227062523365 0.001355343803879805
0.04324735328555107 0.0014170973299769685
0.04825549339875579 0.0014653755206381902
0.04851672938093543 0.0014710820832988247
0.04989760462194681 0.0015339706442318857
0.04152749851346016 0.0013603974075522274
0.05056849401444197 0.001572644483530894
0.03407311625778675 0.001042435149429366
0.03939594980329275 0.0012868725461885333
0.04299249732866883 0.001378408691380173
0.0432672998867929 0.0014204197213985026
0.041632472071796656 0.0013669381442014128
0.06585482461377978 0.00173876341432333
0.04104558192193508 0.0013402488111751154
0.050699696876108646 0.0015748712175991386
0.04153550323098898 0.0013607708824565634
0.039408628828823566 0.0012872986262664199
0.03940577385947108 0.001287181512452662
0.03974268166348338 0.0013015910371905193
0.039389210287481546 0.0012864624295616522
0.04114799853414297 0.0013446260272758082
0.04139958880841732 0.0013562823151005432
0.04913050215691328 0.0015227612457238138
0.04892311990261078 0.0015186983800958842
0.04321283521130681 0.0014148545451462269
0.05195070710033178 0.0015957378782331944
0.050750402733683586 0.0015756976790726185
0.049867293797433376 0.001533415139419958
0.03974761441349983 0.0013018305762670934
0.04111341293901205 0.0013431799452519044
0.03940733429044485 0.0012872269726358354
0.041122594848275185 0.0013436942390399054
0.0388046451844275 0.001243862250703387
0.039765635039657354 0.0013025868101976812
0.051644931081682444 0.0015910447691567242
0.0397502607665956 0.0013019290781812742
0.06761226756498218 0.0017997086251853034
0.041388862766325474 0.0013557818747358397
0.04093125881627202 0.0013134697801433504
0.050716244615614414 0.001575186848640442
0.03940280340611935 0.0012870414211647585
0.041129304096102715 0.0013438683527056128
0.04092215234413743 0.0013131301675457507
0.04323532851412892 0.0014161777799017727
0.049879811238497496 0.0015336560318246484
0.04141333280131221 0.0013568737194873393
0.040948317386209965 0.0013141179224476218
0.04139279015362263 0.0013559814397012815
0.04139790032058954 0.0013562362582888454
0.04136382695287466 0.0013547026610467583
0.06652988446876407 0.0017603403248358518
0.041154962964355946 0.0013449080288410187
0.03323033498600125 0.000990744709270075
0.039410995319485664 0.0012873893865616992
0.04994717380031943 0.001534685434307903
0.06661883508786559 0.0017621469305595383
0.04164193198084831 0.0013675111113116145
0.043268341571092606 0.0014204865437932312
0.03975506778806448 0.001302143355133012
0.06835136376321316 0.0018497178971301764
0.04140167310833931 0.0013563634711317718
0.03386704297736287 0.0010088422131957486
0.03974988730624318 0.001301884709391743
0.04320743586868048 0.0014145235472824425
0.03882452845573425 0.0012446755572455004
0.03939405549317598 0.0012866713950643316
0.039413818158209324 0.0012875142274424434
0.04142774036154151 0.001357541128527373
0.039411329198628664 0.0012874444801127538
0.03972124960273504 0.0013005739456275478
0.04140418581664562 0.0013564802648033947
0.041629874147474766 0.0013667949970113114
0.0506692249327898 0.0015743744152132422
0.06572507508099079 0.0017344252846669406
0.03385666199028492 0.0010082787630381063
0.041130476631224155 0.0013439119211398065
0.03938951762393117 0.0012864627642557025
0.049029684625566006 0.0015203774673864245
0.05161111196503043 0.0015904773899819702
0.03406707616522908 0.0010422344785183668
0.04906045272946358 0.001520873309345916
0.04903826490044594 0.00152055305079557
0.06637004716321826 0.0017563294677529484
0.0657796785235405 0.001735885874950327
0.041370225604623556 0.0013549886643886566
0.039796117693185806 0.0013039011537330225
0.03941127425059676 0.001287441496970132
0.041391259990632534 0.0013558936479967088
0.03822617093101144 0.0011717371235135943
0.04304148256778717 0.0013859947212040424
0.04136594105511904 0.0013548048445954919
0.043270961381495 0.0014206941414158791
0.03302830643951893 0.0009572191338520497
0.041396350134164095 0.0013561181112891063
0.05173725122585893 0.001592635569977574
0.0385834532789886 0.0012363238929538056
0.051634727511554956 0.001590890606166795
0.034082905389368534 0.001042875344865024
0.049876883160322905 0.0015335828938987106
0.03974340809509158 0.0013016187003813684
0.050939624197781086 0.001578633498866111
0.04909390117973089 0.0015214416198432446
0.0685526467859745 0.0018542855104897171
0.06580379931256175 0.0017363525985274464
0.05164848733693361 0.0015911330847302452
0.043285312596708536 0.001422823901521042
0.050493987277150154 0.0015714032051619142
0.05071072652935982 0.0015750704624224454
0.05157016450539231 0.0015898444689810276
0.05160143692046404 0.0015903675084700808
0.03883182303979993 0.0012449514615582302
0.04831537650898099 0.0014666511851828545
0.04164020670577884 0.001367392236716114
0.04142560577020049 0.001357391956844367
0.050882686860859394 0.0015779783425386995
0.04163315426558256 0.0013669756444869563
0.05061100609600544 0.001573438144987449
0.04164176061749458 0.0013674879592144862
0.041407663375139236 0.001356633918476291
0.0685651395469904 0.0018545312486821786
0.05071558337658644 0.0015751548926346004
0.034088228829205036 0.0010430501715745777
0.041650669649243355 0.0013680752890650183
0.04138501873239875 0.0013556317862821743
0.05172552028670907 0.0015923893224680796
0.04094529338181019 0.0013139938819222152
0.0515982354991138 0.0015903239109320566
0.050637210719287395 0.001573825255036354
0.049888111650943756 0.0015338347584474832
0.03323896415531635 0.0009910021180985495
0.03979173582047224 0.0013037066237302497
0.03296532016247511 0.0009488530195085332
0.04139801673591137 0.0013562407402787358
0.06541396118700504 0.0017210992955369875
0.06833252869546413 0.001849545311415568
0.03324653021991253 0.0009920075826812536
0.04837848385795951 0.0014681180473417044
0.038527834229171276 0.0012343389535089955
0.04137937817722559 0.0013553791941376403
0.0506103727966547 0.001573365821968764
0.04152190871536732 0.0013601104874396697
0.03409021720290184 0.001043137046508491
0.039762504398822784 0.0013024882064200938
0.051610281225293875 0.0015904605243122205
0.06647058902308345 0.0017586972680874169
0.039411894511431456 0.0012874452077085152
0.06615083897486329 0.0017449000442866236
0.0515851890668273 0.001589990293723531
0.06600317498669028 0.0017429450817871839
0.06646158639341593 0.0017586194298928604
0.0657941005192697 0.00173613362130709
0.05004561925306916 0.0015362073027063161
0.041635917499661446 0.0013671385968336836
0.0380648048594594 0.001154865516582504
0.03856602031737566 0.001235702700796537
0.05071194004267454 0.0015751247992739081
0.0480733891017735 0.001462192361941561
0.039379799738526344 0.0012861553113907576
0.03940966306254268 0.001287337625399232
0.040933779906481504 0.0013135728804627433
0.03385674115270376 0.0010082857334055007
0.04142542276531458 0.0013573874020949006
0.04141280381008983 0.0013568687572842464
0.04141565132886171 0.001357001077849418
0.05174291180446744 0.0015926795458653942
0.04145359946414828 0.001358715831884183
0.03973979456350207 0.0013014897122047842
0.04297908628359437 0.001377120308461599
0.06477470742538571 0.0017123315628850833
0.043253625743091106 0.0014173145173117518
0.06859058747068048 0.0018549939995864406
0.03412159625440836 0.001044466276653111
0.0393468183465302 0.0012846576719311997
0.04840657161548734 0.001468851653044112
0.03409008588641882 0.001043136406224221
0.03974632453173399 0.001301771611906588
0.049030039459466934 0.0015204129740595818
0.03858185978606343 0.001236115480423905
0.04909719526767731 0.001521487458376214
0.04143701167777181 0.0013580052182078362
0.04092304967343807 0.0013132321910234168
0.04111283225938678 0.0013431211555143818
0.06568389991298318 0.0017334631265839562
0.039719621650874615 0.00130050812731497
0.034062260296195745 0.0010420312464702874
0.06649350421503186 0.0017598794074729085
0.049883571453392506 0.001533715520054102
0.05164161277934909 0.0015910067450022325
0.039427966345101595 0.0012881320290034637
0.0394219676963985 0.0012878650886705145
0.05088488943874836 0.0015780402172822505
0.05058810394257307 0.0015729956794530153
0.04138442035764456 0.0013556222984334454
0.039408148266375065 0.0012872781953774393
0.049857910722494125 0.0015332635084632784
0.06858507916331291 0.0018548959196778014
0.050778426229953766 0.0015761381946504116
0.05072065442800522 0.0015752456965856254
