0.037471679504960775 0.0012005847383989021
0.05731630139052868 0.0016822482866700739
0.04155857930891216 0.0013685033773072064
0.05521722137928009 0.0015949859080137685
0.0573794674128294 0.0016832222609082237
0.04223740426823497 0.0013933851878391579
0.03656072588637471 0.0011165020478074439
0.03897073958069086 0.0012497144198277965
0.037499513011425734 0.001202084036776796
0.036853070836514235 0.0011625793267739937
0.05530792102217674 0.0015966636856319383
0.037450657691806555 0.0011996290850220248
0.038819374050945044 0.0012270412407815456
0.05596488434821367 0.001635053675272502
0.055993540678173304 0.0016354911640519276
0.04222888220101595 0.00139287777710706
0.03746355464681983 0.0012002052826574072
0.037458589766174555 0.0012000001588603482
0.057180916890501976 0.001680137385847047
0.048447818495333195 0.0015306326386053115
0.05736289080232382 0.001682984089711681
0.05577137274667621 0.0016318167035933584
0.04082122351974249 0.0013442001800285652
0.040849380660802126 0.0013452717612381093
0.03747115842998028 0.0012005562311969697
0.06340568419545889 0.0017350449197692797
0.038969054352492094 0.001249667417141609
0.06346821272745728 0.0017361651116516441
0.035680419066920877 0.001083527531591244
0.03750600107014179 0.0012021258880849928
0.04222940234467387 0.001392965074046515
0.03403120115399361 0.0008759027405176312
0.03899413300678134 0.0012507311621448025
0.053924019215628505 0.0015489783108932897
0.055896717589348555 0.0016338733985321596
0.03900541877374053 0.0012512213725131005
0.0374715537764132 0.001200560131110251
0.06405676435679197 0.0017734589491738006
0.03897934500128031 0.0012501111486926675
0.04084393801167607 0.001345104152278509
0.05737506132572889 0.0016831507673487067
0.06401831656694412 0.0017727948725223541
0.041570678586140275 0.0013690445630345494
0.05521734897047281 0.0015949976223055273
0.057410755194723606 0.0016837284492794424
0.053862407337874174 0.0015478167260880582
0.055858098436146975 0.0016332268278347328
0.05592466099187732 0.0016344732430297881
0.06346574332565069 0.0017361312347929925
0.0635356972925365 0.0017372877191519365
0.06406352017074823 0.0017735797155182809
0.037468474823981524 0.0012004308227915317
0.03686565160751343 0.001163112247013487
0.05527173634618521 0.0015963815967552364
0.05588565627112985 0.0016337069537257776
0.037487379275262356 0.001201288658194244
0.05599261540919542 0.0016354752297047526
0.03897394658997655 0.0012498636060627177
0.055869541596621275 0.0016334203683072701
0.05583697324618697 0.001632868588785641
0.03685583872720599 0.0011626223276834935
0.04157396452501416 0.0013692158754565753
0.05740899778902531 0.0016837162984302267
0.03747632075101137 0.0012007871264358982
0.05531404912471771 0.0015968256193445995
0.05747931497171521 0.001684842281974852
0.03746421402320266 0.001200237064040266
0.057357396464794874 0.0016828962980071083
0.06344875739887357 0.0017358274344587699
0.05383785301819444 0.0015471984224859625
0.03898609057068825 0.0012503950711106881
0.04157995665445924 0.0013693319633603096
0.040875325445085764 0.0013463969298754819
0.04085062840022147 0.0013453424180625007
0.037450892850756645 0.001199635211378336
0.037462472915649414 0.0012001644790871069
0.04845210909843445 0.0015307388675864786
0.038990555331110954 0.0012505832855822518
0.03885551728308201 0.0012285966076888144
0.055829830933362246 0.0016327446355717257
0.03746236814185977 0.001200152066303417
0.05587898474186659 0.0016335906548192725
0.06399964913725853 0.0017725104989949614
0.037470638286322355 0.0012005399039480835
0.035728624323382974 0.0010856761073227972
0.038862903602421284 0.0012290566082810983
0.0429499726742506 0.0014168049528962001
0.038977865129709244 0.0012500383018050343
0.055666444823145866 0.0016299462440656498
0.04087285161949694 0.0013461795751936734
0.03902945155277848 0.0012522465112851933
0.03396544884890318 0.0008710565234650858
0.05525899492204189 0.0015957414580043405
0.0476970337331295 0.0015062589081935585
0.03898817300796509 0.0012504811165854335
0.04843903612345457 0.0015304100525099784
0.05381321511231363 0.001547024308820255
0.037438889965415 0.0011991219653282315
0.05382980266585946 0.0015471217848244123
0.03748892806470394 0.0012013811065116897
0.04294731980189681 0.0014164595486363396
0.03747302386909723 0.0012006251636194065
0.04084064462222159 0.0013449701073113829
0.03897226694971323 0.0012497934949351475
0.03883024072274566 0.0012275899935048074
0.04156977217644453 0.0013690037158085033
0.05400553182698786 0.0015506810450460762
0.0415722313337028 0.0013690957275684923
0.03896988229826093 0.001249692591954954
0.04294501570984721 0.0014163933374220505
0.055764885153621435 0.001631620223633945
0.03745678439736366 0.0011999091075267643
0.048464260064065456 0.0015310203889384866
0.05588066624477506 0.0016336150729330257
0.0574249317869544 0.0016839518793858588
0.03750980133190751 0.0012023112358292565
0.05378574272617698 0.0015464186435565352
0.034016809426248074 0.0008748743784963153
0.03753194399178028 0.0012033169768983498
0.04155540210194886 0.0013683896322618239
0.040853065671399236 0.0013454248473863117
0.037457555532455444 0.0011999468551948667
0.03746031876653433 0.0012000630522379652
0.05580561235547066 0.0016323252493748441
0.04840164817869663 0.0015297143545467407
0.038876965176314116 0.001229539411724545
0.04084217711351812 0.0013450317055685446
0.06407953938469291 0.0017738557799020782
0.05740500707179308 0.0016836221766425297
0.04838621336966753 0.0015293089672923088
0.05520569114014506 0.001594788787770085
0.055948717053979635 0.0016347362980013713
0.037449156399816275 0.0011995588574791327
0.0391048938035965 0.001255504583241418
0.05578649742528796 0.0016320159629685804
0.037478110287338495 0.0012009030033368617
0.06357056321576238 0.0017378249176545069
0.03742256946861744 0.0011983773729298264
0.03745133336633444 0.0011996563553111628
0.042216493748128414 0.0013924560189479962
0.040852956706658006 0.0013454100844683126
0.038941165897995234 0.0012484381586546078
0.03900762554258108 0.0012513161782408133
0.06470654206350446 0.0017773755680536851
0.05383445229381323 0.0015471457518287934
0.053975975373759866 0.0015498925058636814
0.05574569199234247 0.0016313310188706964
0.037459926679730415 0.0012000524875475094
0.062148528872057796 0.001689497847110033
0.04085282958112657 0.0013453837527777068
0.035711280070245266 0.0010849615500774235
0.05601926101371646 0.0016358875436708331
0.06477423524484038 0.0017787052056519315
0.04083026270382106 0.001344594951660838
0.05596502684056759 0.0016350626392522827
0.03745655156672001 0.0011998819827567786
0.05399084882810712 0.0015501402667723596
0.05744616920128465 0.0016842778713908046
0.03403074853122234 0.0008758699987083673
0.03689973568543792 0.0011646999191725627
0.05731466691941023 0.0016822229663375765
0.05738473078235984 0.0016833143017720431
0.05532772373408079 0.0015969206433510408
0.06406484777107835 0.0017736098379828036
0.05598560720682144 0.0016353593091480434
0.03742773784324527 0.0011986236058874056
0.05401349323801696 0.0015507044372498058
0.038960341829806566 0.0012492995301727206
0.04086378449574113 0.0013458059111144394
0.0375126083381474 0.0012024296738673002
0.037499107886105776 0.0012018203851766884
0.03899358119815588 0.0012506933708209544
0.03904666705057025 0.0012529948871815577
0.05394070572219789 0.0015493407991016284
0.04081739904358983 0.001344011070614215
0.06411193031817675 0.0017744179931469262
0.036889977753162384 0.001164229732239619
0.03898716485127807 0.0012504418555181473
0.03747983276844025 0.0012009443453280255
0.03901953203603625 0.0012518278963398188
0.05580343585461378 0.001632284198421985
0.0408665151335299 0.001345966877124738
0.03653854876756668 0.0011154617168358527
0.05716683017089963 0.0016598240617895499
0.03897078474983573 0.0012497319548856467
0.05590088479220867 0.0016341116570401937
0.05587830627337098 0.001633575331652537
0.038849209900945425 0.0012283396208658814
0.06415852857753634 0.0017751973500708118
0.05521251820027828 0.0015948677901178598
0.03884374536573887 0.0012280980590730906
0.038994573056697845 0.0012507603678386658
0.05587676167488098 0.001633561376365833
0.05384412151761353 0.0015472751401830465
0.03744156053289771 0.0011992249346803874
0.04224310861900449 0.0013935080642113462
0.057345240376889706 0.0016827063373057172
0.05732369562610984 0.001682362359133549
0.03746988996863365 0.0012004849559161812
0.04086078959517181 0.0013457237655529752
0.06471427483484149 0.0017774789594113827
0.0389588912948966 0.0012492555688368157
0.05598772969096899 0.0016354029648937285
0.037465432193130255 0.0012002911098534241
0.05739613063633442 0.0016834759153425694
0.03687856812030077 0.0011636676645139232
0.06342265754938126 0.0017354192968923599
0.038951109163463116 0.001248880013008602
0.03896802617236972 0.0012496301351347938
0.05739807616919279 0.001683522161329165
0.03748256107792258 0.0012010730715701357
0.038983171340078115 0.0012502748286351562
0.03745381347835064 0.0011998301051789895
0.0408583702519536 0.001345596589089837
0.057354741264134645 0.0016828477382659912
0.04159193253144622 0.0013699170012841932
0.05576281202957034 0.0016315845132339746
0.04086879128590226 0.0013460964983096346
0.037422672379761934 0.001198403027956374
0.03748869150876999 0.0012013534433208406
0.04083029320463538 0.0013445969962049276
0.03898691385984421 0.0012504142505349591
0.055589953903108835 0.0016286371828755364
0.0415729486849159 0.001369096244161483
0.047685420140624046 0.0015061138838063926
0.03899908438324928 0.0012509474472608417
0.041558602126315236 0.0013685202138731256
0.03528015408664942 0.0009165597875835374
0.057432244531810284 0.0016840667667565867
0.05591596523299813 0.0016342300223186612
0.05586427450180054 0.0016333245730493218
0.057398919481784105 0.0016835246788104996
0.05588888144120574 0.001633766558370553
0.03884381614625454 0.0012281150702619925
0.03690585773438215 0.0011649558582575992
0.05579839553683996 0.0016321971779689193
0.057400630321353674 0.0016835324495332316
0.0558360917493701 0.0016328572091879323
0.05394295393489301 0.0015494455146836117
0.038974129129201174 0.001249891982297413
0.057501464150846004 0.001685118579189293
0.038980524986982346 0.0012501410383265465
0.04085844266228378 0.001345608186966274
0.038977647200226784 0.001250017186976038
0.05751746892929077 0.0016854286805028096
0.04080945532768965 0.0013437955058179796
0.03897542925551534 0.0012499196891440079
0.03685346571728587 0.0011626084597082809
0.057385091204196215 0.0016833199479151517
0.048441908322274685 0.0015304118569474667
0.03911228617653251 0.0012558240705402568
0.05584843084216118 0.001633067091461271
0.05572818033397198 0.0016309876809827983
0.036862818989902735 0.0011630785156739876
0.04222203278914094 0.0013926198880653828
0.03896066593006253 0.0012493013637140393
0.057314645033329725 0.0016822137840790674
0.055250894743949175 0.0015956619463395327
0.05389107624068856 0.0015482736780541018
0.03743972349911928 0.0011991534265689552
0.0388781176880002 0.0012295611231820658
0.04084675828926265 0.0013451736813294701
0.0365726575255394 0.0011167241464136168
0.04294619616121054 0.0014164268068270758
0.03688427293673158 0.0011639469157671556
0.04156422312371433 0.0013687827158719301
0.05744333006441593 0.001684256669250317
0.055305815767496824 0.0015965361089911312
0.055207813158631325 0.0015948237123666331
0.05748750222846866 0.001684931427007541
0.06345654418691993 0.0017359840567223728
0.035717039136216044 0.0010852059203898534
0.03686136566102505 0.0011629345826804638
0.03687368240207434 0.0011635031696641818
0.047686196863651276 0.0015061343146953732
0.04083490069024265 0.0013447731325868517
0.03743933839723468 0.0011991261271759868
0.03898631688207388 0.0012504050973802805
0.04156949347816408 0.0013689982224605046
0.05724616767838597 0.0016810940287541598
0.06408103602007031 0.0017738852766342461
0.05576827144250274 0.0016317662375513464
0.05742076691240072 0.0016838911396916956
0.055843446869403124 0.0016329917998518795
0.03685910580679774 0.0011628554057097062
0.055983911734074354 0.0016353513492504135
0.057339868042618036 0.0016825917409732938
0.039024803787469864 0.0012520574528025463
0.03895176853984594 0.0012489179061958566
0.05532881151884794 0.0015970695385476574
0.055883768014609814 0.0016336713742930442
0.05598815158009529 0.0016354206018149853
0.04085339419543743 0.0013454295258270577
0.04086744086816907 0.0013460054324241355
0.053993212757632136 0.0015501889793085866
0.03749056998640299 0.0012016272667096928
0.05402366304770112 0.0015507843781961128
0.05597843416035175 0.0016352395759895444
0.03749749856069684 0.001201740829856135
0.055851886048913 0.0016331361548509449
0.05375624494627118 0.0015457464396604337
0.03531154524534941 0.0009186208553728648
0.05744627024978399 0.0016842887562233955
0.05377220408990979 0.0015462051596841775
0.040855901781469584 0.0013455309454002418
0.038998542819172144 0.0012509424559539184
0.03897329606115818 0.0012498335709096864
0.03748913761228323 0.0012015450047329068
0.03897855617105961 0.001250068744411692
0.05520513979718089 0.0015947690553730354
0.03901014616712928 0.0012514240661403164
0.06398183619603515 0.0017721616895869374
0.05744744138792157 0.0016842968325363472
0.05751319881528616 0.001685358482063748
0.03752336371690035 0.0012029369827359915
0.054031178588047624 0.0015508732249145396
0.03899737587198615 0.0012509036168921739
0.038958172313869 0.0012491862435126677
0.06343872705474496 0.0017356882017338648
0.05579443136230111 0.0016321467264788225
0.047702073119580746 0.0015063645550981164
0.03746403940021992 0.0012002229632344097
0.037488534580916166 0.0012013251835014671
0.047713189385831356 0.0015065247716847807
0.04084005206823349 0.0013449033358483575
0.03746839892119169 0.0012004295422229916
0.03896834049373865 0.0012496552080847323
0.06345189176499844 0.0017358844343107194
0.03747237892821431 0.0012005859607597813
0.06343572773039341 0.0017356174939777702
0.05596317583695054 0.0016349931829608977
0.038980267476290464 0.001250131885171868
0.06484103994444013 0.001799452118575573
0.03744111210107803 0.0011991898500127718
0.03749501472339034 0.001201633785967715
0.05385750764980912 0.0015475111140403897
0.03747328883036971 0.0012006341567030177
0.038964121136814356 0.001249495500815101
0.06202955520711839 0.001687536721874494
0.03748389147222042 0.0012011614453513175
0.03895371500402689 0.001248996879439801
0.03747574985027313 0.0012007448240183294
0.03748290752992034 0.0012010918726446107
0.05745002767071128 0.0016843595076352358
0.03897577663883567 0.001249945955350995
0.05589903239160776 0.0016339332214556634
0.061992500675842166 0.0016866220030351542
0.03745162580162287 0.0011996878747595474
0.055651113390922546 0.001629685124498792
0.03898076992481947 0.0012501671590143815
0.03685286082327366 0.0011625230690697208
0.06410007923841476 0.0017741923074936494
0.0574511643499136 0.0016843727498780936
0.03899080492556095 0.0012506139755714685
0.035699272295460105 0.0010844127609743737
0.04085524566471577 0.0013455014413921162
0.04155934043228626 0.0013685704761883244
0.03746183170005679 0.0012001149589195848
0.041594212176278234 0.0013700609852094203
0.04157305136322975 0.0013691948988707736
0.04083646181970835 0.0013447918317979202
0.05742007680237293 0.0016838856099639088
0.055301455315202475 0.0015963947371346876
0.04156115953810513 0.001368622324662283
0.0388464299030602 0.0012282217940082774
0.04294755682349205 0.0014164950116537511
0.03749495279043913 0.001201631675940007
0.0408809301443398 0.0013465202719089575
0.037480627186596394 0.0012009911588393152
0.03745360067114234 0.0011997637921012938
0.04160167067311704 0.001370367463096045
0.05741908401250839 0.0016838472802191973
0.05737726157531142 0.0016832159162731841
0.037461902014911175 0.0012001502036582679
0.04157761624082923 0.0013692392603843473
0.03684668010100722 0.0011622493475442752
0.05370301520451903 0.0015447343030245975
0.06471762014552951 0.0017776433669496328
0.05747173447161913 0.0016847050719661638
0.055996792390942574 0.0016356090491171926
0.04838698264211416 0.0015293432807084173
0.03748644841834903 0.001201250561280176
0.047696931287646294 0.001506214466644451
0.05532848509028554 0.0015969691594364122
0.06473694369196892 0.001777816389221698
0.05588629003614187 0.0016337128035956994
0.0557634923607111 0.001631604682188481
0.03901501419022679 0.001251655034138821
0.0641404059715569 0.0017749172693584114
0.0389844817109406 0.0012503230100264773
0.03685635235160589 0.0011626792111201212
0.041557645658031106 0.0013684766963706352
0.04084425140172243 0.0013451241757138632
0.06403780914843082 0.0017731219268171117
0.038972485810518265 0.00124979906831868
0.037440703716129065 0.0011991758365184069
0.0357262440957129 0.001085579366190359
0.040838090470060706 0.0013448393729049712
0.057429417967796326 0.0016840229509398341
0.03896103939041495 0.001249329638085328
0.04085408570244908 0.0013454336585709825
0.053871513810008764 0.0015481274022022262
0.0573481903411448 0.0016827342624310404
0.038953747134655714 0.0012489984947023913
0.040878575295209885 0.001346420955087524
0.038989472202956676 0.001250533343409188
0.03747953427955508 0.0012009417841909453
0.06403898261487484 0.0017731562547851354
0.05518933478742838 0.001594535875483416
0.05744117731228471 0.0016842101176735014
0.055754915811121464 0.0016314874083036557
0.03745953133329749 0.0012000201095361263
0.03885574918240309 0.0012286081619095057
0.040838095592334867 0.0013448592289933003
0.036547094117850065 0.0011157610133523121
0.04084869986400008 0.0013452658386086114
0.040845779702067375 0.0013451405538944528
0.06233804067596793 0.0016924920928431675
0.03538498422130942 0.0009213071316480637
0.041550880996510386 0.001368159988487605
0.04155249451287091 0.00136827085952973
0.04222653666511178 0.0013927923719165847
0.037461050786077976 0.0012000913848169148
0.039011125918477774 0.0012514742411440238
0.03882329585030675 0.0012272228777874261
0.038878741674125195 0.0012295634223846719
0.05530461622402072 0.001596511181560345
0.05738456128165126 0.0016833086119731888
0.05583770526573062 0.0016329004865838215
0.03900416288524866 0.0012511637178249657
0.05394924129359424 0.0015494593244511634
0.037487481720745564 0.0012012892548227683
0.04082583333365619 0.0013443889838526957
0.05583012429997325 0.001632800864172168
0.037437569815665483 0.001199044898385182
0.04771820455789566 0.0015065956395119429
0.03898053942248225 0.0012501527817221358
0.03329292801208794 0.0004261005979060428
0.03900176612660289 0.001251052162842825
0.06464766385033727 0.0017767030803952366
0.041571710957214236 0.0013690612540813163
0.055650489404797554 0.0016296777030220255
0.036888889502733946 0.001164200104540214
0.06418861215934157 0.0017757550085661933
0.053777916356921196 0.0015463659656234086
0.04156440729275346 0.0013687982718693092
0.057448416482657194 0.0016843162302393466
0.03895103605464101 0.0012488714419305325
0.03746121283620596 0.0012001057621091604
0.05396240088157356 0.001549599488498643
0.03684997744858265 0.0011624657490756363
0.041566172847524285 0.0013688711333088577
0.03898431686684489 0.0012503079051384702
0.05592351779341698 0.001634356682188809
0.03687966940924525 0.001163719716714695
0.039001559372991323 0.0012510490487329662
0.055873232427984476 0.0016335187101503834
0.05583288241177797 0.0016328107885783538
0.04842592962086201 0.0015300935774575919
0.03747535916045308 0.0012007293989881873
0.03897539107128978 0.0012499180593295023
0.06414197944104671 0.0017749340331647545
0.053861536318436265 0.0015476898770430125
0.055825741961598396 0.001632681887713261
0.04085537535138428 0.001345517361187376
0.05580700933933258 0.0016323650779668242
0.04767686128616333 0.0015059782308526337
0.05591434519737959 0.0016341820737579837
0.04294995591044426 0.001416613784385845
0.03898512199521065 0.0012503665348049253
0.05523534771054983 0.001595233305124566
0.040842035319656134 0.0013450090555124916
0.04840462375432253 0.0015298206999432296
0.03690947266295552 0.001165116555057466
0.05736753111705184 0.0016830573877086863
0.05749174254015088 0.001685033945250325
0.04156742850318551 0.0013689323386643082
0.03571548452600837 0.0010851879851543345
0.05735128279775381 0.0016828241787152365
0.0389758893288672 0.0012499606236815453
0.057412752881646156 0.001683762136963196
0.05582845816388726 0.0016327243502018973
0.03533220035023987 0.0009197482650051825
0.03745847940444946 0.001199975929921493
0.05592113733291626 0.0016342924063792452
0.05380361620336771 0.0015467304619960487
0.05593220517039299 0.001634664717130363
0.0374667108990252 0.0012003628798993304
0.055899045430123806 0.0016339422290911898
0.04769968520849943 0.0015062960446812212
0.06343590980395675 0.0017356246389681473
0.0574891003780067 0.0016849602106958628
0.03900747559964657 0.0012513090623542666
0.06399499671533704 0.0017724316712701693
0.05581199796870351 0.0016324852913385257
0.05744150513783097 0.001684212198597379
0.03657526336610317 0.001116760504373815
0.03743938636034727 0.0011991303326794878
0.0476837195456028 0.0015060922014527023
0.036852333694696426 0.0011625064944382757
