0.0394635652191937 0.0012835583329433575
0.05187499150633812 0.0015753473853692412
0.05040271393954754 0.0014852781896479428
0.05248726811259985 0.0015957884315866977
0.05267560388892889 0.0015989851963240653
0.039458529092371464 0.0012833306536776945
0.04009566828608513 0.0013043684157310054
0.050405568443238735 0.0014853296743240207
0.03946491843089461 0.0012836203386541456
0.03796065738424659 0.0011920959514100105
0.051865508779883385 0.001575185771798715
0.03922025207430124 0.001264206162886694
0.039461682084947824 0.0012834734516218305
0.039465985260903835 0.0012836691312259063
0.052486986853182316 0.0015957853174768388
0.051879074424505234 0.0015754177002236247
0.05462849140167236 0.0016182253893930465
0.05051717907190323 0.0014875480846967548
0.040075352881103754 0.00130349890969228
0.04196866415441036 0.0013699764967896044
0.04008616041392088 0.0013039610639680177
0.040085830725729465 0.0013039471523370594
0.03832362871617079 0.0012347240990493447
0.052496916614472866 0.0015959384036250412
0.04259808827191591 0.001390681165503338
0.03800692921504378 0.0011937291419599205
0.04251902271062136 0.001378074026433751
0.04009414743632078 0.001304302946664393
0.05245894566178322 0.0015953473339322954
0.03946119174361229 0.001283449397305958
0.041619944386184216 0.0013484917872119695
0.03946523694321513 0.0012836348760174587
0.0394587661139667 0.0012833373475586995
0.051844713278114796 0.001574829308083281
0.05190952029079199 0.0015759333327878267
0.05463214498013258 0.0016182427934836596
0.03939159493893385 0.001280469965422526
0.03945879638195038 0.0012833398504881188
0.039467642549425364 0.0012837447575293481
0.039467775728553534 0.0012837543908972293
0.042595052160322666 0.0013904815423302352
0.052496437914669514 0.0015959303709678352
0.05553262773901224 0.0016478630423080176
0.05250066798180342 0.001595997397089377
0.05185218062251806 0.0015749566664453596
0.05186607129871845 0.0015751947939861566
0.03946437546983361 0.0012835950765293092
0.04009505920112133 0.001304342134972103
0.0394607363268733 0.001283428049646318
0.040086071006953716 0.001303957455093041
0.05250718165189028 0.0015960982127580792
0.04260122962296009 0.0013908761029597372
0.03922052402049303 0.0012642195797525346
0.05182880349457264 0.00157455651788041
0.03941988619044423 0.0012816835369449109
0.039463965222239494 0.0012835761590395123
0.05249508935958147 0.0015959106967784464
0.03947030380368233 0.0012838672555517405
0.03940200945362449 0.0012809123290935531
0.04008952248841524 0.0013041052734479308
0.03944633575156331 0.0012828186736442149
0.039455213118344545 0.0012831749627366662
0.040094716008752584 0.001304327743127942
0.0394641594029963 0.001283585443161428
0.04008692596107721 0.0013039941404713318
0.04260013159364462 0.0013908053515478969
0.05041905492544174 0.0014855565095786005
0.03800960211083293 0.0011938434181502089
0.051922171376645565 0.0015760617970954627
0.04008499160408974 0.0013039102195762098
0.037995042745023966 0.0011933383939322084
0.051909602247178555 0.0015759386587888002
0.03946866374462843 0.0012837913091061637
0.05189250409603119 0.0015756276552565396
0.05248574633151293 0.0015957647701725364
0.052490043453872204 0.0015958340954966843
0.040091130416840315 0.0013041735655860975
0.04009345592930913 0.0013042730570305139
0.048891845159232616 0.001429754076525569
0.052518862299621105 0.0015962979232426733
0.040092801209539175 0.0013042458886047825
0.040092708077281713 0.0013042412319919094
0.03832022473216057 0.001234593742992729
0.038321057334542274 0.0012346199655439705
0.040089964400976896 0.001304124656599015
0.0400896817445755 0.0013041121274000034
0.038014526944607496 0.0011940662079723552
0.03946377243846655 0.0012835677771363407
0.041969005949795246 0.0013700180279556662
0.04885865096002817 0.0014290820981841534
0.05249966960400343 0.0015959913143888116
0.039468906819820404 0.0012838042312068865
0.03946881089359522 0.001283798846998252
0.052495500072836876 0.00159591666306369
0.03945398656651378 0.0012831471976824105
0.040093821473419666 0.0013042889768257737
0.04008691385388374 0.001303993834881112
0.04009141819551587 0.0013041865022387356
0.05247681122273207 0.001595625828485936
0.04886800888925791 0.0014292634150478989
0.040074961725622416 0.0013034821749897674
0.03946389816701412 0.001283575315028429
0.05250649247318506 0.001596087240613997
0.03945629112422466 0.0012832250213250518
0.04008381441235542 0.0013038607139606029
0.05249845702201128 0.0015959623269736767
0.04009346570819616 0.001304273886489682
0.040088261011987925 0.0013040504709351808
0.052490043453872204 0.0015958340954966843
0.03946276940405369 0.0012835222005378455
0.05186264868825674 0.0015751369064673781
0.05185255687683821 0.001574964466271922
0.05247832369059324 0.0015956502465996891
0.05253427568823099 0.0015965212078299373
0.04008807521313429 0.001304043282289058
0.0394458114169538 0.0012827919708797708
0.040095335338264704 0.0013043542276136577
0.039464006666094065 0.0012835784727940336
0.03944749291986227 0.001282853030716069
0.03946481365710497 0.0012836161477025598
0.05194275081157684 0.0015763718693051487
0.039467941503971815 0.0012837594549637288
0.05249182600528002 0.0015958592703100294
0.05248653516173363 0.0015957765572238714
0.051854705438017845 0.001575000467710197
0.03946811659261584 0.0012837681715609506
0.05250054970383644 0.0015959953307174146
0.03946291236206889 0.0012835290399380028
0.0394642292521894 0.0012835886009270325
0.03946621809154749 0.001283679754124023
0.03832242824137211 0.0012346706353127956
0.04260183032602072 0.0013909105327911675
0.05037731770426035 0.001484843553043902
0.04009314486756921 0.0013042602658970281
0.04009068990126252 0.001304154036915861
0.040089964400976896 0.001304124656599015
0.051858569495379925 0.0015750665916129947
0.04009940940886736 0.0013045282394159585
0.0524914488196373 0.001595859124790877
0.04009423917159438 0.0013043071958236396
0.04888281971216202 0.0014295806759037077
0.04005918465554714 0.001302710807067342
0.038320740684866905 0.001234611263498664
0.050406768918037415 0.0014853635511826724
0.040088892448693514 0.001304074568906799
0.05247594974935055 0.0015956125280354172
0.052515615709125996 0.001596230227733031
0.05187195260077715 0.0015752945037093014
0.05247881729155779 0.0015956568240653723
0.03946721274405718 0.0012837254762416705
0.039468868635594845 0.0012838014372391626
0.0394704258069396 0.0012838737602578476
0.042601896449923515 0.0013909146946389228
0.03801127802580595 0.001193917531054467
0.05185210797935724 0.0015749551821500063
0.039466395042836666 0.0012836879905080423
0.03946453286334872 0.0012836025707656518
0.03946453286334872 0.0012836025707656518
0.05249419063329697 0.0015958966105245054
0.05249349866062403 0.0015958859585225582
0.05185165908187628 0.001574949361383915
0.04196951910853386 0.0013701021380256861
0.051840765401721 0.0015747621364425868
0.051868281327188015 0.0015752321924082935
0.052486078813672066 0.001595770416315645
0.051851251162588596 0.0015749410667922348
0.051856416277587414 0.0015750275924801826
0.04009050177410245 0.0013041471102042124
0.03946915967389941 0.0012838147522415966
0.05185928288847208 0.0015750759630464017
0.05249870475381613 0.001595968526089564
0.05184938479214907 0.0015749095473438501
0.04196960665285587 0.0013701142452191561
0.04008984472602606 0.0013041183119639754
0.05039585940539837 0.0014851615705993026
0.03801027312874794 0.0011938712268602103
0.0380132682621479 0.0011940115946345031
0.0400958601385355 0.0013043752260273322
0.03921910468488932 0.0012641703942790627
0.038015870843082666 0.0011941283737542108
0.03946151910349727 0.0012834648223361
0.052492755465209484 0.001595879439264536
0.05183120910078287 0.0015745968266855925
0.03946670377627015 0.0012837042741011828
0.03800889058038592 0.0011938081006519496
0.04259847290813923 0.0013907049142289907
0.039460306987166405 0.0012834102817578241
0.04007314331829548 0.0013034043950028718
0.0392448864877224 0.001265326573047787
0.052496640011668205 0.00159593450371176
0.03946907538920641 0.0012838121183449402
0.05043336469680071 0.001485868328018114
0.05183934699743986 0.0015747376310173422
0.05052062217146158 0.0014877624635118991
0.03946975385770202 0.0012838428665418178
0.040050080977380276 0.0013022915954934433
0.04009180795401335 0.0013042027421761304
0.04008791781961918 0.0013040366902714595
0.039461367297917604 0.0012834570952691138
0.05248596891760826 0.0015957681462168694
0.05252288933843374 0.0015963422774802893
0.04008487891405821 0.0013039067562203854
0.05250788014382124 0.001596125599462539
0.03946862090379 0.001283790697925724
0.05258019547909498 0.0015973503177519888
0.05184899736195803 0.0015749030280858278
0.03832325432449579 0.0012347032024990767
0.054567936807870865 0.0016172686591744423
0.050415877252817154 0.001485511427745223
0.0400897110812366 0.001304112607613206
0.03946101851761341 0.0012834470981033519
0.05186645686626434 0.0015752005856484175
0.051863632164895535 0.001575153408339247
0.03923523984849453 0.0012649041891563684
0.039469416718930006 0.0012838266848120838
0.039463885594159365 0.0012835735105909407
0.040077188052237034 0.001303576529608108
0.038003685884177685 0.0011935775546589866
0.03946192329749465 0.0012834824592573568
0.04259889479726553 0.0013907323009334505
0.03796586347743869 0.001192311043269001
0.05248739570379257 0.0015957900031935424
0.03800487983971834 0.0011936762020923197
0.042598797008395195 0.0013907270040363073
0.03947011148557067 0.0012838593102060258
0.051857237704098225 0.001575043483171612
0.04260199796408415 0.0013909192057326436
0.03800890175625682 0.0011938121897401288
0.03922124672681093 0.0012642518267966807
0.039463997818529606 0.0012835777888540179
0.03946503344923258 0.0012836256937589496
0.04008025489747524 0.0013037072931183502
0.05044492520391941 0.0014861015370115638
0.04009211203083396 0.0013042152131674811
0.06175099778920412 0.0016945908428169787
0.04007176775485277 0.0013033455034019426
0.039464016910642385 0.0012835785892093554
0.039462214801460505 0.0012834958906751126
0.04009397001937032 0.001304295685258694
0.03946729423478246 0.0012837293616030365
0.05248195957392454 0.0015957050200086087
0.051881127059459686 0.0015754522173665464
0.04009592719376087 0.0013043791987001896
0.03946650167927146 0.0012836932291975245
0.040079604368656874 0.0013036809104960412
0.051869580522179604 0.001575254340423271
0.03832228574901819 0.0012346649309620261
0.03800466097891331 0.0011936276423512027
0.03922007232904434 0.0012642002548091114
0.041622061282396317 0.0013485716772265732
0.03946369932964444 0.001283564415643923
0.05249283369630575 0.0015958807489369065
0.05248982459306717 0.0015958283620420843
0.051974072121083736 0.0015768809244036674
0.038319775834679604 0.0012345789873506874
0.039222411811351776 0.0012643180089071393
0.039463627617806196 0.0012835603265557438
0.039466175716370344 0.0012836777605116367
0.04008478159084916 0.0013039027398917824
0.04010126460343599 0.0013046076783211902
0.05186808481812477 0.0015752296021673828
0.040089603047817945 0.0013041088823229074
0.03946066275238991 0.0012834244989790022
0.051842604763805866 0.0015747933939564973
0.052502771839499474 0.001596029702341184
0.04010577732697129 0.0013048016262473539
0.03832139354199171 0.0012346286093816161
0.039462868589907885 0.0012835261295549572
0.052512843161821365 0.0015961869212333113
0.05187769699841738 0.0015753941261209548
0.03946882672607899 0.0012837995309382677
0.050650766119360924 0.0014903897535987198
0.039459212217479944 0.001283362740650773
0.03800866054370999 0.0011938023526454344
0.05186244938522577 0.0015751239843666553
0.052501194179058075 0.0015960106393322349
0.0394657333381474 0.0012836571841035038
0.03946593077853322 0.0012836675305152312
0.05186906456947327 0.001575245027197525
0.05185239389538765 0.0015749610611237586
0.052491326816380024 0.001595851732417941
0.039461543783545494 0.0012834657245548442
0.05254154000431299 0.0015966977516654879
0.03946498455479741 0.001283623045310378
0.03801164263859391 0.0011939348914893344
0.04259917140007019 0.0013907331740483642
0.051848048344254494 0.0015748869627714157
0.03946273075416684 0.001283519814023748
0.0380132682621479 0.0011940115946345031
0.052503032609820366 0.0015960342425387353
0.050411589443683624 0.0014854318287689239
0.03946144226938486 0.0012834610242862254
0.0425992151722312 0.0013907367829233408
0.051865920424461365 0.001575192087329924
0.05250573344528675 0.0015960761229507625
0.05463310703635216 0.0016182821127586067
0.05249037314206362 0.001595835929038003
0.05252443999052048 0.001596366346348077
0.03947423351928592 0.0012840503477491438
0.05185626819729805 0.0015750274469610304
0.052500758320093155 0.0015959985903464258
0.05064789205789566 0.0014903299743309617
0.04008629405871034 0.0013039650802966207
0.05249768029898405 0.001595952402567491
0.05184898618608713 0.0015749023004900664
0.039463818073272705 0.001283571487874724
0.04006818728521466 0.0013031600246904418
0.04260099120438099 0.0013908582332078367
0.03794276528060436 0.0011914978822460398
0.04009832814335823 0.001304482386331074
0.05250776279717684 0.001596119545865804
0.03946369281038642 0.001283563848119229
0.0426004808396101 0.0013908289256505668
0.06165227293968201 0.0016923103830777109
0.05184002220630646 0.0015747475845273584
0.04196883924305439 0.0013699822302442044
0.04010468162596226 0.001304753721342422
0.04009298933669925 0.0013042536011198536
0.03801404079422355 0.0011940467520616949
0.038004586938768625 0.0011936125811189413
0.04008335666731 0.0013038383767707273
0.05248333886265755 0.001595727662788704
0.039451532531529665 0.0012830294872401282
0.052491133101284504 0.0015958487638272345
0.04009159281849861 0.0013041938946116716
0.05247543100267649 0.0015956048446241766
0.04010635940358043 0.0013048254186287522
0.039473787881433964 0.001284028374357149
0.039220127277076244 0.0012642027286347002
0.04009026288986206 0.0013041369093116373
0.051855459809303284 0.0015750133607070893
0.04008672060444951 0.0013039856421528384
0.05248289182782173 0.001595722249476239
0.038322146981954575 0.001234655239386484
0.05183031130582094 0.0015745818964205682
0.052518755197525024 0.0015962792094796896
0.051920016296207905 0.001576024864334613
0.05252521391957998 0.0015963813057169318
0.05248922947794199 0.0015958188159856945
0.052494293078780174 0.0015958979493007064
0.04009817261248827 0.001304475576034747
0.04009541776031256 0.0013043576473137364
0.039470914751291275 0.0012838953553000465
0.051876758225262165 0.0015753770130686462
0.03945918381214142 0.0012833579821744934
0.052494458854198456 0.00159590391558595
0.03947195457294583 0.0012839439586969092
0.04009743453934789 0.0013044443330727518
0.051853105425834656 0.0015749740414321423
0.05188930034637451 0.001575564470840618
0.04009455628693104 0.0013043205253779888
0.04251938499510288 0.0013781331072095782
0.052499053068459034 0.0015959718148224056
0.0394631871022284 0.0012835414963774383
0.04009330505505204 0.0013042676582699642
0.03921744041144848 0.0012641150096897036
0.04009259957820177 0.0013042367645539343
0.03945976821705699 0.0012833873042836785
0.03922036662697792 0.0012642102083191276
0.03945686435326934 0.0012832509237341583
0.052499149926006794 0.001595972862560302
0.05189830716699362 0.0015757475339341909
0.04009806364774704 0.0013044714432908222
0.04009290784597397 0.0013042500504525378
0.05248237494379282 0.001595711859408766
0.03945938916876912 0.0012833677465096116
0.0524975061416626 0.001595949666807428
0.040093422401696444 0.0013042721839156002
0.03797827288508415 0.001192703319247812
0.042600467801094055 0.0013908269756939262
0.03800728777423501 0.001193733434774913
0.04251905903220177 0.001378074986860156
0.04260090831667185 0.0013908512482885271
0.040090127382427454 0.0013041312340646982
0.05247481074184179 0.0015955953567754477
0.04009395744651556 0.0013042952923569828
0.03946004621684551 0.0012833986402256414
0.03946303715929389 0.0012835340749006718
0.03946504928171635 0.0012836257374146953
0.051867551170289516 0.0015752154577057809
0.03801383776590228 0.0011940350232180208
0.04009124869480729 0.0013041785277891904
0.05188171938061714 0.0015754612686578184
0.039468829985708 0.0012837995600420982
0.04260129202157259 0.0013908783730585128
0.0372411897405982 0.0011672836262732744
0.04259311407804489 0.0013903721410315484
0.0400866474956274 0.00130398255714681
0.03945894539356232 0.0012833455402869731
0.03921899385750294 0.0012641669600270689
0.05250166729092598 0.0015960152668412775
0.0400698222219944 0.0013031845883233473
0.051861018873751163 0.001575106754899025
0.04010064108297229 0.0013045825180597603
0.052492049522697926 0.0015958632866386324
0.05280273128300905 0.0016011879779398441
0.03946568351238966 0.0012836556998081505
0.05185923259705305 0.0015750752354506403
0.04009635094553232 0.0013043969083810225
0.04009617120027542 0.001304390185396187
0.0394607987254858 0.0012834316439693794
0.041969516314566135 0.0013700985873583704
0.03946540178731084 0.0012836428795708343
0.042599198408424854 0.0013907350949011743
0.03946250816807151 0.0012835093511966988
0.052640208043158054 0.001598407980054617
0.04259737301617861 0.0013906390231568366
0.03946212073788047 0.0012834915396524593
0.041969409212470055 0.0013700806011911482
0.05186511669307947 0.001575179019710049
0.04161940235644579 0.001348472578683868
0.03832047991454601 0.001234604133060202
0.051840548403561115 0.0015747581783216447
0.03945668274536729 0.0012832482461817563
0.037967500276863575 0.001192337615066208
0.05186352040618658 0.001575151807628572
0.03922000899910927 0.001264198072021827
0.05185103975236416 0.0015749374288134277
0.03946213284507394 0.0012834925873903558
0.04009465780109167 0.0013043251674389467
0.03801184380427003 0.0011939424293814227
0.04009044962003827 0.0013041449274169281
0.04008655343204737 0.0013039785990258679
0.052492338232696056 0.0015958681469783187
0.051863741129636765 0.0015751548926346004
0.05185277760028839 0.001574968540808186
0.040093846153467894 0.0013042900245636702
0.038320669904351234 0.001234606170328334
0.039462839253246784 0.0012835239176638424
0.040093188639730215 0.0013042611972196028
0.04259973205626011 0.0013907793909311295
0.05249554477632046 0.001595926092704758
0.03667305875569582 0.0010818801820278168
0.040094094816595316 0.0013043008802924305
0.05185741372406483 0.001575046917423606
0.050416963174939156 0.001485521555878222
0.04260476306080818 0.0013910901616327465
0.0394668523222208 0.0012837092654081061
0.05274744052439928 0.0016002379707060754
0.039466177113354206 0.0012836780515499413
0.04009230434894562 0.001304223551414907
0.05248485319316387 0.0015957517316564918
0.040023915469646454 0.0013010858529014513
0.051840548403561115 0.0015747581783216447
0.05040771793574095 0.0014854155597276986
0.05187088716775179 0.0015752761682961136
0.03946076054126024 0.0012834301160182804
0.03946150140836835 0.00128346290148329
0.04259584564715624 0.0013905431842431426
0.037997371051460505 0.0011933622736250982
0.04259958863258362 0.0013907737738918513
0.040089360903948545 0.0013040959020145237
0.05250101536512375 0.0015960029559209943
0.039220910519361496 0.001264230057131499
0.05186613369733095 0.001575195841724053
0.05186181981116533 0.0015751225873827934
0.051914431154727936 0.0015760211972519755
0.03946755453944206 0.0012837412068620324
0.04009343823418021 0.0013042729115113616
0.040091149508953094 0.001304175253608264
0.052480440586805344 0.0015956831921357661
0.05186074320226908 0.001575104077346623
0.039461950305849314 0.0012834839290007949
0.03946409933269024 0.001283582067117095
0.03946323087438941 0.0012835424713557586
0.039460581727325916 0.0012834215740440413
0.042601047083735466 0.0013908625987824053
0.040091656148433685 0.001304196659475565
0.039221230894327164 0.0012642399233300239
0.05249359644949436 0.001595887151779607
0.05184191279113293 0.0015747819561511278
0.039456878788769245 0.001283251738641411
0.04009608319029212 0.0013043866492807865
0.03800416179001331 0.0011935934307985008
0.05185705330222845 0.001575040863826871
0.03946264972910285 0.0012835160887334496
0.038321638479828835 0.0012346437433734536
0.05187337193638086 0.0015753155457787216
0.051863403990864754 0.0015751492464914918
0.05051799584180117 0.0014876458735670894
0.037994769401848316 0.001193229269119911
0.04009155789390206 0.0013041922939009964
0.040087198838591576 0.00130400613124948
0.03945965878665447 0.0012833808577852324
0.03946033027023077 0.0012834155786549672
0.05187124293297529 0.0015752821345813572
0.03945568669587374 0.001283199351746589
0.05184672120958567 0.0015748649602755904
0.040084635373204947 0.0013038961624260992
0.05187219940125942 0.0015752968611195683
0.03832160495221615 0.001234637835295871
0.041619216091930866 0.0013484681257978082
0.04004669655114412 0.0013021404738537967
0.04004669655114412 0.0013021404738537967
0.04009445896372199 0.0013043088983977214
0.051895350217819214 0.0015756853681523353
0.05043049156665802 0.0014858085778541863
0.04009506572037935 0.0013043421786278486
0.039464898873120546 0.0012836191453970969
0.04009019583463669 0.0013041342899668962
