0.048051065765321255 0.0015235788305290043
0.037319771479815245 0.0011940321128349751
0.054396434454247355 0.001559845324663911
0.040981972590088844 0.0013509130003512837
0.0409753555431962 0.0013506268805940636
0.05628993082791567 0.0016400568711105734
0.04099403694272041 0.0013514277306967415
0.03675148542970419 0.0011589819332584739
0.05568390991538763 0.001604317527380772
0.05439447611570358 0.0015597773235640489
0.03731756657361984 0.0011939356190850958
0.05780754145234823 0.001690475590294227
0.03887335676699877 0.0012452494411263615
0.0416684583760798 0.0013735415559494868
0.03873585816472769 0.0012242909433552995
0.04099227674305439 0.0013513541780412197
0.040985368425026536 0.0013510621065506712
0.05781005881726742 0.0016905055235838518
0.03884979849681258 0.0012441707076504827
0.05624640639871359 0.001639376932871528
0.03731232509016991 0.001193712989334017
0.048044443130493164 0.001523474755231291
0.056251018308103085 0.0016394450212828815
0.040987586602568626 0.0013511527940863743
0.03885221015661955 0.0012442806619219482
0.03886658186092973 0.001244935134309344
0.038872335106134415 0.0012452014198061079
0.057797889690846205 0.0016902955539990216
0.055685076862573624 0.0016043618961703032
0.040978771867230535 0.0013507738331099972
0.041659134440124035 0.0013731082508456893
0.04736033733934164 0.0015009731287136674
0.04805003758519888 0.0015235616592690349
0.041008256608620286 0.0013520370848709717
0.05629896651953459 0.0016402002511313185
0.042957390658557415 0.0014180989819578826
0.035830206237733364 0.0010998026991728693
0.04738634079694748 0.0015013824158813804
0.05780783388763666 0.0016904849035199732
0.04166653659194708 0.0013734470485360362
0.05440295999869704 0.0015600437254761346
0.05569099960848689 0.0016045068186940625
0.04806802608072758 0.0015238663763739169
0.056260730139911175 0.0016395983839174733
0.057811543345451355 0.0016905456723179668
0.04167007002979517 0.0013736226537730545
0.03886224236339331 0.001244741288246587
0.04166103294119239 0.0013731939980061725
0.04098057025112212 0.0013508506599464454
0.0388717008754611 0.001245173523784615
0.04166159615851939 0.0013732275619986467
0.05569569393992424 0.0016045958909671754
0.05567313591018319 0.0016040986811276525
0.041669596917927265 0.0013735927059315145
0.057711344212293625 0.001670489931711927
0.04097490920685232 0.0013506059694918804
0.05778627749532461 0.0016900958871701732
0.056269599590450525 0.001639736772631295
0.047348519787192345 0.0015007888723630458
0.04733462259173393 0.0015005642489995807
0.054387110751122236 0.0015596267767250538
0.04166560806334019 0.0013734078529523686
0.04737322963774204 0.0015011746436357498
0.04295226605609059 0.00141772253846284
0.04098278540186584 0.0013509463096852414
0.05780577193945646 0.0016904356016311795
0.042274090461432934 0.0013955826725577936
0.048047496005892754 0.0015235227765515447
0.03733255434781313 0.0011945810110773891
0.03885960765182972 0.001244622137164697
0.04098362801596522 0.0013509792770491913
0.03872819896787405 0.0012240463111083955
0.05626808758825064 0.0016397187573602423
0.056255131028592587 0.0016395082202507183
0.03180949203670025 0.0007678639813093469
0.047951241955161095 0.0015218739281408489
0.05569866672158241 0.0016046432283474132
0.03732821857556701 0.001194395124912262
0.04806189052760601 0.0015237628249451518
0.057726296596229076 0.0016707821050658822
0.037332401145249605 0.0011945723090320826
0.056289506144821644 0.0016400522144977003
0.04168232181109488 0.0013741746224695817
0.04166434146463871 0.0013733491869061254
0.04802433308213949 0.001523120648926124
0.037316665053367615 0.0011939013347728178
0.047326162457466125 0.0015004441956989467
0.05437577818520367 0.0015593388161505572
0.03732834989205003 0.0011943995777983218
0.05630856705829501 0.00164034913177602
0.04805603809654713 0.0015236669278237969
0.041672430001199245 0.001373718107060995
0.03929772740229964 0.0012468874920159578
0.03731974493712187 0.0011940320691792294
0.057826774660497904 0.0016907915560295805
0.057803571224212646 0.0016904056101338938
0.03596477955579758 0.0011206531780771911
0.03886860655620694 0.0012450348731363192
0.03886620840057731 0.0012449242058210075
0.04295830707997084 0.001418276719050482
0.03732303669676185 0.0011941880220547318
0.04295649193227291 0.0014179898134898394
0.05625875433906913 0.0016395665588788688
0.048037814907729626 0.001523362851003185
0.048063247464597225 0.0015237875340972096
0.05566743714734912 0.0016040171030908823
0.04100404377095401 0.0013518585546989925
0.03886285284534097 0.001244773404323496
0.056247456930577755 0.0016393869736930355
0.05569173535332084 0.0016045161319198087
0.04805303458124399 0.0015236127364914864
0.056308307219296694 0.001640344547922723
0.057796185836195946 0.0016902666829992086
0.05568069824948907 0.0016042567149270326
0.054379709996283054 0.0015594716387568042
0.04803665354847908 0.0015233437006827444
0.0544128033798188 0.0015602915154886432
0.0373279289342463 0.0011943812860408798
0.04169636033475399 0.001374815750750713
0.041677060537040234 0.0013739316200371832
0.055685223545879126 0.0016043718496803194
0.0388991697691381 0.0012463774910429493
0.0576826729811728 0.0016699070547474548
0.04736775252968073 0.0015010913193691522
0.03732158895581961 0.0011941157863475382
0.05568787595257163 0.0016044302901718765
0.05782715789973736 0.0016907984827412292
0.056253081653267145 0.0016394803678849712
0.056272406596690416 0.0016397835570387542
0.03733006305992603 0.0011944767175009474
0.0562589168548584 0.0016395726561313495
0.048048616386950016 0.001523535291198641
0.04803146794438362 0.0015232521982397884
0.0392937867436558 0.0012467469496186823
0.04805693309754133 0.001523679675301537
0.05780622037127614 0.001690450866590254
0.04735888447612524 0.0015009524358902127
0.056260296143591404 0.001639594862353988
0.04736059531569481 0.001500979473348707
0.057679201010614634 0.0016698634426575154
0.03872419008985162 0.0012238793569849804
0.037310507614165545 0.0011936337687075138
0.04227238427847624 0.0013954451569588855
0.05569170415401459 0.0016045110241975635
0.042272708378732204 0.0013954779860796407
0.048025249503552914 0.0015231394208967686
0.056250291876494884 0.001639432506635785
0.04170688148587942 0.0013753008679486811
0.03675373597070575 0.0011590653884923086
0.05625424440950155 0.0016395027050748467
0.04097529756836593 0.0013506239411071874
0.05581294582225382 0.001616274799744133
0.03732758201658726 0.001194367985590361
0.04735223576426506 0.0015008463524281979
0.057794584427028894 0.0016902471979847178
0.041665074648335576 0.0013733819869230501
0.047339415177702904 0.001500650920206681
0.04098973446525633 0.0013512414880096912
0.04803875368088484 0.001523380953585729
0.04168760683387518 0.0013744155075983144
0.04738300200551748 0.0015013293887022883
0.038862746208906174 0.0012447667540982366
0.03733076248317957 0.001194501994177699
0.037329292856156826 0.001194441196275875
0.036753940396010876 0.0011591274669626728
0.047363062389194965 0.001501022430602461
0.03886713646352291 0.001244967570528388
0.05465207132510841 0.0015658499251003377
0.04735201224684715 0.0015008427726570517
0.048036214895546436 0.001523329527117312
0.0543783491011709 0.0015593983553117141
0.05767001351341605 0.0016696684615453705
0.042955678422003984 0.0014179809368215501
0.054430009331554174 0.0015606315646436997
0.039286528481170535 0.00124648331257049
0.05626075901091099 0.0016396002611145377
0.037329028360545635 0.001194428637973033
0.04804087523370981 0.0015234187012538314
0.038867618422955275 0.0012449897330952808
0.047353481873869896 0.0015008637856226414
0.04097245400771499 0.0013504810631275177
0.05783949187025428 0.0016910097183426842
0.048043811693787575 0.0015234669554047287
0.039294704562053084 0.0012467907654354349
0.0578059172257781 0.0016904420917853713
0.03596833720803261 0.0011207925417693332
0.0578280515037477 0.001690817516646348
0.040970837231725454 0.0013504322778317146
0.042957418598234653 0.0014181096921674907
0.05625201528891921 0.0016394637787016109
0.03596638375893235 0.0011207261559320614
0.05779433576390147 0.0016902366769500077
0.05628069443628192 0.001639915950363502
0.05444400338456035 0.0015609351175953634
0.04098405898548663 0.0013510046119336039
0.04735961277037859 0.0015009645721875131
0.03886917605996132 0.0012450585491023958
0.04097496112808585 0.0013506083414540626
0.041659138863906264 0.001373112630972173
0.040443511214107275 0.0012590460537467152
0.04101933375932276 0.001352511579170823
0.05568109592422843 0.0016042870265664533
0.04165381658822298 0.001372896324028261
0.041667276760563254 0.0013734834574279375
0.04166712402366102 0.0013734748208662495
0.05625833757221699 0.0016395637212553993
0.0416689591947943 0.0013735736065427773
0.048050688579678535 0.0015235748433042318
0.056255280040204525 0.0016395157726947218
0.04098049132153392 0.0013508499105228111
0.04166818782687187 0.0013735255924984813
0.05768767185509205 0.0016700283158570528
0.05626144725829363 0.0016396137943957
0.03182094078511 0.000767965626437217
0.05625556502491236 0.0016395159618696198
0.05765886791050434 0.0016693942161509767
0.05765886791050434 0.0016693942161509767
0.04227162338793278 0.0013953929010313004
0.040990836918354034 0.0013512934528989717
0.04803325794637203 0.0015232776058837771
0.03886914951726794 0.0012450539361452684
0.04098787298426032 0.0013511683500837535
0.037322637159377337 0.001194159864098765
0.05627864133566618 0.0016398755251429975
0.04735490959137678 0.0015008917544037104
0.041672597639262676 0.0013737311455770396
0.05626083957031369 0.0016396019636886194
0.036752934101969004 0.0011590424692258239
0.05625194078311324 0.001639459835132584
0.04167596437036991 0.0013738817069679499
0.03733527008444071 0.0011946952436119318
0.03886546287685633 0.0012448865454643965
0.048034836538136005 0.0015233121521305293
0.03732837038114667 0.0011944004945689812
0.03731161076575518 0.001193682343000546
0.03730206470936537 0.0011932708293898031
0.03885999182239175 0.0012446435866877437
0.038863510359078646 0.0012447996850823984
0.04736574739217758 0.0015010587230790406
0.038869472686201334 0.00124507634609472
0.04098595958203077 0.0013510814897017553
0.040976934134960175 0.0013506941322702914
0.0422709072008729 0.0013953495217720047
0.03886844450607896 0.0012450247158994898
0.05625793058425188 0.0016395582642871886
0.037308042868971825 0.0011935265792999417
0.05626093130558729 0.0016396030405303463
0.0422746017575264 0.0013956221955595538
0.04098983760923147 0.0013512612495105714
0.05782306054607034 0.001690727614914067
0.040984771214425564 0.0013510322096408345
0.037324617616832256 0.001194242009660229
0.05569004686549306 0.0016044953954406083
0.03886394202709198 0.0012448220804799348
0.05783484596759081 0.0016909310215851292
0.0416633621789515 0.0013733056839555502
0.04735388606786728 0.001500872487667948
0.04099037731066346 0.0013512730947695673
0.05628368258476257 0.0016399558226112276
0.04166588792577386 0.0013734196982113644
0.040983645245432854 0.0013509826603694819
0.048046426847577095 0.0015235002792906016
0.047357868403196335 0.0015009377093520015
0.038871302269399166 0.001245157967787236
0.04166441643610597 0.0013733518790104426
0.0409833921585232 0.0013509788623196073
0.03886347124353051 0.0012447979970602319
0.041661960538476706 0.0013732391016674228
0.040984573774039745 0.0013510208882507868
0.048042045906186104 0.0015234327293001115
0.057832094840705395 0.0016908802936086431
0.04166776034981012 0.0013735043321503326
0.05626750597730279 0.0016397078143199906
0.05784364091232419 0.0016910769045352936
0.03874192340299487 0.0012245235266163945
0.03870698530226946 0.0012232838635100052
0.05779587151482701 0.0016902635397855192
0.03731847833842039 0.0011939762771362439
0.04099239315837622 0.0013513587327906862
0.048038775101304054 0.0015233813610393554
0.0562878199853003 0.0016400256572524086
0.047358390875160694 0.0015009391936473548
0.038732077460736036 0.0012241490330779925
0.03732493845745921 0.001194253156427294
0.04295685002580285 0.0014180493453750387
0.037310702726244926 0.0011936460068682209
0.037287954706698656 0.0011926691076951101
0.04805621970444918 0.0015236704493872821
0.05767747573554516 0.0016698383988114074
0.05780700733885169 0.0016904585936572403
0.039297175128012896 0.0012468830682337284
0.057824724819511175 0.001690757562755607
0.03887005662545562 0.001245101899257861
0.03675572155043483 0.0011591368966037408
0.04227326298132539 0.0013955171452835202
0.05625777691602707 0.001639555674046278
0.035969043616205454 0.0011208048672415316
0.05440215370617807 0.0015600272017763928
0.037309452425688505 0.0011935922666452825
0.04295324953272939 0.0014177750708768144
0.03583487868309021 0.001099994027754292
0.05626098020002246 0.0016396036226069555
0.05781737109646201 0.0016906402161112055
0.04098390322178602 0.001350999082205817
0.03886662097647786 0.0012449437926989049
0.05439699348062277 0.001559942786116153
0.0562856812030077 0.0016399872110923752
0.03731709672138095 0.0011939154646825045
0.056234566029161215 0.0016391959507018328
0.04098919383250177 0.001351223632809706
0.037320499774068594 0.0011940771655645221
0.057662507984787226 0.0016695273807272315
0.038862176705151796 0.0012447396147763357
0.04166354448534548 0.0013733103405684233
0.04097558371722698 0.0013506349787348881
0.0578074143268168 0.0016904588119359687
0.056313466746360064 0.001640427071833983
0.040997119853273034 0.0013515591563191265
0.04803840257227421 0.0015233793237712234
0.05627563130110502 0.0016398337029386312
0.04227127833291888 0.0013953735906397924
0.04735737480223179 0.0015009242633823305
0.037321996409446 0.0011941339471377432
0.05444689420983195 0.0015610022892360575
0.05438739713281393 0.0015596851808368228
0.03884750185534358 0.0012440654245438054
0.03732091700658202 0.0011940815602429211
0.057791285682469606 0.0016901854251045734
0.03732354333624244 0.0011942101846216246
0.0473646055907011 0.001501045102486387
0.038868740666657686 0.0012450394860934466
0.03732428792864084 0.0011942310229642317
0.05627171183004975 0.0016397698054788634
0.04227683646604419 0.0013957135379314423
0.04802749399095774 0.00152318156324327
0.03732969705015421 0.0011944618599954993
0.04166333517059684 0.0013733033774769865
0.04098781943321228 0.0013511601719073951
0.056245936546474695 0.0016393711266573519
0.04167486331425607 0.0013738260386162437
0.057666543405503035 0.0016696374514140189
0.0409773513674736 0.00135071188560687
0.040979085955768824 0.0013507875919458456
0.055696016643196344 0.0016046175151132047
0.03727301303297281 0.0011920297401957214
0.040985265048220754 0.0013510551434592344
0.04166333470493555 0.0013733020969084464
0.057802746538072824 0.0016903862706385553
0.05770554160699248 0.0016703655273886397
0.040993693517521024 0.0013514110542018898
0.047359636053442955 0.0015009648923296481
0.057863940484821796 0.001691423007287085
0.038869472686201334 0.001245074308826588
0.03732218127697706 0.001194136668345891
0.040988633409142494 0.0013511972065316513
0.05569412652403116 0.001604560369742103
0.04166680434718728 0.0013734624517383054
0.03731718705967069 0.0011939229880226776
0.056243836879730225 0.0016393379773944616
0.038856820203363895 0.0012444945314200595
0.03887306805700064 0.0012452416267478839
0.04165449156425893 0.0013729263228015043
0.036761146038770676 0.001159347637440078
0.03731788508594036 0.001193958130897954
0.04102498316206038 0.0013527551345760003
0.05766098154708743 0.0016694531514076516
0.03886893345043063 0.0012450516951503232
0.05626317113637924 0.0016396258724853396
0.04227174865081906 0.0013954229216324165
0.05632688291370869 0.0016406353242928162
0.038870456628501415 0.0012451176007743925
0.03731601545587182 0.0011938748211832717
0.03733156714588404 0.00119453614752274
0.05779887177050114 0.001690323042566888
0.03886621631681919 0.001244931248947978
0.04734500125050545 0.0015007361944299191
0.03886788571253419 0.001245002553332597
0.0429521300829947 0.0014177117554936558
0.041655604261904955 0.0013729724596487358
0.04099324462004006 0.0013513965313904919
0.05809576436877251 0.001695395927526988
0.037330467253923416 0.0011944899306399748
0.057804469019174576 0.0016904180956771597
0.04227377334609628 0.0013955499744042754
0.03731686109676957 0.0011939091491512954
0.04099427000619471 0.0013514402380678803
0.038747234269976616 0.0012246913684066385
0.03886385494843125 0.0012448062770999968
0.03731332207098603 0.0011937582457903773
0.04166483343578875 0.001373373219394125
0.03732536640018225 0.0011942720302613452
0.04168614046648145 0.001374348605168052
0.056282137520611286 0.0016399376618210226
0.04735544137656689 0.0015009005437605083
0.041666899574920535 0.0013734655440202914
0.03732164716348052 0.0011941198608838022
0.05442515923641622 0.001560510543640703
0.04734540544450283 0.0015007472829893231
0.03931197081692517 0.0012475404728320427
0.04734246898442507 0.0015007010661065578
0.04098022193647921 0.0013508375632227398
0.04098952189087868 0.001351238439383451
0.04227523086592555 0.0013956276088720188
0.038863301277160645 0.0012447937915567309
0.048036172054708004 0.0015233284211717546
0.038860205095261335 0.0012446481705410406
0.047366153448820114 0.0015010660281404853
0.04736126959323883 0.0015009911439847201
0.04735942371189594 0.001500963291618973
0.04098239750601351 0.001350929080217611
0.0416728260461241 0.001373741884890478
0.057673897594213486 0.0016697692917659879
0.03930956148542464 0.0012474242394091561
0.04099014191888273 0.0013512683945009485
0.04098040843382478 0.0013508431875379756
0.04797548707574606 0.0015222873480524868
0.04295702697709203 0.0014180700381984934
0.05781567469239235 0.0016906055971048772
0.04099169932305813 0.0013513349113054574
0.0416641547344625 0.001373343708110042
0.04166084621101618 0.0013731883227592334
0.0388630423694849 0.0012447821209207177
0.04737542197108269 0.0015012121002655476
0.04099222971126437 0.0013513526500901207
0.056268904358148575 0.0016397319996031001
0.037317690439522266 0.0011939564283238724
0.039292735047638416 0.0012467152555473149
0.04165130783803761 0.0013727508558076806
0.04098226106725633 0.0013509275013348088
0.056249003391712904 0.001639414404053241
0.04800877720117569 0.001522853854112327
0.048057098872959614 0.0015236804611049592
0.056273676455020905 0.0016398055740864947
0.05779681820422411 0.0016902776842471212
0.05443319212645292 0.0015606892557116225
0.03675670875236392 0.0011591646616579965
0.04167412035167217 0.0013737940462306142
0.04166493006050587 0.0013733775631408207
0.0562556404620409 0.001639522990444675
0.04166395147331059 0.001373330262140371
0.04098624619655311 0.0013510946519090794
0.056260333862155676 0.0016395951970480382
0.03722757985815406 0.0011900837998837233
0.038872722536325455 0.0012452229566406459
0.04099506326019764 0.0013514710371964611
0.057759291492402554 0.001689640645054169
0.05438415496610105 0.0015595431686961092
0.038871629163622856 0.0012451720394892618
0.03596581146121025 0.0011207095521967858
0.05781023669987917 0.0016905116208363324
0.03731513721868396 0.001193833159049973
0.04737356770783663 0.0015011863433755934
0.04098509857431054 0.0013510480930563062
0.04167107259854674 0.0013736574255744927
0.0388742215000093 0.0012452969094738364
0.04805764835327864 0.001523689745226875
0.048038837499916553 0.0015233872109092772
0.03732070606201887 0.0011940802360186353
0.04097994999028742 0.0013508235060726292
0.047990335151553154 0.001522541351732798
0.04736176785081625 0.0015009937924332917
0.04295915365219116 0.0014183947496348992
0.040988423861563206 0.0013511898650904186
0.037321129348129034 0.001194091368233785
0.0544063791166991 0.0015601373524987139
0.048062131740152836 0.0015237669576890767
0.03873494453728199 0.0012242493976373225
0.05780172673985362 0.001690369172138162
0.048044060356915 0.0015234695747494698
0.04098495841026306 0.0013510441640391946
0.05781383253633976 0.0016905742086237296
0.03732097242027521 0.0011940865952055901
0.05780485039576888 0.0016904219810385257
0.04735009931027889 0.0015008168702479452
0.05768713355064392 0.0016700125561328605
0.038866347167640924 0.001244934814167209
0.040997843723744154 0.0013515904356609099
0.04734436981379986 0.00150073051918298
0.03675383282825351 0.0011590766662266105
0.03674981230869889 0.001158932558610104
0.04166628769598901 0.0013734463427681476
0.0543686596211046 0.0015591643095831387
0.03886841610074043 0.0012450239300960675
0.042270911391824484 0.0013953502930235118
0.03929466684348881 0.001246789914148394
0.054392789490520954 0.0015597526653436944
0.036757251247763634 0.001159218794782646
0.04804467875510454 0.0015234780730679631
0.057815936859697104 0.001690609089564532
0.03652639966458082 0.0011244739580433816
0.05782140837982297 0.0016907001554500312
0.04736202396452427 0.0015010013012215495
0.03733121091499925 0.00119452977378387
0.057677294593304396 0.0016698336403351277
0.03730996837839484 0.001193612246424891
0.03886400070041418 0.001244823812157847
0.056266036815941334 0.0016396796563640237
0.037331684958189726 0.0011945422302233055
0.04097807500511408 0.001350742400973104
0.05780377006158233 0.0016904057411011308
