Int32[13, 41, 38, 51, 2, 55, 1, 48, 37, 23, 24, 31, 25, 60, 20]
Float32[0.057050265, 0.07060756, 0.06469647, 0.06812561, 0.061232526, 0.0815551, 0.06895547, 0.072466746, 0.06121345, 0.067365274, 0.080019645, 0.06008574, 0.06681819, 0.06781139, 0.051996607]

Int32[2, 37, 38, 23, 31, 22, 13, 1, 41, 55, 20, 25, 48, 51, 24]
Float32[0.05788254, 0.049161915, 0.069938175, 0.062640786, 0.07375652, 0.05796855, 0.06121078, 0.07025576, 0.07858353, 0.08053215, 0.06693653, 0.07137103, 0.07101496, 0.06264704, 0.06609977]

Int32[37, 13, 1, 38, 48, 23, 55, 2, 25, 31, 51, 9, 24, 22, 41]
Float32[0.06399041, 0.06594561, 0.076078705, 0.07620501, 0.068173446, 0.06806831, 0.07344862, 0.06521515, 0.079214506, 0.07795885, 0.060636017, 0.05273699, 0.07183648, 0.05140935, 0.04908257]

Int32[13, 20, 37, 48, 60, 55, 1, 25, 23, 38, 51, 41, 31, 2, 24]
Float32[0.066095784, 0.05682333, 0.05949176, 0.07657891, 0.057065435, 0.072099224, 0.08146751, 0.07015927, 0.07351531, 0.069936216, 0.060388293, 0.05869806, 0.065184355, 0.069303006, 0.06319355]

Int32[42, 2, 1, 24, 41, 55, 25, 38, 37, 13, 23, 48, 60, 20, 31]
Float32[0.05689506, 0.054009937, 0.07733165, 0.080959596, 0.06969196, 0.06549633, 0.0688325, 0.06779399, 0.07371665, 0.06064658, 0.07260783, 0.058760885, 0.07484782, 0.05357242, 0.06483685]

Int32[33, 41, 23, 13, 31, 25, 1, 20, 48, 38, 55, 60, 8, 58, 2]
Float32[0.05779538, 0.06742514, 0.06476599, 0.06441482, 0.06929034, 0.07141895, 0.05762828, 0.06251917, 0.061673876, 0.06583627, 0.07237377, 0.07191037, 0.072971486, 0.062197283, 0.07777888]

Int32[9, 20, 23, 31, 38, 1, 55, 24, 48, 13, 25, 37, 51, 41, 2]
Float32[0.060278513, 0.049456596, 0.068563744, 0.07143569, 0.07193549, 0.07581065, 0.07652149, 0.07390629, 0.07759081, 0.063225865, 0.06333292, 0.06564565, 0.05134933, 0.0668548, 0.064092204]

Int32[20, 37, 22, 23, 48, 31, 55, 9, 38, 41, 2, 1, 24, 13, 25]
Float32[0.0706992, 0.06399192, 0.07580273, 0.07450324, 0.072473206, 0.066881076, 0.080372475, 0.05074061, 0.07681371, 0.051824167, 0.050878353, 0.06327908, 0.073925324, 0.067535326, 0.060279608]

Int32[51, 2, 25, 1, 22, 38, 24, 55, 23, 31, 48, 41, 9, 13, 20]
Float32[0.055595458, 0.06324009, 0.06937035, 0.07321322, 0.058571476, 0.06550492, 0.07546137, 0.07077499, 0.07273637, 0.07713789, 0.072293475, 0.06666372, 0.06806989, 0.067144826, 0.04422197]

Int32[60, 37, 41, 48, 38, 20, 22, 24, 23, 31, 55, 13, 2, 25, 1]
Float32[0.05179227, 0.06747732, 0.064882874, 0.07171948, 0.063568965, 0.061220452, 0.06859048, 0.07569466, 0.07239475, 0.079195015, 0.078395285, 0.06620359, 0.06536785, 0.056592464, 0.05690457]

Int32[48, 8, 25, 22, 23, 24, 41, 1, 38, 55, 13, 60, 27, 31, 20]
Float32[0.05537959, 0.060890518, 0.07066105, 0.0407426, 0.070830636, 0.068479985, 0.070546895, 0.07782715, 0.06615492, 0.07632656, 0.05923767, 0.0785961, 0.06786871, 0.074428864, 0.06202882]

Int32[38, 60, 2, 24, 9, 1, 31, 48, 35, 41, 55, 13, 23, 22, 25]
Float32[0.07537273, 0.05725122, 0.060865313, 0.07625196, 0.06541956, 0.07490371, 0.074969895, 0.062818006, 0.06750398, 0.048772767, 0.07046641, 0.05371897, 0.06581294, 0.07885628, 0.06701631]

Int32[2, 35, 13, 37, 38, 55, 31, 41, 20, 48, 24, 22, 25, 23, 1]
Float32[0.05321637, 0.057867087, 0.0597742, 0.05772937, 0.07042083, 0.07687644, 0.076953456, 0.07887969, 0.07019054, 0.06839673, 0.059686307, 0.057902355, 0.07157823, 0.06428706, 0.076241344]

Int32[34, 22, 23, 31, 48, 24, 55, 25, 38, 2, 41, 20, 60, 13, 1]
Float32[0.058332667, 0.052032515, 0.0670473, 0.06345111, 0.069395244, 0.083370484, 0.07948415, 0.0732456, 0.063823976, 0.0684268, 0.06941443, 0.065953545, 0.06388654, 0.062354133, 0.059781577]

Int32[41, 13, 22, 1, 51, 24, 25, 23, 38, 55, 48, 2, 60, 31, 20]
Float32[0.05890241, 0.057167888, 0.08076948, 0.069250025, 0.07281742, 0.067963324, 0.0732868, 0.071134426, 0.060021557, 0.07394471, 0.08045001, 0.05761843, 0.051405866, 0.066935904, 0.05833175]

Int32[35, 37, 60, 1, 55, 31, 24, 25, 48, 2, 38, 41, 13, 20, 23]
Float32[0.053306125, 0.07146176, 0.06704378, 0.06885111, 0.07246325, 0.07685311, 0.06963655, 0.06760126, 0.06499017, 0.059210684, 0.07258244, 0.06991245, 0.06097455, 0.05596927, 0.0691435]

Int32[22, 51, 38, 25, 48, 1, 20, 55, 23, 31, 13, 2, 24, 9, 41]
Float32[0.072149575, 0.05894485, 0.060262498, 0.06701789, 0.074947104, 0.07182923, 0.07623031, 0.07280096, 0.06726813, 0.064885125, 0.07698945, 0.063616194, 0.06405395, 0.06437578, 0.04462899]

Int32[33, 37, 8, 20, 1, 55, 2, 13, 38, 25, 60, 31, 41, 23, 24]
Float32[0.060067948, 0.061018005, 0.0719972, 0.062518425, 0.075976886, 0.08292968, 0.06463986, 0.07720966, 0.07763829, 0.06255595, 0.07055733, 0.057077564, 0.06475672, 0.065038286, 0.046018194]

Int32[25, 27, 2, 41, 55, 1, 20, 48, 31, 22, 24, 38, 23, 13, 8]
Float32[0.06785088, 0.060199242, 0.06953237, 0.06849395, 0.08636846, 0.07423628, 0.07440939, 0.06592915, 0.07552727, 0.045197655, 0.07113932, 0.06856168, 0.06408293, 0.059322238, 0.049149193]

Int32[25, 35, 31, 24, 22, 23, 2, 48, 55, 41, 1, 20, 38, 51, 37]
Float32[0.05383934, 0.06740228, 0.07110156, 0.07589981, 0.06739663, 0.07952139, 0.05713221, 0.06618086, 0.07736758, 0.07096436, 0.06756253, 0.06155283, 0.04956666, 0.07245968, 0.062052295]

Int32[2, 38, 31, 60, 55, 23, 25, 22, 13, 48, 24, 41, 1, 27, 20]
Float32[0.05803981, 0.061033964, 0.06776311, 0.077070884, 0.06723132, 0.075642884, 0.060216587, 0.056904774, 0.0687389, 0.07635354, 0.06745719, 0.065969296, 0.067598, 0.06079064, 0.069189124]

Int32[52, 38, 13, 1, 24, 37, 22, 48, 55, 25, 41, 23, 2, 31, 51]
Float32[0.06494266, 0.06939965, 0.07269565, 0.06091013, 0.07161665, 0.05048024, 0.059984457, 0.07141294, 0.06314754, 0.069333956, 0.07197247, 0.06362812, 0.06853901, 0.08022979, 0.06170676]

Int32[20, 51, 48, 13, 2, 38, 23, 31, 9, 55, 1, 24, 41, 22, 25]
Float32[0.06359586, 0.065571174, 0.0628539, 0.054749183, 0.06503946, 0.066202, 0.07058906, 0.070297316, 0.0684643, 0.07535834, 0.07101377, 0.07653703, 0.05869812, 0.060546447, 0.0704841]

Int32[13, 2, 23, 38, 22, 41, 1, 55, 31, 25, 37, 48, 20, 51, 24]
Float32[0.06634974, 0.06221633, 0.066941924, 0.059841983, 0.06429031, 0.07849875, 0.07398533, 0.07389963, 0.076726496, 0.062653355, 0.06460792, 0.06464256, 0.0578004, 0.056809578, 0.070735715]

Int32[23, 22, 48, 24, 20, 55, 1, 60, 41, 25, 2, 13, 38, 31, 8]
Float32[0.06374576, 0.05369352, 0.06001026, 0.076913916, 0.05829878, 0.072685234, 0.07829882, 0.070989564, 0.07036114, 0.061986968, 0.07758509, 0.06751062, 0.062285453, 0.061609674, 0.06402525]

Int32[24, 27, 55, 13, 1, 37, 31, 48, 20, 22, 38, 25, 23, 2, 41]
Float32[0.05933677, 0.06659153, 0.071543925, 0.06770727, 0.071879186, 0.063934, 0.070249505, 0.072673924, 0.054124925, 0.06876115, 0.06351321, 0.07504886, 0.064941525, 0.062419407, 0.06727487]

Int32[24, 55, 60, 20, 23, 1, 25, 2, 48, 13, 38, 31, 33, 27, 41]
Float32[0.061918378, 0.06518656, 0.07223156, 0.067350894, 0.071509995, 0.063181125, 0.07441668, 0.06914935, 0.07318196, 0.07226212, 0.065073125, 0.06902945, 0.053776067, 0.06731978, 0.054413002]

Int32[9, 13, 38, 2, 24, 23, 1, 31, 25, 55, 48, 37, 27, 22, 41]
Float32[0.06877508, 0.05423492, 0.05893501, 0.0688622, 0.07503877, 0.06875705, 0.059120774, 0.07906073, 0.074825145, 0.07875827, 0.06464451, 0.059764832, 0.05238194, 0.07296668, 0.06387417]

Int32[20, 41, 35, 60, 24, 37, 38, 23, 25, 2, 1, 55, 31, 48, 13]
Float32[0.056616623, 0.0681563, 0.06223353, 0.06979945, 0.06948599, 0.04698127, 0.07262914, 0.07555785, 0.07208178, 0.06329208, 0.0753875, 0.077403545, 0.062865004, 0.06351133, 0.06399863]

Int32[9, 22, 2, 37, 25, 24, 48, 38, 23, 31, 55, 41, 13, 1, 51]
Float32[0.05129112, 0.06180119, 0.06797179, 0.064828224, 0.07108433, 0.070623495, 0.07336897, 0.06771511, 0.065750755, 0.07223754, 0.07323964, 0.06278528, 0.06923408, 0.06750451, 0.060563978]

