0.05870447826047342 0.000888078632790696
0.058770751593036775 0.0009332212673124434
0.05902052875509993 0.0010335346739297879
0.05959312519979889 0.0011397868788299676
0.0601711829047972 0.001172900488410697
0.060173826079351414 0.0011732216002302539
0.0606623030893741 0.0011872532935479857
0.060907915466745635 0.0012032707056044167
0.060942411186877696 0.0012044155940334942
0.061264280321727524 0.0012388786144624682
0.06127634039628051 0.0012792870878595125
0.06131436997028296 0.0013460766303075003
0.06205458376788947 0.0013552261546963418
0.06256265391342351 0.001375471108566399
0.06308242656386479 0.0013820983285773437
0.06313375953722022 0.0013821226758071528
0.0631897899193341 0.0014103805290929705
0.06436892785109745 0.0014133812965668351
0.06448090162138846 0.0014277333063765596
0.06469704791239102 0.001434529281944403
0.0654648612374314 0.001502678297358605
0.06572932694685449 0.0015659197514507192
0.06835246571002604 0.001583777252436928
0.06849862690437514 0.0015999530927349151
0.06856817830543901 0.001606659246801696
0.06925665405176551 0.0016300231816617984
0.06965723789842738 0.001654687682499747
0.0710825617728301 0.001677183377314974
0.07128574018082201 0.001684411578433305
0.07243681895074555 0.0017089872106219811
