0.058082040627922465 0.0006930168306471967
0.05808669940208375 0.0007139106561916086
0.058491152296829794 0.0007588905783277171
0.05857132251824549 0.0008223128665944325
0.05881344741756048 0.0008522725072802026
0.05896784656347702 0.0009175517130481355
0.059032144151431154 0.0009398812311282555
0.05916303526173192 0.0009635991358398236
0.05938404458467499 0.0009734064545651702
0.059390230194863745 0.0010900281468363678
0.05964104783444405 0.0011732268578701214
0.06155194738531064 0.00120050942394178
0.06253577931327314 0.001223669365721724
0.06447906110019806 0.001264318000029762
0.06480724236137651 0.0013087821101955277
0.06618978023360302 0.001376148342079624
0.07062691736709939 0.0014191246763063062
0.07086413206625422 0.001437165764087189
