0.0584813704985184 0.0006868718469532774
0.05857774109225024 0.0007759331363669078
0.05889499811621751 0.000827104298308683
0.05892245196141162 0.0009394308495685323
0.059483720523537495 0.0009423149491978453
0.05949368436464471 0.0009458776885184034
0.05952118436069201 0.0009735518474146427
0.059675204497346174 0.0010466146747278636
0.0598793640197283 0.0011493830233486923
0.060457675256880325 0.0011773009926028327
0.061131829819523746 0.0012199056234901415
0.06120783371932166 0.0012366305074566913
0.061701568432805776 0.001344527939992048
0.0625909872127893 0.001364008194908516
0.0633469761155705 0.0013744491278034612
0.06362879357268342 0.0013955352005962506
0.06384878136711682 0.0014139010401895088
0.0642589753260209 0.0014144020363304635
0.06498132484277722 0.001417345482863317
0.06507460777298087 0.0014196271781159644
0.06514892702587981 0.0014351904868619692
0.06532083522519028 0.001455401572798354
0.06572972657700354 0.001498903214921406
0.06612342586041471 0.0015242578826776083
0.06689658007811228 0.0015250904727746397
0.0670410869090926 0.0015434537588166633
0.06710185093988387 0.0015439217918707172
0.06741570993394144 0.0015503466229199255
0.06776882923478715 0.0015511715102938235
0.06888698878131265 0.0015774797913768717
0.06913647819789227 0.001645070372925931
0.06960363601781393 0.0016475954214241993
0.07405915785971037 0.0016735058155482358
