0.03752461228218864 0.0004548760946133931
0.037655030568032384 0.0004858891453324089
0.03766322167860874 0.0005017089895810207
0.0378231566747946 0.0005155186825319013
0.03782883027726377 0.000527861101643231
0.037902027290988745 0.0005763444251315162
0.038284159358786374 0.0005873996024829345
0.03830302928312937 0.0006096142191107052
0.03845525256179771 0.0006537903814093161
0.03906821907436765 0.0006738120921857631
0.03918600682169675 0.0007028231318266622
0.03933476190299085 0.0007538709766790132
0.039675682109181015 0.000776648690524469
0.04086197504182169 0.0007783900233867919
0.04087621205351122 0.0008310877434348801
0.0430284526134784 0.0008623444069943324
