0.0372441628441568 0.00044543043839982466
0.0372441628441568 0.00044543043839982466
0.037347929582710146 0.000446630702810725
0.037590133087339675 0.0005022550883640453
0.037590133087339675 0.0005022550883640453
0.037641984233026074 0.0005401117085837609
0.03773508166226259 0.0005967245395170309
0.03774879478492844 0.0005971358326421425
0.03810472742502497 0.0006051671411852142
0.03810472742502497 0.0006051671411852142
0.0382258139401593 0.0006066624479398114
0.0382258139401593 0.0006066624479398114
0.03822690332533501 0.0006093208705196205
0.038351754457889436 0.000637594070429558
0.03836743952038918 0.000643444770037946
0.03857031559293469 0.0006529881439576864
0.03862879683403309 0.00068259774402468
0.03871198243892428 0.0007501766537293347
0.03968357255441844 0.0007512047318034321
0.04032181684395229 0.0007573042310727179
0.04048952549923747 0.0008036906517861069
0.041257513895984706 0.0008576285572694098
0.04309071115097114 0.0008946149553266897
0.04347861392426296 0.0009076591075591169
0.044472157916523855 0.0009618692046638697
