0.058293738930608 0.000443805033483306
0.058526606613364215 0.0005852660777618158
0.05870904398321079 0.0008055266961773212
0.058728383297255216 0.0008359319191147572
0.059031139092113244 0.0010626447969910686
0.06012822645969876 0.0010813287642279389
0.06068386442675352 0.0011001967608585837
0.061145449443257116 0.0011990765253597387
0.0629039320626804 0.0012391658019454432
0.06588525275148092 0.0012450241862658033
0.06755589878725192 0.0012609630255672052
0.06820886102004484 0.0012818547964349083
0.07008566133448399 0.0013529778114083652
