0.03760914504528046 0.0008268856327049434
0.03760914504528046 0.0008268856327049434
0.03760914504528046 0.0008268856327049434
0.03760914504528046 0.0008268856327049434
0.03760914504528046 0.0008268856327049434
0.03760914504528046 0.0008268856327049434
0.03760914504528046 0.0008268856327049434
0.03760914504528046 0.0008268856327049434
0.03760914504528046 0.0008268856327049434
0.03760914504528046 0.0008268856327049434
0.03760914504528046 0.0008268856327049434
0.03760914504528046 0.0008268856327049434
0.03760914504528046 0.0008268856327049434
0.03760914504528046 0.0008268856327049434
0.03760914504528046 0.0008268856327049434
0.03760914504528046 0.0008268856327049434
0.03760914504528046 0.0008268856327049434
0.03760914504528046 0.0008268856327049434
0.03760914504528046 0.0008268856327049434
0.03760914504528046 0.0008268856327049434
0.03760914504528046 0.0008268856327049434
0.03760914504528046 0.0008268856327049434
0.03760914504528046 0.0008268856327049434
0.03760914504528046 0.0008268856327049434
0.03760914504528046 0.0008268856327049434
0.03760914504528046 0.0008268856327049434
0.03760914504528046 0.0008268856327049434
0.03760914504528046 0.0008268856327049434
0.03760914504528046 0.0008268856327049434
0.03760914504528046 0.0008268856327049434
0.03760914504528046 0.0008268856327049434
0.03760914504528046 0.0008268856327049434
0.03760914504528046 0.0008268856327049434
0.04375647380948067 0.0012328810480539687
0.04339352482929826 0.0012225454265717417
0.03848563530482352 0.0010831141771632247
0.04375647380948067 0.0012328810480539687
0.042679982841946185 0.0012029822173644789
0.04375647380948067 0.0012328810480539687
0.042679982841946185 0.0012029822173644789
0.04375647380948067 0.0012328810480539687
0.042679982841946185 0.0012029822173644789
0.040293887723237276 0.0011302093334961683
0.042679982841946185 0.0012029822173644789
0.04375647380948067 0.0012328810480539687
0.04375647380948067 0.0012328810480539687
0.04375647380948067 0.0012328810480539687
0.04375647380948067 0.0012328810480539687
0.04375647380948067 0.0012328810480539687
0.04375647380948067 0.0012328810480539687
0.042504965560510755 0.0011980924136878457
0.04143386660143733 0.001168343354947865
0.04163798922672868 0.0011740127702069003
0.04273245797958225 0.0012044104041706305
0.041447938652709126 0.001168734142993344
0.04162774048745632 0.0011737276890926296
0.04249882674776018 0.001197921774291899
0.04250363621395081 0.0011980556664639153
0.042495293891988695 0.0011978240290773101
0.04164223955012858 0.0011741302059817826
0.04165678389836103 0.0011745342762878863
0.04249750461895019 0.0011978852417087182
0.04375647380948067 0.0012328810480539687
0.04145059233997017 0.0011688078520819545
0.04375647380948067 0.0012328810480539687
0.04249808227177709 0.0011979011942457873
0.042504742508754134 0.0011980861563642975
0.04249261924996972 0.0011977496287727263
0.04271097655873746 0.0012038137356285006
0.04294953390490264 0.0012104461129638366
0.042679982841946185 0.0012029822173644789
0.04353695421013981 0.0012267789534234907
0.04250551841687411 0.0011981076677329838
0.04161954706069082 0.0011735001753550023
0.04272166034206748 0.001204110863909591
0.042696862830780447 0.0012034215760650113
0.04250240221153945 0.0011980213021161035
0.039726836839690804 0.0011160533322254196
0.04251885425765067 0.0011984781158389524
0.04251318541355431 0.0011983206495642662
0.03976443549618125 0.0011167525663040578
0.042705140775069594 0.0012036516345688142
0.04249041504226625 0.0011976883979514241
0.042207493679597974 0.0011898483098775614
0.040615850826725364 0.0011456514348537894
0.04162837110925466 0.0011737449622160057
0.041455494123511016 0.0011689438215398695
0.04269891232252121 0.001203478648676537
0.04273123946040869 0.0012043762944813352
0.03977014066185802 0.0011168588389409706
0.038684942526742816 0.0010867867640627082
0.0425012712366879 0.0011979897499259096
0.04272087989374995 0.0012040888213959988
0.04164889210369438 0.0011743153518182226
0.04164587543345988 0.0011742315018636873
0.041408107499592006 0.0011676280810206663
0.04249297361820936 0.0011977592002949677
0.04163313016761094 0.0011738773591787321
0.04142942256294191 0.0011682197618938517
0.04375647380948067 0.0012328810480539687
0.03972977655939758 0.0011161076799908187
0.04159255349077284 0.0011727812889148481
0.03806457435712218 0.0010294429248460801
0.04249853640794754 0.0011979139380855486
0.03865041059907526 0.0010861446462513413
0.041415297659114 0.0011678276223392459
0.04272567096631974 0.0012042218768328894
0.0427163791609928 0.0012039638895657845
0.039765520603396 0.0011167731427121907
0.04375647380948067 0.0012328810480539687
0.04250657744705677 0.0011981369643763173
0.042722755344584584 0.0012041408190270886
0.04270958015695214 0.0012037749038427137
0.04267204494681209 0.0012027615157421678
0.04273536067921668 0.0012044912509736605
0.04162627330515534 0.0011736871565517504
0.042741081677377224 0.0012046498959534802
0.04272963909897953 0.0012043321003147867
0.042736860108561814 0.0012045327785017435
0.03867734386585653 0.0010866471238841768
0.04248740535695106 0.0011976046771451365
0.04248874739278108 0.00119764217743068
0.0425029027974233 0.001198034966364503
0.04167758172843605 0.0011751112269848818
0.0425111377844587 0.0011982636606262531
0.04251041682437062 0.0011982437063124962
0.04249812173657119 0.001197902729472844
0.04249127104412764 0.0011977121321251616
0.039728537667542696 0.0011160848662257195
0.04375647380948067 0.0012328810480539687
0.04141693515703082 0.001167872955193161
0.041984677547588944 0.0011836504563689232
0.042694491101428866 0.0012033558632538188
0.04271834762766957 0.0012040182555210777
0.04144112335052341 0.0011685447316267528
0.04273346078116447 0.0012044382601743564
0.04165141808334738 0.0011743852192012127
0.04272677737753838 0.0012042524322168902
0.04168347083032131 0.0011752748832805082
0.04249187919776887 0.0011977291760558728
0.042714676121249795 0.001203916486701928
0.042498231399804354 0.0011979053342656698
0.04164087132085115 0.001174092209112132
0.04153113951906562 0.0011710772705555428
0.042456477181985974 0.0011967454483965412
0.041655529756098986 0.0011744994262699038
0.04271120252087712 0.0012038199856760912
0.04249906330369413 0.0011979287446592934
0.04140885348897427 0.001167648615592043
0.04251686774659902 0.0011984227094217204
0.041443292051553726 0.0011686052093864419
0.04507466475479305 0.0012582999625010416
0.042077879421412945 0.001186244498967426
0.04144226957578212 0.001168576587588177
0.039762266096659005 0.0011167122356710024
0.03806461452040821 0.0010294903513567988
0.041441837907768786 0.0011685645531542832
0.04250207345467061 0.0011980120216321666
0.041423789341934025 0.0011680633742798818
0.04154472495429218 0.0011714222746377345
0.04165281751193106 0.0011744239836843917
0.04163008520845324 0.0011737927598005626
0.04164043872151524 0.0011740803420252632
0.04271564504597336 0.0012039432003803086
0.04141981550492346 0.0011679531107802177
0.0424933556932956 0.0011977699177805334
0.03976370964664966 0.0011167392076458782
0.042719420278444886 0.001204048461659113
0.038650293718092144 0.0010861426781048067
0.04163108638022095 0.0011738205466826912
0.04168158664833754 0.0011752232858270872
0.04272365907672793 0.0012041661648254376
0.04271116235759109 0.0012038192435284145
0.04250682983547449 0.0011981439820374362
0.038687589461915195 0.001086836025933735
0.03864990244619548 0.001086135232981178
0.04142520809546113 0.001168103095551487
0.04271822213195264 0.0012040148976666387
0.04249633941799402 0.0011978529182670172
0.04164407670032233 0.0011741811704268912
0.041644197423011065 0.0011741848393285181
0.04249273834284395 0.0011977529284195043
0.04226122715044767 0.0011913306116184685
0.04375647380948067 0.0012328810480539687
0.041432048194110394 0.0011682927652145736
0.04128652368672192 0.00116428285400616
0.042719413177110255 0.0012040481487929355
0.04141695436555892 0.001167873766462435
0.041643569129519165 0.00117416696230066
0.04164928605314344 0.0011743260511138942
0.04273367044515908 0.0012044442410115153
0.04248678404837847 0.001197587545902934
0.042701309896074235 0.001203545351017965
0.04375647380948067 0.0012328810480539687
0.038081153528764844 0.0010441131271363702
0.04143953276798129 0.0011685004483297234
0.04107103787828237 0.0011582810766412877
0.03806491440627724 0.0010297503949914244
0.03806488879490644 0.0010297262115273043
0.042492994223721325 0.0011977601861872245
0.04375647380948067 0.0012328810480539687
0.0414382730377838 0.0011684655837598257
0.04161834833212197 0.0011734666059055598
0.04249189258553088 0.001197729623527266
0.04163331212475896 0.0011738821740436833
0.04272567678708583 0.0012042220696457662
0.04143391689285636 0.0011683448992698686
0.041611194144934416 0.0011732977691281121
0.03973190009128302 0.0011161473121319432
0.038687087246216834 0.0010868267436308088
0.04375647380948067 0.0012328810480539687
0.04249567457009107 0.0011978342990914825
0.04271008062642068 0.0012037891610816587
0.03972803265787661 0.0011160752437717747
0.04245306761004031 0.0011966506535827648
0.03864923072978854 0.0010861226983251981
0.04252843896392733 0.0011987440739176236
0.04141222755424678 0.0011677423390210606
0.04142043390311301 0.0011679706385621103
0.04271058621816337 0.0012038027780363336
0.042679982841946185 0.0012029822173644789
0.04341578274033964 0.001223410690727178
0.04185245779808611 0.001179979237349471
0.03868198592681438 0.0010867318414966576
0.04143337486311793 0.0011683294833346736
0.04249779274687171 0.0011978932852798607
0.04164207016583532 0.0011741255802917294
0.042510546278208494 0.0011982472533418331
0.04163868131581694 0.0011740313821064774
0.04171110363677144 0.0011760694796976168
0.042130286106839776 0.0011876989337906707
0.042950681410729885 0.0012104776105843484
0.04250001290347427 0.0011979549381067045
0.04163528443314135 0.001173937154817395
0.04272490809671581 0.001204200856591342
0.03848563530482352 0.0010831141771632247
0.04271319322288036 0.0012038753447995987
0.04271995625458658 0.0012040630062983837
0.04461658978834748 0.0012447393382899463
0.042719553923234344 0.0012040518413414247
0.04271907778456807 0.0012040386282023974
0.04165481124073267 0.00117447955381067
0.04163504624739289 0.0011739304409275064
0.04265403503086418 0.001202232302603079
0.04163555079139769 0.0011739445017155958
0.03987487347330898 0.001118822612625081
0.0424988818122074 0.0011979232185694855
0.04269918939098716 0.0012034864303132053
0.041414183913730085 0.001167796692243428
0.042711911955848336 0.0012038398162985686
0.04274133872240782 0.0012046568554069381
0.04250047181267291 0.0011979675618931651
0.04140875919256359 0.0011676461854221998
0.04141511535272002 0.0011678225146170007
0.042679982841946185 0.0012029822173644789
0.0421408744296059 0.0011879916964971926
0.04140169208403677 0.0011674498055072036
0.03972816979512572 0.001116078066843329
0.041633663582615554 0.0011738922439690214
0.04161800805013627 0.0011734572235582164
0.04141722165513784 0.0011678809951263247
0.042711750604212284 0.0012038351269438863
0.04249698971398175 0.0011978709917457309
0.04375647380948067 0.0012328810480539687
0.042498557129874825 0.0011979144364886452
0.0427102338289842 0.0012037930719088763
0.04248997615650296 0.001197676199808484
0.04134761437308043 0.0011659550800686702
0.04144227982033044 0.0011685770532494644
0.03972808085381985 0.0011160761787323281
0.041972598526626825 0.0011833236567326821
0.04250159813091159 0.0011979991177213378
0.04375647380948067 0.0012328810480539687
0.04271059588063508 0.0012038031381962355
0.04142759332899004 0.0011681691321427934
0.04375647380948067 0.0012328810480539687
0.042500690557062626 0.0011979737246292643
0.04164193291217089 0.0011741220841940958
0.042679982841946185 0.0012029822173644789
0.04273539059795439 0.0012044920295011252
0.042723147897049785 0.0012041517911711708
0.041664796066470444 0.0011747566095436923
0.04163682146463543 0.0011739797810150776
0.041434977669268847 0.0011683740031003254
0.04142579552717507 0.0011681190499075456
0.042729743057861924 0.0012043351744068787
0.04249279049690813 0.001197754310851451
0.04271247948054224 0.0012038556560582947
0.04142624977976084 0.0011681316445901757
0.043220545281656086 0.001217981247464195
0.04251315945293754 0.0011983198892266955
0.04272658552508801 0.0012042474882036913
0.04143202677369118 0.0011682920376188122
0.04272152634803206 0.0012041067639074754
0.04163192945998162 0.0011738438424799824
0.04143589083105326 0.001168399365269579
0.04142534884158522 0.001168106615295983
0.039759974693879485 0.0011166696713189594
0.038648979854770005 0.0010861178743653
0.04141527705360204 0.00116782681652694
0.041653035557828844 0.0011744304283638485
0.042714857030659914 0.001203921561682364
0.038686945801600814 0.0010868243189179339
0.04269812535494566 0.0012034567225782666
0.04375647380948067 0.0012328810480539687
0.04271630756556988 0.001203961994178826
0.042498070863075554 0.0011979008340858854
0.03956311207730323 0.001113031179556856
0.042679982841946185 0.0012029822173644789
0.038685147650539875 0.0010867907221836504
0.042679982841946185 0.0012029822173644789
0.04251123405992985 0.0011982663927483372
0.0416719795903191 0.0011749565146601526
0.041641625692136586 0.0011741130983864423
0.042186689912341535 0.001188997208373621
0.04164863738697022 0.0011743078957806574
0.03957669506780803 0.001113281883590389
0.04271553677972406 0.001203940362756839
0.04248640965670347 0.0011975770175922662
0.041833183844573796 0.0011794561251008417
0.04164776823017746 0.0011742838396457955
0.042697266675531864 0.0012034328938170802
0.042724131839349866 0.0012041846239299048
0.0416522336890921 0.001174407780126785
0.042708904249593616 0.0012037561427860055
0.040172487962991 0.001126752256823238
0.04163285612594336 0.0011738695957319578
0.04249630670528859 0.001197852034238167
0.041413290542550385 0.001167771883046953
0.042716576950624585 0.001203969743073685
0.042718737735413015 0.001204029129439732
0.042717701639048755 0.001204000749567058
0.04271515249274671 0.0012039297907904256
0.041288589825853705 0.0011643175821518525
0.041648705839179456 0.001174309787529637
0.038685665698722005 0.0010868002154893475
0.041630199062637985 0.0011737960558093619
0.042679982841946185 0.0012029822173644789
0.042497161542996764 0.0011978758702753112
0.04250362142920494 0.0011980552590102889
0.042500975425355136 0.0011979816663370002
0.04249989683739841 0.0011979516530118417
0.04410845844540745 0.0012398602557368577
0.042679982841946185 0.0012029822173644789
0.04375647380948067 0.0012328810480539687
0.04166080534923822 0.001174645782157313
0.0427202534629032 0.0012040713663736824
0.04164874157868326 0.0011743110953830183
0.04323581070639193 0.0012184078295831569
0.04375647380948067 0.0012328810480539687
0.038057365571148694 0.0010228520259261131
0.04166351701132953 0.0011747210610337788
0.042714810580946505 0.0012039202847518027
0.04273393738549203 0.0012044515024172142
0.04273195029236376 0.0012043964125041384
0.042696179356426 0.0012034027386107482
0.042444593855179846 0.0011964377772528678
0.043397158035077155 0.0012228929736011196
0.04164087527897209 0.001174092452856712
0.042512499960139394 0.0011983014883298893
0.04334571317303926 0.0012214605485496577
0.04350940929725766 0.0012260119583515916
0.038782874355092645 0.001088628601792152
0.040293887723237276 0.0011302093334961683
0.041409154306165874 0.0011676569429255323
0.0416431101039052 0.0011741545768018113
0.0412515071220696 0.0011632837795332307
0.042717887088656425 0.0012040057808917481
0.04272190004121512 0.0012041172085446306
0.04271206958219409 0.001203844185511116
0.042506679077632725 0.0011981399657088332
0.04368469619657844 0.0012308853983995505
0.041642174590379 0.0011741284197341884
0.0427232674555853 0.0012041552072332706
0.040798288537189364 0.0011507235394674353
0.043443019734695554 0.0012241678705322556
0.042679982841946185 0.0012029822173644789
0.04155196330975741 0.0011716260632965714
0.04271354677621275 0.0012038853637932334
0.04249079735018313 0.001197699300973909
0.03986629785504192 0.0011186712472408544
0.04375647380948067 0.0012328810480539687
0.03981470060534775 0.001118025877076434
0.04163014213554561 0.0011737943277694285
0.04286483442410827 0.0012080957494617905
0.04163156624417752 0.0011738337543647503
0.042717074626125395 0.0012039829998684581
0.042697002994827926 0.0012034257160848938
0.04367122403346002 0.0012305113414186053
0.041633658576756716 0.001173891891085077
0.038685215869918466 0.0010867919008887839
0.03972782229539007 0.0011160713111166842
0.04141538159456104 0.0011678299415507354
0.04272825736552477 0.0012042936577927321
0.04248872573953122 0.0011976416717516258
0.04245655285194516 0.0011967476420977619
0.03972955280914903 0.0011161035145050846
0.04143243748694658 0.0011683035609166836
0.042705369531176984 0.001203657993755769
0.04249345464631915 0.0011977729700447526
0.041653931490145624 0.0011744551466108533
0.04141096759121865 0.0011677074962790357
0.039769364055246115 0.001116844046919141
0.04272267024498433 0.0012041388654324692
0.04257723921909928 0.0012001014838460833
0.03871036518830806 0.0010872644506889628
0.04375647380948067 0.0012328810480539687
0.040924531291238964 0.0011542135744093684
0.04142398072872311 0.0011680687621264951
0.04271420417353511 0.001203903437271947
0.04164731374476105 0.0011742710867110873
0.04375647380948067 0.0012328810480539687
0.04271862539462745 0.0012040262154187076
0.042504453216679394 0.001198078076413367
0.042726906249299645 0.0012042563539580442
0.04162428865674883 0.0011736320921045262
0.04248786100652069 0.0011976174246228766
0.041433580801822245 0.0011683353259286378
0.038685307023115456 0.0010867938362935092
0.04142250446602702 0.0011680282350425841
0.042699268204160035 0.0012034887040499598
0.04297321033664048 0.0012111042051401455
0.04375647380948067 0.0012328810480539687
0.04272487130947411 0.0012041994195897132
0.04221792344469577 0.001190138335005031
0.0423630146542564 0.00119418168469565
0.04163093422539532 0.0011738165449060034
0.0418015297036618 0.0011775392231356818
0.04269942955579609 0.0012034930150548462
0.04144799953792244 0.0011687355454341741
0.042129560839384794 0.0011874106348841451
0.041412879596464336 0.0011677604634314775
0.04173357167746872 0.0011766746756620705
0.041628461447544396 0.0011737476597772911
0.043424763483926654 0.0012236580660101026
0.04375647380948067 0.0012328810480539687
0.041444810456596315 0.001168647309896187
0.04164930013939738 0.0011743265768018318
0.04207833937834948 0.0011862571191159077
0.04169474833179265 0.001175615641841432
0.04142578016035259 0.0011681185933412053
0.04195619048550725 0.0011828625083580846
0.041414733743295074 0.0011678122900775634
0.04359110211953521 0.0012282831885386258
0.04250135412439704 0.0011979921509919222
0.04316986759658903 0.001216571756231133
0.04251111741177738 0.0011982632822764572
0.04161750362254679 0.0011734432537195971
0.04141290520783514 0.0011677612837956985
0.04215616313740611 0.0011884189461852657
0.04164641199167818 0.0011742463339032838
0.04143611679319292 0.0011684058445098344
0.042357874335721135 0.0011940284621232422
0.04375647380948067 0.0012328810480539687
0.042715354822576046 0.0012039356151944958
0.042508018552325666 0.0011981773423030972
0.042716123280115426 0.00120395667545381
0.038661659229546785 0.00108652250492014
0.04143090359866619 0.001168260925624054
0.041651574545539916 0.0011743897157430183
0.042485874611884356 0.0011975622692261823
0.04270344146061689 0.0012036046173307113
0.042679982841946185 0.0012029822173644789
0.042729232693091035 0.0012043208807881456
0.04145365604199469 0.0011688927952491213
0.04271192743908614 0.0012038402528560255
0.040240771137177944 0.0011288826826785225
0.04249579319730401 0.0011978376969636884
0.041530333925038576 0.0011710252674674848
0.04249841219279915 0.001197910347400466
0.03868657478597015 0.001086817386749317
0.041429618024267256 0.0011682253825711086
0.04162986378651112 0.0011737863678717986
0.042482260381802917 0.0011974615008512046
0.04142837121617049 0.0011681907744787168
0.03976574062835425 0.001116777119023027
0.04250238521490246 0.001198020800075028
0.041652555228210986 0.0011744169387384318
0.04226721066515893 0.0011915010800294112
0.04164056130684912 0.0011740837871911936
0.04375647380948067 0.0012328810480539687
0.0419492251239717 0.001182675074232975
0.04250443179626018 0.0011980775198026095
0.04271767917089164 0.0012039998000545893
0.04276383377145976 0.001205288281198591
0.04268972354475409 0.0012032234844809864
0.04267099476419389 0.0012027033408230636
0.042497482150793076 0.00119788471783977
0.04192306648474187 0.0011819518222182523
0.04271518252789974 0.0012039306093356572
0.0426797338295728 0.001202946139528649
0.04164256388321519 0.0011741392372641712
0.04375647380948067 0.0012328810480539687
0.04168151714839041 0.0011752208920370322
0.04252223123330623 0.0011985717901552562
0.042500841431319714 0.0011979779446846806
0.039730912190862 0.0011161290713062044
0.042501574265770614 0.0011979981391050387
0.04250504216179252 0.0011980944509559777
0.042809347971342504 0.0012065486516803503
