0.03760914504528046 0.0008268856327049434
0.03760914504528046 0.0008268856327049434
0.03760914504528046 0.0008268856327049434
0.03760914504528046 0.0008268856327049434
0.03760914504528046 0.0008268856327049434
0.03760914504528046 0.0008268856327049434
0.03760914504528046 0.0008268856327049434
0.03760914504528046 0.0008268856327049434
0.03760914504528046 0.0008268856327049434
0.03760914504528046 0.0008268856327049434
0.03760914504528046 0.0008268856327049434
0.03760914504528046 0.0008268856327049434
0.03760914504528046 0.0008268856327049434
0.03760914504528046 0.0008268856327049434
0.03760914504528046 0.0008268856327049434
0.03760914504528046 0.0008268856327049434
0.03760914504528046 0.0008268856327049434
0.03760914504528046 0.0008268856327049434
0.03760914504528046 0.0008268856327049434
0.03760914504528046 0.0008268856327049434
0.03760914504528046 0.0008268856327049434
0.03760914504528046 0.0008268856327049434
0.03760914504528046 0.0008268856327049434
0.03760914504528046 0.0008268856327049434
0.03760914504528046 0.0008268856327049434
0.03760914504528046 0.0008268856327049434
0.03760914504528046 0.0008268856327049434
0.03760914504528046 0.0008268856327049434
0.03760914504528046 0.0008268856327049434
0.03760914504528046 0.0008268856327049434
0.03760914504528046 0.0008268856327049434
0.03760914504528046 0.0008268856327049434
0.03760914504528046 0.0008268856327049434
0.03760914504528046 0.0008268856327049434
0.03760914504528046 0.0008268856327049434
0.03760914504528046 0.0008268856327049434
0.03760914504528046 0.0008268856327049434
0.03760914504528046 0.0008268856327049434
0.03760914504528046 0.0008268856327049434
0.03760914504528046 0.0008268856327049434
0.03760914504528046 0.0008268856327049434
0.03760914504528046 0.0008268856327049434
0.03760914504528046 0.0008268856327049434
0.03760914504528046 0.0008268856327049434
0.03760914504528046 0.0008268856327049434
0.04375647380948067 0.0012328810480539687
0.04375647380948067 0.0012328810480539687
0.042679982841946185 0.0012029822173644789
0.04375647380948067 0.0012328810480539687
0.042679982841946185 0.0012029822173644789
0.04189313773531467 0.0011810858613898745
0.04224444681312889 0.0011908452142961323
0.04083379963412881 0.0011517097445903346
0.04116946423891932 0.001160987796538393
0.042679982841946185 0.0012029822173644789
0.04296866036020219 0.0012109577546652872
0.04189101269003004 0.0011810266496468103
0.041171016870066524 0.0011610309611569392
0.04116869217250496 0.0011609664961724775
0.041894763708114624 0.0011811310705525102
0.04297013231553137 0.0012109987328585703
0.04225038085132837 0.0011910094690392725
0.042259722598828375 0.0011912689769815188
0.04117771843448281 0.0011612168163992465
0.04297171568032354 0.0012110426832805388
0.04117305506952107 0.0011610874153120676
0.042403245344758034 0.001195281176478602
0.04297475214116275 0.0012111272444599308
0.040882543893530965 0.001153049253844074
0.04225170181598514 0.0011910460198123474
0.04188198805786669 0.001180776025648811
0.04189823672641069 0.001181227782581118
0.04188775329384953 0.0011809363604697865
0.04224699852056801 0.0011909156346519012
0.041657849913462996 0.0011745657229766948
0.0411683953134343 0.001160958245236543
0.04117092420347035 0.001161028454589541
0.04127733164932579 0.0011639863823802443
0.04296911181882024 0.0012109702693123836
0.040694764466024935 0.0011478396954771597
0.043658068403601646 0.0012301451788516715
0.04189289431087673 0.0011810790911113145
0.04296766803599894 0.0012109302224416751
0.04224703228101134 0.001190916544146603
0.04189802799373865 0.0011812219472631114
0.040891228476539254 0.001153276545664994
0.042679982841946185 0.0012029822173644789
0.04189343622419983 0.0011810940668510739
0.04296776372939348 0.0012109327108191792
0.04189044109079987 0.0011810107826022431
0.043213854427449405 0.0012177955286460929
0.04083379963412881 0.0011517097445903346
0.042620861320756376 0.0012013369378109928
0.041890444001182914 0.0011810108189820312
0.04189539176877588 0.0011811487420345657
0.04189562820829451 0.0011811551739810966
0.03805753157939762 0.0010230320631308132
0.04224537732079625 0.0011908705928362906
0.04223869519773871 0.0011906856270798016
0.042965350206941366 0.0012108658629585989
0.04189977247733623 0.0011812706052296562
0.03954287001397461 0.0011063054080295842
0.04296738328412175 0.0012109222516301088
0.04189268057234585 0.0011810732212325092
0.04117164493072778 0.001161048408903298
0.04117412003688514 0.0011611169793468434
0.04375647380948067 0.0012328810480539687
0.0422504551243037 0.001191011364426231
0.04188460577279329 0.0011808487797679845
0.042679982841946185 0.0012029822173644789
0.04224634275306016 0.0011908976521226577
0.042249689577147365 0.001190990373288514
0.04224475845694542 0.0011908535343536641
0.04223515640478581 0.0011905876090168022
0.041895936825312674 0.0011811637814389542
0.04117380233947188 0.001161108539236011
0.042679982841946185 0.0012029822173644789
0.04296779341530055 0.0012109335366403684
0.04224927560426295 0.0011909788736375049
0.04188845888711512 0.0011809557072410826
0.042679982841946185 0.0012029822173644789
0.04165989824105054 0.0011746440577553585
0.0411700721597299 0.0011610047058638884
0.04218526557087898 0.00118895396735752
0.040576045284979045 0.0011445411855675047
0.04189289885107428 0.0011810794239863753
0.04214481357485056 0.001188089479910559
0.042904037050902843 0.0012091820863133762
0.04187889723107219 0.0011806902821263066
0.04117889504414052 0.0011612495545705315
0.0431112889200449 0.0012149440153734758
0.042511413572356105 0.0011982912692474201
0.04189002711791545 0.0011809992938651703
0.04225074429996312 0.0011910196299140807
0.04297257761936635 0.0012110667776141781
0.04259935487061739 0.0012007384775643004
0.04188741743564606 0.0011809269708464853
0.0420203129760921 0.0011846330417029094
0.042679982841946185 0.0012029822173644789
0.041891071829013526 0.001181028455903288
0.04296954697929323 0.0012109822018828709
0.04297300928737968 0.0012110787574783899
0.04189467418473214 0.001181128311145585
0.04116870369762182 0.001160966692623333
0.0429732947377488 0.0012110866628063377
0.04116816876921803 0.001160951853307779
0.04296834580600262 0.0012109490562579595
0.04189438943285495 0.001181120644105249
0.04189686255995184 0.0011811895656137494
0.04171268339268863 0.001176090107037453
0.038475066889077425 0.0010763772643258562
0.0422501212451607 0.0011910022076335736
0.04296827700454742 0.001210947084473446
0.04216066258959472 0.001188530603030813
0.042934966273605824 0.001210041795275174
0.04346725542563945 0.0012248488237673882
0.0395419403212145 0.0011063049823860638
0.04116988950408995 0.0011609996054176008
0.04239076445810497 0.0011949499930778984
0.0418945673154667 0.0011811254134954652
0.04224147996865213 0.0011907627558684908
0.04116954328492284 0.0011609899902396137
0.04116533789783716 0.0011608735276240623
0.04214927041903138 0.0011882135204359656
0.042400128208100796 0.0011951943906751694
0.04117011127527803 0.0011610057808866259
0.04207430500537157 0.0011861273978865938
0.042249145335517824 0.0011909753739018925
0.04375647380948067 0.0012328810480539687
0.042188182938843966 0.0011892965649167309
0.041893481742590666 0.0011810953128588153
0.0422505063470453 0.0011910130851902068
0.04117110383231193 0.0011610334277065704
0.04188746795989573 0.0011809281695605023
0.042679982841946185 0.0012029822173644789
0.04297123779542744 0.0012110293937439565
0.041883857222273946 0.0011808276212832425
0.03807531076017767 0.001038898029946722
0.04357230628374964 0.0012277560053917114
0.041893159970641136 0.0011810869564214954
0.041956287575885653 0.001182843245260301
0.04116830485872924 0.001160955833256594
0.04118134907912463 0.0011613178376137512
0.042243564035743475 0.0011908205997315235
0.0424256109399721 0.0011959035346080782
0.04255067592021078 0.0011993585139862262
0.04190180159639567 0.0011813270175480284
0.04064139095135033 0.00114635224781523
0.04117716406472027 0.001161201425929903
0.04114253749139607 0.0011602400700212456
0.04225565423257649 0.0011911560141015798
0.04116990847978741 0.0011610003075475106
0.042261231457814574 0.001191310933791101
0.041888736304827034 0.0011809634743258357
0.041173047153279185 0.0011610873334575444
0.0422503495356068 0.0011910085522686131
0.04117452341597527 0.0011611281734076329
0.04226982977706939 0.001191549890791066
0.04224876523949206 0.001190964725537924
0.042253261781297624 0.0011910894718312193
0.04189111280720681 0.0011810295654868241
0.042679982841946185 0.0012029822173644789
0.04189135297201574 0.0011810362557298504
0.04189094970934093 0.0011810250671260292
0.04188935796264559 0.0011809807638201164
0.041172160767018795 0.0011610626734182006
0.0429667888674885 0.0012109056078770664
0.042247736593708396 0.0011909362110600341
0.043222930515185 0.0012180335324956104
0.03962472814600915 0.0011063441597798374
0.043380154529586434 0.0012224087549839169
0.042974425363354385 0.0012111181458749343
0.042679982841946185 0.0012029822173644789
0.04189402726478875 0.0011811109470727388
0.0418951481115073 0.0011811418717115885
0.042967895162291825 0.0012109364615753293
0.04116963455453515 0.0011609924149524886
0.04187981074210256 0.0011807390110334381
0.04345012956764549 0.0012243642995599657
0.041172987897880375 0.0011610855490289396
0.040486365323886275 0.0011307957538519986
0.042247735196724534 0.0011909359636774752
0.04375647380948067 0.0012328810480539687
0.042250880505889654 0.0011910234643437434
0.041173233883455396 0.0011610923938860651
0.04224285308737308 0.0011908007982128765
0.041172394528985023 0.0011610692690737778
0.04297374398447573 0.0012110990610381123
0.039094523061066866 0.0010991842518706108
0.04225126176606864 0.0011910340945178177
0.04117532609961927 0.0011611504542088369
0.04189025238156319 0.0011810056712420192
0.04189226473681629 0.00118106187437661
0.04189514787867665 0.0011811415715783369
0.04188955365680158 0.0011809861243818887
0.041889753891155124 0.0011809916450147284
0.04104056558571756 0.001157062069978565
0.04232756374403834 0.0011931532608286943
0.0429666944546625 0.0012109029848943464
0.041166371083818376 0.0011609022039920092
0.043384975055232644 0.0012225429381942376
0.042246245429851115 0.0011908948654308915
0.04342128220014274 0.0012235532340127975
0.042329437332227826 0.0011932239794987254
0.04188893211539835 0.0011809688148787245
0.047157355467788875 0.0012675338075496256
0.042679982841946185 0.0012029822173644789
0.04189433541614562 0.001181119174361811
0.04189533297903836 0.0011811470103566535
0.041892650071531534 0.0011810723553935532
0.042965269763953984 0.00121086338913301
0.042453249101527035 0.0011966726269747596
0.04225056106224656 0.0011910144312423654
0.04189301817677915 0.0011810823889391031
0.042003846378065646 0.0011841666164400522
0.042976980679668486 0.001211189133755397
0.041891399887390435 0.001181037583592115
0.042247627628967166 0.00119093308239826
0.042243950767442584 0.0011908312699233647
0.04224445461295545 0.0011908452324860264
0.04208372090943158 0.0011863905419886578
0.04297247703652829 0.001211063725349959
0.04224975686520338 0.0011909921522601508
0.043479586485773325 0.0012251757761987392
0.042969416128471494 0.0012109788403904531
0.041890375898219645 0.0011810089272330515
0.04357783042360097 0.0012279147558729164
0.04188546433579177 0.0011808726594608743
0.041896737879142165 0.0011811860586021794
0.04116954328492284 0.0011609899902396137
0.04070602101273835 0.0011481519886729075
0.041885685990564525 0.0011808785347966477
0.04117375740315765 0.0011611068875936326
0.04188953910488635 0.0011809861116489628
0.04189368709921837 0.0011811010353994789
0.041896029375493526 0.0011811664498964092
0.04189155891072005 0.0011810419655375881
0.041956824134103954 0.0011828581809822936
0.04181932099163532 0.0011790362441388424
0.04296715359669179 0.001210915648698574
0.043693728861398995 0.0012311349346418865
0.04226524115074426 0.0011914410824829247
0.04225239087827504 0.0011910652319784276
0.04224780993536115 0.001190938230138272
0.0422554969554767 0.0011911517394764815
0.04264624195639044 0.0012020441445201868
0.04116697411518544 0.0011609187567955814
0.04297130566556007 0.0012110313218727242
0.04116762871854007 0.0011609370758378645
0.043633836205117404 0.0012294714942981955
0.04325132130179554 0.0012188236178189982
0.04297274618875235 0.0012110714706068393
0.04224976687692106 0.0011909923887287732
0.04189414554275572 0.0011811137865151977
0.04255742859095335 0.0011995460990874562
0.04296948912087828 0.0012109807212254964
0.04189601098187268 0.0011811659878731007
0.04189288173802197 0.0011810789001174271
0.04121509031392634 0.0011622558704402763
0.041650055442005396 0.0011743714712793007
0.042250004946254194 0.0011909990462299902
0.042968121473677456 0.0012109427698305808
0.041892634821124375 0.0011810718624474248
0.04189104167744517 0.0011810279538622126
0.04121594817843288 0.001162278829724528
0.04189282690640539 0.0011810771065938752
0.04189346812199801 0.0011810950836661505
0.04375647380948067 0.0012328810480539687
0.04117127938661724 0.001161038131613168
0.047158171189948916 0.0012675563993980177
0.04211430170107633 0.0011872554914589273
0.041165699367411435 0.0011608835302467924
0.04297919268719852 0.0012112508302379865
0.041896923212334514 0.0011811911808763398
0.04149347194470465 0.0011700320319505408
0.041176288039423525 0.0011611771242314717
0.04116869019344449 0.0011609662979026325
0.04184672678820789 0.0011797971528721973
0.04224911914207041 0.001190974438941339
0.04296472924761474 0.0012108482442272361
0.04188423999585211 0.0011808386680058902
0.04184052743948996 0.001179625009172014
0.04332504351623356 0.0012208866792207118
0.04224951611831784 0.0011909854365512729
0.0418928504223004 0.0011810777250502724
0.04117008356843144 0.0011610049950832035
0.04189203295391053 0.0011810551532107638
0.04189731739461422 0.0011812021730293054
0.04296917992178351 0.0012109721501474269
0.04297310276888311 0.0012110813040635549
0.04224828293081373 0.0011909513232239988
0.04312698065768927 0.0012153635252616368
0.041895039030350745 0.0011811386139015667
0.042057325365021825 0.0011856554265250452
0.042969695990905166 0.0012109866438549943
0.04188947263173759 0.0011809842289949302
0.041175143327564 0.001161145433798083
0.04208254849072546 0.0011863579093187582
0.0411721944110468 0.0011610634846874746
0.04116668633650988 0.0011609107750700787
0.04375647380948067 0.0012328810480539687
0.042957814410328865 0.0012106564681744203
0.04206944245379418 0.001185992074169917
0.042983957449905574 0.001211383434565505
0.04224197915755212 0.001190776612929767
0.04116585722658783 0.0011608879667619476
0.04116902453824878 0.0011609757184487535
0.042974385782144964 0.0012111171163269319
0.04296950320713222 0.0012109809867979493
0.04116993839852512 0.001161001129730721
0.0429710861062631 0.0012110250681871548
0.0383770486805588 0.0010763768950710073
0.04163186508230865 0.0011738671637431253
0.04224542807787657 0.0011908720080100466
0.04117052478250116 0.001161017320555402
0.0429685905110091 0.001210955648275558
0.04287481657229364 0.0012083542278560344
0.04224395868368447 0.0011908316882909276
0.04296979424543679 0.001210989234095905
0.04224783566314727 0.0011909387721971143
0.042372311698272824 0.0011944284196943045
0.04305802448652685 0.0012134445059928112
0.04012248490471393 0.0011215496888326015
0.042969396454282105 0.0012109782837796956
0.0418904583202675 0.0011810113119281596
0.042252022423781455 0.0011910551329492591
0.04188204649835825 0.001180777815534384
0.04222331254277378 0.0011902796832146123
0.04297066654544324 0.0012110134157410357
0.04224271315615624 0.0011907968728337437
0.04188418935518712 0.0011808371909864945
0.04189032525755465 0.0011810078231064836
0.04084300494287163 0.0011519400050019613
0.041694580344483256 0.0011755716332118027
0.042679982841946185 0.0012029822173644789
0.04189489735290408 0.0011811348958872259
0.042249469668604434 0.0011909843633475248
0.04296474752482027 0.001210849019116722
0.04169091791845858 0.0011754699444281869
0.042679982841946185 0.0012029822173644789
0.04296819039154798 0.0012109445888199843
0.04188932245597243 0.0011809798343165312
0.042254721047356725 0.0011911299880011939
0.04189431853592396 0.001181118732347386
0.042972853989340365 0.00121107430459233
0.04189162841066718 0.0011810439336841227
0.043101822724565864 0.0012146634107921273
0.04296995315235108 0.0012109937124478165
0.04188542068004608 0.0011808711533376481
0.04366233432665467 0.0012302638169785496
0.0411753203952685 0.001161150179541437
0.044125286280177534 0.0012397417522151954
0.04224778455682099 0.0011909375498362351
0.04237356525845826 0.0011944341385969892
0.04365902079734951 0.0012301690803724341
0.04224975826218724 0.0011909922359336633
0.041897019487805665 0.0011811938857135829
0.042970866430550814 0.0012110190218663774
0.04116821219213307 0.001160953173894086
0.04296635347418487 0.001210893678944558
0.042263939627446234 0.0011913863454537932
0.042246984667144716 0.0011909152563021053
0.042504306067712605 0.0011980934359598905
0.04018530109897256 0.001123472051403951
0.041496109566651285 0.0011700597206072416
0.043380719842389226 0.0012224245110701304
0.04224958107806742 0.0011909872191608883
0.042244331329129636 0.001190841787320096
0.042972495197318494 0.0012110645111533813
0.04296105564571917 0.0012107462825952098
0.04296989750582725 0.0012109920789953321
0.04117027879692614 0.0011610104338615201
0.04189455264713615 0.001181125331640942
0.04189780924934894 0.0011812157863460016
0.04188285500276834 0.0011808000163000543
0.04117419454269111 0.0011611191439442337
0.04188886284828186 0.001180967203254113
0.04117056250106543 0.0011610183246375527
0.04189296311233193 0.0011810808591690147
0.04189305647742003 0.0011810836240329081
0.03862697083968669 0.0010856967164727394
0.042247334378771484 0.0011909248314623255
0.042235964676365256 0.0011906099716725294
0.04116783163044602 0.0011609425873757573
0.04226562054827809 0.0011914513488591183
0.041170651791617274 0.0011610207966441521
0.04225493920966983 0.0011911361652892083
0.042679982841946185 0.0012029822173644789
0.04224802041426301 0.0011909441054740455
0.042450621142052114 0.0011965995054197265
0.042679982841946185 0.0012029822173644789
0.04189567035064101 0.0011811564054369228
0.04189532366581261 0.001181146773888031
0.04189003515057266 0.0011810001105914125
0.042682704399339855 0.0012030287798552308
0.04375647380948067 0.0012328810480539687
0.04189182014670223 0.0011810493269877043
0.041894213878549635 0.0011811159183707787
0.04375647380948067 0.0012328810480539687
0.041167155490256846 0.0011609236717049498
0.04297228762879968 0.0012110586249036714
0.04189123457763344 0.0011810329651780194
0.03806876775342971 0.0010331556695746258
0.043507848982699215 0.0012259688919584733
0.042957329424098134 0.0012106428985134698
0.04213372734375298 0.0011877810266014421
0.042966276640072465 0.0012108915107091889
0.04116841405630112 0.001160958736363682
0.043053603381849825 0.0012133405252825469
0.0380687570432201 0.001033146062582091
0.039624527911655605 0.0011063440688303672
0.04296836303547025 0.0012109493618481793
0.042965706321410835 0.0012108757728128694
0.042679982841946185 0.0012029822173644789
0.042679982841946185 0.0012029822173644789
0.041892180568538606 0.0011810593332484132
0.041644205804914236 0.0011741795551643008
0.041167183429934084 0.0011609247558226343
0.042965108063071966 0.0012108588925912045
0.04104751429986209 0.0011576258875720669
0.039094152743928134 0.001099175629860838
0.041170691954903305 0.0011610217807174195
0.041892932029441 0.0011810801952378824
0.042679982841946185 0.0012029822173644789
0.04190499125979841 0.0011814150802820222
0.041892669280059636 0.001181072620966006
0.041163902496919036 0.0011608337717916584
0.04188718309160322 0.0011809205316239968
0.04117257834877819 0.0011610744168137899
0.0422473062062636 0.001190924293041462
0.042241498129442334 0.0011907633634109516
0.04314086900558323 0.0012157664823462255
0.04188456363044679 0.0011808475283032749
0.042966393870301545 0.0012108947667002212
0.041890087304636836 0.0011810009636974428
0.041892128880135715 0.0011810578962467844
0.04189405380748212 0.0011811113290605135
0.04188913502730429 0.0011809745901700808
0.04188786481972784 0.0011809391689894255
0.04296431224793196 0.0012108369264751673
0.04188873362727463 0.0011809634088422172
0.04189300327561796 0.0011810821306426078
0.042679982841946185 0.0012029822173644789
0.04375647380948067 0.0012328810480539687
0.04080164968036115 0.001150793868873734
0.04225315374787897 0.0011910864268429577
0.04117052722722292 0.0011610173532972112
0.04715686710551381 0.001267520299734315
0.04298627271782607 0.0012114484889025334
0.04189669224433601 0.0011811847671197029
0.04297252953983843 0.0012110652387491427
0.0424121271353215 0.0011955283116549253
0.04189119511283934 0.0011810317864728859
0.041869184584356844 0.0011804411969933426
0.042679982841946185 0.0012029822173644789
0.04189242876600474 0.0011810662272182526
0.041170875425450504 0.0011610270157689229
0.042968941386789083 0.0012109655544918496
0.04715055471751839 0.0012673446908593178
0.0409998680697754 0.0011562876134121325
