0.03760914504528046 0.0008268856327049434
0.03760914504528046 0.0008268856327049434
0.03760914504528046 0.0008268856327049434
0.03760914504528046 0.0008268856327049434
0.03760914504528046 0.0008268856327049434
0.03760914504528046 0.0008268856327049434
0.03760914504528046 0.0008268856327049434
0.03760914504528046 0.0008268856327049434
0.03760914504528046 0.0008268856327049434
0.03760914504528046 0.0008268856327049434
0.03760914504528046 0.0008268856327049434
0.03760914504528046 0.0008268856327049434
0.03760914504528046 0.0008268856327049434
0.03760914504528046 0.0008268856327049434
0.03760914504528046 0.0008268856327049434
0.03760914504528046 0.0008268856327049434
0.03760914504528046 0.0008268856327049434
0.03760914504528046 0.0008268856327049434
0.03760914504528046 0.0008268856327049434
0.03760914504528046 0.0008268856327049434
0.03760914504528046 0.0008268856327049434
0.03760914504528046 0.0008268856327049434
0.03760914504528046 0.0008268856327049434
0.03760914504528046 0.0008268856327049434
0.03760914504528046 0.0008268856327049434
0.03760914504528046 0.0008268856327049434
0.03760914504528046 0.0008268856327049434
0.03760914504528046 0.0008268856327049434
0.03760914504528046 0.0008268856327049434
0.03760914504528046 0.0008268856327049434
0.03760914504528046 0.0008268856327049434
0.03760914504528046 0.0008268856327049434
0.03760914504528046 0.0008268856327049434
0.03760914504528046 0.0008268856327049434
0.03760914504528046 0.0008268856327049434
0.03760914504528046 0.0008268856327049434
0.03760914504528046 0.0008268856327049434
0.03760914504528046 0.0008268856327049434
0.042679982841946185 0.0012029822173644789
0.04375647380948067 0.0012328810480539687
0.042679982841946185 0.0012029822173644789
0.08324074745178223 0.0020941731054335833
0.042679982841946185 0.0012029822173644789
0.04375647380948067 0.0012328810480539687
0.042679982841946185 0.0012029822173644789
0.08324074745178223 0.0020941731054335833
0.04375647380948067 0.0012328810480539687
0.042679982841946185 0.0012029822173644789
0.042679982841946185 0.0012029822173644789
0.042679982841946185 0.0012029822173644789
0.04203505895566195 0.0011850286136905197
0.04105908703058958 0.0011579229631024646
0.042474240995943546 0.0011972357788181398
0.042009088094346225 0.0011843066622532206
0.042003362672403455 0.0011841475297842408
0.04105868120677769 0.0011579118654481135
0.04250615683849901 0.0011981434163317317
0.04106516146566719 0.0011580916325328872
0.04213588242419064 0.0011878302939294372
0.042679982841946185 0.0012029822173644789
0.043084105709567666 0.0012141643892391585
0.04201320221181959 0.0011844208311231341
0.04201314889360219 0.0011844194050354417
0.04309313476551324 0.0012144152060500346
0.043545983731746674 0.0012270215738681145
0.040642946027219296 0.001146393189628725
0.042015760438516736 0.0011844917189591797
0.04374773125164211 0.0012326376236160286
0.04193399858195335 0.0011822368905995972
0.042261890484951437 0.0011913435464521172
0.04201462003402412 0.0011844602322526043
0.043095983448438346 0.0012144948232162278
0.04200170864351094 0.001184101631224621
0.04106511711142957 0.0011580903319554636
0.042558177607133985 0.0011995916720479727
0.04214274976402521 0.0011880210222443566
0.04199598787818104 0.0011839425314974505
0.042007818119600415 0.001184271717647789
0.04200903547462076 0.0011843050124298315
0.041355075780302286 0.001166150723292958
0.04213799722492695 0.0011878888944920618
0.04150421032682061 0.0011703284908435307
0.04308941471390426 0.0012143118437961675
0.04200959287118167 0.0011843204738397617
0.04308244294952601 0.00121411821237416
0.04201086761895567 0.0011843559532280779
0.04200564359780401 0.0011842107687698444
0.041064285673201084 0.0011580674545257352
0.043088218779303133 0.0012142786581534892
0.04370623058639467 0.0012314823688939214
0.0398905195761472 0.0011196001396456268
0.04201052454300225 0.0011843465090350946
0.04214093508198857 0.0011879704834427685
0.04201273282524198 0.0011844078471767716
0.04202291218098253 0.0011846908782899845
0.042013406520709395 0.0011844265754916705
0.042013406520709395 0.0011844265754916705
0.04308930377010256 0.0012143088897573762
0.04263015545438975 0.0012016007603961043
0.04366876860149205 0.001230439571372699
0.04308068659156561 0.001214069292473141
0.04201062873471528 0.001184349386676331
0.043087712372653186 0.001214264630107209
0.04105928842909634 0.0011579284637264209
0.04201153037138283 0.0011843743322970113
0.04105220560450107 0.0011577320656215306
0.042013648548163474 0.0011844330801977776
0.04176318948157132 0.0011775153579947073
0.04214116092771292 0.0011879767880600411
0.04200941033195704 0.0011843153715744847
0.04308966803364456 0.0012143188432673924
0.04214082192629576 0.001187967474834295
0.04200609028339386 0.0011842232179333223
0.04201741749420762 0.0011845379212900298
0.04308884602505714 0.0012142960476921871
0.04214117070659995 0.0011879771336680278
0.04344494920223951 0.001224220875883475
0.04106334235984832 0.001158041133749066
0.04201106808613986 0.001184361412015278
0.04105224448721856 0.0011577331770240562
0.04351162968669087 0.0012260653093107976
0.043136571417562664 0.0012156247539678589
0.04200632404536009 0.0011842297535622492
0.04214152228087187 0.001187986785225803
0.041062654461711645 0.0011580220216274029
0.042315733851864934 0.0011928563235414913
0.0431709325639531 0.0012165813932369929
0.04309404152445495 0.0012144404463469982
0.042004574672318995 0.0011841811319754925
0.042720854631625116 0.00120409183728043
0.0410586065845564 0.0011579095862543909
0.043092355597764254 0.0012143935055064503
0.04201553564053029 0.001184485734484042
0.043086093151941895 0.0012142194973421283
0.04200852301437408 0.0011842909261758905
0.04214487213175744 0.0011880797719641123
0.04209470236673951 0.0011867120210808935
0.04308421700261533 0.001214167470607208
0.04107004636898637 0.0011582272745727096
0.04309096478391439 0.001214355022966629
0.04200774512719363 0.0011842690291814506
0.04200760240200907 0.0011842651801998727
0.042475695605389774 0.0011972954653174384
0.042008163523860276 0.0011842807871289551
0.04200737189967185 0.0011842587646242464
0.04106093244627118 0.00115797421130992
0.04214447026606649 0.001188068745250348
0.04309538577217609 0.0012144782558607403
0.04308595322072506 0.0012142156847403385
0.04204390605445951 0.0011852753541461425
0.04106747778132558 0.0011581558483158005
0.0420092586427927 0.001184311244287528
0.04201232094783336 0.0011843962183775147
0.04107126744929701 0.0011582611405174248
0.04201935708988458 0.0011845919052575482
0.04255647957324982 0.0011995224595011678
0.04200541495811194 0.0011842045623779995
0.04141148296184838 0.0011677255806716857
0.08324074745178223 0.0020941731054335833
0.0410786357242614 0.0011584657677303767
0.04200123716145754 0.001184088392619742
0.04106544388923794 0.0011580994396354072
0.04200941405724734 0.0011843156644317787
0.038070461829192936 0.0010345848468205077
0.04150421032682061 0.0011703284908435307
0.04201024037320167 0.0011843384836538462
0.04201611957978457 0.0011845017797895707
0.04308741760905832 0.0012142564373789355
0.0436861285706982 0.0012309227349760476
0.042679982841946185 0.0012029822173644789
0.042013345984742045 0.0011844247892440762
0.0406624109018594 0.0011469499149825424
0.04200812743511051 0.0011842796811833978
0.042679982841946185 0.0012029822173644789
0.037883450160734355 0.0010329062097298447
0.04308818269055337 0.0012142776758992113
0.04146154981572181 0.0011691149284160929
0.04201390268281102 0.0011844403306895401
0.04085193283390254 0.0011522011009219568
0.04214313137345016 0.0011880315723828971
0.04214135883376002 0.0011879822450282518
0.04221339011564851 0.0011899936653207988
0.04200547968503088 0.001184206344987615
0.04308588884305209 0.0012142140221840236
0.04208859195932746 0.0011865191172546474
0.043117477907799184 0.0012150928378105164
0.042012258898466825 0.0011843947559100343
0.04058591520879418 0.0011448203695181292
0.04296245041768998 0.0012107910151826218
0.04202057735528797 0.0011846257566503482
0.042679982841946185 0.0012029822173644789
0.042027559014968574 0.001184845303214388
0.04055530799087137 0.0011439652680564905
0.042489478597417474 0.0011976601454080082
0.043086465215310454 0.0012142299747210927
0.04308217507787049 0.0012141107144998387
0.04366361256688833 0.001230296056746738
0.042679982841946185 0.0012029822173644789
0.04309063288383186 0.0012143458152422681
0.0414372404338792 0.0011684348355629481
0.04201820760499686 0.0011845599474327173
0.04200645419768989 0.0011842333969980245
0.04201260709669441 0.0011844043092423817
0.0430863763904199 0.0012142274390498642
0.042679982841946185 0.0012029822173644789
0.04307363473344594 0.0012138734600739554
0.043177793617360294 0.0012167722852609586
0.04200831358321011 0.0011842849817185197
0.04106106236577034 0.0011580213176785037
0.0420210825977847 0.0011846396955661476
0.0420057128649205 0.001184212691441644
0.04213151859585196 0.0011877092219947372
0.04200685920659453 0.001184244560135994
0.040898969979025424 0.0011534870118339313
0.04203984630294144 0.00118516252405243
0.042679982841946185 0.0012029822173644789
0.04202545527368784 0.001184761305921711
0.04252877179533243 0.0011987788202532101
0.04201461060438305 0.0011844598266179673
0.04308322595898062 0.0012141399092797656
0.042013578000478446 0.0011844312175526284
0.04339531296864152 0.0012228411906107794
0.04196480242535472 0.0011830767289211508
0.04033189814072102 0.0011350806526024826
0.04321929404977709 0.001217927554534981
0.04374990472570062 0.0012326981741352938
0.0425602151080966 0.0011996482207905501
0.04213347879704088 0.0011877635224664118
0.04404503549449146 0.0012330040080996696
0.042289669858291745 0.001192117044411134
0.043085222132503986 0.001214195381180616
0.08324074745178223 0.0020941731054335833
0.04308957094326615 0.0012143162821303122
0.041066847392357886 0.001158138424216304
0.043086325051262975 0.0012142260820837691
0.04200569144450128 0.0011842121493828017
0.04200716863851994 0.0011842531221191166
0.04308839829172939 0.001214283696754137
0.04106920084450394 0.0011582037368498277
0.04056593659333885 0.001144259565990069
0.04200551530811936 0.0011842072581202956
0.04307982267346233 0.001214045307278866
0.04105569573584944 0.0011578289231692906
0.04320720583200455 0.0012175910196674522
0.042801185860298574 0.001206324788654456
0.04309183533769101 0.0012143791464040987
0.042679982841946185 0.0012029822173644789
0.041048815357498825 0.001157637783762766
0.042016293155029416 0.0011845067001559073
0.042014248319901526 0.001184449858556036
0.043755519203841686 0.0012328544289630372
0.04301165195647627 0.0012121541039959993
0.04210039600729942 0.0011868479305121582
0.042679982841946185 0.0012029822173644789
0.042063714121468365 0.001185827815788798
0.04308230499736965 0.001214114385220455
0.04105384100694209 0.0011577770819712896
0.042010009521618485 0.0011843320899060927
0.04201292560901493 0.00118441312770301
0.042679982841946185 0.0012029822173644789
0.041079942835494876 0.0011585020856728079
0.04200778400991112 0.0011842705898743588
0.04213808896020055 0.0011878914847329725
0.04308774706441909 0.0012142656050855294
0.04259340651333332 0.0012005721237073885
0.042679982841946185 0.0012029822173644789
0.043081155396066606 0.0012140824073867407
0.04254682851023972 0.0011992806339549134
0.04200880602002144 0.0011842986077681417
0.042013685568235815 0.001184434713650262
0.042012685793451965 0.001184406311949715
0.04201595380436629 0.001184497088615899
0.0419966415502131 0.0011839606886496767
0.04060724924784154 0.0011454122577561066
0.04003095394000411 0.0011232900978939142
0.04212418431416154 0.0011875061063619796
0.04106894775759429 0.0011581965409277473
0.08324074745178223 0.0020941731054335833
0.042404149658977985 0.001195303741042153
0.042013469501398504 0.0011844283617392648
0.04200940695591271 0.0011843153206427814
0.04213602771051228 0.0011878343757416587
0.04201163037214428 0.0011843772444990464
0.043088633101433516 0.0012142901796323713
0.08324074745178223 0.0020941731054335833
0.043089262559078634 0.0012143078092776705
0.04307735699694604 0.0012139769132772926
0.04310623463243246 0.0012147799498052336
0.041065596393309534 0.0011581036633288022
0.04260989115573466 0.001201033699544496
0.042008981690742075 0.0011843035426863935
0.04200524080079049 0.0011841996092698537
0.04201236122753471 0.0011843975971714826
0.04155366448685527 0.0011717019297066145
0.042544957948848605 0.0011992235195066314
0.04105619923211634 0.0011578427820495563
0.04106704646255821 0.0011581440376176033
0.0430861929198727 0.0012142223386035766
0.04239812330342829 0.0011951360665989341
0.08324074745178223 0.0020941731054335833
0.04214101133402437 0.001187972753541544
0.04214000527281314 0.0011879447592946235
0.042144451290369034 0.0011880679303430952
0.0432231001323089 0.0012180328485555947
0.04106426506768912 0.0011580666814552387
0.04200913698878139 0.0011843077481898945
0.04200964409392327 0.0011843219235743163
0.04200800915714353 0.0011842765143228462
0.04063443106133491 0.0011461573831184069
0.042006871895864606 0.001184244874821161
0.042679982841946185 0.0012029822173644789
0.04310384311247617 0.0012147133638791274
0.042679982841946185 0.0012029822173644789
0.04105518106371164 0.0011578145749808755
0.04214030259754509 0.0011879529374709819
0.04106097621843219 0.0011579753681871807
0.04267753486055881 0.0012029140216327505
0.04309318587183952 0.0012144165630161297
0.0420051128603518 0.0011841961586469552
0.04107957275118679 0.0011584918083826778
0.04106048739049584 0.0011579617494135164
0.04191277944482863 0.0011816658807219937
0.04308566078543663 0.0012142076120653655
0.03816305077634752 0.0010412502033432247
0.04107313172426075 0.001158312838015263
0.04201562749221921 0.001184488168291864
0.04200322600081563 0.001184143970021978
0.04119108326267451 0.0011615924267971423
0.04307864746078849 0.0012140129038016312
0.041065043420530856 0.0011580882746784482
0.04212831088807434 0.0011876201060658786
0.04105987201910466 0.0011579447746044025
0.04308728966861963 0.0012142528867116198
0.04107613617088646 0.0011583962532313308
0.042009983328171074 0.0011843314077850664
0.04201187763828784 0.0011843839311040938
0.04200781078543514 0.0011842709518532502
0.04200780880637467 0.0011842709081975045
0.043090804130770266 0.0012143504718551412
0.042679982841946185 0.0012029822173644789
0.04200766875874251 0.0011842671301565133
0.04308520024642348 0.0012141947117925156
0.04309107642620802 0.0012143580825068057
0.04201431374531239 0.0011844516593555454
0.0440439167432487 0.001232973034348106
0.04252089012879878 0.001198553583890316
0.04202630172949284 0.00118478485273954
0.042679982841946185 0.0012029822173644789
0.042010534554719925 0.0011843467036669608
0.042013469501398504 0.0011844283617392648
0.0420106592355296 0.0011843501197290607
0.04218294203747064 0.0011891459489561385
0.0421482021920383 0.0011881723694386892
0.042010830249637365 0.0011843548691103933
0.042011552257463336 0.0011843751253763912
0.04106432234402746 0.0011580683330976171
0.042679982841946185 0.0012029822173644789
0.0420059667667374 0.0011842200801766012
0.04308694216888398 0.0012142431660322472
0.04216556914616376 0.0011886628599313553
0.042005836381576955 0.001184216293040663
0.04105893918313086 0.0011579187976167304
0.04213587299454957 0.00118782991921762
0.042005940224044025 0.001184218934213277
0.042679982841946185 0.0012029822173644789
0.04213406681083143 0.0011877799115609378
0.040819876245222986 0.0011513117005961249
0.04200933361425996 0.001184313321573427
0.04292246280238032 0.001209696438309038
0.04213784821331501 0.0011878850127686746
0.04105933057144284 0.0011579297097341623
0.04200577817391604 0.0011842145249829628
0.04106744204182178 0.0011581552007555729
0.04105846385937184 0.0011579057045310037
0.043083950760774314 0.0012141601655457634
0.042679982841946185 0.0012029822173644789
0.04105711146257818 0.0011578679914237
0.040293887723237276 0.0011302093334961683
0.043084870208986104 0.0012141856968810316
0.04200991953257471 0.001184329557872843
0.04201684764120728 0.0011845221615658375
0.043082278105430305 0.0012141135593992658
0.04106051032431424 0.0011579625424928963
0.04106645821593702 0.0011581276303331833
0.04159498983062804 0.0011728205790859647
0.04201954952441156 0.001184597209430649
0.0410663055954501 0.0011581233575270744
0.04213376168627292 0.0011877715369337238
0.042017561732791364 0.0011845418957818765
0.041059814975596964 0.0011579431611608015
0.04308885557111353 0.0012142962441430427
0.042043179855681956 0.0011852551779156784
0.04309055209159851 0.001214343443280086
0.04200508492067456 0.001184195238238317
0.04107017279602587 0.0011582307452044915
0.042143021360971034 0.0011880282218044158
0.042679982841946185 0.0012029822173644789
0.04107090795878321 0.001158251048764214
0.042008292861282825 0.0011842843814520165
0.04201237903907895 0.0011843981028505368
0.04201013664714992 0.0011843354513985105
0.04308814473915845 0.001214276664541103
0.04201041837222874 0.0011843435240734834
0.04201066226232797 0.0011843503634736408
0.04107215872500092 0.001158285851488472
0.040539834066294134 0.0011435418382461648
0.0404992769472301 0.00114241262053838
0.04201316484250128 0.0011844198470498668
0.04106264829169959 0.001158021932496922
0.042001530644483864 0.0011840965435112594
0.04201613343320787 0.0011845022327179322
0.043094988097436726 0.0012144665743107907
0.042139744968153536 0.0011879375342687126
0.04213275038637221 0.0011877432370965835
0.04201127646956593 0.0011843674001283944
0.0410606162622571 0.0011579655038076453
0.04106809094082564 0.001158173226940562
0.04213708883617073 0.0011878637851623353
0.04235525883268565 0.0011939283504034393
0.04200942756142467 0.0011843158627016237
0.04308241803664714 0.0012141175757278688
0.041064100922085345 0.0011580621194298146
0.0420116912573576 0.0011843788324767957
0.08324074745178223 0.0020941731054335833
0.08324074745178223 0.0020941731054335833
0.04201987665146589 0.0011846062807308044
0.04308695800136775 0.0012142436280555557
0.042136108851991594 0.0011878366312885191
0.04214402043726295 0.0011880562124133576
0.04308924206998199 0.0012143071653554216
0.04308765404857695 0.0012142630803282373
0.042585593881085515 0.0012003546817140887
0.0420196884078905 0.0011846015768242069
0.04201201908290386 0.0011843880183732836
0.04213377006817609 0.0011877716788148973
0.04199562652502209 0.001183932810818078
0.04200751392636448 0.0011842627754958812
0.04213694192003459 0.0011878595360030886
0.041072373860515654 0.0011582917977648322
0.04201206157449633 0.0011843891497846926
0.042010700795799494 0.001184351369374781
0.042679982841946185 0.0012029822173644789
0.04200600634794682 0.0011842207204608712
0.043090879335068166 0.0012143524436396547
0.041999514447525144 0.0011840405604743864
0.04201975674368441 0.0011846032521134475
0.04120473423972726 0.0011619717879511882
0.04308638151269406 0.0012142276791564655
0.04200991953257471 0.001184329557872843
0.042008406948298216 0.0011842875283036847
0.041047280887141824 0.0011575955049920594
0.042679982841946185 0.0012029822173644789
0.042679982841946185 0.0012029822173644789
0.08324074745178223 0.0020941731054335833
0.04309364256914705 0.0012144292995799333
0.0421565065626055 0.0011884102113981498
0.0417233023326844 0.0011763872753363103
0.041059620096348226 0.001157937835159828
0.042011331766843796 0.0011843688425869914
0.04307985899504274 0.0012140463113610167
0.04147757531609386 0.0011695563734974712
0.04106797347776592 0.001158169747213833
0.041052377433516085 0.0011577366840356262
0.04249736713245511 0.0011978986494796118
0.04201169509906322 0.0011843789343402022
0.08324074745178223 0.0020941731054335833
0.042011227924376726 0.0011843658885482
0.04319388675503433 0.001217219887621468
0.04308131814468652 0.0012140869039285462
0.04107180563732982 0.0011582761417230358
0.041053978144191206 0.0011577809764276026
0.04105538467410952 0.0011578202138480265
0.04201150988228619 0.001184373912110459
0.043087287223897874 0.0012142527557443827
0.042554814950563014 0.0011994977085123537
0.04257844388484955 0.0012001329705526587
0.04200933454558253 0.0011843133688671514
0.04308866348583251 0.0012142909617978148
0.08324074745178223 0.0020941731054335833
0.04201075551100075 0.00118435286640306
0.04189083317760378 0.0011810447394964285
0.04200222424697131 0.001184115775686223
0.04201517871115357 0.001184475606351043
0.04200794082134962 0.001184274517072481
0.04201409756205976 0.0011844456275866833
0.042017561732791364 0.0011845418957818765
0.0424268152564764 0.0011959276780544315
0.04105897736735642 0.0011579200781852705
0.04232043703086674 0.0011929731554118916
0.04106486786622554 0.0011580834107007831
0.04309673234820366 0.0012145154032623395
0.04214185569435358 0.0011879960220539942
0.04404260707087815 0.0012329365381447133
0.0430889978306368 0.001214300238643773
0.04201439709868282 0.001184453893074533
0.04201249231118709 0.0011844011951325228
0.04200656816828996 0.0011842365529446397
0.04375647380948067 0.0012328810480539687
0.04201284307055175 0.001184410895803012
0.043579261866398156 0.0012279479997232556
