0.08324074745178223 0.0020941731054335833
0.08324074745178223 0.0020941731054335833
0.08324074745178223 0.0020941731054335833
0.08324074745178223 0.0020941731054335833
0.08324074745178223 0.0020941731054335833
0.08324074745178223 0.0020941731054335833
0.08324074745178223 0.0020941731054335833
0.08324074745178223 0.0020941731054335833
0.08324074745178223 0.0020941731054335833
0.08324074745178223 0.0020941731054335833
0.08324074745178223 0.0020941731054335833
0.08324074745178223 0.0020941731054335833
0.08324074745178223 0.0020941731054335833
0.08324074745178223 0.0020941731054335833
0.08324074745178223 0.0020941731054335833
0.08324074745178223 0.0020941731054335833
0.08324074745178223 0.0020941731054335833
0.08324074745178223 0.0020941731054335833
0.08324074745178223 0.0020941731054335833
0.08324074745178223 0.0020941731054335833
0.08324074745178223 0.0020941731054335833
0.08324074745178223 0.0020941731054335833
0.08324074745178223 0.0020941731054335833
0.08324074745178223 0.0020941731054335833
0.08324074745178223 0.0020941731054335833
0.08324074745178223 0.0020941731054335833
0.08324074745178223 0.0020941731054335833
0.08324074745178223 0.0020941731054335833
0.08324074745178223 0.0020941731054335833
0.08324074745178223 0.0020941731054335833
0.08324074745178223 0.0020941731054335833
0.08324074745178223 0.0020941731054335833
0.08324074745178223 0.0020941731054335833
0.08324074745178223 0.0020941731054335833
0.08324074745178223 0.0020941731054335833
0.08324074745178223 0.0020941731054335833
0.08324074745178223 0.0020941731054335833
0.08324074745178223 0.0020941731054335833
0.08324074745178223 0.0020941731054335833
0.08324074745178223 0.0020941731054335833
0.08324074745178223 0.0020941731054335833
0.08324074745178223 0.0020941731054335833
0.042679982841946185 0.0012029822173644789
0.042679982841946185 0.0012029822173644789
0.042679982841946185 0.0012029822173644789
0.04375647380948067 0.0012328810480539687
0.04375647380948067 0.0012328810480539687
0.0395803457358852 0.0011106461242889054
0.04375647380948067 0.0012328810480539687
0.04375647380948067 0.0012328810480539687
0.04192771471571177 0.0011820548115792917
0.04126456147059798 0.001163632103271084
0.04234295687638223 0.0011935838738281745
0.04375647380948067 0.0012328810480539687
0.042341977125033736 0.0011935566217289306
0.042344721616245806 0.0011936326955037657
0.04289614933077246 0.00120894743304234
0.04234048770740628 0.0011935153452213854
0.04125730390660465 0.0011634307957137935
0.04126967757474631 0.0011637739498837618
0.04375647380948067 0.0012328810480539687
0.04125919018406421 0.001163483175332658
0.042895115562714636 0.0012089185474906117
0.03871831321157515 0.0010886008749366738
0.046463819104246795 0.0012482912352425046
0.04148481227457523 0.0011697897571139038
0.04375647380948067 0.0012328810480539687
0.04234204231761396 0.0011935584407183342
0.04180860100314021 0.0011787412586272694
0.04375647380948067 0.0012328810480539687
0.0423488833475858 0.001193748310470255
0.04232657072134316 0.001193129468447296
0.04047834686934948 0.0011418380454415455
0.04181382502429187 0.0011788862702815095
0.04288745950907469 0.00120870568571263
0.04375647380948067 0.0012328810480539687
0.042679982841946185 0.0012029822173644789
0.04234122042544186 0.0011935357906622812
0.042679982841946185 0.0012029822173644789
0.04290039127226919 0.0012090655109204818
0.041268983972258866 0.001163754906883696
0.04375647380948067 0.0012328810480539687
0.04126094083767384 0.0011635318187472876
0.04180789284873754 0.0011787212461058516
0.04235077160410583 0.0011938007810385898
0.04181330476421863 0.0011788719002652215
0.04289381927810609 0.0012088827061234042
0.04234583640936762 0.0011936637856706511
0.04181550070643425 0.0011789330910687568
0.0422061060089618 0.0011898079628736014
0.041254608891904354 0.0011633561098278733
0.04339352482929826 0.0012225454265717417
0.04288512538187206 0.0012086409151379485
0.04197999509051442 0.0011832476193376351
0.04181441047694534 0.0011789026902988553
0.04375647380948067 0.0012328810480539687
0.04289290343876928 0.0012088571711501572
0.04233960574492812 0.001193490930745611
0.043286762200295925 0.0012198139302199706
0.04339352482929826 0.0012225454265717417
0.042901565437205136 0.001209098132676445
0.04339352482929826 0.0012225454265717417
0.04707143804989755 0.0012651567813009024
0.042880276683717966 0.0012085062771802768
0.04234632942825556 0.001193677402625326
0.04197999637108296 0.001183247677545296
0.04375647380948067 0.0012328810480539687
0.04180910321883857 0.0011787550338340225
0.04288650047965348 0.0012086790520697832
0.04289226816035807 0.001208839559694752
0.042891070363111794 0.0012088061412214302
0.040816945023834705 0.0011512296441651415
0.041263987426646054 0.001163616354460828
0.042679982841946185 0.0012029822173644789
0.04155483783688396 0.0011717368761310354
0.042679982841946185 0.0012029822173644789
0.04272948973812163 0.0012043234601151198
0.04213173361495137 0.0011877401811943855
0.04180856596212834 0.0011787399562308565
0.04126944090239704 0.0011637673942459514
0.041268110857345164 0.0011637305051408475
0.04375647380948067 0.0012328810480539687
0.04234465700574219 0.001193630992929684
0.0428881369298324 0.0012087247232557274
0.04254522267729044 0.0011992068903055042
0.04375647380948067 0.0012328810480539687
0.042889398988336325 0.001208759640576318
0.041267161490395665 0.0011637044553935993
0.04148481227457523 0.0011697897571139038
0.04339352482929826 0.0012225454265717417
0.04339352482929826 0.0012225454265717417
0.04652836453169584 0.0012500745833676774
0.042890918790362775 0.001208801844768459
0.04300813376903534 0.0012120764149585739
0.04234802513383329 0.00119372417248087
0.04234479134902358 0.0011936347145820037
0.04234696761704981 0.0011936952651012689
0.04375647380948067 0.0012328810480539687
0.04126359277870506 0.001163605274996371
0.04375647380948067 0.0012328810480539687
0.042679982841946185 0.0012029822173644789
0.041261720238253474 0.0011635533246590057
0.042522337986156344 0.0011985717464995105
0.042367986286990345 0.0011943084427912254
0.04181622446049005 0.0011789531945396448
0.04181622446049005 0.0011789531945396448
0.04128050780855119 0.0011640746852208395
0.04126187856309116 0.0011635577757260762
0.04233971249777824 0.0011934937065234408
0.04125565255526453 0.0011633850790531142
0.0415714883711189 0.0011721651535481215
0.04289949650410563 0.001209040576213738
0.04289326234720647 0.0012088670264347456
0.041983855539001524 0.001183354776003398
0.042883259360678494 0.0012085891430615447
0.04375647380948067 0.0012328810480539687
0.04234556120354682 0.0011936559894820675
0.042511033825576305 0.001197995021357201
0.04126096307300031 0.0011635323899099603
0.042679982841946185 0.0012029822173644789
0.04289129259996116 0.0012088124167348724
0.042873713886365294 0.0012083233959856443
0.04127339425031096 0.001163877113867784
0.04375647380948067 0.0012328810480539687
0.04375647380948067 0.0012328810480539687
0.042893432546406984 0.0012088718212908134
0.04181929584592581 0.0011790384760388406
0.04287851427216083 0.0012084570298611652
0.04293196729850024 0.0012099591658625286
0.042679982841946185 0.0012029822173644789
0.04180276743136346 0.0011785790138674201
0.04126520629506558 0.0011636500130407512
0.042345161200501025 0.001193644893646706
0.04126312013249844 0.001163592292868998
0.04289464233443141 0.0012089054871466942
0.039125198032706976 0.0010999090427503688
0.042534018168225884 0.0011986343779426534
0.0423425956396386 0.001193574000353692
0.04233546101022512 0.0011933759051316883
0.041266996413469315 0.001163699729659129
0.042885838192887604 0.0012086604838259518
0.042893579229712486 0.0012088758521713316
0.04288779874332249 0.001208715319080511
0.04287556209601462 0.0012083750516467262
0.0429045771015808 0.001209182148159016
0.041266166721470654 0.0011636765684670536
0.04233845276758075 0.0011934589929296635
0.04181171068921685 0.0011788274969148915
0.04289110016543418 0.0012088069306628313
0.0423437028657645 0.001193604497530032
0.04181452910415828 0.001178905979031697
0.04180316627025604 0.0011785901660914533
0.04181695729494095 0.0011789735344791552
0.042679982841946185 0.0012029822173644789
0.04375647380948067 0.0012328810480539687
0.04126632399857044 0.0011636808230832685
0.04198131419252604 0.0011832842392323073
0.042892313562333584 0.001208840654726373
0.03863545646890998 0.0010855480177269783
0.04233796347398311 0.001193445346871158
0.041819625766947865 0.0011790476801252225
0.04214613337535411 0.0011881405152962543
0.04234378191176802 0.0011936067567148712
0.03912861959543079 0.0010999888090736931
0.042344358866102993 0.0011936227238038555
0.04289469518698752 0.0012089071460650302
0.042353046708740294 0.0011938639872823842
0.04757094325032085 0.0012790416258212645
0.042679982841946185 0.0012029822173644789
0.042679982841946185 0.0012029822173644789
0.04233603447210044 0.0011933919631701428
0.04181310650892556 0.0011788662268372718
0.04153003415558487 0.0011710132566804532
0.04126975021790713 0.0011637759707809892
0.04198173608165234 0.0011832959680759814
0.04375647380948067 0.0012328810480539687
0.041805226588621736 0.0011786473769461736
0.04125479026697576 0.0011633610556600615
0.04289104708004743 0.0012088055518688634
0.0423611169680953 0.0011940876138396561
0.04290746420156211 0.0012092620927433018
0.041262126760557294 0.001163564720627619
0.04127023695036769 0.001163789560450823
0.042344914632849395 0.0011936382470594253
0.04288793378509581 0.0012087188442819752
0.04288050590548664 0.0012085126436431892
0.04234313440974802 0.0011935887159779668
0.042350455769337714 0.0011937919225601945
0.04233873903285712 0.0011934668946196325
0.04149678803514689 0.0011701236689987127
0.04126971215009689 0.0011637748593784636
0.0397795878816396 0.0011170361540280282
0.04234612383879721 0.001193671614601044
0.03955345752183348 0.0011063059828302357
0.04251939838286489 0.0011985148576059146
0.04127437889110297 0.0011639046442724066
0.042679982841946185 0.0012029822173644789
0.03871879703365266 0.0010886187992582563
0.04375647380948067 0.0012328810480539687
0.042518375790677965 0.001198489351736498
0.042679982841946185 0.0012029822173644789
0.04126656393054873 0.0011636877934506629
0.04290759458672255 0.0012092658253095578
0.04289410193450749 0.0012088904368283693
0.04125731997191906 0.0011634312613750808
0.041317827184684575 0.0011651115619315533
0.041266646585427225 0.0011636898507276783
0.041139708016999066 0.0011599512326938566
0.04346706659998745 0.0012248353668837808
0.04181018110830337 0.0011787849598476896
0.042679982841946185 0.0012029822173644789
0.04231843340676278 0.0011929037827940192
0.04125831741839647 0.0011634590227913577
0.04289216210599989 0.0012088365110685118
0.041741864988580346 0.0011769015709433006
0.042887298739515245 0.0012087011928088032
0.04180789296515286 0.0011787212715717033
0.04181570443324745 0.0011789386662712786
0.041810103808529675 0.0011787828534579603
0.04126646392978728 0.0011636848394118715
0.04289163264911622 0.0012088217081327457
0.04126656788866967 0.0011636879007710377
0.042532796738669276 0.0011986004137725104
0.039702260051853955 0.0011155870961374603
0.041808688547462225 0.0011787435505539179
0.04232602217234671 0.0011931144508707803
0.042679982841946185 0.0012029822173644789
0.041269660694524646 0.0011637736824923195
0.04181268671527505 0.0011788547126343474
0.04288636893033981 0.0012086752321920358
0.042891246848739684 0.001208811103424523
0.04289124975912273 0.0012088112489436753
0.04233134933747351 0.0011932617635466158
0.04289188387338072 0.0012088287330698222
0.04288531420752406 0.0012086460956197698
0.042885434930212796 0.00120864944983623
0.04264640319161117 0.0012020480426144786
0.04289181134663522 0.0012088268449588213
0.04235624917782843 0.0011939525211346336
0.0428890889743343 0.001208750982186757
0.04233373166061938 0.0011933280147786718
0.042889417498372495 0.0012087602517567575
0.042342564556747675 0.0011935731308767572
0.04234627459663898 0.0011936759619857185
0.041272786911576986 0.0011638602227321826
0.04181036469526589 0.0011787900930357864
0.04234028665814549 0.001193509880977217
0.0428858493687585 0.0012086608512618113
0.042882286943495274 0.0012085621492587961
0.04652566148433834 0.0012499995282269083
0.04234347166493535 0.0011935982038266957
0.04707033117301762 0.001265126029466046
0.04375647380948067 0.0012328810480539687
0.04235651751514524 0.001193960280943429
0.04276147251948714 0.001204961856274167
0.042897145031020045 0.001208975059853401
0.04355604259762913 0.0012273088323127013
0.04288212314713746 0.0012085571979696397
0.04181023233104497 0.0011787864150392124
0.042541397735476494 0.001199101247038925
0.04125336289871484 0.0011633215799520258
0.04198654950596392 0.001183429209049791
0.04288713971618563 0.0012086967908544466
0.042344578891061246 0.001193629013869213
0.042333307093940675 0.0011933161367778666
0.041267614578828216 0.0011637170064204838
0.04180436488240957 0.0011786232262238627
0.04126220231410116 0.0011635666469373973
0.03863528266083449 0.0010855415021069348
0.04181522992439568 0.001178925542262732
0.04339352482929826 0.0012225454265717417
0.04233876441139728 0.0011934675858356059
0.04339352482929826 0.0012225454265717417
0.04181394993793219 0.0011788898082158994
0.042889135889708996 0.0012087522518413607
0.04234430124051869 0.0011936211230931804
0.042679982841946185 0.0012029822173644789
0.042335456353612244 0.001193375894217752
0.04375647380948067 0.0012328810480539687
0.04289825295563787 0.0012090059026377276
0.04288872564211488 0.0012087410032108892
0.04193613096140325 0.0011823023378383368
0.04339352482929826 0.0012225454265717417
0.04126997082494199 0.0011637823008641135
0.0405935593880713 0.00114503225813678
0.04236447741277516 0.0011941808479605243
0.042349296738393605 0.0011937598283111583
0.03871943266130984 0.001088642417016672
0.04289079341106117 0.0012087983996025287
0.042572392034344375 0.0011997019792033825
0.039704296039417386 0.0011156246218888555
0.04127128224354237 0.0011638185878837248
0.04375647380948067 0.0012328810480539687
0.041981440619565547 0.0011832877753477078
0.04234605480451137 0.0011936698356294073
0.04234673490282148 0.001193688396597281
0.042900659609586 0.00120907280506799
0.042343925684690475 0.0011936109003727324
0.042337027145549655 0.0011934194844798185
0.04234585410449654 0.0011936642840737477
0.04096604231745005 0.0011553659078344936
0.04125949100125581 0.0011634914208116243
0.04126678570173681 0.001163693712442182
0.04288855311460793 0.001208736179250991
0.04235453950241208 0.001193905198306311
0.04234250262379646 0.001193571511976188
0.04126898560207337 0.0011637549123406643
0.042679982841946185 0.0012029822173644789
0.04132623865734786 0.0011653459441731684
0.04233127855695784 0.0011932600391446613
0.042884317925199866 0.0012086184942745604
0.04126906755845994 0.0011637570896709803
0.041814989410340786 0.0011789186937676277
0.042333278339356184 0.0011933154419239145
0.04198106087278575 0.0011832771269837394
0.04288193501997739 0.0012085522539564408
0.04371232143603265 0.0012316535321588162
0.041812321403995156 0.0011788445226557087
0.0428918277611956 0.0012088271760148928
0.04198136553168297 0.0011832856180262752
0.041987469885498285 0.001183455045975279
0.04051977163180709 0.0011429828064137837
0.04234383755829185 0.0011936082410102244
0.042894388432614505 0.0012088984331057873
0.04181661712937057 0.001178964099381119
0.03912357415538281 0.0010998710022249725
0.042344106594100595 0.0011936158771277405
0.04181020287796855 0.001178785611045896
0.041807535220868886 0.0011787114926846698
0.04267445707228035 0.001202828565510572
0.04375647380948067 0.0012328810480539687
0.04180934408213943 0.0011787618313974235
0.04233969817869365 0.001193493477330776
0.0412780869519338 0.001164007291663438
0.04126816662028432 0.0011637322240858339
0.04126945068128407 0.0011637676871032454
0.04289265314582735 0.0012088503135601059
0.04288434435147792 0.0012086191927664913
0.0419700660277158 0.0011832328364107525
0.04288942413404584 0.0012087760733265895
0.041272341972216964 0.0011638480027613696
0.041811664355918765 0.0011788262199843302
0.0428929541958496 0.0012088585681340192
0.041816866607405245 0.001178970955152181
0.04242817894555628 0.0011959817366005154
0.04126917035318911 0.0011637597726803506
0.04181616601999849 0.0011789514410338597
0.04234000074211508 0.0011935018919757567
0.041269598877988756 0.0011637717398116365
0.0412704236805439 0.001163794586318545
0.041808949899859726 0.001178750722829136
0.04289850080385804 0.0012090128402633127
0.04234170273412019 0.001193549014715245
0.04375647380948067 0.0012328810480539687
0.04126800049562007 0.0011637276147666853
0.04126766382250935 0.001163718143288861
0.041808006004430354 0.0011787248822656693
0.04251234163530171 0.0011980314593529329
0.04235542251262814 0.001193930107547203
0.041806207271292806 0.001178674450784456
0.04127188283018768 0.0011638350297289435
0.042913666693493724 0.0012094348276150413
0.042894513229839504 0.0012089019328413997
0.042896184022538364 0.001208948357088957
0.04288743215147406 0.001208705063618254
0.04181573004461825 0.0011789394393417751
0.04276210197713226 0.0012052651945850812
0.04309340380132198 0.0012144470092607662
0.042344604851678014 0.0011936296068597585
0.0412669803481549 0.0011636994840955595
0.04290111700538546 0.0012090855234418996
0.041262458194978535 0.0011635738283075625
0.0412545275175944 0.0011633537524176063
0.04127763072028756 0.001163994809758151
0.0428880222607404 0.001208721336297458
0.04127225000411272 0.0011638454525382258
0.04261051106732339 0.0012010231039312202
0.04259795544203371 0.0012006728975393344
0.04289627191610634 0.001208950903674122
0.04187824751716107 0.0011806931142928079
0.0428874681238085 0.001208705874887528
0.042329897987656295 0.001193221705761971
0.04234435618855059 0.0011936225309909787
0.038634538534097373 0.0010855143955268431
0.042343986919149756 0.001193612304632552
0.04201560840010643 0.001184517859655898
0.04126662516500801 0.0011636893959803274
0.041793403681367636 0.0011783188019762747
0.04233683354686946 0.0011934141330129933
0.0431229603709653 0.001215257179865148
0.04233578825369477 0.0011933850437344518
0.04339352482929826 0.0012225454265717417
0.04207157960627228 0.00118606797150278
0.04288617568090558 0.001208669873449253
0.042892323923297226 0.0012088411313015968
0.04221236740704626 0.0011899818800884532
0.04084768192842603 0.0011520740590640344
0.04128662415314466 0.0011642444078461267
0.0418157409876585 0.0011789396339736413
0.04126150987576693 0.00116354754754866
0.041810919996351004 0.001178821350549697
0.042891434975899756 0.0012088162475265563
0.04233584296889603 0.0011933865207538474
0.043335553957149386 0.0012211712928547058
0.042888223426416516 0.0012087269351468422
0.04289251158479601 0.0012088462353858631
0.041266387212090194 0.001163682822152623
0.042880015447735786 0.0012084990230505355
0.04170941875781864 0.0011760188936023042
0.03871900262311101 0.0010886264353757724
0.04126642202027142 0.0011636839681159472
0.04289578821044415 0.00120893739949679
0.04181357810739428 0.0011788794854510343
0.041820806451141834 0.0011791137076215819
0.041815159493125975 0.001178923401312204
0.04180408001411706 0.0011786153063439997
0.04234500753227621 0.0011936405790038407
0.04181539744604379 0.0011789299878728343
0.042887675343081355 0.001208711681101704
0.04362245346419513 0.001229152716405224
0.04181687522213906 0.0011789712552854326
0.04234278365038335 0.0011935790789721068
0.041276251431554556 0.001163956252639764
0.042893894482403994 0.0012088847397535574
0.04289268469437957 0.0012088511321053375
0.042344316840171814 0.0011936214832530823
0.041817872785031796 0.0011789988675445784
0.04289155930746347 0.001208819721796317
0.042896574130281806 0.0012089592710253783
0.04234874900430441 0.0011937445087824017
0.04181730223353952 0.0011789830332418205
0.04235123936086893 0.0011938139541598503
0.042340187705121934 0.0011935070397157688
0.04234711569733918 0.0011936993068957236
0.04288715310394764 0.0012086969982192386
0.04198070173151791 0.0011832670752482954
0.04234167712274939 0.0011935482907574624
0.04126891843043268 0.0011637529150902992
0.04125330306123942 0.0011633198719209759
0.04288465646095574 0.0012086278329661582
0.04288570035714656 0.0012086571114195976
0.04126687964890152 0.0011636966501100687
0.041255867457948625 0.001163390956207877
0.04181387193966657 0.0011788876490754774
0.042887545423582196 0.0012087080467608757
0.04288779362104833 0.0012087150171282701
0.042892149300314486 0.0012088362163922284
0.042893373989500105 0.001208870300615672
0.0423313332721591 0.0011932615307159722
0.04235271329525858 0.0011938542666030116
0.04180424951482564 0.0011786200102505973
0.04221132735256106 0.0011899344899575226
0.0428244445938617 0.0012069708209310193
0.042342892149463296 0.0011935819929931313
0.042679982841946185 0.0012029822173644789
0.04289338563103229 0.001208870566188125
0.042344964924268425 0.0011936398077523336
0.042349127237685025 0.0011937547933484893
0.04234113765414804 0.00119353347690776
0.04234041040763259 0.001193513202451868
