0.04017760045826435 0.0013115400652168319
0.04017760045826435 0.0013115400652168319
0.03824293427169323 0.0011921890982193872
0.04017760045826435 0.0013115400652168319
0.05102028138935566 0.0015665520331822336
0.04017760045826435 0.0013115400652168319
0.03824293427169323 0.0011921890982193872
0.05102028138935566 0.0015665520331822336
0.04017760045826435 0.0013115400652168319
0.04017760045826435 0.0013115400652168319
0.05102028138935566 0.0015665520331822336
0.05102028138935566 0.0015665520331822336
0.05102028138935566 0.0015665520331822336
0.04017760045826435 0.0013115400652168319
0.04017760045826435 0.0013115400652168319
0.04017760045826435 0.0013115400652168319
0.04017760045826435 0.0013115400652168319
0.05102028138935566 0.0015665520331822336
0.04017760045826435 0.0013115400652168319
0.05102028138935566 0.0015665520331822336
0.04236980248242617 0.0013872105337213725
0.04017760045826435 0.0013115400652168319
0.04236980248242617 0.0013872105337213725
0.05102028138935566 0.0015665520331822336
0.05102028138935566 0.0015665520331822336
0.04017760045826435 0.0013115400652168319
0.05102028138935566 0.0015665520331822336
0.04017760045826435 0.0013115400652168319
0.04017760045826435 0.0013115400652168319
0.05102028138935566 0.0015665520331822336
0.04017760045826435 0.0013115400652168319
0.04908561520278454 0.001447201066184789
0.04017760045826435 0.0013115400652168319
0.04017760045826435 0.0013115400652168319
0.04017760045826435 0.0013115400652168319
0.04017760045826435 0.0013115400652168319
0.05102028138935566 0.0015665520331822336
0.04017760045826435 0.0013115400652168319
0.04017760045826435 0.0013115400652168319
0.05102028138935566 0.0015665520331822336
0.04017760045826435 0.0013115400652168319
0.03824293427169323 0.0011921890982193872
0.04017760045826435 0.0013115400652168319
0.05102028138935566 0.0015665520331822336
0.04236980248242617 0.0013872105337213725
0.04017760045826435 0.0013115400652168319
0.04017760045826435 0.0013115400652168319
0.04017760045826435 0.0013115400652168319
0.04017760045826435 0.0013115400652168319
0.04236980248242617 0.0013872105337213725
0.04017760045826435 0.0013115400652168319
0.05057349614799023 0.0014961580745875835
0.04017760045826435 0.0013115400652168319
0.05102028138935566 0.0015665520331822336
0.05102028138935566 0.0015665520331822336
0.04017760045826435 0.0013115400652168319
0.05057349614799023 0.0014961580745875835
0.04017760045826435 0.0013115400652168319
0.05102028138935566 0.0015665520331822336
0.03824293427169323 0.0011921890982193872
0.05102028138935566 0.0015665520331822336
0.04017760045826435 0.0013115400652168319
0.04017760045826435 0.0013115400652168319
0.05102028138935566 0.0015665520331822336
0.05102028138935566 0.0015665520331822336
0.04017760045826435 0.0013115400652168319
0.05057349614799023 0.0014961580745875835
0.04017760045826435 0.0013115400652168319
0.05102028138935566 0.0015665520331822336
0.05102028138935566 0.0015665520331822336
0.04017760045826435 0.0013115400652168319
0.04017760045826435 0.0013115400652168319
0.04236980248242617 0.0013872105337213725
0.04017760045826435 0.0013115400652168319
0.05102028138935566 0.0015665520331822336
0.04017760045826435 0.0013115400652168319
0.04017760045826435 0.0013115400652168319
0.04017760045826435 0.0013115400652168319
0.04017760045826435 0.0013115400652168319
0.05102028138935566 0.0015665520331822336
0.05102028138935566 0.0015665520331822336
0.04017760045826435 0.0013115400652168319
0.04017760045826435 0.0013115400652168319
0.05102028138935566 0.0015665520331822336
0.04017760045826435 0.0013115400652168319
0.03824293427169323 0.0011921890982193872
0.05102028138935566 0.0015665520331822336
0.04017760045826435 0.0013115400652168319
0.04017760045826435 0.0013115400652168319
0.04017760045826435 0.0013115400652168319
0.04017760045826435 0.0013115400652168319
0.04017760045826435 0.0013115400652168319
0.03824293427169323 0.0011921890982193872
0.05102028138935566 0.0015665520331822336
0.04017760045826435 0.0013115400652168319
0.05102028138935566 0.0015665520331822336
0.04017760045826435 0.0013115400652168319
0.04017760045826435 0.0013115400652168319
0.04017760045826435 0.0013115400652168319
0.05102028138935566 0.0015665520331822336
0.04017760045826435 0.0013115400652168319
0.04017760045826435 0.0013115400652168319
0.04017760045826435 0.0013115400652168319
0.04017760045826435 0.0013115400652168319
0.04017760045826435 0.0013115400652168319
0.04017760045826435 0.0013115400652168319
0.04017760045826435 0.0013115400652168319
0.05102028138935566 0.0015665520331822336
0.04017760045826435 0.0013115400652168319
0.04017760045826435 0.0013115400652168319
0.05102028138935566 0.0015665520331822336
0.05102028138935566 0.0015665520331822336
0.04017760045826435 0.0013115400652168319
0.04017760045826435 0.0013115400652168319
0.03824293427169323 0.0011921890982193872
0.05102028138935566 0.0015665520331822336
0.05102028138935566 0.0015665520331822336
0.04017760045826435 0.0013115400652168319
0.05102028138935566 0.0015665520331822336
0.04017760045826435 0.0013115400652168319
0.04017760045826435 0.0013115400652168319
0.03824293427169323 0.0011921890982193872
0.05102028138935566 0.0015665520331822336
0.04017760045826435 0.0013115400652168319
0.04017760045826435 0.0013115400652168319
0.05102028138935566 0.0015665520331822336
0.04017760045826435 0.0013115400652168319
0.04017760045826435 0.0013115400652168319
0.04017760045826435 0.0013115400652168319
0.04236980248242617 0.0013872105337213725
0.04017760045826435 0.0013115400652168319
0.04017760045826435 0.0013115400652168319
0.04017760045826435 0.0013115400652168319
0.04017760045826435 0.0013115400652168319
0.04017760045826435 0.0013115400652168319
0.04017760045826435 0.0013115400652168319
0.05102028138935566 0.0015665520331822336
0.04110531508922577 0.001373450504615903
0.05102028138935566 0.0015665520331822336
0.04017760045826435 0.0013115400652168319
0.04017760045826435 0.0013115400652168319
0.035787107422947884 0.0010763217433122918
0.05102028138935566 0.0015665520331822336
0.04017760045826435 0.0013115400652168319
0.04017760045826435 0.0013115400652168319
0.03824293427169323 0.0011921890982193872
0.04017760045826435 0.0013115400652168319
0.05102028138935566 0.0015665520331822336
0.04017760045826435 0.0013115400652168319
0.05102028138935566 0.0015665520331822336
0.04017760045826435 0.0013115400652168319
0.05102028138935566 0.0015665520331822336
0.05102028138935566 0.0015665520331822336
0.04017760045826435 0.0013115400652168319
0.04017760045826435 0.0013115400652168319
0.04017760045826435 0.0013115400652168319
0.04017760045826435 0.0013115400652168319
0.04017760045826435 0.0013115400652168319
0.04017760045826435 0.0013115400652168319
0.04017760045826435 0.0013115400652168319
0.04017760045826435 0.0013115400652168319
0.05102028138935566 0.0015665520331822336
0.04908561520278454 0.001447201066184789
0.04017760045826435 0.0013115400652168319
0.04017760045826435 0.0013115400652168319
0.03824293427169323 0.0011921890982193872
0.04017760045826435 0.0013115400652168319
0.04017760045826435 0.0013115400652168319
0.04017760045826435 0.0013115400652168319
0.05102028138935566 0.0015665520331822336
0.04017760045826435 0.0013115400652168319
0.04908561520278454 0.001447201066184789
0.04017760045826435 0.0013115400652168319
0.03824293427169323 0.0011921890982193872
0.04017760045826435 0.0013115400652168319
0.04017760045826435 0.0013115400652168319
0.05102028138935566 0.0015665520331822336
0.04017760045826435 0.0013115400652168319
0.04236980248242617 0.0013872105337213725
0.04017760045826435 0.0013115400652168319
0.04017760045826435 0.0013115400652168319
0.04017760045826435 0.0013115400652168319
0.04017760045826435 0.0013115400652168319
0.04017760045826435 0.0013115400652168319
0.05057349614799023 0.0014961580745875835
0.04017760045826435 0.0013115400652168319
0.04017760045826435 0.0013115400652168319
0.04017760045826435 0.0013115400652168319
0.05057349614799023 0.0014961580745875835
0.05057349614799023 0.0014961580745875835
0.04017760045826435 0.0013115400652168319
0.04017760045826435 0.0013115400652168319
0.05102028138935566 0.0015665520331822336
0.04017760045826435 0.0013115400652168319
0.04236980248242617 0.0013872105337213725
0.04017760045826435 0.0013115400652168319
0.04017760045826435 0.0013115400652168319
0.04017760045826435 0.0013115400652168319
0.04017760045826435 0.0013115400652168319
0.04017760045826435 0.0013115400652168319
0.04017760045826435 0.0013115400652168319
0.035787107422947884 0.0010763217433122918
0.05102028138935566 0.0015665520331822336
0.05102028138935566 0.0015665520331822336
0.03824293427169323 0.0011921890982193872
0.05102028138935566 0.0015665520331822336
0.05102028138935566 0.0015665520331822336
0.04017760045826435 0.0013115400652168319
0.04908561520278454 0.001447201066184789
0.05102028138935566 0.0015665520331822336
0.04017760045826435 0.0013115400652168319
0.04236980248242617 0.0013872105337213725
0.04017760045826435 0.0013115400652168319
0.04017760045826435 0.0013115400652168319
0.04017760045826435 0.0013115400652168319
0.04236980248242617 0.0013872105337213725
0.04017760045826435 0.0013115400652168319
0.05102028138935566 0.0015665520331822336
0.04017760045826435 0.0013115400652168319
0.04017760045826435 0.0013115400652168319
0.04017760045826435 0.0013115400652168319
0.04017760045826435 0.0013115400652168319
0.05102028138935566 0.0015665520331822336
0.05102028138935566 0.0015665520331822336
0.04017760045826435 0.0013115400652168319
0.04017760045826435 0.0013115400652168319
0.04017760045826435 0.0013115400652168319
0.04017760045826435 0.0013115400652168319
0.05102028138935566 0.0015665520331822336
0.04017760045826435 0.0013115400652168319
0.04017760045826435 0.0013115400652168319
0.04236980248242617 0.0013872105337213725
0.04017760045826435 0.0013115400652168319
0.04017760045826435 0.0013115400652168319
0.03374918783083558 0.0009211986616719514
0.05102028138935566 0.0015665520331822336
0.04236980248242617 0.0013872105337213725
0.05102028138935566 0.0015665520331822336
0.04017760045826435 0.0013115400652168319
0.05102028138935566 0.0015665520331822336
0.05102028138935566 0.0015665520331822336
0.03824293427169323 0.0011921890982193872
0.04017760045826435 0.0013115400652168319
0.04908561520278454 0.001447201066184789
0.04017760045826435 0.0013115400652168319
0.04017760045826435 0.0013115400652168319
0.05102028138935566 0.0015665520331822336
0.04017760045826435 0.0013115400652168319
0.04236980248242617 0.0013872105337213725
0.04017760045826435 0.0013115400652168319
0.04017760045826435 0.0013115400652168319
0.04017760045826435 0.0013115400652168319
0.05102028138935566 0.0015665520331822336
0.04017760045826435 0.0013115400652168319
0.04017760045826435 0.0013115400652168319
0.05057349614799023 0.0014961580745875835
0.04017760045826435 0.0013115400652168319
0.04017760045826435 0.0013115400652168319
0.05102028138935566 0.0015665520331822336
0.03824293427169323 0.0011921890982193872
0.04017760045826435 0.0013115400652168319
0.04017760045826435 0.0013115400652168319
0.04017760045826435 0.0013115400652168319
0.04017760045826435 0.0013115400652168319
0.05102028138935566 0.0015665520331822336
0.04017760045826435 0.0013115400652168319
0.04017760045826435 0.0013115400652168319
0.04017760045826435 0.0013115400652168319
0.04017760045826435 0.0013115400652168319
0.04908561520278454 0.001447201066184789
0.04017760045826435 0.0013115400652168319
0.04017760045826435 0.0013115400652168319
0.05102028138935566 0.0015665520331822336
0.04017760045826435 0.0013115400652168319
0.05057349614799023 0.0014961580745875835
0.04017760045826435 0.0013115400652168319
0.03824293427169323 0.0011921890982193872
0.04017760045826435 0.0013115400652168319
0.05102028138935566 0.0015665520331822336
0.05102028138935566 0.0015665520331822336
0.03824293427169323 0.0011921890982193872
0.04017760045826435 0.0013115400652168319
0.04017760045826435 0.0013115400652168319
0.03824293427169323 0.0011921890982193872
0.05102028138935566 0.0015665520331822336
0.05102028138935566 0.0015665520331822336
0.05057349614799023 0.0014961580745875835
0.04017760045826435 0.0013115400652168319
0.05102028138935566 0.0015665520331822336
0.05102028138935566 0.0015665520331822336
0.04017760045826435 0.0013115400652168319
0.04017760045826435 0.0013115400652168319
0.04017760045826435 0.0013115400652168319
0.04017760045826435 0.0013115400652168319
0.04017760045826435 0.0013115400652168319
0.04017760045826435 0.0013115400652168319
0.05102028138935566 0.0015665520331822336
0.04017760045826435 0.0013115400652168319
0.04017760045826435 0.0013115400652168319
0.04017760045826435 0.0013115400652168319
0.04017760045826435 0.0013115400652168319
0.05102028138935566 0.0015665520331822336
0.04017760045826435 0.0013115400652168319
0.04017760045826435 0.0013115400652168319
0.04017760045826435 0.0013115400652168319
0.04236980248242617 0.0013872105337213725
0.05102028138935566 0.0015665520331822336
0.04017760045826435 0.0013115400652168319
0.05102028138935566 0.0015665520331822336
0.04017760045826435 0.0013115400652168319
0.03824293427169323 0.0011921890982193872
0.05102028138935566 0.0015665520331822336
0.05102028138935566 0.0015665520331822336
0.04017760045826435 0.0013115400652168319
0.05102028138935566 0.0015665520331822336
0.04017760045826435 0.0013115400652168319
0.04017760045826435 0.0013115400652168319
0.04908561520278454 0.001447201066184789
0.05102028138935566 0.0015665520331822336
0.04017760045826435 0.0013115400652168319
0.05102028138935566 0.0015665520331822336
0.05102028138935566 0.0015665520331822336
0.05102028138935566 0.0015665520331822336
0.04017760045826435 0.0013115400652168319
0.05102028138935566 0.0015665520331822336
0.03824293427169323 0.0011921890982193872
0.03824293427169323 0.0011921890982193872
0.05102028138935566 0.0015665520331822336
0.04017760045826435 0.0013115400652168319
0.04017760045826435 0.0013115400652168319
0.04908561520278454 0.001447201066184789
0.04017760045826435 0.0013115400652168319
0.04017760045826435 0.0013115400652168319
0.04017760045826435 0.0013115400652168319
0.04017760045826435 0.0013115400652168319
0.04017760045826435 0.0013115400652168319
0.04017760045826435 0.0013115400652168319
0.04017760045826435 0.0013115400652168319
0.04017760045826435 0.0013115400652168319
0.04017760045826435 0.0013115400652168319
0.05102028138935566 0.0015665520331822336
0.03824293427169323 0.0011921890982193872
0.04017760045826435 0.0013115400652168319
0.04017760045826435 0.0013115400652168319
0.04236980248242617 0.0013872105337213725
0.04017760045826435 0.0013115400652168319
0.03824293427169323 0.0011921890982193872
0.04236980248242617 0.0013872105337213725
0.05102028138935566 0.0015665520331822336
0.04017760045826435 0.0013115400652168319
0.04017760045826435 0.0013115400652168319
0.04017760045826435 0.0013115400652168319
0.05102028138935566 0.0015665520331822336
0.05102028138935566 0.0015665520331822336
0.03824293427169323 0.0011921890982193872
0.04017760045826435 0.0013115400652168319
0.05102028138935566 0.0015665520331822336
0.05102028138935566 0.0015665520331822336
0.04017760045826435 0.0013115400652168319
0.04017760045826435 0.0013115400652168319
0.04908561520278454 0.001447201066184789
0.04017760045826435 0.0013115400652168319
0.05102028138935566 0.0015665520331822336
0.05102028138935566 0.0015665520331822336
0.04017760045826435 0.0013115400652168319
0.04017760045826435 0.0013115400652168319
0.04236980248242617 0.0013872105337213725
0.04017760045826435 0.0013115400652168319
0.05102028138935566 0.0015665520331822336
0.05057349614799023 0.0014961580745875835
0.05102028138935566 0.0015665520331822336
0.03824293427169323 0.0011921890982193872
0.05102028138935566 0.0015665520331822336
0.04017760045826435 0.0013115400652168319
0.04017760045826435 0.0013115400652168319
0.04236980248242617 0.0013872105337213725
0.05102028138935566 0.0015665520331822336
0.04017760045826435 0.0013115400652168319
0.05102028138935566 0.0015665520331822336
0.05102028138935566 0.0015665520331822336
0.04908561520278454 0.001447201066184789
0.04017760045826435 0.0013115400652168319
0.04017760045826435 0.0013115400652168319
0.04017760045826435 0.0013115400652168319
0.05102028138935566 0.0015665520331822336
0.05102028138935566 0.0015665520331822336
0.04017760045826435 0.0013115400652168319
0.05102028138935566 0.0015665520331822336
0.04017760045826435 0.0013115400652168319
0.04017760045826435 0.0013115400652168319
0.05102028138935566 0.0015665520331822336
0.04017760045826435 0.0013115400652168319
0.04908561520278454 0.001447201066184789
0.05102028138935566 0.0015665520331822336
0.04017760045826435 0.0013115400652168319
0.03824293427169323 0.0011921890982193872
0.03824293427169323 0.0011921890982193872
0.04017760045826435 0.0013115400652168319
0.05057349614799023 0.0014961580745875835
0.05102028138935566 0.0015665520331822336
0.04236980248242617 0.0013872105337213725
0.04017760045826435 0.0013115400652168319
0.04017760045826435 0.0013115400652168319
0.03824293427169323 0.0011921890982193872
0.04236980248242617 0.0013872105337213725
0.04017760045826435 0.0013115400652168319
0.05102028138935566 0.0015665520331822336
0.04017760045826435 0.0013115400652168319
0.04017760045826435 0.0013115400652168319
0.04017760045826435 0.0013115400652168319
0.04017760045826435 0.0013115400652168319
0.04017760045826435 0.0013115400652168319
0.04017760045826435 0.0013115400652168319
0.05102028138935566 0.0015665520331822336
0.04017760045826435 0.0013115400652168319
0.03824293427169323 0.0011921890982193872
0.05102028138935566 0.0015665520331822336
0.04236980248242617 0.0013872105337213725
0.04017760045826435 0.0013115400652168319
0.04017760045826435 0.0013115400652168319
0.04017760045826435 0.0013115400652168319
0.04017760045826435 0.0013115400652168319
0.04017760045826435 0.0013115400652168319
0.05102028138935566 0.0015665520331822336
0.05102028138935566 0.0015665520331822336
0.05057349614799023 0.0014961580745875835
0.04017760045826435 0.0013115400652168319
0.04017760045826435 0.0013115400652168319
0.04017760045826435 0.0013115400652168319
0.04017760045826435 0.0013115400652168319
0.04017760045826435 0.0013115400652168319
0.04017760045826435 0.0013115400652168319
0.04017760045826435 0.0013115400652168319
0.04017760045826435 0.0013115400652168319
0.04017760045826435 0.0013115400652168319
0.04017760045826435 0.0013115400652168319
0.04017760045826435 0.0013115400652168319
0.05102028138935566 0.0015665520331822336
0.04017760045826435 0.0013115400652168319
0.04236980248242617 0.0013872105337213725
0.04017760045826435 0.0013115400652168319
0.04017760045826435 0.0013115400652168319
0.05102028138935566 0.0015665520331822336
0.04908561520278454 0.001447201066184789
0.05102028138935566 0.0015665520331822336
0.04017760045826435 0.0013115400652168319
0.05102028138935566 0.0015665520331822336
