0.038357483223080635 0.0012307288707233965
0.038157159462571144 0.0012225261598359793
0.04193476773798466 0.001354332867776975
0.036168672144412994 0.0010611924808472395
0.05557451955974102 0.001586630824021995
0.03844304382801056 0.0012351520999800414
0.03848123922944069 0.0012364088033791631
0.03835748415440321 0.001230728899827227
0.03683085739612579 0.001135695172706619
0.03805926255881786 0.0011746847303584218
0.056351921521127224 0.0016532289155293256
0.04192329943180084 0.001352525840047747
0.03372236993163824 0.000930013062315993
0.03683085739612579 0.001135695172706619
0.04193476773798466 0.001354332867776975
0.03844304382801056 0.0012351520999800414
0.04193476773798466 0.001354332867776975
0.03658308554440737 0.001124323287513107
0.04192329943180084 0.001352525840047747
0.052526080049574375 0.0014766445092391223
0.05056850519031286 0.001415834529325366
0.036718545481562614 0.0011318183969706297
0.04193476773798466 0.001354332867776975
0.038357483223080635 0.0012307288707233965
0.03844304382801056 0.0012351520999800414
0.05197058990597725 0.001463579770643264
0.056351921521127224 0.0016532289155293256
0.038481240160763264 0.0012364088324829936
0.05642823036760092 0.001655739702982828
0.05642823036760092 0.001655739702982828
0.03844304382801056 0.0012351520999800414
0.03844304382801056 0.0012351520999800414
0.04193476773798466 0.001354332867776975
0.03815716039389372 0.0012225261889398098
0.04193476773798466 0.001354332867776975
0.04193476773798466 0.001354332867776975
0.03805926255881786 0.0011746847303584218
0.05642823036760092 0.001655739702982828
0.056351921521127224 0.0016532289155293256
0.051000239327549934 0.0014232193352654576
0.05642823036760092 0.001655739702982828
0.038357483223080635 0.0012307288707233965
0.0378344040364027 0.001166923058917746
0.0378344040364027 0.001166923058917746
0.05180837865918875 0.001456631114706397
0.052526080049574375 0.0014766445092391223
0.052526080049574375 0.0014766445092391223
0.054334644228219986 0.0015458341804333031
0.0378344040364027 0.001166923058917746
0.05599649716168642 0.0016483549261465669
0.05599649716168642 0.0016483549261465669
0.05599649716168642 0.0016483549261465669
0.038357483223080635 0.0012307288707233965
0.052526080049574375 0.0014766445092391223
0.03658308554440737 0.001124323287513107
0.03658308554440737 0.001124323287513107
0.03658308554440737 0.001124323287513107
0.03658308554440737 0.001124323287513107
0.054334644228219986 0.0015458341804333031
0.03471097070723772 0.0009531314863124862
0.03828117623925209 0.001228218141477555
0.05595829989761114 0.0016470981645397842
0.038281175307929516 0.0012282181123737246
0.05069252289831638 0.0014215265400707722
0.04192329850047827 0.0013525258109439164
0.050308738835155964 0.0013610590831376612
0.050692521035671234 0.0014215264818631113
0.038281175307929516 0.0012282181123737246
0.03828117623925209 0.001228218141477555
0.038443044759333134 0.0012351521290838718
0.03828117623925209 0.001228218141477555
0.03828117623925209 0.001228218141477555
0.038281175307929516 0.0012282181123737246
0.037897393107414246 0.0011677507136482745
0.038281175307929516 0.0012282181123737246
0.05069252289831638 0.0014215265400707722
0.03828117623925209 0.001228218141477555
0.036819388158619404 0.0011338881158735603
0.050196193158626556 0.001357174216536805
0.04193476680666208 0.0013543328386731446
0.034872839227318764 0.000960065473918803
0.038443044759333134 0.0012351521290838718
0.038281175307929516 0.0012282181123737246
0.03819527290761471 0.00122378024389036
0.038281175307929516 0.0012282181123737246
0.038281175307929516 0.0012282181123737246
0.038281175307929516 0.0012282181123737246
0.05197058990597725 0.001463579770643264
0.038281175307929516 0.0012282181123737246
0.03671854641288519 0.0011318184260744601
0.036718545481562614 0.0011318183969706297
0.03835748415440321 0.001230728899827227
0.038281175307929516 0.0012282181123737246
0.03819527197629213 0.0012237802147865295
0.038281175307929516 0.0012282181123737246
0.05124801117926836 0.0014345912204589695
0.05595830176025629 0.001647098222747445
0.054334646090865135 0.001545834238640964
0.038357483223080635 0.0012307288707233965
0.03828117623925209 0.001228218141477555
0.038281175307929516 0.0012282181123737246
0.03828117623925209 0.001228218141477555
0.05069252289831638 0.0014215265400707722
0.03789739403873682 0.001167750742752105
0.05180837865918875 0.001456631114706397
0.038281175307929516 0.0012282181123737246
0.03828117623925209 0.001228218141477555
0.038281175307929516 0.0012282181123737246
0.03828117623925209 0.001228218141477555
0.03828117623925209 0.001228218141477555
0.038281175307929516 0.0012282181123737246
0.052526080049574375 0.0014766445092391223
0.03819527197629213 0.0012237802147865295
0.03828117623925209 0.001228218141477555
0.038281175307929516 0.0012282181123737246
0.038443044759333134 0.0012351521290838718
0.04193476680666208 0.0013543328386731446
0.03828117623925209 0.001228218141477555
0.050308738835155964 0.0013610590831376612
0.03828117623925209 0.001228218141477555
0.03605860751122236 0.0010113258031196892
0.05069252289831638 0.0014215265400707722
0.038281175307929516 0.0012282181123737246
0.037897393107414246 0.0011677507136482745
0.03828117623925209 0.001228218141477555
0.050692521035671234 0.0014215264818631113
0.03819527290761471 0.00122378024389036
0.038357483223080635 0.0012307288707233965
0.03671854641288519 0.0011318184260744601
0.03828117623925209 0.001228218141477555
0.036718545481562614 0.0011318183969706297
0.038281175307929516 0.0012282181123737246
0.03828117623925209 0.001228218141477555
0.038281175307929516 0.0012282181123737246
0.03789739403873682 0.001167750742752105
0.038281175307929516 0.0012282181123737246
0.050692521035671234 0.0014215264818631113
0.037897393107414246 0.0011677507136482745
0.04192329850047827 0.0013525258109439164
0.050692521035671234 0.0014215264818631113
0.037897393107414246 0.0011677507136482745
0.03828117623925209 0.001228218141477555
0.038281175307929516 0.0012282181123737246
0.03819527290761471 0.00122378024389036
0.038281175307929516 0.0012282181123737246
0.050692521035671234 0.0014215264818631113
0.050308738835155964 0.0013610590831376612
0.038281175307929516 0.0012282181123737246
0.038281175307929516 0.0012282181123737246
0.050692521035671234 0.0014215264818631113
0.0543461125344038 0.0015476412081625313
0.03828117623925209 0.001228218141477555
0.038281175307929516 0.0012282181123737246
0.03828117623925209 0.001228218141477555
0.05069252289831638 0.0014215265400707722
0.03828117623925209 0.001228218141477555
0.054334644228219986 0.0015458341804333031
0.0543461125344038 0.0015476412081625313
0.050308738835155964 0.0013610590831376612
0.05599649529904127 0.001648354867938906
0.03671854641288519 0.0011318184260744601
0.05069252289831638 0.0014215265400707722
0.036718545481562614 0.0011318183969706297
0.05069252289831638 0.0014215265400707722
0.03671854641288519 0.0011318184260744601
0.038157159462571144 0.0012225261598359793
0.05069252289831638 0.0014215265400707722
0.038281175307929516 0.0012282181123737246
0.050692521035671234 0.0014215264818631113
0.037897393107414246 0.0011677507136482745
0.05069252289831638 0.0014215265400707722
0.038357483223080635 0.0012307288707233965
0.03828117623925209 0.001228218141477555
0.050308738835155964 0.0013610590831376612
0.04193476680666208 0.0013543328386731446
0.03828117623925209 0.001228218141477555
0.038281175307929516 0.0012282181123737246
0.038281175307929516 0.0012282181123737246
0.03828117623925209 0.001228218141477555
0.04192329850047827 0.0013525258109439164
0.050692521035671234 0.0014215264818631113
0.038281175307929516 0.0012282181123737246
0.03819527290761471 0.00122378024389036
0.03828117623925209 0.001228218141477555
0.050692521035671234 0.0014215264818631113
0.038281175307929516 0.0012282181123737246
0.05595829989761114 0.0016470981645397842
0.03828117623925209 0.001228218141477555
0.038281175307929516 0.0012282181123737246
0.038281175307929516 0.0012282181123737246
0.05595829989761114 0.0016470981645397842
0.03828117623925209 0.001228218141477555
0.038281175307929516 0.0012282181123737246
0.03819527197629213 0.0012237802147865295
0.038443044759333134 0.0012351521290838718
0.03828117623925209 0.001228218141477555
0.03819527197629213 0.0012237802147865295
0.03671854641288519 0.0011318184260744601
0.03828117623925209 0.001228218141477555
0.038281175307929516 0.0012282181123737246
0.05069252289831638 0.0014215265400707722
0.038281175307929516 0.0012282181123737246
0.050692521035671234 0.0014215264818631113
0.03819527197629213 0.0012237802147865295
0.03828117623925209 0.001228218141477555
0.038281175307929516 0.0012282181123737246
0.03828117623925209 0.001228218141477555
0.05069252289831638 0.0014215265400707722
0.03819527290761471 0.00122378024389036
0.036718545481562614 0.0011318183969706297
0.04193476680666208 0.0013543328386731446
0.038281175307929516 0.0012282181123737246
0.04192329850047827 0.0013525258109439164
0.0543461125344038 0.0015476412081625313
0.03819527290761471 0.00122378024389036
0.03828117623925209 0.001228218141477555
0.05599649529904127 0.001648354867938906
0.03671854641288519 0.0011318184260744601
0.03828117623925209 0.001228218141477555
0.03844304382801056 0.0012351520999800414
0.05069252289831638 0.0014215265400707722
0.050308738835155964 0.0013610590831376612
0.03844304382801056 0.0012351520999800414
0.03828117623925209 0.001228218141477555
0.03844304382801056 0.0012351520999800414
0.03828117623925209 0.001228218141477555
0.04193476680666208 0.0013543328386731446
0.038281175307929516 0.0012282181123737246
0.038281175307929516 0.0012282181123737246
0.05069252289831638 0.0014215265400707722
0.050308738835155964 0.0013610590831376612
0.03671854641288519 0.0011318184260744601
0.050692521035671234 0.0014215264818631113
0.038281175307929516 0.0012282181123737246
0.03828117623925209 0.001228218141477555
0.038281175307929516 0.0012282181123737246
0.03671854641288519 0.0011318184260744601
0.03819527197629213 0.0012237802147865295
0.03789739403873682 0.001167750742752105
0.04193476680666208 0.0013543328386731446
0.038281175307929516 0.0012282181123737246
0.03828117623925209 0.001228218141477555
0.05595830176025629 0.001647098222747445
0.051000239327549934 0.0014232193352654576
0.05595829989761114 0.0016470981645397842
0.038281175307929516 0.0012282181123737246
0.03671854641288519 0.0011318184260744601
0.05069252289831638 0.0014215265400707722
0.050308738835155964 0.0013610590831376612
0.050692521035671234 0.0014215264818631113
0.03819527197629213 0.0012237802147865295
0.05595829989761114 0.0016470981645397842
0.038281175307929516 0.0012282181123737246
0.03819527290761471 0.00122378024389036
0.050692521035671234 0.0014215264818631113
0.03828117623925209 0.001228218141477555
0.050692521035671234 0.0014215264818631113
0.050692521035671234 0.0014215264818631113
0.03828117623925209 0.001228218141477555
0.04193476773798466 0.001354332867776975
0.03659453056752682 0.001126126473536715
0.050692521035671234 0.0014215264818631113
0.038281175307929516 0.0012282181123737246
0.050692521035671234 0.0014215264818631113
0.038281175307929516 0.0012282181123737246
0.050308738835155964 0.0013610590831376612
0.054334644228219986 0.0015458341804333031
0.0519705917686224 0.001463579828850925
0.03828117623925209 0.001228218141477555
0.050692521035671234 0.0014215264818631113
0.03844304382801056 0.0012351520999800414
0.03819527290761471 0.00122378024389036
0.03828117623925209 0.001228218141477555
0.038443044759333134 0.0012351521290838718
0.03828117623925209 0.001228218141477555
0.038281175307929516 0.0012282181123737246
0.037897393107414246 0.0011677507136482745
0.05069252289831638 0.0014215265400707722
0.050692521035671234 0.0014215264818631113
0.03828117623925209 0.001228218141477555
0.034872839227318764 0.000960065473918803
0.050692521035671234 0.0014215264818631113
0.056351921521127224 0.0016532289155293256
0.03828117623925209 0.001228218141477555
0.050692521035671234 0.0014215264818631113
0.03828117623925209 0.001228218141477555
0.03658308461308479 0.0011243232584092766
0.05557451769709587 0.0015866307658143342
0.03789739403873682 0.001167750742752105
0.038281175307929516 0.0012282181123737246
0.03819527197629213 0.0012237802147865295
0.050308738835155964 0.0013610590831376612
0.038443044759333134 0.0012351521290838718
0.038281175307929516 0.0012282181123737246
0.038281175307929516 0.0012282181123737246
0.03683085646480322 0.0011356951436027884
0.05069252289831638 0.0014215265400707722
0.03683085739612579 0.001135695172706619
0.03828117623925209 0.001228218141477555
0.038281175307929516 0.0012282181123737246
0.050308738835155964 0.0013610590831376612
0.03828117623925209 0.001228218141477555
0.038281175307929516 0.0012282181123737246
0.050692521035671234 0.0014215264818631113
0.0563519224524498 0.001653228944633156
0.05197058990597725 0.001463579770643264
0.04192329850047827 0.0013525258109439164
0.050692521035671234 0.0014215264818631113
0.038281175307929516 0.0012282181123737246
0.05069252289831638 0.0014215265400707722
0.05069252289831638 0.0014215265400707722
0.056351921521127224 0.0016532289155293256
0.03828117623925209 0.001228218141477555
0.03828117623925209 0.001228218141477555
0.037897393107414246 0.0011677507136482745
0.050308738835155964 0.0013610590831376612
0.05069252289831638 0.0014215265400707722
0.038281175307929516 0.0012282181123737246
0.03828117623925209 0.001228218141477555
0.038281175307929516 0.0012282181123737246
0.03828117623925209 0.001228218141477555
0.03658308554440737 0.001124323287513107
0.04193476680666208 0.0013543328386731446
0.05642822943627834 0.0016557396738789976
0.038281175307929516 0.0012282181123737246
0.050308738835155964 0.0013610590831376612
0.038281175307929516 0.0012282181123737246
0.03828117623925209 0.001228218141477555
0.03789739403873682 0.001167750742752105
0.038281175307929516 0.0012282181123737246
0.0547892926260829 0.0015568292292300612
0.038357483223080635 0.0012307288707233965
0.050308738835155964 0.0013610590831376612
0.038281175307929516 0.0012282181123737246
0.038281175307929516 0.0012282181123737246
0.038281175307929516 0.0012282181123737246
0.03810892626643181 0.0011777484614867717
0.04193476680666208 0.0013543328386731446
0.03828117623925209 0.001228218141477555
0.050692521035671234 0.0014215264818631113
0.038281175307929516 0.0012282181123737246
0.05595830176025629 0.001647098222747445
0.03683085739612579 0.001135695172706619
0.03828117623925209 0.001228218141477555
0.03844304382801056 0.0012351520999800414
0.038281175307929516 0.0012282181123737246
0.04193476680666208 0.0013543328386731446
0.03828117623925209 0.001228218141477555
0.03783440310508013 0.0011669230298139155
0.03683085739612579 0.001135695172706619
0.03671854641288519 0.0011318184260744601
0.050308738835155964 0.0013610590831376612
0.03828117623925209 0.001228218141477555
0.03683085646480322 0.0011356951436027884
0.05069252289831638 0.0014215265400707722
0.050692521035671234 0.0014215264818631113
0.03819527197629213 0.0012237802147865295
0.038281175307929516 0.0012282181123737246
0.050692521035671234 0.0014215264818631113
0.05599649529904127 0.001648354867938906
0.037897393107414246 0.0011677507136482745
0.03819527290761471 0.00122378024389036
0.033260652795434 0.0008606085466453806
0.03844304382801056 0.0012351520999800414
0.03828117623925209 0.001228218141477555
0.05069252289831638 0.0014215265400707722
0.03844304382801056 0.0012351520999800414
0.05069252289831638 0.0014215265400707722
0.03828117623925209 0.001228218141477555
0.03844304382801056 0.0012351520999800414
0.03819527290761471 0.00122378024389036
0.036718545481562614 0.0011318183969706297
0.050692521035671234 0.0014215264818631113
0.04193476773798466 0.001354332867776975
0.05642822943627834 0.0016557396738789976
0.050692521035671234 0.0014215264818631113
0.03844304382801056 0.0012351520999800414
0.050692521035671234 0.0014215264818631113
0.038281175307929516 0.0012282181123737246
0.037897393107414246 0.0011677507136482745
0.038281175307929516 0.0012282181123737246
0.05069252289831638 0.0014215265400707722
0.034872839227318764 0.000960065473918803
0.04193476773798466 0.001354332867776975
0.03828117623925209 0.001228218141477555
0.050692521035671234 0.0014215264818631113
0.038281175307929516 0.0012282181123737246
0.037897393107414246 0.0011677507136482745
0.05069252289831638 0.0014215265400707722
0.03844304382801056 0.0012351520999800414
0.05252608098089695 0.0014766445383429527
0.03828117623925209 0.001228218141477555
0.050692521035671234 0.0014215264818631113
0.03828117623925209 0.001228218141477555
0.03671854641288519 0.0011318184260744601
0.04193476773798466 0.001354332867776975
0.050692521035671234 0.0014215264818631113
0.038281175307929516 0.0012282181123737246
0.05069252289831638 0.0014215265400707722
0.03671854641288519 0.0011318184260744601
0.050692521035671234 0.0014215264818631113
0.050692521035671234 0.0014215264818631113
0.038281175307929516 0.0012282181123737246
0.038443044759333134 0.0012351521290838718
0.03828117623925209 0.001228218141477555
0.03789739403873682 0.001167750742752105
0.038281175307929516 0.0012282181123737246
0.038443044759333134 0.0012351521290838718
0.03671854641288519 0.0011318184260744601
0.050692521035671234 0.0014215264818631113
0.037897393107414246 0.0011677507136482745
0.03828117623925209 0.001228218141477555
0.04193476773798466 0.001354332867776975
0.050692521035671234 0.0014215264818631113
0.03828117623925209 0.001228218141477555
0.038281175307929516 0.0012282181123737246
0.05069252289831638 0.0014215265400707722
0.050308738835155964 0.0013610590831376612
0.038281175307929516 0.0012282181123737246
0.05599649529904127 0.001648354867938906
0.04192329850047827 0.0013525258109439164
0.050308738835155964 0.0013610590831376612
0.03658308554440737 0.001124323287513107
0.03819527290761471 0.00122378024389036
0.038281175307929516 0.0012282181123737246
0.05069252289831638 0.0014215265400707722
0.04193476680666208 0.0013543328386731446
0.04193476773798466 0.001354332867776975
0.038281175307929516 0.0012282181123737246
0.03828117623925209 0.001228218141477555
0.03828117623925209 0.001228218141477555
0.03819527197629213 0.0012237802147865295
0.03828117623925209 0.001228218141477555
0.038281175307929516 0.0012282181123737246
0.05069252289831638 0.0014215265400707722
0.036718545481562614 0.0011318183969706297
0.037897393107414246 0.0011677507136482745
0.038281175307929516 0.0012282181123737246
0.038281175307929516 0.0012282181123737246
0.03789739403873682 0.001167750742752105
0.038281175307929516 0.0012282181123737246
0.050692521035671234 0.0014215264818631113
0.038281175307929516 0.0012282181123737246
0.03828117623925209 0.001228218141477555
0.03828117623925209 0.001228218141477555
0.038281175307929516 0.0012282181123737246
0.03819527197629213 0.0012237802147865295
0.03828117623925209 0.001228218141477555
0.04193476680666208 0.0013543328386731446
0.038281175307929516 0.0012282181123737246
0.05069252289831638 0.0014215265400707722
0.038281175307929516 0.0012282181123737246
0.038281175307929516 0.0012282181123737246
0.038443044759333134 0.0012351521290838718
0.038281175307929516 0.0012282181123737246
0.038281175307929516 0.0012282181123737246
0.037897393107414246 0.0011677507136482745
0.038281175307929516 0.0012282181123737246
0.04193476680666208 0.0013543328386731446
0.03828117623925209 0.001228218141477555
0.03658308461308479 0.0011243232584092766
0.038281175307929516 0.0012282181123737246
0.03828117623925209 0.001228218141477555
0.050692521035671234 0.0014215264818631113
0.038281175307929516 0.0012282181123737246
