0.054233393631875515 0.0016172542818821967
0.05421988945454359 0.001617047586478293
0.05050564371049404 0.0014432239695452154
0.05636849347501993 0.0016574302862863988
0.036827986128628254 0.0011419391084928066
0.05050606466829777 0.0014432290045078844
0.054476791992783546 0.0016250746557489038
0.039137174375355244 0.0012642864021472633
0.05424464028328657 0.0016174325137399137
0.04905749298632145 0.0013955473259557039
0.04906513448804617 0.001395730796502903
0.03859429620206356 0.0012393653159961104
0.038594938814640045 0.0012393954675644636
0.03891069442033768 0.0012568894599098712
0.05425666458904743 0.0016176174394786358
0.054207331500947475 0.0016168506699614227
0.054233177565038204 0.0016172542236745358
0.038593740202486515 0.0012393415672704577
0.03819810599088669 0.0012263649550732225
0.042008823715150356 0.0013638454547617584
0.04201018251478672 0.0013639278477057815
0.05597648024559021 0.0016444064094685018
0.03914572484791279 0.0012646779796341434
0.050519341602921486 0.0014435159973800182
0.03914208058267832 0.0012645080423681065
0.05444460269063711 0.001624523167265579
0.03914882801473141 0.001264816863113083
0.05596947576850653 0.0016442931955680251
0.049039619974792004 0.0013951276487205178
0.03913376946002245 0.0012641303619602695
0.05049056280404329 0.0014428679423872381
0.05153703037649393 0.001453859600587748
0.04905379191040993 0.0013954559399280697
0.03821165673434734 0.001226943510118872
0.05639564339071512 0.0016578956274315715
0.038583419285714626 0.0012388692994136363
0.051498742774128914 0.0014529744221363217
0.03819674998521805 0.0012263059616088867
0.05447421781718731 0.00162503554020077
0.03914640564471483 0.0012647076946450397
0.05597689189016819 0.001644411968300119
0.03683454543352127 0.0011421666131354868
0.03914629202336073 0.0012647011608351022
0.03860082849860191 0.0012396665115375072
0.054228078573942184 0.0016171758761629462
0.03819530364125967 0.0012262459786143154
0.05049773957580328 0.0014430343289859593
0.054462955333292484 0.0016248353640548885
0.038203692995011806 0.0012266029370948672
0.05597339104861021 0.0016443569620605558
0.03820133861154318 0.001226503896759823
0.05594812799245119 0.0016439670289400965
0.03818723000586033 0.001225898420671001
0.03914431668817997 0.0012646094692172483
0.038598040118813515 0.0012395422672852874
0.03913622163236141 0.0012642426881939173
0.05593862943351269 0.0016438193270005286
0.05598090868443251 0.0016444757056888193
0.05149299930781126 0.0014528379397233948
0.0490917107090354 0.0013963321689516306
0.05153113044798374 0.0014537132810801268
0.03891368210315704 0.001257018229807727
0.054117768071591854 0.001567608560435474
0.03859210852533579 0.0012392669159453362
0.056341568008065224 0.0016569710860494524
0.050490112975239754 0.001442841807147488
0.05053778365254402 0.0014439708611462265
0.038202663883566856 0.0012265610275790095
0.05445482488721609 0.0016246967134065926
0.03914507944136858 0.0012646445538848639
0.050488872453570366 0.00144281517714262
0.05597133748233318 0.0016443264321424067
0.05636759474873543 0.001657415647059679
0.03819592297077179 0.0012262712407391518
0.03820065874606371 0.001226472872076556
0.03860344458371401 0.0012397918617352843
0.0542218592017889 0.0016170759336091578
0.038210014812648296 0.0012268720602151006
0.05597297567874193 0.0016443511995021254
0.05050904396921396 0.0014432844473049045
0.0389151843264699 0.0012570835970109329
0.03860444948077202 0.0012398346152622253
0.05050530098378658 0.0014432137832045555
0.050515578128397465 0.001443446584744379
0.050466543063521385 0.0014422855456359684
0.04200546257197857 0.0013636357325594872
0.05443223752081394 0.0016243121353909373
0.039139277301728725 0.0012643805239349604
0.03914465941488743 0.0012646289105759934
0.038925147615373135 0.0012575122236739844
0.05044905934482813 0.0014418894425034523
0.054470982402563095 0.0016249723266810179
0.03891704883426428 0.0012571629922604188
0.04907210357487202 0.0013958827767055482
0.05595086608082056 0.0016440075705759227
0.05423824954777956 0.0016173304175026715
0.0389163251966238 0.0012571337720146403
0.05444890633225441 0.0016246054728981107
0.05633638706058264 0.0016568796418141574
0.03820760361850262 0.0012267700803931803
0.05635353457182646 0.0016571750165894628
0.03819683566689491 0.0012263116077519953
0.05423079710453749 0.0016172159230336547
0.05446515791118145 0.0016248728497885168
0.038202978670597076 0.0012265830591786653
0.05445795226842165 0.0016247531166300178
0.04132181219756603 0.001281542266951874
0.05423399992287159 0.0016172656323760748
0.038187600672245026 0.0012259161449037492
0.03913328982889652 0.0012641085922950879
0.03914320841431618 0.0012645583337871358
0.05637079942971468 0.0016574673354625702
0.051540994085371494 0.0014539742114720866
0.038917144760489464 0.001257167023140937
0.055946762673556805 0.0016439451137557626
0.03913867846131325 0.0012643527734326199
0.05149820353835821 0.0014529617765219882
0.04907623399049044 0.001395988161675632
0.054444337263703346 0.0016245162405539304
0.038592033088207245 0.0012392634816933423
0.039147064089775085 0.0012647358671529219
0.054228268563747406 0.001617180067114532
0.036814888939261436 0.0011414929758757353
0.05446834210306406 0.0016249313193839043
0.03891369514167309 0.0012570198305184022
0.03819052595645189 0.0012260410003364086
0.056370243430137634 0.0016574599430896342
0.0559591893106699 0.001644134463276714
0.05599053390324116 0.0016446268709842116
0.049037384800612926 0.001395075087202713
0.054246753454208374 0.0016174696502275765
0.03859542030841112 0.0012394132500048727
0.03914244659245014 0.00126452578115277
0.05598101858049631 0.0016444775101263076
0.054466153495013714 0.001624889118829742
0.050466873683035374 0.0014423061802517623
0.055940485559403896 0.0016438467137049884
0.05445424374192953 0.0016246872837655246
0.050488440319895744 0.001442811219021678
0.05593967158347368 0.0016438340244349092
0.038591254502534866 0.0012392284988891333
0.038200292736291885 0.0012264592223800719
0.05446406174451113 0.001624856231501326
0.03891424648463726 0.0012570422986755148
0.054209478199481964 0.0016168830916285515
0.054222713224589825 0.0016170904855243862
0.04897296708077192 0.0013935797032900155
0.03913743607699871 0.0012642951041925699
0.038594492711126804 0.0012393802462611347
0.05595272593200207 0.0016440327744930983
0.03860238939523697 0.0012397383688949049
0.039137326180934906 0.001264291480765678
0.054445674642920494 0.0016245398146566004
0.04906015004962683 0.001395614497596398
0.05049185361713171 0.0014428936410695314
0.05052420403808355 0.0014436386991292238
0.054234057664871216 0.0016172683681361377
0.05439617671072483 0.0016236957162618637
0.03893356770277023 0.0012578698951983824
0.04906477127224207 0.0013957182236481458
0.05150149017572403 0.0014530314219882712
0.05443654768168926 0.0016243850986938924
0.05594767350703478 0.0016439602477476
0.04905278794467449 0.0013954381574876606
0.051516616716980934 0.0014533771900460124
0.03914596326649189 0.0012646852410398424
0.04906126856803894 0.0013956417969893664
0.042006975039839745 0.0013637298834510148
0.039146559312939644 0.0012647135299630463
0.03820241987705231 0.0012265504337847233
0.03891047928482294 0.001256880525033921
0.038600215688347816 0.0012396395904943347
0.051511313766241074 0.0014532644563587382
0.038198438473045826 0.0012263805547263473
0.039142465218901634 0.0012645261595025659
0.054473129101097584 0.001625010627321899
0.05152053106576204 0.0014534743677359074
0.05448360834270716 0.001625184086151421
0.05422738194465637 0.001617163885384798
0.041790278628468513 0.0013503657828550786
0.05050945747643709 0.0014432913158088923
0.050528133288025856 0.0014437435602303594
0.050536238588392735 0.0014439308433793485
0.038197494111955166 0.0012263393145985901
0.054446982219815254 0.0016245671431533992
0.05152407847344875 0.0014535501250065863
0.03890541847795248 0.0012566656223498285
0.05449032038450241 0.0016253142093773931
0.055972485803067684 0.001644345000386238
0.03913981281220913 0.0012644053786061704
0.041791556403040886 0.0013504422968253493
0.03891083970665932 0.0012568962847581133
0.05149354971945286 0.0014528477186104283
0.038913264870643616 0.00125699897762388
0.039141349494457245 0.0012644730595638976
0.05444138031452894 0.001624466443900019
0.03733084071427584 0.0011592948576435447
0.038586570881307125 0.00123901353799738
0.05446259304881096 0.0016248325700871646
0.03820742107927799 0.0012267623387742788
0.04904178064316511 0.001395180996041745
0.039149314165115356 0.0012648403062485158
0.03574069309979677 0.0010016394808189943
0.05446847900748253 0.0016249351028818637
0.038602341897785664 0.001239735633134842
0.03859419375658035 0.0012393606884870678
0.05637593846768141 0.0016575607005506754
0.05637593846768141 0.0016575607005506754
0.03684135805815458 0.0011423930118326098
0.038200125098228455 0.00122645337251015
0.055960867553949356 0.0016441627813037485
0.04201110452413559 0.0013639829703606665
0.039142669178545475 0.0012645371607504785
0.05050479620695114 0.0014431933232117444
0.03913724236190319 0.0012642871588468552
0.03914104774594307 0.0012644612434087321
0.05596313811838627 0.0016441959014628083
0.05423092748969793 0.0016172301839105785
0.05424891319125891 0.0016174972406588495
0.03913542628288269 0.0012642065266845748
0.038590759970247746 0.0012392072239890695
0.056342084892094135 0.001656981447013095
0.0563729265704751 0.001657507527852431
0.038190267980098724 0.0012260294461157173
0.05595611501485109 0.001644089468754828
0.05446960590779781 0.0016249505279120058
0.04908119514584541 0.0013961004151497036
0.038208759389817715 0.0012268195278011262
0.04904402419924736 0.0013952245644759387
0.038918403908610344 0.0012572221457958221
0.04909447580575943 0.0013964883692096919
0.051494745537638664 0.0014528723404509947
0.05446529481559992 0.001624875731067732
0.03891368489712477 0.0012570184626383707
0.03859708923846483 0.0012394959048833698
0.04907390009611845 0.0013959284988231957
0.05051278788596392 0.0014433866017498076
0.039133068174123764 0.001264097896637395
0.05596117675304413 0.0016441679908894002
0.03683305438607931 0.001142112974775955
0.049081966280937195 0.0013961289660073817
0.05635979678481817 0.0016572819149587303
0.03819962404668331 0.0012264294491615146
0.05150032043457031 0.0014530151383951306
0.038203855976462364 0.0012266115518286824
0.0504984762519598 0.001443045970518142
0.050470490008592606 0.0014423840621020645
0.05445046816021204 0.0016246218292508274
0.0417912257835269 0.0013504232047125697
0.039144023321568966 0.0012645984825212508
0.03820125199854374 0.0012265012483112514
0.05050438363105059 0.0014431808958761394
0.038196347653865814 0.0012262921663932502
0.038193605840206146 0.0012261731026228517
0.04905292112380266 0.0013954400783404708
0.049008091911673546 0.0013943885278422385
0.038902757689356804 0.0012565506185637787
0.038923208601772785 0.0012574257416417822
0.0505196787416935 0.0014435453049372882
0.038901123218238354 0.0012564789794851094
0.03821595385670662 0.0012271283194422722
0.05421966500580311 0.0016170430462807417
0.03818997647613287 0.0012260160874575377
0.03914166986942291 0.0012644906237255782
0.042007927782833576 0.0013637866359204054
0.05157656129449606 0.0014548143954016268
0.049035235308110714 0.0013950323918834329
0.0386009244248271 0.0012396681704558432
0.03859220817685127 0.001239272125530988
0.05057184211909771 0.001444776455173269
0.0381891829892993 0.001225983287440613
0.03642157558351755 0.0010846033110283315
0.0382050946354866 0.0012266625417396426
0.038603127002716064 0.001239767123479396
0.038607388734817505 0.001239968929439783
0.04904445260763168 0.0013952402514405549
0.042005215771496296 0.0013636165822390467
0.054234265349805355 0.001617272209841758
0.05048389546573162 0.001442709908587858
0.050534363836050034 0.0014438879734370857
0.05423789098858833 0.0016173275653272867
0.038916018791496754 0.0012571120169013739
0.05638694949448109 0.0016577481874264777
0.03620972763746977 0.0010454071161802858
0.038909406401216984 0.001256835152162239
0.039146036840975285 0.0012646935501834378
0.04200873803347349 0.0013638378295581788
0.049077872186899185 0.0013960116484668106
0.05052230693399906 0.001443604938685894
0.05633996333926916 0.0016569425351917744
0.038908050395548344 0.0012567780504468828
0.056361667811870575 0.00165731439483352
0.05634323135018349 0.0016569973377045244
0.0389118455350399 0.0012569414102472365
0.05632494203746319 0.0016566786798648536
0.03859848063439131 0.0012395584490150213
0.038191260769963264 0.0012260721414349973
0.055967158637940884 0.0016442612395621836
0.051532733254134655 0.001453750635846518
0.03820044733583927 0.0012264659744687378
0.05596803780645132 0.0016442768683191389
0.03684318903833628 0.0011424526455812156
0.038207427598536015 0.001226764143211767
0.05145283602178097 0.0014519276010105386
0.038593094795942307 0.0012393115612212569
0.038600088097155094 0.0012396322563290596
0.038591014221310616 0.0012392167409416288
0.05597642157226801 0.0016444050706923008
0.05443741288036108 0.0016243998252321035
0.039145722053945065 0.0012646763061638921
0.03890758287161589 0.0012567553931148723
0.05446702800691128 0.0016249085019808263
0.038191286846995354 0.0012260751682333648
0.03890124522149563 0.0012564847856992856
0.03860477264970541 0.0012398493709042668
0.036825050599873066 0.001141839544288814
0.05447219870984554 0.0016249942418653518
0.03913791384547949 0.0012643193767871708
0.03819036204367876 0.0012260344810783863
0.05421237647533417 0.0016169296577572823
0.03819983173161745 0.0012264391407370567
0.03820474352687597 0.0012266483681742102
0.038195024244487286 0.001226234540808946
0.03891150373965502 0.0012569267710205168
0.04905495699495077 0.001395505591062829
0.039145239628851414 0.0012646535906242207
0.055965335108339787 0.0016442296036984771
0.04902699589729309 0.0013948238047305495
0.03891264460980892 0.001256977382581681
0.036838190630078316 0.0011422846873756498
0.054462142288684845 0.001624823547899723
0.038595170713961124 0.0012394074583426118
0.038594444282352924 0.0012393730285111815
0.03819714765995741 0.0012263243843335658
0.05422798823565245 0.0016171757597476244
0.03890432883054018 0.0012566164077725261
0.039143212139606476 0.0012645594397326931
0.05595294665545225 0.0016440431645605713
0.03820010740309954 0.0012264512188266963
0.055948399007320404 0.0016439709579572082
0.05424264073371887 0.0016174007905647159
0.03914944361895323 0.001264846490812488
0.03890736307948828 0.0012567475059768185
0.054447258822619915 0.001624572672881186
0.05264792684465647 0.0015194860752671957
0.054473720490932465 0.0016250165645033121
0.03890696633607149 0.0012567326339194551
0.05424712225794792 0.0016174758784472942
0.03913912456482649 0.0012643738009501249
0.038212304934859276 0.0012269712460692972
0.038595905527472496 0.0012394384830258787
0.049089678563177586 0.0013962791708763689
0.05052084196358919 0.001443578425096348
0.04223939497023821 0.0013714241504203528
0.055964511819183826 0.0016442213382106274
0.038598017767071724 0.0012395379599183798
0.038194527849555016 0.0012262111704330891
0.05052788555622101 0.0014437248755712062
0.03820868022739887 0.001226817403221503
0.055982339195907116 0.0016445010260213166
0.055968428030610085 0.0016442769847344607
0.05423891078680754 0.0016173437470570207
0.03820273745805025 0.0012265629193279892
0.04904041066765785 0.001395139319356531
0.03818916715681553 0.0012259812792763114
0.05048585031181574 0.001442759676137939
0.05147616099566221 0.0014524265570798889
0.05599644500762224 0.0016447168018203229
0.05423782113939524 0.001617324713151902
0.05052312836050987 0.0014436158526223153
0.05149111617356539 0.0014527893799822778
0.054198808036744595 0.001616717898286879
0.038614883087575436 0.0012403206492308527
0.05046450160443783 0.0014422508829738945
0.03820398822426796 0.0012266181292943656
0.049068180844187737 0.0013958080089651048
0.039130705408751965 0.0012639908236451447
0.05635670479387045 0.0016572327294852585
0.05421628896147013 0.0016169919399544597
0.05595028679817915 0.0016440010513179004
0.04907406587153673 0.0013959348725620657
0.054437942802906036 0.0016244093712884933
0.03820390533655882 0.0012266135890968144
0.038591960445046425 0.00123926141532138
0.05598299764096737 0.0016445076907984912
0.05154045019298792 0.0014539494295604527
0.0559502812102437 0.0016439955797977746
0.04178857710212469 0.0013502576912287623
0.03890286199748516 0.0012565551733132452
0.05048196483403444 0.0014426525740418583
0.054484001360833645 0.0016251964261755347
0.042010956443846226 0.0013639756652992219
0.03683263622224331 0.0011421010422054678
0.0413713688030839 0.0012855721870437264
0.05598544329404831 0.0016445413348264992
0.055961490608751774 0.0016441707266494632
0.05419999826699495 0.0016167357680387795
0.049079639837145805 0.0013960713986307383
0.049038056284189224 0.0013950914144515991
0.05445990338921547 0.001624786527827382
0.038599684834480286 0.0012396147940307856
0.05426010489463806 0.0016176780336536467
0.038591546937823296 0.0012392414209898561
0.039146908558905125 0.0012647298426600173
0.049087139777839184 0.0013962407247163355
0.04902530834078789 0.0013947776169516146
0.05048546940088272 0.0014427383430302143
0.05635384190827608 0.0016571904125157744
0.05638291500508785 0.0016576768539380282
0.05421235412359238 0.001616927096620202
0.03914067056030035 0.0012644456728594378
0.03913999814540148 0.00126441458996851
0.04906646441668272 0.001395751431118697
0.05637859459966421 0.001657601649640128
0.05420787539333105 0.0016168589936569333
0.03914375603199005 0.0012645855313166976
0.03820097912102938 0.0012264890829101205
0.054471781477332115 0.0016249914770014584
0.05148406233638525 0.0014526166050927714
0.03821023181080818 0.0012268813152331859
0.038194709457457066 0.0012262209493201226
0.05056458245962858 0.0014445832057390362
0.03820978756994009 0.0012268660648260266
0.042007943615317345 0.0013637928932439536
0.03912864811718464 0.0012638776242965832
0.03914663568139076 0.0012647170951822773
0.05445293616503477 0.0016246651066467166
0.05445344094187021 0.0016246731975115836
0.03859423007816076 0.0012393643555697054
0.03913515992462635 0.0012641954817809165
0.0514923520386219 0.0014528173196595162
0.03890596143901348 0.0012566888908622786
0.05445492919534445 0.0016246987215708941
0.05149103980511427 0.0014527727762470022
0.04908818565309048 0.001396263629430905
0.038194289430975914 0.001226201915415004
0.05443841218948364 0.001624415221158415
0.05442550405859947 0.0016241961275227368
0.05057852063328028 0.0014449283189605922
0.038912441581487656 0.0012569560785777867
0.038189059123396873 0.0012259778450243175
0.038186769001185894 0.0012258788628969342
0.05048903450369835 0.001442824606783688
0.05633384641259909 0.0016568347054999322
0.05447216797620058 0.0016249939799308777
0.036828056909143925 0.0011419416405260563
0.03891614079475403 0.0012571240367833525
0.05633261054754257 0.0016568134597036988
0.050476969219744205 0.0014425326080527157
0.03818500693887472 0.001225803338456899
0.03818788472563028 0.0012259275245014578
0.05636591836810112 0.0016573863686062396
0.050499328412115574 0.0014430673909373581
0.038598825223743916 0.0012395750964060426
0.050494976341724396 0.001442960521671921
0.03820217587053776 0.0012265408295206726
0.03913259971886873 0.001264077247469686
0.038597906939685345 0.001239533128682524
0.038206989876925945 0.0012267452839296311
0.03733169939368963 0.0011593246599659324
0.05422324687242508 0.0016170989838428795
0.05258858576416969 0.0015087249339558184
0.03913944028317928 0.001264387377887033
0.05153346713632345 0.0014537673559971154
0.04223876539617777 0.0013713221123907715
0.049099864438176155 0.0013965196558274329
0.03914177417755127 0.0012644957605516538
0.038185346871614456 0.0012258172209840268
0.03820041008293629 0.001226463500643149
0.03859706688672304 0.0012394945370033383
0.049073598347604275 0.001395922212395817
0.03819795046001673 0.0012263567768968642
0.04201121162623167 0.0013639913813676685
0.0422306414693594 0.0013700391573365778
0.056360356509685516 0.001657292217714712
0.054498178884387016 0.0016254332440439612
0.03820229880511761 0.0012265448167454451
0.03914146590977907 0.0012644812668440863
0.03819159045815468 0.0012260853545740247
0.04902286920696497 0.0013947317493148148
0.038899464532732964 0.001256409363122657
0.05444845464080572 0.0016245964507106692
0.038190728053450584 0.0012260469957254827
0.039142741821706295 0.0012645382230402902
0.05443884991109371 0.001624424388865009
0.054495202377438545 0.0016253821377176791
0.0542591018602252 0.0016176638891920447
0.05152812320739031 0.0014536615635734051
0.038214114494621754 0.0012270499428268522
0.05449195671826601 0.0016253383655566722
0.038919826969504356 0.00125728159036953
0.05049964785575867 0.001443069108063355
0.05631870869547129 0.0016565807163715363
0.03819619305431843 0.0012262841046322137
0.038217656314373016 0.0012272008461877704
0.038917796686291695 0.0012571971165016294
0.05424855276942253 0.001617495610844344
0.0544400280341506 0.001624443510081619
0.038202340714633465 0.0012265454861335456
0.03819737769663334 0.001226334017701447
