0.029027340933680534 0.0008191132801584899
0.029027340933680534 0.0008191132801584899
0.029027340933680534 0.0008191132801584899
0.029027340933680534 0.0008191132801584899
0.029027340933680534 0.0008191132801584899
0.029027340933680534 0.0008191132801584899
0.029027340933680534 0.0008191132801584899
0.029027340933680534 0.0008191132801584899
0.029027340933680534 0.0008191132801584899
0.029027340933680534 0.0008191132801584899
0.029027340933680534 0.0008191132801584899
0.029027340933680534 0.0008191132801584899
0.029027340933680534 0.0008191132801584899
0.029027340933680534 0.0008191132801584899
0.029027340933680534 0.0008191132801584899
0.029027340933680534 0.0008191132801584899
0.029027340933680534 0.0008191132801584899
0.029027340933680534 0.0008191132801584899
0.029027340933680534 0.0008191132801584899
0.029027340933680534 0.0008191132801584899
0.029027340933680534 0.0008191132801584899
0.029027340933680534 0.0008191132801584899
0.029027340933680534 0.0008191132801584899
0.029027340933680534 0.0008191132801584899
0.029027340933680534 0.0008191132801584899
0.029027340933680534 0.0008191132801584899
0.029027340933680534 0.0008191132801584899
0.029027340933680534 0.0008191132801584899
0.029027340933680534 0.0008191132801584899
0.029027340933680534 0.0008191132801584899
0.04017760045826435 0.0013115400652168319
0.04017760045826435 0.0013115400652168319
0.04017760045826435 0.0013115400652168319
0.04017760045826435 0.0013115400652168319
0.04017760045826435 0.0013115400652168319
0.04017760045826435 0.0013115400652168319
0.05102028138935566 0.0015665520331822336
0.04017760045826435 0.0013115400652168319
0.05102028138935566 0.0015665520331822336
0.04017760045826435 0.0013115400652168319
0.029027340933680534 0.0008191132801584899
0.04017760045826435 0.0013115400652168319
0.04017760045826435 0.0013115400652168319
0.029027340933680534 0.0008191132801584899
0.04017760045826435 0.0013115400652168319
0.04017760045826435 0.0013115400652168319
0.029027340933680534 0.0008191132801584899
0.04017760045826435 0.0013115400652168319
0.029027340933680534 0.0008191132801584899
0.04017760045826435 0.0013115400652168319
0.03933267900720239 0.0012753119081025943
0.03930517053231597 0.0012741261452902108
0.0373960779979825 0.0011923810234293342
0.029027340933680534 0.0008191132801584899
0.03919962886720896 0.0012695275217993185
0.0416706707328558 0.001343959680525586
0.04208906181156635 0.0013694688968826085
0.037860505282878876 0.0012122416228521615
0.041674341075122356 0.0013441889313980937
0.053203257732093334 0.001600634481292218
0.039320006500929594 0.0012747640284942463
0.039267911575734615 0.0012725234118988737
0.03918092045933008 0.001268690568394959
0.03827269934117794 0.0012299087538849562
0.029027340933680534 0.0008191132801584899
0.03913416853174567 0.0012668206327361986
0.03796574007719755 0.0012166030646767467
0.03936807671561837 0.0012768287269864231
0.029027340933680534 0.0008191132801584899
0.037944027222692966 0.0012157905439380556
0.04210643842816353 0.0013708330516237766
0.037920091301202774 0.0012147837551310658
0.05347623769193888 0.001605067402124405
0.03929833462461829 0.00127383264771197
0.04236980248242617 0.0013872105337213725
0.03931640414521098 0.0012746127904392779
0.029027340933680534 0.0008191132801584899
0.04170062858611345 0.001345503143966198
0.03911871835589409 0.0012659514177357778
0.0535458093509078 0.0016062217182479799
0.03931757854297757 0.001274658745387569
0.03921576775610447 0.0012702453386737034
0.03925842372700572 0.001272105990210548
0.03930620476603508 0.001274174908758141
0.039293949957937 0.0012736422359012067
0.029027340933680534 0.0008191132801584899
0.029027340933680534 0.0008191132801584899
0.03631803672760725 0.0010856325388886034
0.037026324309408665 0.0011499924003146589
0.029027340933680534 0.0008191132801584899
0.04209541715681553 0.0013701369462069124
0.03786506224423647 0.001212430273881182
0.03791095595806837 0.0012143981002736837
0.04010361433029175 0.001308367500314489
0.03788829501718283 0.0012134286516811699
0.03932872274890542 0.0012751405884046108
0.03932504402473569 0.0012749789166264236
0.03933434607461095 0.0012753798655467108
0.039265051018446684 0.0012723992840619758
0.039282635785639286 0.0012731537863146514
0.03925957856699824 0.0012721550738206133
0.03925957856699824 0.0012721550738206133
0.0392891988158226 0.001273440633667633
0.036661624908447266 0.0011374388705007732
0.03928963141515851 0.0012734591582557186
0.039326376747339964 0.0012750401510857046
0.042094480246305466 0.0013700772251468152
0.039267171174287796 0.0012724805128527805
0.03926881495863199 0.0012725626729661599
0.039201133884489536 0.0012695507175521925
0.03804946132004261 0.0012203339429106563
0.03933339985087514 0.001275343500310555
0.039268186781555414 0.0012725347332889214
0.029027340933680534 0.0008191132801584899
0.039275418035686016 0.0012728493893519044
0.03930405527353287 0.0012740810198010877
0.03938621003180742 0.0012776011135429144
0.03917707270011306 0.0012685433612205088
0.03931848332285881 0.001274699709028937
0.039281487464904785 0.001273094501812011
0.03924396727234125 0.0012714903277810663
0.03917683381587267 0.0012685302208410576
0.03932741517201066 0.0012750846653943881
0.03375698905438185 0.0008946291345637292
0.05102028138935566 0.0015665520331822336
0.042110481299459934 0.001371101097902283
0.041683037765324116 0.001344695861916989
0.04208105988800526 0.0013690896448679268
0.03933878894895315 0.0012755507050314918
0.03932917769998312 0.0012751619651680812
0.03926596464589238 0.0012724391708616167
0.029027340933680534 0.0008191132801584899
0.05198618955910206 0.001581634336616844
0.029027340933680534 0.0008191132801584899
0.03928627772256732 0.0012733139446936548
0.039337543305009604 0.0012755185889545828
0.03934374125674367 0.0012757869553752244
0.04167117830365896 0.0013439860485959798
0.03934368724003434 0.0012757822696585208
0.053361859172582626 0.001603282813448459
0.0393085153773427 0.0012742693215841427
0.039320636074990034 0.001274794019991532
0.0420925160869956 0.0013699231494683772
0.03929169336333871 0.0012735335330944508
0.05328352749347687 0.00160193006740883
0.036534259095788 0.0011331451532896608
0.037911031395196915 0.0012144067732151598
0.03923113225027919 0.0012709258153336123
0.03931428585201502 0.0012745238491334021
0.029027340933680534 0.0008191132801584899
0.03933728393167257 0.001275507835089229
0.04236980248242617 0.0013872105337213725
0.04210167936980724 0.0013705355522688478
0.038625193759799004 0.0012450012436602265
0.03932047635316849 0.0012747845757985488
0.039164834190160036 0.001267960251425393
0.039580339565873146 0.0012859448761446401
0.03927428927272558 0.0012727926805382594
0.05057349614799023 0.0014961580745875835
0.03932982124388218 0.0012751889153150842
0.039337411522865295 0.0012755132629536092
0.039264957420527935 0.0012723965919576585
0.03926334250718355 0.0012723194231512025
0.037885590456426144 0.001213307783473283
0.039283338002860546 0.0012731783790513873
0.039271974470466375 0.001272692796192132
0.03788175527006388 0.0012131516414228827
0.03928194520995021 0.001273130255867727
0.04232732392847538 0.0013845818757545203
0.03378341533243656 0.0008960646227933466
0.0399374864064157 0.001301244177739136
0.039224643260240555 0.0012706424022326246
0.05307057499885559 0.0015985486679710448
0.03911571763455868 0.00126582698430866
0.0379264522343874 0.0012150521215517074
0.0396963506937027 0.0012908839562442154
0.036703688092529774 0.001138393534347415
0.039295302238315344 0.0012737044162349775
0.05343286041170359 0.001604404824320227
0.029027340933680534 0.0008191132801584899
0.03926300350576639 0.0012723089021164924
0.04008267913013697 0.001307469981838949
0.038993364199995995 0.0012607873504748568
0.03963868087157607 0.0012884315801784396
0.03791544679552317 0.001214554300531745
0.04236980248242617 0.0013872105337213725
0.03930077748373151 0.0012739392404910177
0.03788806404918432 0.0012134187272749841
0.05330368969589472 0.0016022739582695067
0.04234921187162399 0.0013859308091923594
0.039269376546144485 0.0012725822598440573
0.03929172409698367 0.0012735492346109822
0.037966372445225716 0.0012166938395239413
0.04210314713418484 0.0013706266763620079
0.03932914696633816 0.0012751592585118487
0.03764478117227554 0.0012030297075398266
0.0531100882217288 0.001599164679646492
0.029027340933680534 0.0008191132801584899
0.03892742656171322 0.0012574890133691952
0.03926570899784565 0.0012724289117613807
0.05315415561199188 0.0015998845337890089
0.038008913397789 0.001218397170305252
0.05313750635832548 0.0015995907015167177
0.0366640267893672 0.001137492770794779
0.03717889077961445 0.0011830802250187844
0.053299262188374996 0.001602197124157101
0.039271044079214334 0.0012726675340672955
0.053227633237838745 0.0016010346007533371
0.0400549010373652 0.0013062774669378996
0.042106229811906815 0.0013708311307709664
0.03924347646534443 0.0012714602635242045
0.03602129686623812 0.0009912940877256915
0.039260496851056814 0.0012721911043627188
0.03926271479576826 0.0012722914252663031
0.03790980763733387 0.0012143478379584849
0.03927767276763916 0.0012729544832836837
0.03933168575167656 0.0012752684851875529
0.04207421652972698 0.0013684223231393844
0.039258215110749006 0.0012721052044071257
0.04236980248242617 0.0013872105337213725
0.05235688015818596 0.0015875130775384605
0.03930259449407458 0.001274016365641728
0.039335493464022875 0.0012754311610478908
0.04212931636720896 0.0013722873118240386
0.029027340933680534 0.0008191132801584899
0.04008847055956721 0.0013077180919935927
0.03720400668680668 0.0011841381201520562
0.03789728134870529 0.0012137950980104506
0.0390477916225791 0.001263048718101345
0.0389779144898057 0.001260066288523376
0.03964886721223593 0.0012888181663583964
0.04236980248242617 0.0013872105337213725
0.029027340933680534 0.0008191132801584899
0.03918495075777173 0.0012688643910223618
0.029027340933680534 0.0008191132801584899
0.03929510107263923 0.0012736914650304243
0.029027340933680534 0.0008191132801584899
0.0393190192990005 0.001274726411793381
0.03666624426841736 0.00113759606028907
0.041672336868941784 0.001344027929008007
0.029027340933680534 0.0008191132801584899
0.03790018428117037 0.0012139401223976165
0.03941544145345688 0.0012788063322659582
0.04236980248242617 0.0013872105337213725
0.039317057467997074 0.001274640453630127
0.03962812293320894 0.0012879402784164995
0.036770083010196686 0.0011411944578867406
0.0379209304228425 0.0012148147798143327
0.036659933626651764 0.0011373604938853532
0.0392979783937335 0.0012738200894091278
0.0379299521446228 0.001215195341501385
0.05306614842265844 0.0015984802157618105
0.033793446607887745 0.0008966440218500793
0.03794580511748791 0.0012158614699728787
0.053716921247541904 0.0016090345452539623
0.03670692350715399 0.0011383969685994089
0.029027340933680534 0.0008191132801584899
0.039291844703257084 0.0012735541095025837
0.03926476463675499 0.0012723883264698088
0.03871560003608465 0.0012488830980146304
0.03926621936261654 0.001272460664040409
0.04229009244590998 0.0013822930923197418
0.029027340933680534 0.0008191132801584899
0.029027340933680534 0.0008191132801584899
0.039259299635887146 0.0012721442035399377
0.03925974667072296 0.001272175126359798
0.029027340933680534 0.0008191132801584899
0.053126467391848564 0.0015994336572475731
0.039142075926065445 0.0012669538846239448
0.03939510090276599 0.0012779863754985854
0.05327488202601671 0.0016018280875869095
0.03972706850618124 0.0012921716406708583
0.03927177796140313 0.001272687513846904
0.04207803960889578 0.0013686864404007792
0.04155058227479458 0.0013365496997721493
0.03981359489262104 0.001295929279876873
0.037887233309447765 0.001213386218296364
0.03664498310536146 0.0011369043495506048
0.029027340933680534 0.0008191132801584899
0.03789982944726944 0.0012139234459027648
0.053344838321208954 0.0016030062106437981
0.03921942366287112 0.001270480061066337
0.039306029211729765 0.0012741660320898518
0.03913885820657015 0.001266847233637236
0.05348765105009079 0.001605252269655466
0.0530831441283226 0.0015987506485544145
0.04168012831360102 0.0013445226068142802
0.04209496919065714 0.0013701191346626729
0.029027340933680534 0.0008191132801584899
0.04017760045826435 0.0013115400652168319
0.03844699077308178 0.0012372592464089394
0.042264675721526146 0.0013806675269734114
0.03930954867973924 0.001274319103686139
0.039122076239436865 0.0012661086220759898
0.03991724830120802 0.0013003872154513374
0.03934167046099901 0.0012756959768012166
0.038517859764397144 0.0012404117151163518
0.039187978487461805 0.0012690359144471586
0.03790231328457594 0.0012140368926338851
0.03790019266307354 0.001213940849993378
0.039307250175625086 0.0012742155377054587
0.051871778443455696 0.0015798400563653558
0.03927407832816243 0.0012727877037832513
0.0416801068931818 0.001344515010714531
0.03855894319713116 0.0012420198472682387
0.039293843787163496 0.0012736421485897154
0.03917071409523487 0.001268261854420416
0.04166444577276707 0.0013435792934615165
0.039189704693853855 0.0012691217998508364
0.03786176722496748 0.001212283066706732
0.04169117659330368 0.001345085067441687
0.05329149216413498 0.0016020527109503746
0.039289016742259264 0.001273434842005372
0.05318585503846407 0.0016004015924409032
0.0392885934561491 0.0012734114861814305
0.039253877475857735 0.001271912406082265
0.04207177460193634 0.0013681705167982727
0.03929278440773487 0.0012735970958601683
0.03926240839064121 0.0012722871761070564
0.0371451573446393 0.0011816320184152573
0.039299319963902235 0.0012738769291900098
0.053352720104157925 0.0016030478873290122
0.03927119867876172 0.0012726704590022564
0.039511187467724085 0.0012828996550524607
0.03919803351163864 0.0012695160985458642
0.03814179357141256 0.0012243105447851121
0.039297439623624086 0.0012737932847812772
0.042110796086490154 0.0013711297942791134
0.03969109244644642 0.0012906762567581609
0.04008499626070261 0.0013075686438241974
0.03915458498522639 0.0012675068428507075
0.0422163475304842 0.0013776810956187546
0.03929227730259299 0.0012735727068502456
0.05326461046934128 0.0016016007866710424
0.038374871015548706 0.001234295719768852
0.04209623206406832 0.0013701899151783437
0.05341091472655535 0.001604011282324791
0.04168037138879299 0.0013445288641378284
0.03789818845689297 0.001213853305671364
0.039253010880202055 0.0012718584621325135
0.04168873652815819 0.0013450120168272406
0.053204712457954884 0.0016006886726245284
0.039309047162532806 0.0012742952822009102
0.039290119893848896 0.0012734760239254683
0.039192515425384045 0.0012692166637862101
0.0393008622340858 0.0012739461526507512
0.04209122434258461 0.0013698824041057378
0.03850887715816498 0.0012400564446579665
0.039343108888715506 0.0012757587392115965
0.03931278642266989 0.0012744554987875745
0.04206821694970131 0.001367868622764945
0.03924653586000204 0.0012716032942989841
0.03850887715816498 0.0012400564446579665
0.05322388652712107 0.0016009562532417476
0.039233787916600704 0.0012710449809674174
0.0379139706492424 0.0012145299988333136
0.0393116339109838 0.0012744034611387178
0.03928945492953062 0.0012734517513308674
0.036676463671028614 0.0011379198112990707
0.03686431795358658 0.0011446019925642759
0.03794397693127394 0.001215767755638808
0.03929744474589825 0.0012737936194753274
0.03790870774537325 0.0012142672785557806
0.039288860745728016 0.0012734298943541944
0.039308993611484766 0.001274293041205965
0.03987441351637244 0.0012985395296709612
0.039254351519048214 0.0012719445512630045
0.03930272674188018 0.001274022157303989
0.04165887460112572 0.0013432331616058946
0.03908675163984299 0.0012645422830246389
0.03819065447896719 0.0012264246179256588
0.03771672584116459 0.0012060862791258842
0.04210593178868294 0.0013708217884413898
0.03977548610419035 0.0012942917237523943
0.03930036583915353 0.001273919435334392
0.042097391560673714 0.0013702611031476408
0.03790058381855488 0.0012139593018218875
0.039200046099722385 0.0012695283076027408
0.03930054558441043 0.001273927147849463
0.03929617768153548 0.00127374057774432
0.05320817697793245 0.0016007120138965547
0.03970580827444792 0.0012912652018712834
0.03799963928759098 0.0012180344783701003
0.03789443243294954 0.0012136972800362855
0.03938276646658778 0.0012774607021128759
0.036679274402558804 0.0011380039504729211
0.0392618696205318 0.0012722392712021247
0.03930962644517422 0.0012743202096316963
0.03925321204587817 0.001271896020625718
0.0393123971298337 0.001274442591238767
0.03825836442410946 0.0012293251638766378
0.039333720691502094 0.0012753502232953906
0.041666735894978046 0.0013437270245049149
0.03927798056975007 0.0012729552545351908
0.03784517478197813 0.001211590104503557
0.03836384415626526 0.001233812450664118
0.03388729225844145 0.0009006310428958386
0.03792836330831051 0.00121514787315391
0.053543951362371445 0.0016062174108810723
0.053263263776898384 0.001601575466338545
0.04227069765329361 0.0013809612719342113
0.05314774438738823 0.0015997636946849525
0.03931812662631273 0.0012746844440698624
0.053051406517624855 0.0015982635086402297
0.03734808322042227 0.00119032317888923
0.039244262501597404 0.0012714936310658231
0.05309790186583996 0.0015990884858183563
0.03925159480422735 0.0012718210055027157
0.03932362515479326 0.0012749232409987599
0.039232078474015 0.0012709649017779157
0.03786120563745499 0.001212274917634204
0.03946881601586938 0.0012811655033146963
0.0392783903516829 0.0012729822483379394
0.04142381623387337 0.0013288403861224651
0.03929994301870465 0.0012738968653138727
0.039296722039580345 0.0012737644283333793
0.04210793040692806 0.0013709418999496847
0.037919433787465096 0.0012147528468631208
0.0392978535965085 0.0012738134537357837
0.03784751147031784 0.0012116905127186328
0.03968297736719251 0.0012903236638521776
0.03929363051429391 0.001273631103686057
0.037899176590144634 0.0012138879392296076
0.04168605525046587 0.0013448693498503417
0.0392574705183506 0.0012720613303827122
0.053129421547055244 0.0015994789428077638
0.039968754164874554 0.001302589414990507
0.039195912424474955 0.0012694871693383902
0.03927641687914729 0.0012728939618682489
0.03928102133795619 0.0012730908201774582
0.039256518706679344 0.0012720329978037626
0.05339403357356787 0.0016037315363064408
0.03926722751930356 0.0012724912667181343
0.03931368142366409 0.0012744906853185967
0.05325370281934738 0.001601443043909967
0.03927704133093357 0.0012729238806059584
0.03930114768445492 0.0012739541853079572
0.03798770625144243 0.0012175734445918351
0.037942337803542614 0.0012156553275417536
0.03932616673409939 0.0012750312453135848
0.03982078284025192 0.0012962379987584427
0.04205442499369383 0.0013674663787242025
0.038261791691184044 0.0012294260377530009
0.03925518412142992 0.0012719658407149836
0.04166991449892521 0.001343920303042978
0.039269105065613985 0.0012725746928481385
0.03911810787394643 0.0012658769701374695
0.0420960858464241 0.0013701635762117803
0.05330354627221823 0.0016022140625864267
0.03795305360108614 0.001216109172673896
0.0392952817492187 0.0012737035431200638
0.04235644917935133 0.0013863843778381124
0.03920870879665017 0.0012699275539489463
0.05348644219338894 0.001605248893611133
0.0393305360339582 0.0012752129696309566
0.039170205127447844 0.0012682191445492208
0.04184600431472063 0.0013548067945521325
0.03665313497185707 0.0011371364234946668
0.03926058113574982 0.0012721952371066436
0.042083561420440674 0.0013692921493202448
0.03983359783887863 0.0012967120128450915
0.03931944817304611 0.0012747436267090961
0.03929360443726182 0.0012736297503579408
0.03930352767929435 0.00127405887178611
0.057918879203498363 0.0016740094870328903
0.05306555237621069 0.0015984701458364725
0.03791474178433418 0.0012145302898716182
0.03925520880147815 0.0012719737133011222
0.0393051877617836 0.0012741310201818123
0.03849414922297001 0.0012393102515488863
0.0379659179598093 0.001216628443216905
0.05325043294578791 0.0016014096327126026
0.03977860929444432 0.0012944257468916476
0.03794098645448685 0.0012156365846749395
0.03788638673722744 0.0012133509735576808
0.03931035753339529 0.0012743443221552297
0.03930336004123092 0.0012740465172100812
0.039296279195696115 0.001273747388040647
0.039298481307923794 0.0012738475779769942
0.03755834698677063 0.0011993006628472358
0.053140717558562756 0.0015996549045667052
0.03789021447300911 0.0012135114229749888
0.042095474898815155 0.0013701450661756098
0.03788428660482168 0.001213259412907064
0.053410802967846394 0.0016039884649217129
0.053133114241063595 0.0015995361609384418
0.039195912424474955 0.0012694871693383902
0.039155964739620686 0.0012675983307417482
0.03795958310365677 0.0012164371728431433
0.05309184920042753 0.0015988837694749236
0.04234817437827587 0.0013858646561857313
0.03787183482199907 0.0012127275113016367
0.04174038302153349 0.0013481620117090642
0.05010537337511778 0.0014681803004350513
0.03766918182373047 0.001204057247377932
0.04002089239656925 0.0013048195542069152
0.03917203564196825 0.0012682959059020504
0.03932544123381376 0.0012750011082971469
0.03790620993822813 0.001214193762280047
0.05315327551215887 0.001599849434569478
