0.03337420802563429 0.000868099756189622
0.035804458893835545 0.0010055864695459604
0.03791128005832434 0.001168172573670745
0.035969034768640995 0.0010131399321835488
0.035969034768640995 0.0010131399321835488
0.05470271781086922 0.0015518322761636227
0.03657209221273661 0.0011251512914896011
0.041979375295341015 0.0013572881580330431
0.03829718288034201 0.0012289739970583469
0.041979375295341015 0.0013572881580330431
0.055902850814163685 0.0015913212264422327
0.04191954620182514 0.0013521381479222327
0.04191954620182514 0.0013521381479222327
0.035969034768640995 0.0010131399321835488
0.035969034768640995 0.0010131399321835488
0.051761592738330364 0.0014550850610248744
0.055934433825314045 0.0016466040397062898
0.041979375295341015 0.0013572881580330431
0.04191954620182514 0.0013521381479222327
0.05119175277650356 0.001433780911611393
0.03657209314405918 0.0011251513205934316
0.04191954620182514 0.0013521381479222327
0.05593443755060434 0.0016466040979139507
0.04197937622666359 0.0013572881871368736
0.05593443755060434 0.0016466040979139507
0.035969034768640995 0.0010131399321835488
0.05470271781086922 0.0015518322761636227
0.03791128098964691 0.0011681726318784058
0.05470271781086922 0.0015518322761636227
0.05470271687954664 0.0015518322470597923
0.055934433825314045 0.0016466040397062898
0.03791128098964691 0.0011681726318784058
0.035969034768640995 0.0010131399321835488
0.05470271781086922 0.0015518322761636227
0.05593443755060434 0.0016466040979139507
0.035969034768640995 0.0010131399321835488
0.055934433825314045 0.0016466040397062898
0.04191954620182514 0.0013521381479222327
0.04193476494401693 0.0013545360998250544
0.05470271687954664 0.0015518322470597923
0.035804458893835545 0.0010055864695459604
0.04197937622666359 0.0013572881871368736
0.035804460756480694 0.0010055864986497909
0.035969034768640995 0.0010131399321835488
0.041979375295341015 0.0013572881580330431
0.055934433825314045 0.0016466040397062898
0.038132607005536556 0.0012214205344207585
0.055902850814163685 0.0015913212264422327
0.04191954620182514 0.0013521381479222327
0.05628875270485878 0.0016521225916221738
0.04191954620182514 0.0013521381479222327
0.04191954620182514 0.0013521381479222327
0.03671114705502987 0.001128683623392135
0.05119175184518099 0.0014337808825075626
0.05470271687954664 0.0015518322470597923
0.055934433825314045 0.0016466040397062898
0.035804458893835545 0.0010055864695459604
0.05590285174548626 0.0015913212846498936
0.035804458893835545 0.0010055864695459604
0.055934433825314045 0.0016466040397062898
0.05470271781086922 0.0015518322761636227
0.035804458893835545 0.0010055864695459604
0.05470271781086922 0.0015518322761636227
0.03791128005832434 0.001168172573670745
0.035804458893835545 0.0010055864695459604
0.03791128005832434 0.001168172573670745
0.035804458893835545 0.0010055864695459604
0.03657209221273661 0.0011251512914896011
0.035804458893835545 0.0010055864695459604
0.05470271687954664 0.0015518322470597923
0.03657209314405918 0.0011251513205934316
0.05197685770690441 0.0014643062895629555
0.05470271687954664 0.0015518322470597923
0.055934433825314045 0.0016466040397062898
0.051761592738330364 0.0014550850610248744
0.04197937622666359 0.0013572881871368736
0.037806534208357334 0.0011657691793516278
0.05590285174548626 0.0015913212846498936
0.05119175184518099 0.0014337808825075626
0.055902850814163685 0.0015913212264422327
0.05176159646362066 0.0014550851192325354
0.054728238843381405 0.0015558534068986773
0.036822544410824776 0.0011337963805999607
0.05470271781086922 0.0015518322761636227
0.05432931333780289 0.0015475828549824655
0.05431408993899822 0.001545184786664322
0.050527154467999935 0.0014144672313705087
0.05052715074270964 0.0014144671731628478
0.05431408993899822 0.001545184786664322
0.05472823977470398 0.0015558534360025078
0.05432931333780289 0.0015475828549824655
0.03673666808754206 0.0011327047541271895
0.05052715074270964 0.0014144671731628478
0.05431409366428852 0.001545184844871983
0.05431408993899822 0.001545184786664322
0.05431408993899822 0.001545184786664322
0.03682254534214735 0.0011337964097037911
0.05432930961251259 0.0015475827967748046
0.05431409366428852 0.001545184844871983
0.03673666808754206 0.0011327047541271895
0.04191954527050257 0.0013521380897145718
0.051761592738330364 0.0014550850610248744
0.04197937622666359 0.0013572881871368736
0.03791128005832434 0.001168172573670745
0.05069172661751509 0.0014220206358004361
0.05431409366428852 0.001545184844871983
0.03791128098964691 0.0011681726318784058
0.05030582472681999 0.001361219270620495
0.05472823977470398 0.0015558534360025078
0.03791128098964691 0.0011681726318784058
0.050527154467999935 0.0014144672313705087
0.04191954527050257 0.0013521380897145718
0.05069172661751509 0.0014220206358004361
0.05431409366428852 0.001545184844871983
0.04191954527050257 0.0013521380897145718
0.05431409366428852 0.001545184844871983
0.05472823977470398 0.0015558534360025078
0.05432930961251259 0.0015475827967748046
0.05431409366428852 0.001545184844871983
0.055934433825314045 0.0016466040397062898
0.050691730342805386 0.001422020694008097
0.03683776408433914 0.0011361943907104433
0.03657209314405918 0.0011251513205934316
0.05069172661751509 0.0014220206358004361
0.05431409366428852 0.001545184844871983
0.036711146123707294 0.0011286835942883044
0.05431408993899822 0.001545184786664322
0.036822544410824776 0.0011337963805999607
0.05432930961251259 0.0015475827967748046
0.05431409366428852 0.001545184844871983
0.05431408993899822 0.001545184786664322
0.05432930961251259 0.0015475827967748046
0.05472823977470398 0.0015558534360025078
0.041979375295341015 0.0013572881580330431
0.05069172661751509 0.0014220206358004361
0.05030582472681999 0.001361219270620495
0.04193476587533951 0.0013545361580327153
0.05432930961251259 0.0015475827967748046
0.05554853565990925 0.0015858027327340096
0.05432931333780289 0.0015475828549824655
0.05431409366428852 0.001545184844871983
0.05069172661751509 0.0014220206358004361
0.036822544410824776 0.0011337963805999607
0.03683776408433914 0.0011361943907104433
0.050691730342805386 0.001422020694008097
0.05069172661751509 0.0014220206358004361
0.03657209221273661 0.0011251512914896011
0.036822544410824776 0.0011337963805999607
0.05593443755060434 0.0016466040979139507
0.04191954620182514 0.0013521381479222327
0.05431408993899822 0.001545184786664322
0.035804458893835545 0.0010055864695459604
0.03829718288034201 0.0012289739970583469
0.03673666808754206 0.0011327047541271895
0.04191954527050257 0.0013521380897145718
0.05431408993899822 0.001545184786664322
0.05432931333780289 0.0015475828549824655
0.054728238843381405 0.0015558534068986773
0.05431409366428852 0.001545184844871983
0.05470271781086922 0.0015518322761636227
0.05431409366428852 0.001545184844871983
0.05432931333780289 0.0015475828549824655
0.05431409366428852 0.001545184844871983
0.051761592738330364 0.0014550850610248744
0.036822544410824776 0.0011337963805999607
0.03673666808754206 0.0011327047541271895
0.05470271781086922 0.0015518322761636227
0.03683776408433914 0.0011361943907104433
0.05431408993899822 0.001545184786664322
0.05432931333780289 0.0015475828549824655
0.05432931333780289 0.0015475828549824655
0.036822544410824776 0.0011337963805999607
0.050691730342805386 0.001422020694008097
0.05470271781086922 0.0015518322761636227
0.041979375295341015 0.0013572881580330431
0.055902850814163685 0.0015913212264422327
0.04191954620182514 0.0013521381479222327
0.04191954527050257 0.0013521380897145718
0.050527154467999935 0.0014144672313705087
0.05030582845211029 0.001361219328828156
0.054728238843381405 0.0015558534068986773
0.05030582472681999 0.001361219270620495
0.054728238843381405 0.0015558534068986773
0.05431408993899822 0.001545184786664322
0.036822544410824776 0.0011337963805999607
0.050527154467999935 0.0014144672313705087
0.050527154467999935 0.0014144672313705087
0.03673666901886463 0.00113270478323102
0.05432930961251259 0.0015475827967748046
0.05470271781086922 0.0015518322761636227
0.05431409366428852 0.001545184844871983
0.05431408993899822 0.001545184786664322
0.05052715074270964 0.0014144671731628478
0.04197937622666359 0.0013572881871368736
0.05432931333780289 0.0015475828549824655
0.05431408993899822 0.001545184786664322
0.05472823977470398 0.0015558534360025078
0.05432930961251259 0.0015475827967748046
0.05470271781086922 0.0015518322761636227
0.05431408993899822 0.001545184786664322
0.05052715074270964 0.0014144671731628478
0.05431409366428852 0.001545184844871983
0.05432931333780289 0.0015475828549824655
0.054728238843381405 0.0015558534068986773
0.05431408993899822 0.001545184786664322
0.055934433825314045 0.0016466040397062898
0.05431408993899822 0.001545184786664322
0.05431408993899822 0.001545184786664322
0.05593443755060434 0.0016466040979139507
0.05431408993899822 0.001545184786664322
0.050527154467999935 0.0014144672313705087
0.03673666901886463 0.00113270478323102
0.03657209314405918 0.0011251513205934316
0.050691730342805386 0.001422020694008097
0.03682254534214735 0.0011337964097037911
0.05470271781086922 0.0015518322761636227
0.03673666808754206 0.0011327047541271895
0.05432931333780289 0.0015475828549824655
0.05431409366428852 0.001545184844871983
0.05431409366428852 0.001545184844871983
0.05069172661751509 0.0014220206358004361
0.0384428882971406 0.0012352156336419284
0.05628875270485878 0.0016521225916221738
0.05030582472681999 0.001361219270620495
0.05431409366428852 0.001545184844871983
0.05470271781086922 0.0015518322761636227
0.05431408993899822 0.001545184786664322
0.050527154467999935 0.0014144672313705087
0.05431409366428852 0.001545184844871983
0.03682254534214735 0.0011337964097037911
0.03673666901886463 0.00113270478323102
0.05052715074270964 0.0014144671731628478
0.04191954527050257 0.0013521380897145718
0.05470271781086922 0.0015518322761636227
0.055934433825314045 0.0016466040397062898
0.05431408993899822 0.001545184786664322
0.05432931333780289 0.0015475828549824655
0.05431409366428852 0.001545184844871983
0.05052715074270964 0.0014144671731628478
0.050691730342805386 0.001422020694008097
0.035433776676654816 0.0009471831144765019
0.03657209314405918 0.0011251513205934316
0.055934433825314045 0.0016466040397062898
0.05030582472681999 0.001361219270620495
0.03673666901886463 0.00113270478323102
0.05052715074270964 0.0014144671731628478
0.05431408993899822 0.001545184786664322
0.05590285174548626 0.0015913212846498936
0.04197937622666359 0.0013572881871368736
0.055934433825314045 0.0016466040397062898
0.05052715074270964 0.0014144671731628478
0.05431408993899822 0.001545184786664322
0.05432930961251259 0.0015475827967748046
0.05431409366428852 0.001545184844871983
0.05432931333780289 0.0015475828549824655
0.03791128005832434 0.001168172573670745
0.055902850814163685 0.0015913212264422327
0.050691730342805386 0.001422020694008097
0.05470271781086922 0.0015518322761636227
0.04191954527050257 0.0013521380897145718
0.05431409366428852 0.001545184844871983
0.05432931333780289 0.0015475828549824655
0.05470271781086922 0.0015518322761636227
0.05431409366428852 0.001545184844871983
0.05431408993899822 0.001545184786664322
0.05431408993899822 0.001545184786664322
0.05470271781086922 0.0015518322761636227
0.05431409366428852 0.001545184844871983
0.05052715074270964 0.0014144671731628478
0.05431408993899822 0.001545184786664322
0.03791128005832434 0.001168172573670745
0.04197937622666359 0.0013572881871368736
0.05554853565990925 0.0015858027327340096
0.050527154467999935 0.0014144672313705087
0.05431408993899822 0.001545184786664322
0.05052715074270964 0.0014144671731628478
0.05431409366428852 0.001545184844871983
0.04193476494401693 0.0013545360998250544
0.05432931333780289 0.0015475828549824655
0.03791128005832434 0.001168172573670745
0.05052715074270964 0.0014144671731628478
0.04191954527050257 0.0013521380897145718
0.036837765015661716 0.0011361944198142737
0.050691730342805386 0.001422020694008097
0.05431409366428852 0.001545184844871983
0.041979375295341015 0.0013572881580330431
0.05472823977470398 0.0015558534360025078
0.05431409366428852 0.001545184844871983
0.05432930961251259 0.0015475827967748046
0.03673666808754206 0.0011327047541271895
0.05176159646362066 0.0014550851192325354
0.05432930961251259 0.0015475827967748046
0.035804458893835545 0.0010055864695459604
0.03673666901886463 0.00113270478323102
0.05030582845211029 0.001361219328828156
0.05432931333780289 0.0015475828549824655
0.04191954527050257 0.0013521380897145718
0.05431408993899822 0.001545184786664322
0.04191954527050257 0.0013521380897145718
0.05431408993899822 0.001545184786664322
0.03682254534214735 0.0011337964097037911
0.054728238843381405 0.0015558534068986773
0.05030582845211029 0.001361219328828156
0.05432931333780289 0.0015475828549824655
0.05030582845211029 0.001361219328828156
0.03673666808754206 0.0011327047541271895
0.05431409366428852 0.001545184844871983
0.03829718288034201 0.0012289739970583469
0.05554853565990925 0.0015858027327340096
0.05554853565990925 0.0015858027327340096
0.05431409366428852 0.001545184844871983
0.05431409366428852 0.001545184844871983
0.05432930961251259 0.0015475827967748046
0.050691730342805386 0.001422020694008097
0.05432931333780289 0.0015475828549824655
0.05431408993899822 0.001545184786664322
0.050691730342805386 0.001422020694008097
0.05554853193461895 0.0015858026745263487
0.05590285174548626 0.0015913212846498936
0.05030582472681999 0.001361219270620495
0.050527154467999935 0.0014144672313705087
0.05432931333780289 0.0015475828549824655
0.050527154467999935 0.0014144672313705087
0.05030582472681999 0.001361219270620495
0.03813260607421398 0.0012214204762130976
0.054728238843381405 0.0015558534068986773
0.05432931333780289 0.0015475828549824655
0.05431408993899822 0.001545184786664322
0.035804458893835545 0.0010055864695459604
0.05472823977470398 0.0015558534360025078
0.05431409366428852 0.001545184844871983
0.05069172661751509 0.0014220206358004361
0.03657209221273661 0.0011251512914896011
0.05472823977470398 0.0015558534360025078
0.05431408993899822 0.001545184786664322
0.05431409366428852 0.001545184844871983
0.05030582472681999 0.001361219270620495
0.05030582845211029 0.001361219328828156
0.05432931333780289 0.0015475828549824655
0.050527154467999935 0.0014144672313705087
0.03657209221273661 0.0011251512914896011
0.03657209314405918 0.0011251513205934316
0.054728238843381405 0.0015558534068986773
0.05052715074270964 0.0014144671731628478
0.05431408993899822 0.001545184786664322
0.04191954527050257 0.0013521380897145718
0.03682254534214735 0.0011337964097037911
0.05593443755060434 0.0016466040979139507
0.05432931333780289 0.0015475828549824655
0.055934433825314045 0.0016466040397062898
0.054728238843381405 0.0015558534068986773
0.05030582845211029 0.001361219328828156
0.05432931333780289 0.0015475828549824655
0.05432930961251259 0.0015475827967748046
0.05432931333780289 0.0015475828549824655
0.050527154467999935 0.0014144672313705087
0.050691730342805386 0.001422020694008097
0.05432931333780289 0.0015475828549824655
0.04191954620182514 0.0013521381479222327
0.05030582845211029 0.001361219328828156
0.05470271781086922 0.0015518322761636227
0.050527154467999935 0.0014144672313705087
0.05431409366428852 0.001545184844871983
0.054728238843381405 0.0015558534068986773
0.04191954620182514 0.0013521381479222327
0.050691730342805386 0.001422020694008097
0.036822544410824776 0.0011337963805999607
0.03673666808754206 0.0011327047541271895
0.05432930961251259 0.0015475827967748046
0.050527154467999935 0.0014144672313705087
0.03673666901886463 0.00113270478323102
0.05069172661751509 0.0014220206358004361
0.03657209314405918 0.0011251513205934316
0.05431408993899822 0.001545184786664322
0.04191954527050257 0.0013521380897145718
0.054728238843381405 0.0015558534068986773
0.05431409366428852 0.001545184844871983
0.050691730342805386 0.001422020694008097
0.03813260607421398 0.0012214204762130976
0.05431409366428852 0.001545184844871983
0.05472823977470398 0.0015558534360025078
0.05470271687954664 0.0015518322470597923
0.05069172661751509 0.0014220206358004361
0.05052715074270964 0.0014144671731628478
0.03673666808754206 0.0011327047541271895
0.050691730342805386 0.001422020694008097
0.05030582845211029 0.001361219328828156
0.050527154467999935 0.0014144672313705087
0.05030582845211029 0.001361219328828156
0.05554853193461895 0.0015858026745263487
0.054728238843381405 0.0015558534068986773
0.05432931333780289 0.0015475828549824655
0.035804458893835545 0.0010055864695459604
0.050691730342805386 0.001422020694008097
0.05030582845211029 0.001361219328828156
0.05432930961251259 0.0015475827967748046
0.050527154467999935 0.0014144672313705087
0.05432931333780289 0.0015475828549824655
0.05431409366428852 0.001545184844871983
0.05030582472681999 0.001361219270620495
0.05431409366428852 0.001545184844871983
0.05431408993899822 0.001545184786664322
0.050527154467999935 0.0014144672313705087
0.055934433825314045 0.0016466040397062898
0.03682254534214735 0.0011337964097037911
0.03813260607421398 0.0012214204762130976
0.05593443755060434 0.0016466040979139507
0.03657209221273661 0.0011251512914896011
0.04191954527050257 0.0013521380897145718
0.05593443755060434 0.0016466040979139507
0.05472823977470398 0.0015558534360025078
0.05432931333780289 0.0015475828549824655
0.05431409366428852 0.001545184844871983
0.05431409366428852 0.001545184844871983
0.050691730342805386 0.001422020694008097
0.05431409366428852 0.001545184844871983
0.05472823977470398 0.0015558534360025078
0.050691730342805386 0.001422020694008097
0.04191954527050257 0.0013521380897145718
0.055902850814163685 0.0015913212264422327
0.05431408993899822 0.001545184786664322
0.05030582472681999 0.001361219270620495
0.05385868903249502 0.001475746335927397
0.05431409366428852 0.001545184844871983
0.03671114705502987 0.001128683623392135
0.05472823977470398 0.0015558534360025078
0.036822544410824776 0.0011337963805999607
0.05431409366428852 0.001545184844871983
0.05431408993899822 0.001545184786664322
0.05432931333780289 0.0015475828549824655
0.05431409366428852 0.001545184844871983
0.05470271687954664 0.0015518322470597923
0.05431408993899822 0.001545184786664322
0.04197937622666359 0.0013572881871368736
0.05431409366428852 0.001545184844871983
0.05590285174548626 0.0015913212846498936
0.056288753636181355 0.0016521226498298347
0.04191954527050257 0.0013521380897145718
0.05431408993899822 0.001545184786664322
0.05030582845211029 0.001361219328828156
0.05628875270485878 0.0016521225916221738
0.05431408993899822 0.001545184786664322
0.05593443755060434 0.0016466040979139507
0.05470271687954664 0.0015518322470597923
0.05472823977470398 0.0015558534360025078
0.050691730342805386 0.001422020694008097
0.05431408993899822 0.001545184786664322
0.05431409366428852 0.001545184844871983
0.03673666808754206 0.0011327047541271895
0.05052715074270964 0.0014144671731628478
0.05431408993899822 0.001545184786664322
0.05431409366428852 0.001545184844871983
0.05431408993899822 0.001545184786664322
0.054728238843381405 0.0015558534068986773
0.04191954527050257 0.0013521380897145718
0.03791128005832434 0.001168172573670745
0.05432931333780289 0.0015475828549824655
0.05431408993899822 0.001545184786664322
0.05030582845211029 0.001361219328828156
0.05431408993899822 0.001545184786664322
0.041979375295341015 0.0013572881580330431
0.03791128005832434 0.001168172573670745
0.05431408993899822 0.001545184786664322
0.05432931333780289 0.0015475828549824655
0.05431409366428852 0.001545184844871983
0.050691730342805386 0.001422020694008097
0.03683776408433914 0.0011361943907104433
0.05052715074270964 0.0014144671731628478
0.050527154467999935 0.0014144672313705087
0.055902850814163685 0.0015913212264422327
0.05432930961251259 0.0015475827967748046
0.05431409366428852 0.001545184844871983
0.05431408993899822 0.001545184786664322
0.03791128005832434 0.001168172573670745
0.05472823977470398 0.0015558534360025078
0.05030582845211029 0.001361219328828156
0.05431408993899822 0.001545184786664322
0.03673666901886463 0.00113270478323102
0.05432931333780289 0.0015475828549824655
0.03673666901886463 0.00113270478323102
0.05431408993899822 0.001545184786664322
0.03657209314405918 0.0011251513205934316
