0.0491904653608799 0.0013995481422170997
0.03826576936990023 0.0012293830804992467
0.03691368084400892 0.001145284972153604
0.03887059539556503 0.0012552922853501514
0.03914041630923748 0.0012642750953091308
0.038873929530382156 0.0012554338172776625
0.05431749206036329 0.001618366251932457
0.03912364598363638 0.0012635052116820589
0.036903549917042255 0.0011450008605606854
0.05575807299464941 0.001640799076994881
0.03689115680754185 0.0011445683776400983
0.03688360843807459 0.001144310663221404
0.04198691435158253 0.001362839073408395
0.05429870821535587 0.0016180646198336035
0.05435931961983442 0.0016190132882911712
0.04921603389084339 0.0014001668896526098
0.038875618018209934 0.0012555053835967556
0.038274369202554226 0.001229751476785168
0.05428801756352186 0.0016178982332348824
0.04920795001089573 0.0013999391521792859
0.04198715090751648 0.0013628554588649422
0.049141799099743366 0.0013984296820126474
0.038859257474541664 0.0012548071390483528
0.03829750791192055 0.001230743626365438
0.05455020163208246 0.001626524404855445
0.03826848044991493 0.0012295010965317488
0.03688321728259325 0.0011442913091741502
0.038263920694589615 0.0012293070903979242
0.038651528768241405 0.0012418408296070993
0.05263843014836311 0.0015198228938970715
0.036784226074814796 0.0011261223698966205
0.03732328675687313 0.0011595150717766955
0.03824740368872881 0.0012285959674045444
0.03866189997643232 0.0012423115549609065
0.038867782801389694 0.0012551728868857026
0.03886157739907503 0.001254905728274025
0.03688825201243162 0.001144464302342385
0.03866952285170555 0.001242663071025163
0.0388503847643733 0.0012544268683996052
0.03868287056684494 0.0012432793737389147
0.039137328043580055 0.0012641344364965335
0.03886809106916189 0.0012551845866255462
0.03826868627220392 0.0012295098276808858
0.0557108037173748 0.001640061236685142
0.038877079263329506 0.0012555705179693177
0.038276041857898235 0.001229821180459112
0.038874845020473 0.0012554768181871623
0.03914128337055445 0.0012643116351682693
0.03912054002285004 0.00126337943947874
0.03912982251495123 0.001263788333744742
0.03742567449808121 0.0011907711159437895
0.03825297672301531 0.0012288350844755769
0.038259715773165226 0.0012291230377741158
0.05573084484785795 0.0016403784102294594
0.038872091099619865 0.0012553591950563714
0.04922151006758213 0.001400389359332621
0.03826248552650213 0.0012292421306483448
0.03914544451981783 0.0012645042879739776
0.049053896218538284 0.0013963241362944245
0.0527925668284297 0.001523133396403864
0.03912435844540596 0.0012635395542019978
0.04225122556090355 0.0013717726105824113
0.0557302488014102 0.001640362897887826
0.055719939060509205 0.0016402066103182733
0.054319411516189575 0.0016183904372155666
0.04198975767940283 0.0013630186731461436
0.05275555793195963 0.0015222281799651682
0.039137087762355804 0.001264126127352938
0.03887099493294954 0.0012553095002658665
0.03913315758109093 0.0012639418127946556
0.0492059038951993 0.0013999015209265053
0.03886448033154011 0.0012550285900942981
0.039127739146351814 0.001263694983208552
0.04180367290973663 0.0013515338359866291
0.041987793520092964 0.001362891256576404
0.038855536840856075 0.0012546438083518296
0.039121976122260094 0.0012634309532586485
0.03825801331549883 0.001229059387696907
0.03888017311692238 0.001255702183698304
0.03825535625219345 0.0012289368023630232
0.03827183786779642 0.0012296434142626822
0.03827781789004803 0.001229898218298331
0.04199113603681326 0.0013631015608552843
0.03888071794062853 0.0012557244626805186
0.03829893935471773 0.001230836904142052
0.04198596719652414 0.0013627811858896166
0.03887317143380642 0.0012554037675727159
0.05433158949017525 0.0016185815329663455
0.041994319297373295 0.0013633301423396915
0.03886128589510918 0.0012548924860311672
0.0538503285497427 0.0015487679920624942
0.05445737671107054 0.0016249282925855368
0.03826792165637016 0.0012294775224290788
0.03824780788272619 0.0012286130513530225
0.04180104751139879 0.0013513752783183008
0.0391319552436471 0.0012638879852602258
0.03690660651773214 0.0011451058962848037
0.03885929845273495 0.0012548129161586985
0.04224867559969425 0.0013713788357563317
0.055732836946845055 0.0016404032066930085
0.03742049541324377 0.0011905452993232757
0.038863083347678185 0.0012549705570563674
0.038895219564437866 0.0012563452328322455
0.050689227879047394 0.0014485220017377287
0.05872432980686426 0.0016915634914766997
0.0543060852214694 0.00161818228662014
0.049173747189342976 0.0013991566665936261
0.04925954528152943 0.0014011762687005103
0.03827252145856619 0.001229672401677817
0.03887077420949936 0.0012553011474665254
0.04198367800563574 0.0013626409054268152
0.05452648177742958 0.0016261104319710284
0.038667960092425346 0.0012425933091435581
0.03886534087359905 0.0012550667161121964
0.03826805762946606 0.001229479763424024
0.04180483613163233 0.001351615705061704
0.038262889720499516 0.001229260815307498
0.03887338284403086 0.0012554169807117432
0.03825150337070227 0.0012287688732612878
0.03867942187935114 0.0012431175273377448
0.039120420813560486 0.0012633592414204031
0.052644796669483185 0.0015199502813629806
0.03912241756916046 0.0012634507875191048
0.03887989744544029 0.0012556914007291198
0.04198139812797308 0.0013624972198158503
0.03868436440825462 0.0012433475349098444
0.03827053774148226 0.0012295878259465098
0.03912791144102812 0.001263702506548725
0.03868582472205162 0.0012434142117854208
0.05060887336730957 0.0014466497814282775
0.03827599808573723 0.0012298202491365373
0.05429688189178705 0.0016180470993276685
0.03912085574120283 0.0012634025333682075
0.03886607848107815 0.0012551017716759816
0.054239386692643166 0.001617147063370794
0.038260819390416145 0.0012291708553675562
0.03825591690838337 0.0012289618898648769
0.03866318613290787 0.0012423755833879113
0.03886853065341711 0.0012552055704873055
0.035664902068674564 0.0010481170320417732
0.04198654927313328 0.0013628264423459768
0.03913989011198282 0.0012642494984902442
0.03886968642473221 0.001255252878763713
0.03886594623327255 0.0012550941319204867
0.03913330007344484 0.0012639487104024738
0.0382643137127161 0.0012293215550016612
0.03887276351451874 0.0012553901615319774
0.038257802836596966 0.001229041488841176
0.03822115249931812 0.00122747482964769
0.04198799189180136 0.0013629113091155887
0.05618806462734938 0.0016545376856811345
0.038881477899849415 0.001255758135812357
0.03603904228657484 0.0011055473005399108
0.0386773319914937 0.0012430235510692
0.038871873170137405 0.0012553455453598872
0.03868131712079048 0.0012432023650035262
0.03884647786617279 0.0012542586773633957
0.038874845020473 0.0012554768181871623
0.04199170786887407 0.0013631325273308903
0.038642266765236855 0.0012414152442943305
0.03678769897669554 0.0011262732441537082
0.038844576105475426 0.0012541769247036427
0.038890887051820755 0.001256164745427668
0.03885975480079651 0.0012548281956696883
0.04198442865163088 0.001362690090900287
0.05431473068892956 0.0016183158732019365
0.05068789143115282 0.0014484832063317299
0.04916383512318134 0.0013989383296575397
0.0557261211797595 0.0016402903129346669
0.038643209263682365 0.0012414522061590105
0.03886181674897671 0.0012549162638606504
0.037305498495697975 0.0011588553170440719
0.03911749832332134 0.0012632273574126884
0.041989171877503395 0.0013629843306262046
0.03826682548969984 0.0012294301122892648
0.036900375969707966 0.0011449029261711985
0.03741710167378187 0.0011904313578270376
0.05431176256388426 0.0016182729159481823
0.038873519748449326 0.0012554179556900635
0.049210162833333015 0.0014000085066072643
0.038862623274326324 0.0012549530511023477
0.03865549247711897 0.0012420221173670143
0.03689581900835037 0.0011447339202277362
0.038879234343767166 0.0012556612491607666
0.038258615881204605 0.001229075074661523
0.03728192299604416 0.001157996681286022
0.03886678349226713 0.0012551295367302373
0.03886362165212631 0.0012549936509458348
0.04198418743908405 0.0013626703585032374
0.03731439542025328 0.0011591680813580751
0.0391328064724803 0.0012639256019610912
0.05457970779389143 0.001627020159503445
0.0506465807557106 0.00144752929918468
0.03741900436580181 0.0011904930870514363
0.03884511534124613 0.0012542000331450254
0.050638009794056416 0.0014473077317234129
0.049097211100161076 0.0013974625035189092
0.03866261336952448 0.0012423466541804373
0.05066653434187174 0.0014479734527412802
0.03741694986820221 0.00119042641017586
0.03888150583952665 0.0012557603185996413
0.03828354924917221 0.0012301431852392852
0.03826239239424467 0.0012292370083741844
0.05426242761313915 0.0016175037308130413
0.03827220480889082 0.0012296519125811756
0.041987509466707706 0.0013628799351863563
0.052788879722356796 0.0015230298740789294
0.04914174694567919 0.0013984124816488475
0.03689877036958933 0.0011448235309217125
0.03866511024534702 0.0012424614978954196
0.03827488701790571 0.0012297732173465192
0.03826818708330393 0.0012294868065509945
0.058716612868011 0.0016913600265979767
0.03742717765271664 0.0011908357264474034
0.03603635635226965 0.0011054450587835163
0.05427937675267458 0.001617767324205488
0.054284682497382164 0.0016178509686142206
0.03829016722738743 0.0012304257252253592
0.03883088566362858 0.0012535873393062502
0.041993615217506886 0.0013632448972202837
0.03887007758021355 0.0012552712723845616
0.05068091209977865 0.0014483114064205438
0.038915323093533516 0.0012572096311487257
0.03867582697421312 0.0012429530615918338
0.03886346612125635 0.0012549869570648298
0.03885806351900101 0.001254754839465022
0.0391154857352376 0.0012631318968487903
0.036898921243846416 0.0011448307486716658
0.03885369375348091 0.001254568254807964
0.03912674728780985 0.001263649479369633
0.03912398777902126 0.0012635237217182294
0.04198564309626818 0.001362750044791028
0.05065528769046068 0.0014477181830443442
0.03604134451597929 0.0011056413350161165
0.03884561266750097 0.0012542214390123263
0.037422170862555504 0.0011906212312169373
0.03885956760495901 0.001254819828318432
0.054331278428435326 0.0016185790591407567
0.038877079263329506 0.0012555705179693177
0.038866749964654446 0.0012551251420518383
0.038862588815391064 0.0012549495295388624
0.05429853964596987 0.0016180615639314055
0.038265095092356205 0.0012293542094994336
0.04921548720449209 0.0014001562667544931
0.05871987342834473 0.0016914567677304149
0.03828614018857479 0.0012302551476750523
0.03887045383453369 0.0012552877451526001
0.054459065198898315 0.001624957047170028
0.03886076528578997 0.001254870294360444
0.03867655899375677 0.0012429823400452733
0.03912732843309641 0.0012636757310247049
0.03728047851473093 0.0011579447600524873
0.037134142592549324 0.0011529554321896285
0.03912527393549681 0.0012635819584829733
0.03827858995646238 0.001229931483976543
0.05428210832178593 0.0016178038495127112
0.04198633413761854 0.00136280115111731
0.049108619801700115 0.0013976241170894355
0.03827077802270651 0.00122959676082246
0.038872153498232365 0.0012553600972751155
0.054275342263281345 0.0016176951176021248
0.04224938713014126 0.0013714950764551759
0.03888387233018875 0.0012558601156342775
0.03829016722738743 0.0012304257252253592
0.03826324827969074 0.0012292758619878441
0.04198145680129528 0.0013624989078380167
0.038680173456668854 0.0012431512004695833
0.03868056461215019 0.0012431687209755182
0.038868363946676254 0.001255196737474762
0.03826799336820841 0.0012294785410631448
0.039136702194809914 0.0012641065113712102
0.03912344854325056 0.001263498459593393
0.03827953618019819 0.0012299716472625732
0.03829129412770271 0.0012304743868298829
0.05065504182130098 0.001447712566005066
0.038267990574240685 0.0012294780754018575
0.054594685323536396 0.0016272803768515587
0.0382872112095356 0.0012303009571041912
0.03741539642214775 0.00119036651449278
0.04891949146986008 0.0013931632856838405
0.03912581782788038 0.001263607366126962
0.03828065190464258 0.0012300224916543812
0.03825839422643185 0.0012290657905396074
0.038856775499880314 0.001254700924619101
0.054542526602745056 0.0016263882571365684
0.03865609783679247 0.001242039492353797
0.05872723739594221 0.0016916854947339743
0.038883985951542854 0.0012558671878650784
0.038676400668919086 0.0012429816415533423
0.04224982392042875 0.0013715759560000151
0.038840923458337784 0.0012540201569208875
0.03868427313864231 0.0012433395895641297
0.0382697731256485 0.001229554385645315
0.03913606517016888 0.0012640777858905494
0.03912798594683409 0.0012637047038879246
0.038259778171777725 0.001229128916747868
0.04199481289833784 0.001363366493023932
0.03828050196170807 0.0012300134694669396
0.03827458154410124 0.0012297592475079
0.03730308823287487 0.0011587910557864234
0.03828463610261679 0.001230189693160355
0.03912561945617199 0.0012635970779228956
0.03911752812564373 0.0012632287689484656
0.03891707397997379 0.0012572862615343183
0.038269671611487865 0.0012295495835132897
0.03866725508123636 0.0012425486056599766
0.049206444062292576 0.001399924891302362
0.04198762495070696 0.0013628893648274243
0.038878463208675385 0.0012556292640510947
0.04199095070362091 0.0013630905013997108
0.03866769094020128 0.0012425812019500881
0.038268281146883965 0.0012294912012293935
0.038674090057611465 0.0012428724730852991
0.04180521424859762 0.0013516316830646247
0.03866215609014034 0.0012423280568327755
0.054216209799051285 0.001616783847566694
0.03886680398136377 0.0012551318213809282
0.03827239293605089 0.0012296691711526364
0.037309546023607254 0.0011590062495088205
0.03868317883461714 0.00124329372192733
0.058715603314340115 0.0016913164872676134
0.038261317647993565 0.00122919148998335
0.0388561962172389 0.001254674803931266
0.0543217146769166 0.0016184337437152863
0.039142144843935966 0.0012643523223232478
0.03884683735668659 0.0012542736949399114
0.055739388801157475 0.0016405082715209574
0.05429811868816614 0.0016180529491975904
0.03868076950311661 0.0012431764043867588
0.03886537626385689 0.0012550681858556345
0.038867524825036526 0.0012551614199765027
0.03825642820447683 0.0012289832520764321
0.039130483753979206 0.0012638199696084484
0.038870926946401596 0.0012553033157018945
0.03827848378568888 0.0012299274967517704
0.038883766159415245 0.001255849885637872
0.0374114103615284 0.001190182112623006
0.03827465698122978 0.001229760266141966
0.03914967179298401 0.00126469942915719
0.052693331614136696 0.0015209403645712882
0.04179808497428894 0.0013511896540876478
0.03886254597455263 0.0012549481762107462
0.05462543107569218 0.001627804187592119
0.05462261475622654 0.001627743971766904
0.03885694593191147 0.0012547140213428065
0.04172735754400492 0.0013392551336437464
0.037416077218949795 0.001190388633403927
0.05576001573354006 0.0016408303345087916
0.038286443799734116 0.0012302693794481456
0.03826787415891886 0.001229475426953286
0.038257211446762085 0.0012290223967283964
0.04180310759693384 0.001351495913695544
0.038856684230268 0.0012546959187602624
0.038270920515060425 0.0012296040076762438
0.03886173479259014 0.0012549122620839626
0.03912445995956659 0.001263547717826441
0.03887021914124489 0.0012552777479868382
0.04198333341628313 0.0013626114232465625
0.038266475312411785 0.001229416549904272
0.03913764748722315 0.001264151040231809
0.03867755550891161 0.0012430271308403462
0.03886312060058117 0.0012549776583909988
0.037421053275465965 0.001190582144772634
0.038857330568134785 0.0012547250516945496
0.03887298237532377 0.0012553922133520246
0.05269510671496391 0.001520974183222279
0.03884543105959892 0.0012542123149614781
0.03864945378154516 0.0012417436519172043
0.036889515817165375 0.0011444990523159504
0.04920967109501362 0.001399989181663841
0.04198382422327995 0.0013626471627503633
0.03912413399666548 0.0012635293242055923
0.03688670042902231 0.0011444056581240147
0.03884603921324015 0.001254239832633175
0.038857911713421345 0.0012547477963380516
0.0419858880341053 0.0013627746957354248
0.049236283637583256 0.001400622830260545
0.03885154705494642 0.0012544745986815542
0.038901858031749725 0.0012566270161187276
0.038840269669890404 0.001253992086276412
0.03916519973427057 0.0012654134625336155
0.03888203203678131 0.0012557817826746032
0.038275307044386864 0.0012297915236558765
0.03885688632726669 0.0012547049554996192
0.05423303414136171 0.001617023372091353
0.0382802477106452 0.001230005786055699
0.03827125392854214 0.0012296172499191016
0.03885283414274454 0.0012545329809654504
0.03827620856463909 0.0012298272631596774
0.041984787210822105 0.0013627060397993773
0.03827113099396229 0.0012296124186832458
0.03912665881216526 0.001263645535800606
0.03914266172796488 0.0012643768131965771
0.038844392634928226 0.0012541675823740661
0.054318469017744064 0.0016183753323275596
0.038874479942023754 0.001255460680113174
0.04180222284048796 0.001351444865576923
0.03891898691654205 0.0012573646381497383
0.038273394107818604 0.0012297089851927012
0.04923184122890234 0.001400517619913444
0.042251525446772575 0.0013718261034227908
0.054289392195641994 0.0016179217782337219
0.03886391315609217 0.0012550044775707647
0.03887215629220009 0.0012553601991385221
0.0419837050139904 0.0013626450090669096
0.038271461613476276 0.001229625690029934
0.03882799111306667 0.0012534647539723665
0.05268889665603638 0.0015208070690277964
0.038880608044564724 0.001255719136679545
0.038862875662744045 0.0012549615348689258
0.038677649572491646 0.0012430361530277878
0.03912941087037325 0.0012637706386158243
0.03829095885157585 0.0012304606207180768
0.03828578628599644 0.0012302382092457265
0.054291171953082085 0.0016179514641407877
0.03888261131942272 0.0012558055314002559
0.03885278757661581 0.0012545278732432052
0.03887463267892599 0.001255467694136314
0.0422073183581233 0.0013648777676280588
0.04918019566684961 0.0013993436004966497
0.038276745937764645 0.0012298524379730225
0.038628983311355114 0.001240801764652133
0.03889311570674181 0.001256261210073717
0.052697054110467434 0.0015210135316010565
0.05456774868071079 0.0016268165782094002
0.054607296362519264 0.0016274763620458543
0.03688459098339081 0.0011443457915447652
0.05871967785060406 0.001691426383331418
0.03886523935943842 0.0012550640822155401
0.0527635607868433 0.0015224780363496393
0.03867784794420004 0.0012430473288986832
0.03884630184620619 0.0012542490439955145
0.04180648922920227 0.0013517116894945502
0.03827738203108311 0.00122987967915833
0.039140489883720875 0.0012642786605283618
0.038330658338963985 0.001232161943335086
0.037301743403077126 0.0011587453773245215
0.03825648222118616 0.0012289841833990067
0.038265413604676723 0.0012293706531636417
0.03887230809777975 0.0012553637207020074
0.038868834264576435 0.001255217764992267
0.038880412466824055 0.0012557117734104395
0.038662418723106384 0.0012423349253367633
0.03914347756654024 0.0012644134840229526
0.0557591812685132 0.0016408149676863104
0.038268862292170525 0.0012295169872231781
0.05430741608142853 0.001618201786186546
0.055758642964065075 0.001640801434405148
0.0388767933472991 0.0012555574357975274
0.041807553730905056 0.0013517866318579763
0.05444229394197464 0.0016246786108240485
0.049243928864598274 0.0014008019352331758
0.03887355048209429 0.0012554206477943808
0.038882896304130554 0.0012558181042550132
0.054261273704469204 0.0016174862394109368
0.04199401196092367 0.0013632759801112115
0.038867020048201084 0.0012551394320325926
0.03868313226848841 0.0012432915391400456
0.039132434874773026 0.001263909027329646
0.038890632800757885 0.0012561505573103204
0.03828469943255186 0.001230191410286352
0.03688534814864397 0.0011443601397331804
0.03866810165345669 0.0012426025932654738
0.038278534077107906 0.0012299291847739369
0.038280706852674484 0.0012300294183660299
0.03886913415044546 0.001255230512470007
0.03886735066771507 0.0012551515101222321
0.03824343252927065 0.0012284246331546456
0.04198979213833809 0.0013630604662466794
0.049167231656610966 0.0013990260777063668
0.04180512577295303 0.0013516266481019557
0.0506324227899313 0.0014471871545538306
0.0492673022672534 0.0014012604660820216
0.039135306142270565 0.0012640415807254612
0.03829449042677879 0.0012306120479479432
0.03887353930622339 0.001255418246728368
0.038279399275779724 0.0012299617228563875
0.04198909644037485 0.0013629792083520442
0.038278305903077126 0.0012299192312639207
0.03886203654110432 0.0012549244274850935
0.03912625275552273 0.0012636295869015157
0.03742207866162062 0.001190617709653452
0.04920846875756979 0.0013999645598232746
0.03824903257191181 0.0012286663404665887
0.04198502656072378 0.001362720679026097
0.03825157321989536 0.0012287760328035802
0.03885458502918482 0.0012546047510113567
0.04198635648936033 0.001362801471259445
0.05431219469755888 0.0016182789986487478
0.03827562369406223 0.0012298067740630358
0.03914095647633076 0.001264299571630545
0.03887791186571121 0.0012556040455820039
0.03913712780922651 0.0012641261419048533
0.049265965819358826 0.0014012325264047831
0.03887822479009628 0.0012556170695461333
0.05425194837152958 0.0016173433396033943
0.036768403835594654 0.0011253869452048093
0.05065241642296314 0.0014476399519480765
0.03915694821625948 0.0012650338758248836
0.04172242432832718 0.0013390294334385544
