0.029027734352659085 0.000819071575276829
0.029027734352659085 0.000819071575276829
0.029027734352659085 0.000819071575276829
0.02902944219730477 0.0008191151649758876
0.029029471704086235 0.0008191151763597776
0.0290295068434688 0.0008191152035508486
0.029029524083938114 0.0008191152261083971
0.02902955527603604 0.000819115263732969
0.02902955527603604 0.000819115263732969
0.02902958402586739 0.0008191152908759433
0.02902958402586739 0.0008191152908759433
0.02902958402586739 0.0008191152908759433
0.02902958402586739 0.0008191152908759433
0.02902963867500921 0.0008191153041113057
0.029029646676779867 0.0008191153179952698
0.029029668783751544 0.0008191153611197161
0.029029668783751544 0.0008191153611197161
0.0290296917049508 0.0008191153897438815
0.0290296917049508 0.0008191153897438815
0.029029717717746463 0.0008191153999270001
0.0290297630767329 0.0008191154357528353
0.02902978059994824 0.000819115453726111
0.029029803424771083 0.0008191154586355266
0.029029803424771083 0.0008191154586355266
0.029029811777274234 0.0008191154694293931
0.029029811777274234 0.0008191154694293931
0.029029811777274234 0.0008191154694293931
0.029029811777274234 0.0008191154694293931
0.029029811777274234 0.0008191154694293931
0.029029811777274234 0.0008191154694293931
0.029029820638132777 0.0008191155021939442
0.029029820638132777 0.0008191155021939442
0.029029820638132777 0.0008191155021939442
0.029029820638132777 0.0008191155021939442
0.029029820638132777 0.0008191155021939442
0.029029820638132777 0.0008191155021939442
0.029029820638132777 0.0008191155021939442
0.029029820638132777 0.0008191155021939442
0.029029820638132777 0.0008191155021939442
0.029029820638132777 0.0008191155021939442
0.029029820638132777 0.0008191155021939442
0.029029820638132777 0.0008191155021939442
0.029029820638132777 0.0008191155021939442
0.029029820638132777 0.0008191155021939442
0.029029820638132777 0.0008191155021939442
0.029029820638132777 0.0008191155021939442
0.029029820638132777 0.0008191155021939442
0.029029820638132777 0.0008191155021939442
0.02902982630750288 0.0008191155080109068
0.02902982630750288 0.0008191155080109068
0.02902982630750288 0.0008191155080109068
0.02902982630750288 0.0008191155080109068
0.02902982630750288 0.0008191155080109068
0.029029852186048897 0.000819115526041868
0.029029874925811 0.0008191155290818773
0.029029888555538043 0.0008191155370743219
0.02902990818623265 0.0008191155689697083
0.029029926328213933 0.0008191155789452631
0.029029926328213933 0.0008191155789452631
0.029029937693026545 0.000819115591152193
0.029029956507676404 0.0008191156051129784
0.029029963245783393 0.000819115612821441
0.029029963245783393 0.000819115612821441
0.029029978186198704 0.0008191156388211968
0.02903000618125665 0.0008191156709727921
0.02903000618125665 0.0008191156709727921
0.029030024819079563 0.0008191156810473725
0.029030025433100196 0.0008191166563637435
0.029030126025439598 0.0008191216921524406
0.02903088456872905 0.0008192322326266963
0.02903128169623835 0.0008192896068118438
0.029032900131590707 0.0008192999032827836
0.02903301925664639 0.0008193685471923226
0.029033260131493228 0.0008193784380118869
0.029033363259160273 0.0008193827466099119
0.029035032363412754 0.0008194574542865599
0.029036584331817907 0.000819527359129515
0.029036953438670594 0.0008195434115609948
0.029038166053012966 0.0008195684646812387
0.029038786168401852 0.0008195799546593544
0.029039032010869426 0.0008196044590235256
0.029039569466550504 0.0008196270375683923
0.029040680741305717 0.0008197108894795193
0.029042274330034607 0.0008197846293388441
0.029043323305637504 0.0008197853238737088
0.029043564160867945 0.0008198392528862339
0.02904395991926261 0.0008198569494013171
0.029044103826965696 0.0008198642262494676
0.02904440415461331 0.0008198768491835497
0.029046244569992805 0.0008199074917439256
0.02904635010722018 0.0008199119195803851
0.02904658789872232 0.0008199219161105394
0.029046843617092345 0.0008199860084954757
0.029050132964926718 0.0008200708604362792
0.02905051274554622 0.0008200876630053632
0.029051195897001225 0.0008201163910428225
0.029053390504400246 0.0008202086825492929
0.02905473727628603 0.000820264319353954
0.02905629191527995 0.0008204102685169902
0.029059036295343857 0.000820531643574494
0.029059455800211412 0.0008205504087599069
0.029067347133280082 0.0008208715204560699
0.029070877002151045 0.0008209424476959688
0.029071217837124276 0.0008209567480209897
0.029080025999228532 0.0008213287309130965
0.02908335053566943 0.0008216313779250583
0.029087146685255926 0.000821792531121253
0.02910443225568486 0.0008221013475404013
0.0291080698100116 0.0008227298864957357
0.02911373594098194 0.0008227431720653362
0.02913726680690481 0.0008240379529559389
0.029172834824614923 0.0008251798352760615
0.029212217551858568 0.0008272500897268281
0.029219279104786874 0.0008277121104551446
0.029238618901305753 0.0008285680842680069
0.02923897944236063 0.0008285842161553814
0.029261574849555272 0.0008296069621539879
0.029446385246947752 0.0008335749902804298
0.029727060903491385 0.0008355534619013272
0.03032073407569236 0.0008466810680164032
0.03032708611852041 0.0008636439940340741
0.030367679777511963 0.0008649275541784071
0.030370691704028847 0.000880758800928872
0.030564265569112653 0.0008837290345591223
0.031118173172868264 0.0008912069142058187
0.03128332766786199 0.0009222966805008566
0.0317538997007467 0.0009442481437597417
0.03178792662217561 0.0009456823857595433
0.03191511535808706 0.0009514935178893945
0.03203529760436662 0.0009517614657253522
0.03227452484446098 0.0009581987320554021
0.032534905479115576 0.0009797050354683919
0.0328636518172587 0.0009834423927344666
0.032976978908423646 0.0009881092498672719
0.03297953717173498 0.0009882203003253184
0.03324962109671963 0.0009999793327127569
0.03329541646678122 0.0010149988376634712
0.03379852711604939 0.0010379890997048646
0.03390612134576729 0.0010429452701729335
0.034025496557308105 0.001046512772072982
0.034217421768786935 0.0010573146820955883
0.03432988619835092 0.0010624768285062039
0.034443078900581084 0.0010676149921986448
0.03445984777492043 0.001068444131591025
0.03467643065765162 0.0010782188333416601
0.03487827361887717 0.0010876465286302343
0.034940782079721136 0.0010903105709559437
0.035021802092286766 0.0010942318564838242
0.03504172638896628 0.0010951504118805343
0.03513859985409763 0.001099258793962362
0.03518507563743177 0.0011004743057437464
0.03523432727356143 0.0011038744176545552
0.035263087990161764 0.0011052350711186956
0.03530329793290607 0.0011068371594731368
0.035340774422097765 0.001107623165776512
0.035538358165551884 0.0011179356935598495
0.03557381097560153 0.0011194793545010948
0.03571700872683936 0.001125949219171848
0.03577433929120752 0.0011286368068239446
0.035776802117609544 0.0011287219409655672
0.03579760236315377 0.001129838920433444
0.03585542074460941 0.0011319705514669372
0.03591114480522521 0.0011349853073843832
0.036118892323890955 0.0011440426341741768
0.03614696378503731 0.0011456426404306305
0.036340263760495754 0.0011546591276575414
0.0366417819851377 0.0011684177640337234
0.03693140284699485 0.001181727607633754
0.037058257987712125 0.0011869928311595836
0.03708414313094971 0.001188643007653166
0.03716896869646904 0.00119266450578198
0.0372258431025878 0.0011950222087567003
0.037346940541739704 0.001200665845556634
0.037559650805963136 0.001210453815075319
0.037580717024310296 0.001211527942300689
0.03786172068326027 0.0012242360759951367
0.038139761206344366 0.0012369966523634443
0.03828948504304235 0.001242650989366062
0.038314472516724554 0.001243933327211209
0.03859600025671332 0.0012581346081024314
0.03871559386522208 0.001263607840168199
0.038824417229001186 0.0012657020082587262
0.03913127351163192 0.0012826368394600802
0.03944662285478489 0.0012957127225227613
0.039459506248349464 0.001297732647800057
0.03969830021406859 0.0013086976425908479
0.039749154866946676 0.0013110246180236805
0.03976748731429796 0.0013119582485978823
0.0398225302817148 0.0013143635301951066
0.03992496566333314 0.0013188967380199305
0.04005181594418583 0.0013249163436510215
0.04013521756602141 0.0013286886322595804
0.04022217735189437 0.0013317724068574008
0.040510465785232194 0.0013461367014657665
0.04094412717143034 0.0013612280114711681
0.04101439385034556 0.0013665561860254328
0.041040125199771384 0.0013683670770853142
0.04104413913181516 0.0013686800225275269
0.041052542213452795 0.0013693353581284778
0.041052542213452795 0.0013693353581284778
0.041052542213452795 0.0013693353581284778
0.041052542213452795 0.0013693353581284778
0.041052542213452795 0.0013693353581284778
0.041052542213452795 0.0013693353581284778
0.041052542213452795 0.0013693353581284778
0.041052542213452795 0.0013693353581284778
0.041052542213452795 0.0013693353581284778
0.041052542213452795 0.0013693353581284778
0.041052542213452795 0.0013693353581284778
0.041052542213452795 0.0013693353581284778
0.041052542213452795 0.0013693353581284778
0.041052542213452795 0.0013693353581284778
0.041052542213452795 0.0013693353581284778
0.041052542213452795 0.0013693353581284778
0.041052542213452795 0.0013693353581284778
0.041052542213452795 0.0013693353581284778
0.041052542213452795 0.0013693353581284778
0.041052542213452795 0.0013693353581284778
0.041052542213452795 0.0013693353581284778
0.041052542213452795 0.0013693353581284778
0.041052542213452795 0.0013693353581284778
0.041052542213452795 0.0013693353581284778
0.041052542213452795 0.0013693353581284778
0.041052542213452795 0.0013693353581284778
0.041052542213452795 0.0013693353581284778
0.041052542213452795 0.0013693353581284778
0.041052542213452795 0.0013693353581284778
0.041052542213452795 0.0013693353581284778
0.041052542213452795 0.0013693353581284778
0.041052542213452795 0.0013693353581284778
0.041052542213452795 0.0013693353581284778
0.041052542213452795 0.0013693353581284778
0.041052542213452795 0.0013693353581284778
0.041052542213452795 0.0013693353581284778
0.041052542213452795 0.0013693353581284778
0.041052542213452795 0.0013693353581284778
0.041052542213452795 0.0013693353581284778
0.041052542213452795 0.0013693353581284778
0.041052542213452795 0.0013693353581284778
0.041052542213452795 0.0013693353581284778
0.041052542213452795 0.0013693353581284778
0.041052542213452795 0.0013693353581284778
0.041052542213452795 0.0013693353581284778
0.041052542213452795 0.0013693353581284778
0.041052542213452795 0.0013693353581284778
0.041052542213452795 0.0013693353581284778
0.041052542213452795 0.0013693353581284778
0.041052542213452795 0.0013693353581284778
0.041052542213452795 0.0013693353581284778
0.041052542213452795 0.0013693353581284778
0.041052542213452795 0.0013693353581284778
0.041052542213452795 0.0013693353581284778
0.041052542213452795 0.0013693353581284778
0.041052542213452795 0.0013693353581284778
0.041052542213452795 0.0013693353581284778
0.041052542213452795 0.0013693353581284778
0.041052542213452795 0.0013693353581284778
0.041052542213452795 0.0013693353581284778
0.041052542213452795 0.0013693353581284778
0.041052542213452795 0.0013693353581284778
0.041052542213452795 0.0013693353581284778
0.04105485159042393 0.0013695105022375473
0.041058350396038154 0.0013698892246340535
0.04106402080659523 0.0013703191487428237
0.041065036285628506 0.001371584468066283
0.04108189804970497 0.0013716244708718611
0.041082632057875275 0.001371681654217319
0.041084734787412404 0.0013718437167023624
0.041085425873638295 0.0013718995817189024
0.041088750019695724 0.0013721587187493119
0.041091512458891026 0.0013723728243234493
0.04109472098943075 0.0013726233252473066
0.041096473641387396 0.0013727800075780208
0.041097715525894314 0.0013728741701157122
0.04109810883128231 0.0013728878424658915
0.04109834888323681 0.0013729072176418824
0.041098494967977 0.0013729180052285967
0.04109862122419511 0.0013729284588762638
0.04109873327984878 0.0013729513693524484
0.04109886643125924 0.0013729615080111356
0.04109940340207262 0.001372988955145665
0.0410994740758264 0.001372994477391702
0.04109951699851242 0.001373010815448123
0.0411001227627246 0.0013730566881636408
0.041100587424955676 0.001373081854522826
0.04110072058289894 0.0013731020561192084
0.0411008849781133 0.0013731144870508612
0.0411013179958646 0.0013731383911516923
0.04110168947369355 0.0013731754957531212
0.04110169353631635 0.0013731758560976883
0.04110184863878222 0.0013731798728556426
0.04110229296821576 0.001373221254608528
0.04110254139485528 0.0013732341962350958
0.04213217549148906 0.0013803751425249275
0.04222396239132056 0.0013842848087338379
0.042250052612365134 0.001384868253160799
0.04294872421236384 0.0014324412534638517
0.04336641692343097 0.0014331324170693653
0.04338013895359779 0.0014335080741742564
0.04351813527631476 0.0014396737297393237
0.04366674325197799 0.0014572223240219284
0.04393944066331953 0.0014574514494980113
0.044056718475587044 0.001462770215640036
0.0441675979341858 0.001467228972898602
0.044295325717524335 0.0014727150815232843
0.04447590846118244 0.001473305084603426
0.04454505828377234 0.0014834484857433564
0.044675269293774814 0.0014861754522889892
0.04468500464747655 0.0014868038927609575
0.04468919679037889 0.001487074596368966
0.044693284269821845 0.0014872316565664745
0.04473174850750864 0.0014898215765791472
0.044748437899311974 0.0014908398898323201
0.04475942044134448 0.0014914813229574728
0.044768460873169054 0.0014921916510019016
0.044772406384763395 0.0014924463577311179
0.044784443690533526 0.0014931668262540632
0.044787386447509174 0.001494205019507944
0.04480017787042447 0.0014942392505029873
0.04480114613395618 0.0014943017366054747
0.04480178152099562 0.0014943117101644328
0.04480653916685535 0.0014945985400110602
0.04480671939637957 0.0014946615834845287
0.044809384338278524 0.001494833597075886
0.04481037438074232 0.0014948975357681766
0.044812357934713117 0.001495025555937952
0.04481313358500205 0.001495059062456783
0.04481358356966671 0.0014951047431346436
0.044816311035627616 0.0014952691334907929
0.04481669507702358 0.0014953055932581897
0.04481705677232791 0.001495328970057677
0.04481705677232791 0.001495328970057677
0.04481729323403942 0.0014953338737113922
0.04481765000301503 0.0014953589029885275
0.04481830770118587 0.0014953966721986196
0.04481832685865819 0.0014954109253462198
0.044818772039234 0.001495571064626466
0.044821051372888665 0.0014955723487175142
0.044823259385769657 0.0014956794915664832
0.04526281613878109 0.0015024342226685526
0.045834041356621814 0.0015114384887979602
0.05525609375837278 0.0015920225602238736
0.058820219804364 0.0017137706586465577
0.05918106138696048 0.0017190937906110108
0.06109565735356778 0.001742099332715449
0.0626211759343272 0.0017447600205547343
0.07104197598478933 0.0017549212701087745
0.07107446624892197 0.0018418602703306943
0.07147557919644973 0.0019108201492278511
0.07481428240496077 0.0019193409842215277
0.07705918309123827 0.0019224974016732292
0.07720192002415437 0.0019229974761618175
0.07773392145532404 0.0019283460110679712
0.07776981677843825 0.001965485028839617
0.08026553558765898 0.0020085678398509355
0.08101406050827639 0.002041736012670673
0.08152517852122862 0.0020445448151054234
0.08161415274227034 0.0020489951733554767
0.08174984694072474 0.0020512756344826075
0.08197168389297886 0.0020574514082521552
0.08206129860704275 0.0020614098876764017
0.08247673851098782 0.002072948153909112
0.08265018941727051 0.002076293497567639
0.08280109501820826 0.0020837538462651593
0.08287074877806921 0.002083893308781561
0.0828828886188174 0.002084231351309466
0.0829501773954721 0.002086100691176126
0.08298664980020033 0.002087113925413707
0.08298926466988528 0.0020871865744181246
0.08301110914221817 0.0020875306356542074
0.08301704366267236 0.0020879582993855238
0.08303918910801728 0.0020885735161586382
0.08305005385047214 0.0020888624139841832
0.08307362768852279 0.002089530248315619
0.08311009062129317 0.0020905432270423136
0.08311950631710141 0.0020907244045332675
0.08312260749411413 0.002091373246701847
0.08314033546664924 0.002092057436090886
0.0831710273276776 0.0020922361013645543
0.08317588653394319 0.002092296173215062
0.08317852480568767 0.0020923730033444764
0.08317935162635205 0.0020924053024967554
0.08317984155319215 0.002092423042493726
0.08318079946282331 0.002092450570704103
0.08318255544500708 0.002092556353507302
0.0831873412282515 0.0020926893064914026
0.08318857864241447 0.0020926905444448233
0.08318985545965515 0.0020927318107860754
0.08319344841899586 0.0020928589699635227
0.0831977022457364 0.002092977154703503
0.08319800256597744 0.002093160002686956
0.08320587328060941 0.002093612572602792
0.08322177258383609 0.0020936239255039102
0.0832232751202467 0.0020936673973246424
0.08322341433082851 0.002093691461133606
0.08322487577927308 0.0020937320541698453
0.08322670549368091 0.0020938256295150157
