0.0071319434483435775 0.0008182076597443384
0.0071319434483435775 0.0008182076597443384
0.0071319434483435775 0.0008182076597443384
0.0071381402427390115 0.0008208815842087543
0.007139014669831824 0.0008209709096005178
0.0071390540942156315 0.0008209749330256396
0.0071390540942156315 0.0008209749330256396
0.007140238561923008 0.0008210959257030952
0.007140238561923008 0.0008210959257030952
0.007140238561923008 0.0008210959257030952
0.007140238561923008 0.0008210959257030952
0.007140238561923008 0.0008210959257030952
0.007140238561923008 0.0008210959257030952
0.007140238561923008 0.0008210959257030952
0.007140238561923008 0.0008210959257030952
0.007140640943626075 0.0008211370285150132
0.007140640943626075 0.0008211370285150132
0.0071413571173913675 0.0008212101901542959
0.007141525017372921 0.0008212273407108381
0.007141913114073853 0.0008212669836290132
0.007143453976369529 0.0008214243826329012
0.007143911675412758 0.0008214711340293509
0.007143924871916978 0.0008214724834854945
0.0071445434356846365 0.0008215356694934186
0.0071445434356846365 0.0008215356694934186
0.0071445434356846365 0.0008215356694934186
0.0071445434356846365 0.0008215356694934186
0.0071445434356846365 0.0008215356694934186
0.0071445434356846365 0.0008215356694934186
0.0071445434356846365 0.0008215356694934186
0.0071445434356846365 0.0008215356694934186
0.0071445434356846365 0.0008215356694934186
0.0071445434356846365 0.0008215356694934186
0.0071445434356846365 0.0008215356694934186
0.0071445434356846365 0.0008215356694934186
0.0071445434356846365 0.0008215356694934186
0.0071445434356846365 0.0008215356694934186
0.0071445434356846365 0.0008215356694934186
0.0071445434356846365 0.0008215356694934186
0.0071445434356846365 0.0008215356694934186
0.0071445434356846365 0.0008215356694934186
0.0071445434356846365 0.0008215356694934186
0.0071445434356846365 0.0008215356694934186
0.0071445434356846365 0.0008215356694934186
0.0071445434356846365 0.0008215356694934186
0.0071445434356846365 0.0008215356694934186
0.0071445434356846365 0.0008215356694934186
0.0071445434356846365 0.0008215356694934186
0.0071445434356846365 0.0008215356694934186
0.0071445434356846365 0.0008215356694934186
0.0071445434356846365 0.0008215356694934186
0.00714494594825056 0.0008215767866981331
0.00714494594825056 0.0008215767866981331
0.00714494594825056 0.0008215767866981331
0.00714494594825056 0.0008215767866981331
0.00714494594825056 0.0008215767866981331
0.007145101551561153 0.0008215926798544688
0.0071456534291768035 0.0008216490549513058
0.007146191594600775 0.0008217040307858839
0.0071462057093988314 0.0008217054719922708
0.007146380316265925 0.0008217233069534224
0.007146385672300265 0.0008217238565762416
0.007146389080373538 0.000821724201396114
0.0071465720794140555 0.0008217428945006553
0.007146631520362332 0.000821748968647327
0.007146631520362332 0.000821748968647327
0.007146708810978474 0.0008217568625235453
0.007146749575393053 0.0008217610262898539
0.007146768664725983 0.0008217629774963505
0.007147029840749137 0.0008217896594653314
0.007147058997256893 0.0008217926346731827
0.007147262725831798 0.0008218134477318857
0.007147599441391181 0.0008218478403632021
0.007147599441391181 0.0008218478403632021
0.0071480021986222424 0.0008218889843801078
0.007148862304470567 0.0008219768436530126
0.00714889296052538 0.000821979972171159
0.007149052398815034 0.0008219962614811678
0.007149052398815034 0.0008219962614811678
0.007149820040125881 0.0008220746783675877
0.007150010623655773 0.0008220941432164166
0.007150602859980756 0.0008221546420659902
0.0071506117647427685 0.0008221555519460516
0.0071506117647427685 0.0008221555519460516
0.0071506117647427685 0.0008221555519460516
0.007150993327459799 0.0008221945293789846
0.007150993327459799 0.0008221945293789846
0.007150993327459799 0.0008221945293789846
0.007151103787488396 0.0008222058096752429
0.007151103787488396 0.0008222058096752429
0.007151103787488396 0.0008222058096752429
0.007151103787488396 0.0008222058096752429
0.0071526560295099755 0.0008223643744450998
0.0071526560295099755 0.0008223643744450998
0.0071526560295099755 0.0008223643744450998
0.007152658556159342 0.0008223646292984425
0.007153119155629842 0.0008224116787997847
0.007154610066411239 0.0008225639798865335
0.007154759907580936 0.0008225792855690459
0.0071553778167568255 0.0008226424042869232
0.007156654334678625 0.0008227727982924576
0.0071573621362548915 0.0008228451017149291
0.0071578557440977394 0.0008228955244349308
0.0071593208337336805 0.0008230451849623032
0.007159600701507386 0.0008230737723328008
0.0071596979980002055 0.0008230837112123211
0.007159968983292549 0.0008231113910239151
0.007160408300496234 0.0008231562688650004
0.007160461309977713 0.000823161682181537
0.007160461309977713 0.000823161682181537
0.007160477674832653 0.0008231633546670534
0.007160477674832653 0.0008231633546670534
0.007161711484693819 0.0008232893895664262
0.007161958124181981 0.0008233145817380767
0.007161967482206963 0.0008233155391336711
0.007161967482206963 0.0008233155391336711
0.007162067955493267 0.0008233258019711317
0.007162665193431506 0.0008233868115599557
0.007162665193431506 0.0008233868115599557
0.007162825809670722 0.0008234032167323872
0.0071628369670121384 0.0008234043580073226
0.007163596851559549 0.0008234819797886854
0.007163697178621291 0.0008234922266084867
0.007164353148665641 0.0008235592325768444
0.007165746654000892 0.0008237015783875597
0.007165746654000892 0.0008237015783875597
0.007165746654000892 0.0008237015783875597
0.007165746654000892 0.0008237015783875597
0.007166016307077654 0.0008237291232279366
0.007168808318383756 0.0008240143297974861
0.0071688355903448105 0.000824017116165457
0.007168923646610048 0.0008240261128118956
0.007168943960554014 0.000824028182709102
0.007169100785069093 0.0008240442076480816
0.007169852472254247 0.0008241209882017053
0.007170912584873124 0.0008242292812404366
0.0071711868655589695 0.0008242572958473485
0.007172585461702672 0.0008244001665884142
0.007172728054249872 0.0008244147307170916
0.007172924508698944 0.0008244347993199904
0.007173064143964545 0.000824449063633483
0.007173064143964545 0.000824449063633483
0.007173064143964545 0.000824449063633483
0.007174555336908585 0.0008246013888747344
0.00717470719501166 0.0008246168980221962
0.007175330626029543 0.0008246805844696982
0.007175602836829169 0.0008247083876456765
0.007175602836829169 0.0008247083876456765
0.007177790121676941 0.0008249318211658008
0.0071789297305099925 0.0008250482299273621
0.007180582997747687 0.0008252171135659105
0.007180958469406076 0.0008252554675434204
0.007181404613444099 0.0008253010407424984
0.007181556865309478 0.0008253165930680885
0.007181929590405307 0.0008253546702120683
0.0071821701038598425 0.0008253792417017289
0.007182199124429518 0.0008253822087727367
0.0071827759180436565 0.0008254411230264467
0.007184269337786271 0.0008255936814345385
0.007184275573174534 0.0008255943163504737
0.007186499156042951 0.0008258214571880191
0.007188821570698659 0.0008260586896042535
0.007189685603448987 0.0008261469529665006
0.007190866449542676 0.0008262675750990501
0.007191341245767588 0.0008263160725816086
0.007192591350244015 0.0008264437723059462
0.007193819668183985 0.000826569247050555
0.007195081299238455 0.0008266981241171182
0.007202351641330985 0.0008274407877108906
0.007202401699276069 0.0008274459019087985
0.007202462396455044 0.0008274521026695797
0.007203607617302942 0.0008275690891429969
0.00720367910109307 0.0008275763883917083
0.007204470149434925 0.0008276571944050075
0.007207086929058108 0.0008279244996945104
0.007208995920891685 0.0008281195053492332
0.007209069077356776 0.0008281269745487726
0.007209221875077048 0.000828330743912574
0.00721221997015801 0.0008284488401661054
0.007212289150310838 0.0008284559046111054
0.007213973928298952 0.000828628006227723
0.007213973928298952 0.000828628006227723
0.007215969655723819 0.0008288318725556784
0.0072170665204801514 0.0008289439137071275
0.00721788490832518 0.0008290275135169377
0.007218438202759103 0.0008290840329869336
0.007220022505262266 0.0008308013142129996
0.007243951114930799 0.0008316901764464467
0.00724454201662013 0.0008317505354188562
0.007248436229535122 0.00083214832851096
0.00725120034900693 0.000832430687415335
0.007251910197270369 0.0008348918492517624
0.007264269784118886 0.0008353526545175938
0.007282576464601713 0.0008356357581010323
0.007310288467211774 0.0008384665409030557
0.007313157189927161 0.0008434292414958949
0.007338171715662694 0.0008466387592549903
0.007377584460131734 0.0008498000133720395
0.007452318319583443 0.0008529749041834404
0.007455933684105477 0.0008533442150769346
0.007468457929710445 0.0008546235645592118
0.0075380386994507356 0.0008708254748904345
0.007540937452285072 0.0008713101898236849
0.007600420574228707 0.0008800751623002034
0.007628716604746617 0.0008829751737504511
0.0076594000548102815 0.0008884005283871667
0.0076706032689834594 0.0008897178133253262
0.007673609142892621 0.0008904184640021789
0.007681798169068819 0.0008914020638163792
0.007688960519201128 0.0008923318911343463
0.0076986402677666375 0.0008929492126345257
0.00770943845508701 0.0008947052124823849
0.00775454647474204 0.000900444538379357
0.007792169700251466 0.0009042360065710522
0.0077995468049705955 0.0009049582388483623
0.007808851961431982 0.0009068777684291396
0.007858810491442157 0.0009137292854409474
0.007888902859162042 0.0009183968532141313
0.007908955923621772 0.0009204064010334016
0.007938054969689313 0.0009240494579466391
0.008004030949119613 0.0009326238687335784
0.008010273938558387 0.0009339460547154791
0.008034292569847574 0.000937163457379082
0.008061372144941336 0.0009403285742650069
0.008066371269605953 0.0009407293633921384
0.00808322092670545 0.0009431699802671402
0.008138843494252961 0.0009459482864871372
0.008173611321217656 0.0009545649345682361
0.008214042181413063 0.0009583364304882014
0.00829020117028463 0.0009702930793518375
0.008307214645333637 0.0009723275447841039
0.008319983597201187 0.0009726469079311927
0.008320422895090591 0.0009742172078323372
0.008329695426605329 0.0009748615760827603
0.008336111588062224 0.0009762457134215646
0.008346090970077056 0.0009775500638312395
0.008369704202263406 0.0009801477183494387
0.008389241694586052 0.0009827751356756877
0.008428329196503648 0.000988228251036882
0.008433088541362089 0.0009887197315370884
0.008544881119389428 0.001002621232529064
0.008559181206165386 0.001004838828199036
0.008562265428381195 0.0010053412421692693
0.008581128955564848 0.0010073904580786977
0.008587583871116534 0.0010082094463399866
0.008621826372576358 0.0010126171301329417
0.008635195727774199 0.0010150264814985555
0.008654722855469935 0.001017624235224295
0.008670514964089363 0.0010198163637829688
0.008696570700668984 0.0010229810423900891
0.008750768115340613 0.0010296717653387512
0.00875510535767831 0.0010296794408815454
0.008779654688698513 0.0010321236908287237
0.008793751298386509 0.0010352579795563745
0.00881943530830549 0.0010392405830732007
0.008821303320671612 0.0010392462556855864
0.008839858429409389 0.0010412501824407232
0.008846124984050102 0.001042455570752017
0.00885910289418093 0.0010442416602538705
0.008889494742961537 0.0010477398489141063
0.008907243309430907 0.0010492600332737047
0.008909277107855586 0.0010502549654792435
0.008913882039400032 0.0010510691883932931
0.008926607125813876 0.001052926926639177
0.008950841832650429 0.0010551702277109723
0.008967744044301265 0.001057237504841734
0.008971713930614076 0.0010588610069904695
0.008986516349090725 0.0010595946545646864
0.008991255572650018 0.0010614425172878095
0.009020541830544956 0.0010640372067183181
0.009028385493867192 0.0010650312274455792
0.009056835562051712 0.001069836373101981
0.009068428931301373 0.0010708311550197674
0.00907436040845815 0.0010717266637101407
0.009078926466571206 0.001072374767998816
0.009092769806463352 0.0010744358062435254
0.009094328361851178 0.001074564079551624
0.009106841400027885 0.0010764463867055686
0.00912272312862501 0.0010776664972137714
0.00913255602433425 0.0010785944280147283
0.009149053606678136 0.0010809357477314643
0.009173051510647238 0.0010847321082124435
0.009178187589616964 0.0010852203165626878
0.009194067393151862 0.0010875983282103042
0.009198792403804758 0.0010882317532214132
0.009236052026869205 0.0010929998414045197
0.009249773178911288 0.0010949388529123984
0.009258468430636466 0.0010960262251779316
0.009262863132081274 0.001096651883320719
0.009264068119547251 0.0010968149004137457
0.009270136048809344 0.001097423834178603
0.00927356553471776 0.0010974990593343335
0.009283295590908928 0.0010992409820494507
0.009294100254701548 0.00109995316743256
0.009297908660030715 0.0011006891339615534
0.009309487244510986 0.0011025781728669019
0.009310859630354482 0.0011027139886578483
0.009316439043481478 0.0011031187426785143
0.009323811738871998 0.001104396209494415
0.0093341064502073 0.0011054839392963065
0.009338455225262145 0.0011063876491754132
0.009348287961636663 0.001107679884767833
0.009353070490576806 0.0011083008709618374
0.009372731532160635 0.0011105269097387187
0.009374628444469384 0.0011108819599897884
0.00938171040314274 0.0011119201627489152
0.009382150785075222 0.0011122114472908926
0.009391321737367677 0.001113160088959288
0.009397874452993393 0.001114118427666379
0.009403879465627827 0.0011149066331761588
0.009407599987127788 0.0011151141312995948
0.009416077791875501 0.0011165680816454123
0.009426435054827239 0.0011174831903954076
0.009438571770027413 0.0011193953064750004
0.009443046580306484 0.0011199837786282215
0.00946932540781927 0.0011234617281240245
0.00946932540781927 0.0011234617281240245
0.009491300507746579 0.0011258706615288197
0.009493722549131205 0.0011266636415652041
0.009494168376500847 0.0011266868904909323
0.009510703627603855 0.001128542911864153
0.009531779478644207 0.0011312987228095685
0.009533176708560794 0.0011318694985621353
0.009564262961530366 0.0011333930071963912
0.00956480221290369 0.0011350642915804038
0.009573321021617348 0.0011368531473586853
0.009577239180454661 0.0011374413365802384
0.00959284888859608 0.0011394694994214512
0.00959284888859608 0.0011394694994214512
0.00959284888859608 0.0011394694994214512
0.009599199397463735 0.0011402924813872554
0.00960329795609759 0.0011408804535999303
0.009612870923470875 0.0011420970386293546
0.009619588964057029 0.00114228519586526
0.009625979900485752 0.0011436380992744016
0.009626046441870042 0.001143690713906994
0.009629864105419297 0.0011440238768735032
0.009630539271954066 0.001144374650375628
0.009631672456221402 0.0011445007629735625
0.009643792034458407 0.0011452502042699404
0.009653308874592563 0.0011465856700711664
0.009653312414899862 0.001147289534680473
0.009654770144593415 0.001147469170143916
0.009665994397118852 0.001148711311856605
0.009669190553144032 0.0011493628397073092
0.009669190553144032 0.0011493628397073092
0.009670109154454463 0.0011494568445487008
0.009677525061267579 0.0011502192399265524
0.00967811591687377 0.00115050054032805
0.009681156533541185 0.0011509010492852614
0.009689668088547888 0.0011519747960795747
0.009692485286971345 0.0011522253028443288
0.009701911608140594 0.0011535959927238212
0.009708390698426472 0.0011544141448488823
0.009712506275051967 0.0011550318687794838
0.009724660468761748 0.0011560220212872532
0.009725809108269501 0.0011567219254297056
0.009730104849560009 0.0011572567295249922
0.009782884594549759 0.0011638807653512068
0.009802528063498111 0.0011654134184049245
0.009803039259398759 0.0011667214225717208
0.009834520705572058 0.0011688801248045783
0.009843949845427932 0.0011715278273322569
0.009851266636633434 0.0011730944301112096
0.009869316612302774 0.0011737316352039417
0.009875935197741796 0.0011738945282263626
0.009911213662104488 0.0011758479585517855
0.009924702971952921 0.0011815448075013749
0.009928826320237807 0.0011829744368389138
0.00998530855088242 0.0011903895876650213
0.009994752074558471 0.0011907335102150978
0.01000204406368731 0.0011920676405520207
0.010024840482466565 0.00119226823135504
0.01002648417990667 0.001194076536943609
0.010043544973990863 0.001196928713614263
0.01006160926020894 0.0012002978731642626
0.010091051351395082 0.0012025772644010126
0.010099697172397098 0.0012040926446689523
0.010113824504914931 0.0012049453276939217
0.010131450606381622 0.0012085479794692955
0.010137558766982514 0.0012090766366936738
0.010149548504101949 0.0012097063903266573
0.010163347285165478 0.0012135060136520064
0.010189938241477528 0.0012150436748719793
0.010207119396816688 0.001216992952295741
0.010218876237717719 0.0012204874606609715
0.010286123955073542 0.0012221561949908473
0.010313908801932194 0.0012323478949098714
0.010354228726048489 0.0012352331007515773
0.010376297233270593 0.0012393302676914205
0.010451946152417756 0.0012492662707355713
0.010483497793483 0.0012535575719561684
0.010530817798603653 0.0012607613829854322
0.0105370059709575 0.0012609273899087696
0.01053796719445168 0.0012612295003635388
0.010553593040022622 0.0012622069023062415
0.010567586143070332 0.001264199069160561
0.01061071796167848 0.0012684500777791201
0.010628379117935158 0.0012696205894358545
0.010686495354963538 0.001273684768570486
0.01071243471953182 0.0012838967746966253
0.010775885039313938 0.0012884773828579059
0.010780276075888603 0.0012886423495431206
0.010780776639606523 0.0012906539477837333
0.01078520120413639 0.001292951276640304
0.010791098442588371 0.0012940014533065775
0.010797798688667759 0.0012953697585746855
0.010839663562496146 0.001300927867850435
0.01085316978075817 0.0013010281107038728
0.010904806310558297 0.0013088183570472466
0.010952261744679299 0.0013141941612817472
0.010993346531132469 0.0013211552541523997
0.011054038077848063 0.0013290234478816904
0.011118173357246778 0.0013369996843359897
0.011211873429502597 0.0013490434046452824
0.011355465265536602 0.0013667012060486058
0.011492053178224989 0.0013839650233715404
0.011708054518661125 0.0014130342158218492
0.011731652882925435 0.0014154318708813314
0.011859355135869495 0.0014160920523184064
0.011878743180709351 0.0014225946282988037
0.0119908149256028 0.0014491285498169101
0.012016142967788157 0.0014528527940269
0.012104274552940355 0.0014647543224798388
0.01214904820099185 0.0014650917981201474
0.012192095617739568 0.0014692809590695086
0.012192095617739568 0.0014692809590695086
0.012192095617739568 0.0014692809590695086
0.01219977240726381 0.0014706811284352877
0.012200896929515922 0.0014730309399878787
0.01221377982935207 0.0014732358742568985
0.012223181913851371 0.0014749506770885571
0.012236774202008366 0.001479012080089089
0.01224288581548172 0.0014803851243002783
0.012248185295630334 0.001480914427431303
0.012248819925195383 0.0014810202295768653
0.012268646069487537 0.0014843254727934885
0.012279752482916132 0.0014861770350458456
0.012281630015954254 0.0014864900416860136
0.012286883312853554 0.0014875557240835796
0.01229528205125157 0.0014887660216913057
0.012296062388890657 0.0014888960977857454
0.012301724499582 0.0014898400388905328
0.0123019102608351 0.0014898710080163491
0.012305480471311291 0.0014905866149704347
0.012307409761843227 0.0014907878387446388
0.012312469383188236 0.0014916313381183055
0.012313591669208193 0.0014918184392999252
0.012313938170557363 0.0014918762140449433
0.012315967070480292 0.0014922144283903657
0.012316636131584785 0.0014923259670553508
0.012316715518706207 0.001492339226890318
0.012318820479228389 0.0014926901335433913
0.012320059071173456 0.0014928966274534536
0.012320085789829113 0.0014929010639561763
0.012325425248596195 0.001493791231673963
0.012326984460925889 0.001494051120479381
0.012326984460925889 0.001494051120479381
0.012342933189066537 0.0014940896467113545
0.012370779216033015 0.0014952609445817418
0.01954713917439675 0.0015120945418047945
0.02040859160293495 0.001664499701482545
0.024206131603985267 0.0017831555022503043
0.02561025414777191 0.0018059531328089987
0.026947179947253555 0.001856593293713698
0.029634851616694494 0.001857060087244132
0.0297678131126607 0.0018940877824181
0.030080427993758273 0.0019301287738689274
0.030364024450256908 0.0019612545740560795
0.0320170140176911 0.002019191853460411
0.03338099867970177 0.0020267857418452048
0.03396435247532544 0.0020666893483745428
0.03425745249071443 0.0020700641843971676
0.03425745249071443 0.0020700641843971676
0.034276990466702156 0.0020709722394073697
0.03433071671195368 0.0020761900934136717
0.03441696234001927 0.0020774776343887307
0.03450442314334942 0.002083202348808648
0.034573117785409946 0.002084735158638649
0.03457650379744657 0.002085296930675117
0.034592536840093446 0.00208675937710975
0.034667702621528164 0.002090500459080276
