0.02903276773396168 0.0008183867891705057
0.029047282056666582 0.0008200185674005195
0.029052209999714848 0.0008201742156924673
0.029054440825402286 0.0008202693966008924
0.029054440825402286 0.0008202693966008924
0.02905981688735096 0.0008204987602858334
0.029061984950745263 0.0008205912568312009
0.029063036881459784 0.000820636128414315
0.029063036881459784 0.000820636128414315
0.029065346778501488 0.0008207346941416566
0.029065582196056657 0.0008207447457319845
0.029065582196056657 0.0008207447457319845
0.029065582196056657 0.0008207447457319845
0.029065582196056657 0.0008207447457319845
0.02906701513803985 0.0008208058825258505
0.02906810799916596 0.0008208524992594632
0.02906810799916596 0.0008208524992594632
0.029069665781475965 0.0008209189528929678
0.029069665781475965 0.0008209189528929678
0.029069665781475965 0.0008209189528929678
0.029069665781475965 0.0008209189528929678
0.029069665781475965 0.0008209189528929678
0.029069665781475965 0.0008209189528929678
0.029070774942092637 0.0008209662697626581
0.029070774942092637 0.0008209662697626581
0.029071019652898336 0.0008209767197212706
0.02907119600108968 0.0008209842440169424
0.02907119600108968 0.0008209842440169424
0.02907119600108968 0.0008209842440169424
0.029071665620489552 0.0008210042854747089
0.029072163484883812 0.0008210255116278026
0.0290724682890622 0.000821038522150726
0.0290724682890622 0.000821038522150726
0.0290724682890622 0.000821038522150726
0.02907378173276312 0.0008210945675725133
0.029074058260525077 0.0008211063627521402
0.029074086487078134 0.0008211075616627649
0.029074086487078134 0.0008211075616627649
0.029074086487078134 0.0008211075616627649
0.029074086487078134 0.0008211075616627649
0.029074086487078134 0.0008211075616627649
0.029074086487078134 0.0008211075616627649
0.029074086487078134 0.0008211075616627649
0.029074086487078134 0.0008211075616627649
0.029074086487078134 0.0008211075616627649
0.029075061518271984 0.0008211491560615129
0.029075788218983496 0.0008211801532409553
0.029075788218983496 0.0008211801532409553
0.029075788218983496 0.0008211801532409553
0.029075788218983496 0.0008211801532409553
0.029075788218983496 0.0008211801532409553
0.029075788218983496 0.0008211801532409553
0.029075797542956243 0.000821180567402349
0.029075797542956243 0.000821180567402349
0.029078052575030714 0.0008212767721138473
0.029079032470323406 0.0008213185764555215
0.02907929065874801 0.000821329575569822
0.02907929065874801 0.000821329575569822
0.02907929065874801 0.000821329575569822
0.02907970724937487 0.0008213473601346906
0.02907970724937487 0.0008213473601346906
0.02907970724937487 0.0008213473601346906
0.02908036124609155 0.0008213752609436582
0.02908110367076976 0.0008214069395668672
0.029081558122023912 0.0008214263176426562
0.029081558122023912 0.0008214263176426562
0.029081558122023912 0.0008214263176426562
0.029081558122023912 0.0008214263176426562
0.029081558122023912 0.0008214263176426562
0.029081558122023912 0.0008214263176426562
0.029081558122023912 0.0008214263176426562
0.029081558122023912 0.0008214263176426562
0.029081558122023912 0.0008214263176426562
0.029081558122023912 0.0008214263176426562
0.029081558122023912 0.0008214263176426562
0.029081558122023912 0.0008214263176426562
0.029081558122023912 0.0008214263176426562
0.02908192246249247 0.0008214418558222822
0.02908201798413989 0.0008214459382612533
0.02908201798413989 0.0008214459382612533
0.02908201798413989 0.0008214459382612533
0.02908201798413989 0.0008214459382612533
0.02908201798413989 0.0008214459382612533
0.02908201798413989 0.0008214459382612533
0.02908201798413989 0.0008214459382612533
0.02908201798413989 0.0008214459382612533
0.029082019858291067 0.0008214460288024368
0.029082711525707555 0.0008214755243727839
0.02908362780520372 0.0008215146091962443
0.029084406374257205 0.0008215478255611676
0.029086422497774708 0.0008216338503764045
0.02908643937783069 0.0008216345767936207
0.02908768800482401 0.0008216878488799002
0.02908768800482401 0.0008216878488799002
0.02908768800482401 0.0008216878488799002
0.02908786268938159 0.000821695296866298
0.029088528823303702 0.0008217237106877497
0.029088528823303702 0.0008217237106877497
0.029088765469032905 0.0008217338022119097
0.029090756585603575 0.0008218187623897369
0.029092073599817588 0.0008218749534944056
0.029092588291136996 0.0008218969117469093
0.029092588291136996 0.0008218969117469093
0.029092588291136996 0.0008218969117469093
0.029092588291136996 0.0008218969117469093
0.029092588291136996 0.0008218969117469093
0.029092588291136996 0.0008218969117469093
0.029092588291136996 0.0008218969117469093
0.029092588291136996 0.0008218969117469093
0.029094116415811718 0.0008219620829231492
0.02909468701632268 0.000821986450949547
0.02909557656178788 0.0008220244002007909
0.029095967967678635 0.0008220410847287642
0.029097522848048552 0.0008221074218084222
0.029098958238257998 0.0008221686529929769
0.029101191068821874 0.0008222639213020678
0.02910577996971855 0.0008224596930821743
0.029106690094024328 0.0008226983733993002
0.029106690094024328 0.0008226983733993002
0.029106690094024328 0.0008226983733993002
0.029112059772625994 0.0008227276007447945
0.029112408728083742 0.0008227425055372512
0.029112904987524845 0.0008229230348827737
0.029121625777139292 0.0008231357173051535
0.029121829210968286 0.0008231444034375684
0.029122675844160274 0.000823180513518712
0.029124368333191066 0.0008232527380191632
0.029124368333191066 0.0008232527380191632
0.0291251670413125 0.0008232868163355617
0.029126258054106183 0.0008233333655961732
0.029129715352946627 0.0008234808540580682
0.029131170750468952 0.0008235429503511908
0.029132428602457225 0.000823596603721466
0.02913350987911866 0.0008236427476162359
0.029136967620466355 0.000823790243081715
0.02914282366352161 0.0008240400887122336
0.029143138190856104 0.0008240535115321821
0.029143138190856104 0.0008240535115321821
0.029146184412364017 0.0008241834687315351
0.029146184412364017 0.0008241834687315351
0.029146184412364017 0.0008241834687315351
0.029146184412364017 0.0008241834687315351
0.029146184412364017 0.0008241834687315351
0.029146184412364017 0.0008241834687315351
0.029146184412364017 0.0008241834687315351
0.029146184412364017 0.0008241834687315351
0.029146184412364017 0.0008241834687315351
0.029146184412364017 0.0008241834687315351
0.029146184412364017 0.0008241834687315351
0.029146184412364017 0.0008241834687315351
0.029146184412364017 0.0008241834687315351
0.029146184412364017 0.0008241834687315351
0.029146184412364017 0.0008241834687315351
0.029146184412364017 0.0008241834687315351
0.029146184412364017 0.0008241834687315351
0.029146184412364017 0.0008241834687315351
0.029146184412364017 0.0008241834687315351
0.029146184412364017 0.0008241834687315351
0.029146184412364017 0.0008241834687315351
0.029146184412364017 0.0008241834687315351
0.029146184412364017 0.0008241834687315351
0.029146184412364017 0.0008241834687315351
0.029146184412364017 0.0008241834687315351
0.02914991847819556 0.0008243427675643107
0.02914991847819556 0.0008243427675643107
0.029150670324050196 0.0008243748635226181
0.029154117392889874 0.000824521923206524
0.02915888143803573 0.000824725172709946
0.029160431335389772 0.0008247912812086861
0.029160431335389772 0.0008247912812086861
0.02917099313984472 0.0008252418968451329
0.029175843908089357 0.0008254488317556998
0.029176396729800182 0.0008254724145065004
0.0291768800279039 0.0008254930338959841
0.029178916000460645 0.0008255798890538386
0.029179892358668212 0.0008256215413999157
0.029180206003319484 0.000825634928112898
0.02918252658300149 0.0008257339299325536
0.02919704484749522 0.0008263533171960829
0.02919993867723576 0.0008264767953389263
0.029200455153062764 0.000826498826444925
0.029200906418138647 0.0008265180639347833
0.029205802371020873 0.0008266760399549191
0.029210789335649388 0.0008269397179320931
0.029214441936199164 0.0008270955467203956
0.029214441936199164 0.0008270955467203956
0.02921636083843531 0.0008271774042753789
0.02922129298111029 0.0008273878136244464
0.02922134188859081 0.0008273899143615015
0.02922134188859081 0.0008273899143615015
0.02922281063291316 0.0008274525629523366
0.029223053387863223 0.0008274629419565164
0.02923022138592648 0.0008277687475465075
0.02923302347285237 0.0008278882883344193
0.02924123106889393 0.0008282384461657127
0.029246586693998627 0.0008284669308073184
0.029261051841711776 0.0008290840583300536
0.029275823550946208 0.00082971425337884
0.02928322299957393 0.0008300299446348215
0.029287249678124162 0.000830201746678312
0.029314498331460513 0.0008313642407884401
0.0293189939270843 0.0008315560466124907
0.0293189939270843 0.0008315560466124907
0.02932177751910951 0.0008316747862577511
0.02934063814996813 0.000832479421225222
0.029345789932164554 0.0008326992064181126
0.0293638829662151 0.0008334711075947734
0.02940269870114828 0.0008351271059615024
0.029409821383908335 0.0008354309868285217
0.02941367150757898 0.0008355952282205244
0.0294368255355966 0.0008365830600999567
0.029454366798784534 0.0008373314127849517
0.02945628070288463 0.0008374130707869845
0.02947673046959156 0.0008382855190565843
0.02947673046959156 0.0008382855190565843
0.02948932349421155 0.0008401972769423313
0.02952523118178963 0.0008417618845272997
0.02961017027972867 0.0008454936921793326
0.02961017027972867 0.0008454936921793326
0.02966328557588334 0.0008462445262595321
0.029677646461387076 0.0008487919919383005
0.029677646461387076 0.0008487919919383005
0.029782968638121538 0.0008536288410634747
0.029923738840704893 0.0008573562111053178
0.029923738840704893 0.0008573562111053178
0.029934981705786963 0.0008578358815933833
0.029938368292702747 0.0008608060663500137
0.029945763564031423 0.0008610251271002587
0.029947229148361856 0.0008612034199638598
0.03007866772993624 0.0008639659325423772
0.030100570406791684 0.0008681335592913426
0.030122343335304398 0.0008690871186575855
0.03042268422491567 0.0008759023084114779
0.0305221738605069 0.0008828871716037642
0.0305221738605069 0.0008828871716037642
0.030542831575010816 0.0008884951531868975
0.03056264401167088 0.0008893511105490515
0.0307064177530664 0.0008960318288288096
0.030843025384503835 0.0009023301894730803
0.031049905445493967 0.0009054017417275205
0.031166661616394205 0.0009169812759706815
0.03141398454821388 0.000920934431853405
0.03144217372235247 0.0009296352111730703
0.0314604555865474 0.0009307323315663363
0.03169819549827194 0.0009345409559509414
0.03180305667170501 0.0009464198396644883
0.0318532237169785 0.0009485644715421225
0.031884413646809405 0.0009499467129689754
0.03191220828139239 0.000951500599186637
0.03204419709086359 0.0009572955290953226
0.03208734481916836 0.0009593984660669155
0.032138073570243786 0.0009617475526539786
0.032161469831250795 0.0009626670288068752
0.032255237504492225 0.0009671335027157161
0.0323539967941519 0.00097166655582812
0.032354668431221284 0.0009717771619847794
0.03243366284734292 0.0009753295123582661
0.03246614928904876 0.0009768301335213716
0.03252052699148794 0.0009793607876651942
0.0325777758078855 0.000982025577087058
0.03263278751666095 0.0009844672462087152
0.032656010686098656 0.0009855698434944864
0.032703705580164485 0.0009877724063870998
0.03273449447386981 0.0009891727547306822
0.032820245053135855 0.0009930725767422865
0.03286143730636564 0.0009950023632912313
0.032902481352659795 0.000996517208930888
0.032902481352659795 0.000996517208930888
0.032910781316169535 0.0009972249781107583
0.03296921044415753 0.0009999117547091771
0.032999438046302475 0.0010013169159867796
0.033127354129970414 0.0010071733433871305
0.03316322988150544 0.0010088107046986006
0.033251265588376974 0.0010128917350816391
0.033265721097254695 0.0010135199641373278
0.0332835465020985 0.0010144158226214534
0.03329691042189403 0.0010149345576923078
0.03346321635316172 0.0010217203755744399
0.033750549791514484 0.0010357443961754695
0.03375076651302848 0.001035772951064479
0.03380411987264023 0.001038243528685028
0.03385097987698538 0.0010404249186247608
0.03387746218902357 0.0010415611999394937
0.03387746218902357 0.0010415611999394937
0.03387746218902357 0.0010415611999394937
0.03387746218902357 0.0010415611999394937
0.03387746218902357 0.0010415611999394937
0.03391686852169034 0.0010434642417392497
0.03399560851829967 0.0010470815716454704
0.03399560851829967 0.0010470815716454704
0.03399712414218748 0.0010471045881011263
0.0340311280310002 0.0010486657070722452
0.03407371251457323 0.0010505621371728752
0.034127313494681594 0.0010531125572419715
0.034136271015588616 0.0010535210042445086
0.03421756538377195 0.0010572147516281823
0.03421756538377195 0.0010572147516281823
0.03423785732554047 0.0010582080171601276
0.03424468653326419 0.0010585065939677425
0.03428634260660339 0.0010600235123411612
0.034294788923680666 0.0010607934139358819
0.034335264949431066 0.0010626400936178597
0.03438737534705762 0.0010650585374477868
0.03441189844305405 0.001066067351874814
0.03441189844305405 0.001066067351874814
0.03441189844305405 0.001066067351874814
0.03442422697657006 0.0010666382922803973
0.03442878857405203 0.0010669524380660694
0.03445102768184506 0.0010679248619123336
0.03445102768184506 0.0010679248619123336
0.03445102768184506 0.0010679248619123336
0.03445102768184506 0.0010679248619123336
0.03448741882630889 0.0010696759701647727
0.03450659522719717 0.0010704958464020525
0.03450659522719717 0.0010704958464020525
0.034508271537724844 0.0010705618500603685
0.03452029135852824 0.0010711458073553604
0.03455190139449667 0.0010726086697898632
0.03456526417203147 0.0010731934388623053
0.03461906278839768 0.0010756836680174847
0.03462766462984692 0.0010760503770772985
0.034700961810984345 0.0010772433557496616
0.034760818444197095 0.001079490804271966
0.0347659192688026 0.0010824220560382088
0.0347659192688026 0.0010824220560382088
0.03476726004245135 0.0010825006867171425
0.03479134379285366 0.0010835858198366686
0.03484099822574036 0.0010858049567225273
0.03484105970805539 0.0010858749948489876
0.03484105970805539 0.0010858749948489876
0.03484414700607555 0.0010860114203129572
0.034849531784106186 0.0010861416920709209
0.03486221994648528 0.0010867908374577054
0.03488711023206425 0.001087973961842531
0.0349493798665296 0.0010907816545334642
0.035041246492622836 0.0010950422951199652
0.03629379743076896 0.0011454820801724294
0.03655683283092163 0.0011584884524207162
0.0374410594848172 0.0012048109262729639
0.038432853489562054 0.0012219579181853549
0.03914514064665482 0.0012224286377723206
0.03929512347269264 0.0012331959241520306
0.03933133191564896 0.0012364312004888563
0.03936209880034458 0.001238860291026649
0.03939767041281742 0.0012415550510640567
0.03939767041281742 0.0012415550510640567
0.03939767041281742 0.0012415550510640567
0.03939767041281742 0.0012415550510640567
0.0394177799719402 0.0012431286290654163
0.03951021777710635 0.0012504106202249382
0.03952660125554626 0.0012517031924671666
0.039526688936611626 0.0012517821989158262
0.039550180610185226 0.0012533037067327462
0.039580467555765136 0.0012556739613179394
0.03966670587303832 0.0012598032088713474
0.03992922517623799 0.001262195377444437
0.039938102391187065 0.0012806295883991856
0.039972763654396615 0.0012859742757473228
0.039972763654396615 0.0012859742757473228
0.04001208551504893 0.0012889838331772213
0.04008288281676531 0.0012944696828827388
0.04024116216079104 0.0013038857435140182
0.040329589906197054 0.0013133465849682808
0.04051457267728033 0.0013260989822461002
0.04053644130738777 0.001329380562726833
0.04060413093391027 0.0013347398835512406
0.04093963925780314 0.001351321843597446
0.0410679153809013 0.0013705887468592702
0.04107378499353236 0.00137088250845465
0.041095934973792284 0.0013721975435479889
0.04117935438060165 0.0013751581686916483
0.0413275871460341 0.0013770648970211786
0.04193465719578472 0.0014006560395079712
0.04327987124753019 0.0014447241029102295
0.04335886094565573 0.0014469813821529343
0.04341025319682647 0.001449199207953539
0.04371643756891812 0.001458898079136396
0.04462592717300817 0.0014828939830698628
0.04467474020879479 0.0014890309973983515
0.04474167383798003 0.0014904222124324212
0.044756001723801585 0.0014927144827608825
0.04479966742707097 0.0014947418245197786
0.04481185919040725 0.001495271374098133
0.05368673661808106 0.0015882244043423895
0.05574330452272061 0.0016170436542481438
0.05588963519985864 0.0016261940976460046
0.05647861673217124 0.0016362501427290522
0.06140193021978113 0.0016413931385462683
0.06192689123509386 0.0017295230878272667
0.07362898835652427 0.001902332583602502
0.07522594442510254 0.0019515290248281222
0.0820133378983448 0.0020576344005183303
