0.029029253493083045 0.0008191833357759548
0.02902928155407541 0.000819184365736365
0.02902937059414409 0.0008191876172759919
0.029029386244360997 0.0008191881903987751
0.029029386244360997 0.0008191881903987751
0.02902981304613289 0.000819203841517232
0.02902981304613289 0.000819203841517232
0.02902981304613289 0.000819203841517232
0.02902981304613289 0.000819203841517232
0.02902981304613289 0.000819203841517232
0.02902981304613289 0.000819203841517232
0.02902981304613289 0.000819203841517232
0.02902981304613289 0.000819203841517232
0.02902981304613289 0.000819203841517232
0.02902981304613289 0.000819203841517232
0.02902981304613289 0.000819203841517232
0.02902981304613289 0.000819203841517232
0.02902981304613289 0.000819203841517232
0.02902981304613289 0.000819203841517232
0.02902981304613289 0.000819203841517232
0.02902981304613289 0.000819203841517232
0.02902981304613289 0.000819203841517232
0.02902981304613289 0.000819203841517232
0.02902981304613289 0.000819203841517232
0.02902981304613289 0.000819203841517232
0.02902981304613289 0.000819203841517232
0.02902981304613289 0.000819203841517232
0.02902981304613289 0.000819203841517232
0.02902981304613289 0.000819203841517232
0.02902981304613289 0.000819203841517232
0.02902981304613289 0.000819203841517232
0.02902981304613289 0.000819203841517232
0.02902981304613289 0.000819203841517232
0.02902981304613289 0.000819203841517232
0.02902981304613289 0.000819203841517232
0.02902981304613289 0.000819203841517232
0.02902981304613289 0.000819203841517232
0.02903023963216712 0.0008192194606059532
0.029030247939021394 0.0008192197661767059
0.029030247939021394 0.0008192197661767059
0.02903048100266565 0.0008192283154412139
0.029030482778280332 0.0008192283741287763
0.029030482778280332 0.0008192283741287763
0.029030482778280332 0.0008192283741287763
0.029030482778280332 0.0008192283741287763
0.02903055091327913 0.0008192308744542503
0.02903062481169928 0.0008192335769385289
0.029030629833086453 0.000819233764811797
0.029030629833086453 0.000819233764811797
0.029030681822546527 0.0008192356683532219
0.029030681822546527 0.0008192356683532219
0.029030700320154135 0.0008192363499742889
0.02903074683326529 0.0008192380474541353
0.02903085081715112 0.0008192418631602187
0.029030971674378275 0.0008192462810273634
0.029030971888922785 0.0008192462918425741
0.029031314386193226 0.0008192588493513371
0.029031321502292488 0.0008192591099353368
0.029031411308155165 0.0008192623934305615
0.029031411308155165 0.0008192623934305615
0.029031411308155165 0.0008192623934305615
0.029031411308155165 0.0008192623934305615
0.029031411308155165 0.0008192623934305615
0.029031411308155165 0.0008192623934305615
0.029031411308155165 0.0008192623934305615
0.029031411308155165 0.0008192623934305615
0.029031411308155165 0.0008192623934305615
0.029031411308155165 0.0008192623934305615
0.029031411308155165 0.0008192623934305615
0.029031411308155165 0.0008192623934305615
0.029031411308155165 0.0008192623934305615
0.029031411308155165 0.0008192623934305615
0.029031411308155165 0.0008192623934305615
0.029031411308155165 0.0008192623934305615
0.029031411308155165 0.0008192623934305615
0.029031411308155165 0.0008192623934305615
0.029031411308155165 0.0008192623934305615
0.029031411308155165 0.0008192623934305615
0.029031411308155165 0.0008192623934305615
0.029031411308155165 0.0008192623934305615
0.029031411308155165 0.0008192623934305615
0.029031411308155165 0.0008192623934305615
0.029031411308155165 0.0008192623934305615
0.029031411308155165 0.0008192623934305615
0.029031411308155165 0.0008192623934305615
0.029031411308155165 0.0008192623934305615
0.029031411308155165 0.0008192623934305615
0.029031411308155165 0.0008192623934305615
0.029031411308155165 0.0008192623934305615
0.029031411308155165 0.0008192623934305615
0.029031411308155165 0.0008192623934305615
0.029031411308155165 0.0008192623934305615
0.029031411308155165 0.0008192623934305615
0.029031411308155165 0.0008192623934305615
0.029031411308155165 0.0008192623934305615
0.029031411308155165 0.0008192623934305615
0.029031411308155165 0.0008192623934305615
0.029031411308155165 0.0008192623934305615
0.029031411308155165 0.0008192623934305615
0.029031411308155165 0.0008192623934305615
0.029031411308155165 0.0008192623934305615
0.029031411308155165 0.0008192623934305615
0.029031411308155165 0.0008192623934305615
0.029031411308155165 0.0008192623934305615
0.029031411308155165 0.0008192623934305615
0.029031411308155165 0.0008192623934305615
0.029031411308155165 0.0008192623934305615
0.029031411308155165 0.0008192623934305615
0.029031411308155165 0.0008192623934305615
0.029031411308155165 0.0008192623934305615
0.029031411308155165 0.0008192623934305615
0.029031411308155165 0.0008192623934305615
0.029031411308155165 0.0008192623934305615
0.029031411308155165 0.0008192623934305615
0.029031411308155165 0.0008192623934305615
0.029031411308155165 0.0008192623934305615
0.029031411308155165 0.0008192623934305615
0.029031411308155165 0.0008192623934305615
0.029031411308155165 0.0008192623934305615
0.029031411308155165 0.0008192623934305615
0.029031411308155165 0.0008192623934305615
0.029031411308155165 0.0008192623934305615
0.029031411308155165 0.0008192623934305615
0.029031411308155165 0.0008192623934305615
0.029031411308155165 0.0008192623934305615
0.029031411308155165 0.0008192623934305615
0.029031411308155165 0.0008192623934305615
0.029031411308155165 0.0008192623934305615
0.029031411308155165 0.0008192623934305615
0.029031411308155165 0.0008192623934305615
0.029031411308155165 0.0008192623934305615
0.029031411308155165 0.0008192623934305615
0.029031411308155165 0.0008192623934305615
0.029031411308155165 0.0008192623934305615
0.029031411308155165 0.0008192623934305615
0.029031411308155165 0.0008192623934305615
0.029031411308155165 0.0008192623934305615
0.029031411308155165 0.0008192623934305615
0.029031411308155165 0.0008192623934305615
0.029031411308155165 0.0008192623934305615
0.029031411308155165 0.0008192623934305615
0.029031411308155165 0.0008192623934305615
0.029031411308155165 0.0008192623934305615
0.029031411308155165 0.0008192623934305615
0.029031411308155165 0.0008192623934305615
0.029031411308155165 0.0008192623934305615
0.029031411308155165 0.0008192623934305615
0.029031411308155165 0.0008192623934305615
0.029031411308155165 0.0008192623934305615
0.029031411308155165 0.0008192623934305615
0.029031411308155165 0.0008192623934305615
0.029031411308155165 0.0008192623934305615
0.029031411308155165 0.0008192623934305615
0.029031411308155165 0.0008192623934305615
0.029031411308155165 0.0008192623934305615
0.029031411308155165 0.0008192623934305615
0.029031411308155165 0.0008192623934305615
0.029031411308155165 0.0008192623934305615
0.029031411308155165 0.0008192623934305615
0.029031411308155165 0.0008192623934305615
0.029031411308155165 0.0008192623934305615
0.029031411308155165 0.0008192623934305615
0.029031411308155165 0.0008192623934305615
0.029031411308155165 0.0008192623934305615
0.029031411308155165 0.0008192623934305615
0.029031411308155165 0.0008192623934305615
0.029031411308155165 0.0008192623934305615
0.029031411308155165 0.0008192623934305615
0.029031411308155165 0.0008192623934305615
0.029031411308155165 0.0008192623934305615
0.029031411308155165 0.0008192623934305615
0.029031411308155165 0.0008192623934305615
0.029031411308155165 0.0008192623934305615
0.029031411308155165 0.0008192623934305615
0.029031411308155165 0.0008192623934305615
0.029031411308155165 0.0008192623934305615
0.029031411308155165 0.0008192623934305615
0.029031411308155165 0.0008192623934305615
0.029031411308155165 0.0008192623934305615
0.029031411308155165 0.0008192623934305615
0.029031411308155165 0.0008192623934305615
0.029031411308155165 0.0008192623934305615
0.029031411308155165 0.0008192623934305615
0.029031411308155165 0.0008192623934305615
0.029031411308155165 0.0008192623934305615
0.029031411308155165 0.0008192623934305615
0.029031411308155165 0.0008192623934305615
0.029031411308155165 0.0008192623934305615
0.029031411308155165 0.0008192623934305615
0.029031411308155165 0.0008192623934305615
0.029031411308155165 0.0008192623934305615
0.029031411308155165 0.0008192623934305615
0.029031411308155165 0.0008192623934305615
0.029031411308155165 0.0008192623934305615
0.029031411308155165 0.0008192623934305615
0.029031411308155165 0.0008192623934305615
0.029031411308155165 0.0008192623934305615
0.029031411308155165 0.0008192623934305615
0.029031411308155165 0.0008192623934305615
0.029031411308155165 0.0008192623934305615
0.029031411308155165 0.0008192623934305615
0.029031411308155165 0.0008192623934305615
0.029031411308155165 0.0008192623934305615
0.029031411308155165 0.0008192623934305615
0.029031411308155165 0.0008192623934305615
0.029031411308155165 0.0008192623934305615
0.029031411308155165 0.0008192623934305615
0.029031411308155165 0.0008192623934305615
0.029031411308155165 0.0008192623934305615
0.029031411308155165 0.0008192623934305615
0.029031411308155165 0.0008192623934305615
0.029031411308155165 0.0008192623934305615
0.029031411308155165 0.0008192623934305615
0.029031411308155165 0.0008192623934305615
0.029031411308155165 0.0008192623934305615
0.029031411308155165 0.0008192623934305615
0.029031411308155165 0.0008192623934305615
0.029031411308155165 0.0008192623934305615
0.029031411308155165 0.0008192623934305615
0.029031411308155165 0.0008192623934305615
0.029031411308155165 0.0008192623934305615
0.029031411308155165 0.0008192623934305615
0.029031411308155165 0.0008192623934305615
0.029031411308155165 0.0008192623934305615
0.029031411308155165 0.0008192623934305615
0.029031411308155165 0.0008192623934305615
0.029031411308155165 0.0008192623934305615
0.029031411308155165 0.0008192623934305615
0.029031411308155165 0.0008192623934305615
0.029031411308155165 0.0008192623934305615
0.029031411308155165 0.0008192623934305615
0.029031411308155165 0.0008192623934305615
0.029031411308155165 0.0008192623934305615
0.029031411308155165 0.0008192623934305615
0.029031411308155165 0.0008192623934305615
0.029031411308155165 0.0008192623934305615
0.029031411308155165 0.0008192623934305615
0.029031411308155165 0.0008192623934305615
0.029031411308155165 0.0008192623934305615
0.029031411308155165 0.0008192623934305615
0.029031411308155165 0.0008192623934305615
0.029031411308155165 0.0008192623934305615
0.029031411308155165 0.0008192623934305615
0.029031411308155165 0.0008192623934305615
0.029031411308155165 0.0008192623934305615
0.029031411308155165 0.0008192623934305615
0.029031411308155165 0.0008192623934305615
0.029031411308155165 0.0008192623934305615
0.029031411308155165 0.0008192623934305615
0.029031411308155165 0.0008192623934305615
0.029031411308155165 0.0008192623934305615
0.029031411308155165 0.0008192623934305615
0.029031411308155165 0.0008192623934305615
0.029031411308155165 0.0008192623934305615
0.029031411308155165 0.0008192623934305615
0.029031411308155165 0.0008192623934305615
0.029031411308155165 0.0008192623934305615
0.029031411308155165 0.0008192623934305615
0.029031411308155165 0.0008192623934305615
0.029031411308155165 0.0008192623934305615
0.029031411308155165 0.0008192623934305615
0.029031411308155165 0.0008192623934305615
0.029031411308155165 0.0008192623934305615
0.029031411308155165 0.0008192623934305615
0.029031411308155165 0.0008192623934305615
0.029031411308155165 0.0008192623934305615
0.029031411308155165 0.0008192623934305615
0.029031411308155165 0.0008192623934305615
0.029031411308155165 0.0008192623934305615
0.029031411308155165 0.0008192623934305615
0.029031411308155165 0.0008192623934305615
0.029031411308155165 0.0008192623934305615
0.029031411308155165 0.0008192623934305615
0.029031411308155165 0.0008192623934305615
0.029031411308155165 0.0008192623934305615
0.02903154833427117 0.0008192674087971821
0.02903154833427117 0.0008192674087971821
0.02903163147891022 0.0008192704583653226
0.02903168940167587 0.0008192725777457502
0.02903168940167587 0.0008192725777457502
0.029031761072499506 0.0008192752034456249
0.029031763933050653 0.0008192753208186821
0.029031763933050653 0.0008192753208186821
0.029031763933050653 0.0008192753208186821
0.029031892846160538 0.0008192800407949192
0.029032126988915156 0.0008192886273877517
0.02903221914825057 0.0008192920042343336
0.02903221914825057 0.0008192920042343336
0.029032318241475674 0.0008192956445462661
0.02903234497528251 0.0008192966168644099
0.029032457827375666 0.0008193007595908913
0.029032510909643407 0.0008193026966461118
0.029032517506169257 0.0008193029412948142
0.029032688488448918 0.0008193092139991451
0.02903280322481491 0.000819313414510444
0.029032945637115 0.0008193186331749465
0.029033113091850717 0.0008193247722878121
0.029033113091850717 0.0008193247722878121
0.029033194831733677 0.000819327761834391
0.029033229992148094 0.0008193290561018606
0.02903329000032145 0.0008193312436707059
0.02903329000032145 0.0008193312436707059
0.02903337448183077 0.0008193343511783871
0.02903351312037291 0.0008193394287008282
0.02903351312037291 0.0008193394287008282
0.02903352612665504 0.0008193398953289248
0.029033583401797354 0.0008193419990854932
0.029033734760006508 0.0008193475513878118
0.02903520820659259 0.0008194015386349801
0.029035491152399708 0.000819411901403129
0.029035940327125864 0.0008194283699282573
0.02903654104886011 0.0008194503753690887
0.02903659340117641 0.0008194522985100908
0.02903690624720808 0.0008194637561134945
0.02903790333183445 0.0008195002970815426
0.029038554233797316 0.0008195241463461099
0.029039477056341544 0.0008195579609736538
0.029039851475121805 0.0008195716837754278
0.029039971090267323 0.0008195760635520249
0.029040313964270086 0.0008195886283783314
0.029040356100922583 0.0008195901747035158
0.02904043953395181 0.0008195932373518258
0.02904104037966921 0.0008196152508289458
0.029041458997322623 0.0008196305874343368
0.029041458997322623 0.0008196305874343368
0.029041458997322623 0.0008196305874343368
0.029041737501921665 0.0008196407885930095
0.029041737501921665 0.0008196407885930095
0.029041737501921665 0.0008196407885930095
0.02904195177393445 0.0008196486429842267
0.02904281878354857 0.0008196804156386428
0.029042967864653255 0.0008196858726970254
0.029042967864653255 0.0008196858726970254
0.029043287439178 0.0008196975959371458
0.029045634750690014 0.0008197836084256721
0.029046245400100996 0.0008198059860870817
0.029046498180598453 0.0008198152289485056
0.02904831637155213 0.0008198818553215126
0.029048416185526577 0.0008198855007970102
0.029048740301793153 0.000819897384496664
0.029048740301793153 0.000819897384496664
0.029049195118160547 0.0008199140514455912
0.029049808886038624 0.0008199365459138
0.029049808886038624 0.0008199365459138
0.029049808886038624 0.0008199365459138
0.029049808886038624 0.0008199365459138
0.029049808886038624 0.0008199365459138
0.029049808886038624 0.0008199365459138
0.029049808886038624 0.0008199365459138
0.029049808886038624 0.0008199365459138
0.029049808886038624 0.0008199365459138
0.029049808886038624 0.0008199365459138
0.029049808886038624 0.0008199365459138
0.029049808886038624 0.0008199365459138
0.029049808886038624 0.0008199365459138
0.029049808886038624 0.0008199365459138
0.029049808886038624 0.0008199365459138
0.029049808886038624 0.0008199365459138
0.029049808886038624 0.0008199365459138
0.029049808886038624 0.0008199365459138
0.029049808886038624 0.0008199365459138
0.029049808886038624 0.0008199365459138
0.029049808886038624 0.0008199365459138
0.029049808886038624 0.0008199365459138
0.029049808886038624 0.0008199365459138
0.029049808886038624 0.0008199365459138
0.029049808886038624 0.0008199365459138
0.029049808886038624 0.0008199365459138
0.029049808886038624 0.0008199365459138
0.029049808886038624 0.0008199365459138
0.029049808886038624 0.0008199365459138
0.029049808886038624 0.0008199365459138
0.029049808886038624 0.0008199365459138
0.029049808886038624 0.0008199365459138
0.029049808886038624 0.0008199365459138
0.029049808886038624 0.0008199365459138
0.029049808886038624 0.0008199365459138
0.029049808886038624 0.0008199365459138
0.029049808886038624 0.0008199365459138
0.029049808886038624 0.0008199365459138
0.029049808886038624 0.0008199365459138
0.029049808886038624 0.0008199365459138
0.029049808886038624 0.0008199365459138
0.029049808886038624 0.0008199365459138
0.029049808886038624 0.0008199365459138
0.029049808886038624 0.0008199365459138
0.029049808886038624 0.0008199365459138
0.029049808886038624 0.0008199365459138
0.029049808886038624 0.0008199365459138
0.029049808886038624 0.0008199365459138
0.029049808886038624 0.0008199365459138
0.029049808886038624 0.0008199365459138
0.029049808886038624 0.0008199365459138
0.029049808886038624 0.0008199365459138
0.029049808886038624 0.0008199365459138
0.029049808886038624 0.0008199365459138
0.029049808886038624 0.0008199365459138
0.029049808886038624 0.0008199365459138
0.029049808886038624 0.0008199365459138
0.029049808886038624 0.0008199365459138
0.029049808886038624 0.0008199365459138
0.029049808886038624 0.0008199365459138
0.029049808886038624 0.0008199365459138
0.029049808886038624 0.0008199365459138
0.029049808886038624 0.0008199365459138
0.029049808886038624 0.0008199365459138
0.029049808886038624 0.0008199365459138
0.029049808886038624 0.0008199365459138
0.029049808886038624 0.0008199365459138
0.029049808886038624 0.0008199365459138
0.029049808886038624 0.0008199365459138
0.029049808886038624 0.0008199365459138
0.029049808886038624 0.0008199365459138
0.029049808886038624 0.0008199365459138
0.029049808886038624 0.0008199365459138
0.029049808886038624 0.0008199365459138
0.029049808886038624 0.0008199365459138
0.029049808886038624 0.0008199365459138
0.029049808886038624 0.0008199365459138
0.029049808886038624 0.0008199365459138
0.029049808886038624 0.0008199365459138
0.029049808886038624 0.0008199365459138
0.029049808886038624 0.0008199365459138
0.029049808886038624 0.0008199365459138
0.029049808886038624 0.0008199365459138
0.029049808886038624 0.0008199365459138
0.029049808886038624 0.0008199365459138
0.029049808886038624 0.0008199365459138
0.029049808886038624 0.0008199365459138
0.029049808886038624 0.0008199365459138
0.029049808886038624 0.0008199365459138
0.029049808886038624 0.0008199365459138
0.029049808886038624 0.0008199365459138
0.029049808886038624 0.0008199365459138
0.029049808886038624 0.0008199365459138
0.029049808886038624 0.0008199365459138
0.029049808886038624 0.0008199365459138
0.029049808886038624 0.0008199365459138
0.029049808886038624 0.0008199365459138
0.029049808886038624 0.0008199365459138
0.029049808886038624 0.0008199365459138
0.029049808886038624 0.0008199365459138
0.029049808886038624 0.0008199365459138
0.029049808886038624 0.0008199365459138
0.029049808886038624 0.0008199365459138
0.029049808886038624 0.0008199365459138
0.029049808886038624 0.0008199365459138
0.029049808886038624 0.0008199365459138
0.029050998417871055 0.0008199801237345381
0.029052979286555453 0.0008200527173140672
0.029052979286555453 0.0008200527173140672
0.029054661610551594 0.0008201143511638079
0.0290569660912633 0.0008201988045040756
0.0290569660912633 0.0008201988045040756
0.02905934806458416 0.0008202860874932107
0.0290609394236098 0.000820344389599601
0.029062037280509705 0.0008203846138985558
0.02906441101649329 0.0008204716061665893
0.029065031804307036 0.0008204943413219279
0.02906862768741705 0.0008206261318600814
0.029072326556561622 0.0008207616609070349
0.02907884722768519 0.0008210006040366306
0.029082631139957495 0.0008211392578180132
0.029084620543558273 0.0008212121470100578
0.029106553358742175 0.0008220158278557299
0.02927618375563771 0.0008282315553150523
0.02938464154326972 0.0008322057534352961
0.02938464154326972 0.0008322057534352961
0.02938464154326972 0.0008322057534352961
0.029618605954829375 0.0008396077118289094
0.029784631144519565 0.0008452807488360155
0.029795086415424693 0.0008456244312735619
0.02989304193632627 0.0008483494242511626
0.02993974222145479 0.0008506344559788606
0.03003732636067254 0.0008538836359553661
0.030087137731080234 0.0008555984764124612
0.030087137731080234 0.0008555984764124612
0.030687289542011203 0.0008764327827323424
0.030695266185593 0.0008767087344063182
0.030974333040493733 0.0008863431791082891
0.030974333040493733 0.0008863431791082891
0.03130106447282496 0.0008976249686629063
0.03218956039829479 0.0009385416415402571
0.03224933053743184 0.0009402681704213527
0.03391445342148984 0.000987814640923252
0.03658605322366198 0.0011428887935817837
0.03661903394334206 0.001144276593690042
0.03697086383642996 0.0011593891030463586
0.03820964483445931 0.0011984535120898366
0.043964776560100956 0.0014589837804650269
0.04460000796155912 0.0014861994319016307
0.044678540706496614 0.001489380662003352
0.0448212410685304 0.0014956762791128876
0.04482217250853037 0.0014957173917695685
0.04482217250853037 0.0014957173917695685
0.04482217250853037 0.0014957173917695685
0.05570641136234973 0.001649773173466736
0.0823481286009956 0.0020735762785080167
0.08307904571162032 0.0020905552733709544
0.08318296368168435 0.0020928396642122572
