0.04151873509545112 0.001066219603785612
0.03907249076291919 0.0009587061202864788
0.04260785030055558 0.0010923831175091436
0.04054944902600255 0.001026190326001597
0.04366819355345797 0.0011307481019287025
0.04132793488679454 0.0010601399158076674
0.04476650385186076 0.0011536009736801134
0.04651386117620859 0.0011940439596855867
0.04381917690625414 0.0011341989318225387
0.04120259603951126 0.0010453783895627566
0.04243654801393859 0.0010874547284629443
0.04191911342786625 0.0010800711934280116
0.041581657162168995 0.0010675157195692009
0.04385626765724737 0.0011352612432347087
0.039822506296331994 0.0009962911158254428
0.04052296520967502 0.0010257883552640124
0.045375742789474316 0.0011630756170006862
0.041745509530301206 0.0010757963927972014
0.04202014915063046 0.0010823917466495914
0.04204882628982887 0.0010838636718517591
0.04191239003557712 0.001079980251915913
0.04300370179407764 0.0011087484266880665
0.04297992783540394 0.0011055468987706263
0.04040150479704607 0.001023438814399924
0.04284462895884644 0.0010977629231092578
0.04689603998849634 0.001201858216859364
0.044579121517017484 0.0011490732133552228
0.04293342934397515 0.0010995623191547566
0.04149912630964536 0.001066164955432214
0.046805501224298496 0.001198184281633985
0.042974985888577066 0.0011043379920465668
0.04294016107451171 0.001099786860322638
0.044913800738868304 0.00115663441806646
0.04385291374637745 0.0011352045310104586
0.04456105927238241 0.0011478087137675175
0.043303724596626125 0.0011198534624554668
0.04152069981500972 0.0010672293317384174
0.043194835088797845 0.0011173888410098698
0.04369272491749143 0.0011308578250464052
0.03924751777230995 0.0009730721919822827
0.04412551970744971 0.0011415433757520077
0.04568729436141439 0.0011779600907289023
0.04276820561790373 0.0010953736680221482
0.0391397497151047 0.0009610790168608219
0.04332488820364233 0.0011206239634020676
0.04160853552457411 0.001068138688651743
0.04260039266955573 0.0010914852167616118
0.040377656725468114 0.001021067983856483
0.04032871423260076 0.0010201436819556875
0.04033585519209737 0.001020180200782761
0.04412465433415491 0.001141505675946064
0.042033853809698485 0.0010827830623156842
0.04410856057074852 0.001141176892247131
0.04259237243968528 0.0010911587949067325
0.04115506417292636 0.0010439114553264517
0.04385439552424941 0.001135227657869109
0.04035423733148491 0.0010210018251655129
0.04408475667150924 0.00114088263035228
0.04007651972642634 0.0010076863160861649
0.044077561018639244 0.0011399298648484546
0.04482940708112437 0.0011550268379778572
0.04269233625382185 0.0010946164356937516
0.04547020237077959 0.001169422421753552
0.04421251761959866 0.0011439335239629145
0.04051425024954369 0.0010256602745357668
0.04020775229582796 0.0010152155536502505
0.0428429673120263 0.0010972756741693956
0.04307169203821104 0.0011120961704591537
0.03847650400712155 0.0009092267671348964
0.04185698514629621 0.0010785698394215615
0.04158856891444884 0.0010675885750970338
0.039824025887355674 0.0009969989511375843
0.04369671544554876 0.0011309789098277179
0.04039123592883698 0.0010227604938251034
0.04091812243859749 0.0010401277938854037
0.044264285315875895 0.0011452856025471192
0.0454497387399897 0.0011662944326076286
0.04297769477125257 0.0011047672087443061
0.04158991339500062 0.001067611898179166
0.04121237863728311 0.0010464872016200388
0.044036901570507325 0.0011390373771291706
0.0424734402258764 0.0010879183908514278
0.04417723626829684 0.001142498177955531
0.039997928084630985 0.0010053487876575673
0.04448561298340792 0.001147776478120477
0.043649717554217204 0.0011303289682018658
0.04129823909897823 0.00105591054841625
0.040174330621084664 0.0010132385166343738
0.0418765397334937 0.0010795077992042934
0.04139971574477386 0.0010627290575939696
0.04271890466770856 0.001094686882993301
0.04023866458010161 0.0010156046411111674
0.04120475522358902 0.0010455678132075263
0.039131336503487546 0.0009605942688040159
0.03946516716678161 0.0009812263081130368
0.0400765550439246 0.0010080183349145955
0.04351615528867114 0.0011260108111628142
0.03893410769524053 0.0009371874325552199
0.03918640325719025 0.0009629488246218898
0.03999103367823409 0.0010050216255308442
0.042820004317036364 0.001096167830610284
0.03959052097343374 0.0009851566157976777
0.041597274830564857 0.0010676326228349353
0.039197286189846636 0.0009644517585911672
0.04142793455685023 0.0010635930077569355
0.04197210448910482 0.001081083299823149
0.04372562578646466 0.0011324996078201366
0.04417295671009924 0.0011422955910802557
0.043030671680753585 0.001110207847887068
0.040226896679087076 0.0010155934438103031
0.04146559707442066 0.001065740245167035
0.04241818987065926 0.001086946136865663
0.04566681254073046 0.0011769598082196353
0.043248448346275836 0.0011182441051005299
0.03947170710307546 0.0009822214619816805
0.042874157974438276 0.0010986696240138372
0.04008019967295695 0.0010086366971790994
0.04192981790401973 0.0010801456876379234
0.04081964561191853 0.0010345229360950725
0.04236240555474069 0.0010855512848024773
0.04164435564598534 0.0010698839628275891
0.04364838691253681 0.0011298273759621225
0.0413623601780273 0.0010613704598654294
0.04491738838260062 0.0011566885909815028
0.04116387330577709 0.001045058088038786
0.0467107548029162 0.0011952420776424333
0.040170814922021236 0.0010109661493515887
0.04302972416917328 0.0011097960668848827
0.042497642745729536 0.0010885641752338415
0.04265424566983711 0.0010930877281225548
0.04465337395959068 0.0011518241872181534
0.04187008910957957 0.001078712952278238
0.04139265460980823 0.001061810996816348
0.0424577361845877 0.0010875366190248315
0.041835730022285134 0.0010778114186678067
0.04240690218284726 0.001086700995301726
0.042966726556187496 0.0011038854064508996
0.04183046511025168 0.0010766930955128373
0.04245821966469521 0.001087645737470666
0.04248890734015731 0.0010882640218596862
0.04194934305269271 0.001080580832990563
0.04059178401075769 0.0010281610259426088
0.041833356401184574 0.0010776926819744403
0.04469921020063339 0.0011522226245119782
0.04254749229585286 0.0010902680269282428
0.04132326423859922 0.0010593961025051613
0.04186903091613203 0.0010786103501345679
0.03991002727707382 0.0010028522537481876
0.04290104567189701 0.0010993197568041069
0.04027299550944008 0.0010174721962243893
0.04001053371030139 0.001005397600579272
0.04197208250116091 0.0010807999237840704
0.04081288733141264 0.0010334163369520866
0.0441163670620881 0.0011413361377208275
0.04128390896948986 0.0010491819530216162
0.04342625448771287 0.0011235151148412115
0.04291702157934196 0.001099450285551029
0.04256114766758401 0.0010903318857344857
0.04456483085232321 0.0011487326605674752
0.040224653253972065 0.0010154844786711692
0.041158793552313 0.0010448094917592243
0.040071254974463955 0.0010076648161430057
0.04179696452774806 0.0010766536054234166
0.041953447507694364 0.001080764064795403
0.04137057719344739 0.0010616405380687866
0.04032416973495856 0.001020122876923324
0.04295008403278189 0.0011032672857709258
0.0428329970309278 0.0010970709158755199
0.04341093679977348 0.0011230470905161383
0.04364734288537875 0.0011270341406088846
0.04226113900949713 0.001083908348505247
0.04345420154277235 0.0011241410865068246
0.04381581968482351 0.0011336313276615329
0.042833087682083715 0.0010972112498848219
0.039203210253617726 0.0009649866640302207
0.04416143808339257 0.0011422424729516933
0.0437616149574751 0.0011328219818551588
0.04411820297536906 0.0011413444018444352
0.03968586957489606 0.0009951764295692556
0.04086335134343244 0.0010366930239342764
0.04374643287155777 0.0011327892207191326
0.0432813742372673 0.0011195255327720588
0.040467699902364984 0.0010253643592932349
0.043819682381581515 0.0011344746308168396
0.0438498178118607 0.0011351772516263736
0.04459813535504509 0.0011497442442305328
0.0414353851811029 0.0010638599858339148
0.045582565653603524 0.0011708798726886016
0.04267068607441615 0.001093569288514118
0.043507067410246236 0.0011250699683102994
0.0404126799403457 0.0010235227958901305
0.04167095451703062 0.0010727433208899129
0.042675408913055435 0.0010938896965626554
0.043354325302061625 0.0011212291739184366
0.043837081801029854 0.0011350868455792806
0.044146621265099384 0.0011420474588703655
0.042959081125445664 0.0011037657454835426
0.04379650055489037 0.0011329581619747842
0.04445565293281106 0.0011455594298013239
0.0391130120260641 0.0009603939088265179
0.03917266498319805 0.000962182667876732
0.04142391278583091 0.0010635309201916243
0.04098275826618192 0.001040842551873311
0.04090623973752372 0.0010377316648941814
0.04020411025703652 0.0010147539977083397
0.04300923476694152 0.001109772988570512
0.04337949043838307 0.0011227032448459795
0.042644377070246264 0.0010927153943498524
0.043243762163911015 0.00111766537480662
0.03952333742927294 0.0009823138700539857
0.04121578390186187 0.0010487430898820094
0.04458258739032317 0.001149186350630771
0.04157891959766857 0.0010673369995402027
0.04346985036681872 0.001124673308538604
0.043704927258659154 0.0011319885745706415
0.044632939439907204 0.0011515316023178457
0.03846234458615072 0.0009083605023079144
0.04007667345285881 0.0010084580044349423
0.04010562679468421 0.0010105638298796293
0.043702767783543095 0.0011310224311387174
0.03917870263103396 0.0009628061156945478
0.04385679538245313 0.0011352975749332472
0.04288414111942984 0.0010991148701577913
0.042034490397782065 0.0010834637070047393
0.04141846875427291 0.0010628123121705357
0.03940668415452819 0.0009772315256668662
0.04104423994431272 0.001043170359253054
0.04176771015045233 0.0010760754453258414
0.0433030004351167 0.001119799678747313
0.042967228931956924 0.001103903719013033
0.04370109196315752 0.0011309834788448825
0.04037651610269677 0.0010210560099039867
0.041461474473180715 0.0010649007556366996
0.04608446452766657 0.001186904703899927
0.042403987536090426 0.0010863996244552254
0.04485645247041248 0.0011555443002180255
0.04088951234371052 0.0010372532845792648
0.04194199109042529 0.0010805139286276244
0.04230797263153363 0.0010849731187931866
0.044131058602943085 0.0011415677222430531
0.04193145451426972 0.001080326466421866
0.04336703967419453 0.0011217629498787574
0.043583990933257155 0.0011267704453530314
