0.04198160125815775 0.0010823649103599564
0.039805191961931996 0.001003168101533447
0.04149444187351037 0.0010702873769332655
0.0432599345658673 0.0011236368533786845
0.04507444916816894 0.0011654431035026391
0.040145964245311916 0.0010273748001168315
0.03850530771887861 0.0009115474401824031
0.042178017072728835 0.0010966116722244124
0.03856946613814216 0.0009200093575145729
0.044729832210578024 0.001159282978619558
0.042471676526474766 0.0011041001631610925
0.03988472421769984 0.0010131357468594615
0.04107636284606997 0.001063742553242264
0.039046958336257376 0.0009706898160288802
0.04536219342844561 0.001171159186242221
0.041986449010437354 0.001089781503139875
0.03864663375134114 0.0009282837916089193
0.040123141996446066 0.0010265136106824002
0.0389519456657581 0.0009527940153475356
0.043939576324191876 0.0011314543828575552
0.04089504906733055 0.0010630537830991216
0.04394018150924239 0.0011354002372740979
0.03865265482454561 0.000931006189262007
0.04156447562854737 0.0010736935223576438
0.038831310856039636 0.0009428730579656985
0.0385900002438575 0.0009215389543442143
0.04079350705433171 0.001056508408225909
0.043357012458727695 0.001125264784832325
0.04293686988239642 0.0011170199956609395
0.03866575882420875 0.000933894468289509
0.04397692400380038 0.0011432168599299075
0.03942005838325713 0.0009889031439342943
0.04465482737577986 0.001159213098588907
0.04346254715346731 0.0011300591869485288
0.038706479186657816 0.0009386833449980259
0.03881711853318848 0.0009413101558948256
0.04290009825490415 0.0011144834229526168
0.04193552737706341 0.0010780552329379134
0.04393551817338448 0.0011305993768360167
0.04262465858482756 0.0011106480134230878
0.039412453246768564 0.0009843473676482972
0.04343176704423968 0.0011274983694136154
0.03897173696896061 0.0009560696071275743
0.04176690668100491 0.0010772051783760617
0.044191032138769515 0.0011485061772305016
0.039359370930469595 0.0009800512100355263
0.04454118953435682 0.0011532518273043024
0.04466182578471489 0.0011592342311530501
0.04126527415064629 0.0010696445517623943
0.04458658446674235 0.0011553973725995093
0.04121424655022565 0.001069085559265659
0.039538076511234976 0.000995676771935905
0.040233802297734655 0.001028547714895467
0.03892813673883211 0.0009490923284829478
0.040550399222411215 0.0010495453796579568
0.039736779595841654 0.001000538142733376
0.04023400782898534 0.0010325824387109606
0.04451809628517367 0.0011506692396778817
0.0400399174541235 0.0010239087610557362
0.0404226047830889 0.0010370380034601112
0.043362008553231135 0.0011260073761150124
0.04309608114999719 0.0011198138643067068
0.04211481037782505 0.001089939060591405
0.04444214142858982 0.0011486262833386718
0.04154396546073258 0.0010723078353294113
0.04153534224315081 0.0010712211242207559
0.04194834364170674 0.0010802000613239215
0.04230998193088453 0.0010977312217619328
0.042376156168757007 0.0011001592949355654
0.039161771564977244 0.0009749214710836895
0.04301074657996651 0.001117893078742327
0.03944535632035695 0.000995573212094314
0.03884402611583937 0.0009453879033571866
0.039698922613752075 0.0010004523103361862
0.04503090589423664 0.001161074532319617
0.038616479592747055 0.000922590269851753
0.04125516986823641 0.00106949354903918
0.040004903872613795 0.0010199915389534908
0.04258680320344865 0.0011047548707665555
