0.02944098334657451 0.0008019187507176531
0.029460986869238964 0.000802122882518057
0.02980168000121414 0.0008132772719526009
0.030097469956646167 0.0008151488619003622
0.030175463346550982 0.0008192524694125274
0.030325647865462796 0.0008207532978662094
0.030515703835256112 0.0008299337489423535
0.030707099385511655 0.0008337353691427818
0.030872975341186246 0.0008397114643083405
0.031590181014644184 0.0008458513329198953
0.031657151900126954 0.0008502433438650128
0.03171281227060011 0.0008524431761993298
0.031733025359253625 0.0009020051301402144
0.032115592431977306 0.0009196273604709568
0.03333145716090381 0.000976920658096289
0.03398992921959959 0.0010026106630993386
0.03458629261180411 0.0010075573274860358
0.034794969216078886 0.0010621394530890386
0.03539332769422441 0.001070746425494438
0.03570722102984594 0.0011022592466901153
0.03607886977538695 0.0011034716274019943
0.0365868026188341 0.0011084374197996693
0.03695846028496239 0.0011121188105488382
0.036997330077449014 0.0011286841609747245
0.03712478359832761 0.0011414370990158107
0.03729677695823645 0.0011568905186741902
0.037592280101158476 0.001158552816733319
0.037641622704538164 0.0011601347051651554
0.03771328206876098 0.001164156991027089
0.0378311234252236 0.0011690208821687413
0.03810164993271678 0.0011851910102953912
0.03860490641870323 0.001191824843629648
0.03873240939454252 0.0012134505783283963
0.03931981543644735 0.0012208657561253553
0.03938121305303309 0.0012317099748146358
0.03956475305852705 0.0012502125472731787
0.040003101961388794 0.0012531081007318124
0.04070774287541213 0.0012959522897052242
0.04084107037035091 0.0012974572169321228
0.041844406994022185 0.0013021623893503006
0.04185990265014191 0.0013197023143909328
0.04208331267144812 0.0013406472163560623
0.04261750117915475 0.001340927389882
0.042657919917549275 0.0013982711767451625
0.04297744431422234 0.0014042618410104128
0.043574869825413816 0.0014132176962946183
0.04420682438298231 0.0014148128969950133
0.0448534750299533 0.0014171523622049887
0.05107818522436315 0.0014264461333970081
0.0542199079855458 0.001445715021501233
0.05467569919343486 0.001482013469255293
0.055120916712118606 0.0015385545093249292
0.060973182771702675 0.0016359027843251836
0.061367824681081894 0.001725468571980242
0.0653926800456762 0.0017301340849109554
0.06902526036404745 0.0017389564782733069
0.06958918877373818 0.00173987406071522
0.07117097574527569 0.0018458245881249986
0.07714366057908768 0.0018683169666289198
0.07790356552706207 0.0018701558503647227
0.07830851675564934 0.0019309822763787384
0.08068807609130535 0.001999496110545539
