0.007409143105902774 0.0008076021560050788
0.007420670730243769 0.0008078006288762944
0.007659649426473506 0.0008083432897765916
0.007747542469451691 0.0008099139837134804
0.007872667775657436 0.0008195355612408472
0.00794868082081404 0.0008196167731511284
0.007983773476577447 0.0008677800678015841
0.008356937933721467 0.0009255937015011369
0.008632304226285298 0.0009350197160363897
0.008690494590593689 0.0009696501565271303
0.009123496407483538 0.0010241273817752899
0.009186585534256811 0.0010258098123400966
0.009245759649028651 0.0010306576789456125
0.009283125024314985 0.0010497174628070623
0.009298527461730103 0.0010506521226365437
0.009511326681377332 0.0010560659343244114
0.009512046333240144 0.0010699178202023343
0.009526601515013021 0.0010792439703466365
0.009651044488265694 0.0010990852465145116
0.009751566651199984 0.0010993857923373097
0.009804211663761296 0.001114196358379973
0.00983362718324826 0.001120828286934738
0.010061246312471465 0.0011517771548406291
0.010121474031249196 0.001173186233192664
0.010702307342369249 0.0012218473147169897
0.0112006943096404 0.001223430823331712
0.011399118338683276 0.0012394193846716542
0.011743435132755702 0.0012792951597365744
0.011879674061865736 0.0013194541883564607
0.012393395001653935 0.0013299907477250994
0.012554610594045869 0.0014093589696756994
0.012653504708430347 0.001414665570372676
0.014453342887416667 0.0014162360702212394
0.01855731488676763 0.0014177968624932802
0.018653698877391225 0.0014573952391419376
0.019544168329734185 0.0014784891326877921
0.020380925074996538 0.0014991826501142768
0.021720097646977084 0.0015311281238688562
0.02260936220534289 0.0016726563634807171
0.02294333944383717 0.001712605733626507
0.0295999477792414 0.0018379052836132146
0.02963663498976689 0.0018483679660923084
0.03004604678359263 0.001877090902265319
0.03231214146387533 0.0019318182429698236
