0.007659406615016155 0.0007356374675774313
0.007659686724222528 0.0007433825934090414
0.0076755399260858646 0.0007518643002684411
0.0077309105144478234 0.0007522112410645053
0.007831119181718716 0.0007584786268037656
0.007915754396099633 0.0007772677041997106
0.008060561007302847 0.0007806711882758013
0.008159306037474801 0.0007917046344544104
0.008323803990834435 0.000814660680534651
0.008437379352249592 0.0008323521276291441
0.008764487431683229 0.0008341901623502704
0.008904096932900781 0.0008429923725789883
0.009153685023465506 0.0009602169104901778
0.00939844286727588 0.0009679337170354874
0.009464720523258231 0.0009952099442124913
0.009614378356444617 0.001001202024744389
0.009744370832274012 0.001094683110765454
0.009819481119942642 0.0011042022528985648
0.009857313389523191 0.0011207721488041599
0.010403952554607014 0.001150475874098212
0.010849277287999361 0.0011700626547587753
0.011004774459226714 0.0012152217537694594
0.012137931864829216 0.001234209855983806
0.01231514773407169 0.0013147811119642533
0.012534136681342446 0.0013518876180047838
0.012624445827781165 0.0014043644545695105
0.017080714195522373 0.0014681834481450366
0.021145423039661507 0.0015400088367437397
0.023640466365809947 0.0015410173118400572
0.02417602957279156 0.0017354033706808093
0.030360814784055605 0.0017702045521450647
0.030435974996604116 0.0018082724060315785
0.030654928460001833 0.0018109951158644
0.03084204351305729 0.0018223198818925809
0.031141972639287314 0.0018461231830169537
0.031450526582416774 0.0018569090378368419
0.032126049798330863 0.0019060487463318212
0.03336393990461184 0.0019065523060364069
