0.007479376820653763 0.0008173854524642997
0.007874327097018973 0.0008233669987193941
0.007874327097018973 0.0008233669987193941
0.007874327097018973 0.0008233669987193941
0.007926205199455753 0.0008236598712389716
0.007998945744049317 0.0008255261402746449
0.008253178731095821 0.0008286605924122092
0.00830318679339601 0.000848345839938354
0.008434444940362653 0.0008567329273607474
0.008481776351632216 0.0008702345796645636
0.008604239072790135 0.0009016820998837462
0.008840693368441767 0.000912394728118107
0.008950112257557118 0.0009397420113872344
0.008950112257557118 0.0009397420113872344
0.008981943853565657 0.0009686240894459481
0.00914158344448893 0.000969691958515874
0.009165630145335304 0.000970743267402025
0.009165630145335304 0.000970743267402025
0.009172530529921927 0.0010420295429070638
0.009260119135883548 0.00104710110134539
0.00932862992064883 0.001056281990558205
0.009561828750925228 0.0011046045719805915
0.009830806884185797 0.0011068796723085381
0.009896299984377584 0.0011095685540935922
0.009914637347503285 0.0011096792212878367
0.010016679265339917 0.001114701851724566
0.010047479893631169 0.0011424046876004842
0.010242831376316208 0.0011878246604715137
0.010762516205916417 0.0012481968884663105
0.011032948354348605 0.0012655598351054888
0.011241478041468068 0.0012809807364436757
0.011865990609327078 0.0013188081001572279
0.012326334921299274 0.001331201636005594
0.012397399056275233 0.001381568346713032
0.012443891103915403 0.001447255190109183
0.018355688559967394 0.0014550047437689503
0.019346996509905116 0.0014681373058618354
0.019515378654064972 0.0014851169654905257
0.020020056765959814 0.0015022959904239228
0.020551896120722626 0.0015634539549302133
0.020640381298889135 0.0015752762981911766
0.0213432542955509 0.0015794012186580411
0.021988078531770684 0.0016102706194329529
0.022308539580486075 0.0016363923701932276
0.023906369373083037 0.0016767646180727907
0.027440024966489868 0.0017025931874977591
0.028015450635393496 0.0017307092480799968
0.028169547334269407 0.0017911384582180714
0.030114039919037862 0.0018158165828365072
0.03021068417235423 0.001833073218789792
0.03158083278321475 0.0018391466591968918
0.03209842679134213 0.0018666265898423864
0.03341256131550572 0.0019557557820231867
0.033831462230148435 0.001992328564874659
0.03399544372732825 0.0020088730298542163
