0.02957454488794963 0.0007965623385018497
0.02977275274600239 0.0007968584968235314
0.02977275274600239 0.0007968584968235314
0.029794983109693883 0.0008071858649899354
0.029890276665954188 0.0008083270196940115
0.030215579822049008 0.0008085418054020057
0.030219507695312404 0.0008165087603434046
0.030657727294508986 0.0008210061972273882
0.031531041128573876 0.0008264381421185296
0.03163419922884219 0.0008283969863784177
0.03164735743143521 0.00087409606193494
0.03226400511667021 0.0008819242835826897
0.03293958337979346 0.0009025799020176723
0.033254346875209874 0.0009216762232135264
0.03331376863292712 0.000961536856652819
0.03379337692463159 0.0009794899305546367
0.03411908175633982 0.0010047774472442222
0.034906096446029475 0.0010208399350615897
0.035134159073623376 0.0010220217113481407
0.03517755643501056 0.0010772583223979926
0.03553662590367882 0.0010887883961708449
0.03611564613001128 0.0010893565228275092
0.036138754529813855 0.0010910828496242882
0.036143366783489415 0.0011110813119020273
0.036162262795397776 0.0011129801926332615
0.03643424432917522 0.001126925623141328
0.036595729176014336 0.0011388031703617786
0.03689020003210747 0.0011484494811510495
0.03718424530660318 0.0011570667027067858
0.037534937869084115 0.0011582367406482972
0.03775374993636882 0.0011671279779563966
0.037765251870330606 0.0011809325622378732
0.038193338593447645 0.0011863439052177955
0.03826923104125583 0.0011913183074229098
0.038637842378437044 0.0011968058354463965
0.03871139490382358 0.0012009389262172994
0.03900284494225595 0.0012154801070993293
0.039089992668392 0.0012321228428574518
0.03916979835545351 0.001234917624641292
0.039939135895860345 0.0012582199730337086
0.040369000781217815 0.0012629847836668887
0.04051457430343659 0.0012701225153649838
0.04076344377037398 0.0012988667273275438
0.04089732012665487 0.001303429428379064
0.04106158553398039 0.0013086209129430297
0.04223556528637446 0.001342079598508272
0.04365286500193736 0.0013656635764256594
0.043758702968965696 0.0014188849478296661
0.044191607962819734 0.0014249116583732596
0.052929481081328174 0.001465185841403746
0.05724301792242521 0.0014859676287680714
0.05764359804158113 0.0015621666856260263
0.05817942537572185 0.0016048830579627733
0.060885682916566805 0.0016652009518340553
0.06841753764202056 0.0016760049066525202
0.06863605934722737 0.0016794546610114957
0.07003058836127737 0.0016916104583484144
0.07089228060052784 0.0017210500599422172
0.07165279215971841 0.0017594738599357787
0.0734145357184954 0.0018064283454962587
0.07489443814526844 0.0018406761101200301
0.07533527928758073 0.0018731444461943746
0.076443201335166 0.0018862994195695897
0.07662249908598584 0.001892235040797536
0.07734265475834623 0.0019339676091083397
0.0800800378131481 0.0019917384480128697
