0.00790038320150857 0.000782912473715336
0.008075140710465022 0.0008023480735373862
0.008092379270657153 0.0008255500363554274
0.008240428552034823 0.0008262650812577865
0.008240428552034823 0.0008262650812577865
0.008240428552034823 0.0008262650812577865
0.008393003817706976 0.0008420676577225374
0.008648754916921464 0.0008596613004159174
0.00868241998516954 0.0008743319446092249
0.008929762532829323 0.000963600732185176
0.009150207639874626 0.0009797530657239552
0.009203727966595876 0.0010097959799016606
0.00945899576366815 0.0010435910781658037
0.009683390559358932 0.0010775883006319737
0.009851697710951882 0.0011075629431092778
0.009934938820981336 0.001111097093160035
0.010151527247938899 0.001116987107730972
0.010186207877095895 0.0011220023715407244
0.010400873268491286 0.0011531123164499365
0.010643142353987462 0.0011644325463074298
0.010915281347141089 0.0011830591679528805
0.012068329632105263 0.0012176043193250353
0.012247845083529482 0.0012346929629470506
0.012325270123839289 0.001246251842553146
0.012382742143703798 0.0013336457691611402
0.012594359800417782 0.0013622635434447318
0.015184314809216087 0.00139210647158193
0.016161653434344028 0.0014000062751246991
0.016947225371138557 0.001457777207371417
0.01918980949473144 0.0014771971145472623
0.019611413347896678 0.0014781716318863105
0.021246976628854317 0.0015234919674111335
0.02168166542895854 0.001561946879268854
0.0221789247974552 0.0015627256960450708
0.02282464449665475 0.0017016244885135257
0.029542779820034865 0.0017242818880416338
0.02996454522453463 0.0017682732134082155
0.0300485640940036 0.001795774668050384
0.03090050035150561 0.0018054044444759082
0.03144182520423849 0.0018209235332965461
0.031587591745185765 0.0018934946031600823
