0.007703777966106603 0.0007720806825432092
0.007716748882070121 0.0007998987181411477
0.007785734767035717 0.0008060193616889258
0.007860591920630544 0.000815252101156091
0.007979686548215148 0.0008155246372727894
0.008010564245128719 0.0008295277554652518
0.00817611763528568 0.0008314050115162491
0.008443156072880952 0.0008350120084680195
0.008524228858564076 0.0008991399666378416
0.008905143643905385 0.0009005891829658069
0.00892141449493785 0.0009274101989240149
0.009040375076659758 0.0009297539264188491
0.009074135823382496 0.0009389256505833448
0.009110608259998019 0.0009458438914842497
0.009195728348125461 0.0009623961162929245
0.009226025714041138 0.0009943213204859462
0.009317299956093799 0.0010264201117974072
0.00943685518469357 0.0010281668550533272
0.009501525946734361 0.001034947469869053
0.009525536007422068 0.0010403250485404641
0.009573512870643815 0.0010513377405664114
0.009602714742233384 0.0010696135880295555
0.009740884876747468 0.0010762377818680057
0.009765538554004092 0.001078507050158187
0.009892570472832795 0.0011016873265233213
0.009993783336832913 0.0011480978832206206
0.010390872119307226 0.0011819471402215482
0.010562866351518756 0.0011876208141328043
0.01094579724631135 0.0012055219858809066
0.010998148596546561 0.0012568965073864679
0.011841313957533026 0.001272874289236304
0.012017246506997621 0.0013118946645284133
0.012458986062838046 0.0013138540756023728
0.012469262030486726 0.0013270664049477984
0.012578963587034704 0.0013286827391112673
0.012579291863474985 0.0013943597956281744
0.017813177977966495 0.0013980741613886243
0.018105322581173637 0.001433833631313232
0.018120494649129466 0.0014439667817398084
0.018634888849654422 0.001504056372508
0.018766842593355332 0.0015074091512914337
0.019772400931885113 0.001542842679151033
0.019830676536139444 0.001559116244587782
0.020552004242086214 0.0015707259883511223
0.020900229087459754 0.0015847651406177823
0.022552274996099596 0.0016185114575844118
0.023729608224210934 0.0016239812391978783
0.024106317861391877 0.0017285512545409205
0.025314218560017563 0.001745936079635814
0.029910765736824194 0.0017957453234361228
0.030149436912156248 0.001801792941843682
0.03030587891775286 0.0018224713177319215
