0.032811286646914 0.0005548870977528184
0.03435717050694994 0.0009359350164917914
0.03435717050694994 0.0009359350164917914
0.03435717050694994 0.0009359350164917914
0.03435717050694994 0.0009359350164917914
0.03435717050694994 0.0009359350164917914
0.03435717050694994 0.0009359350164917914
0.03435717050694994 0.0009359350164917914
0.03435717142231502 0.0009359350335636219
0.034696251759107885 0.0009504603289192785
0.03506269342494632 0.0009820853695025012
0.035930142958477546 0.0010147520370985738
0.035930142958477546 0.0010147520370985738
0.03677027629495595 0.0010248525286525585
0.03677027629495595 0.0010248525286525585
0.03677027629495595 0.0010248525286525585
0.03677027629495595 0.0010248525286525585
0.03677027629495595 0.0010248525286525585
0.03677027629495595 0.0010248525286525585
0.03690783996221203 0.0010248697801855126
0.036970350955499776 0.001027547581731115
0.036970350955499776 0.001027547581731115
0.03698269835265558 0.0010280765107634178
0.03698269835265558 0.0010280765107634178
0.03698269835265558 0.0010280765107634178
0.03698269835265558 0.0010280765107634178
0.03698269835265558 0.0010280765107634178
0.03703724712625485 0.0010304132450417419
0.03703724712625485 0.0010304132450417419
0.03703724712625485 0.0010304132450417419
0.03705972959618474 0.001031376333125306
0.03706169098017585 0.0010314603535000705
0.037097288186932656 0.001032985228721634
0.03714165537195305 0.0010842109769539
0.03714165537195305 0.0010842109769539
0.03714165537195305 0.0010842109769539
0.03714165537195305 0.0010842109769539
0.03761181411915138 0.0011121665609098664
0.03766465388543379 0.0011131384689117049
0.03799393627792744 0.0012161502192011558
0.03799393750296128 0.001216150260133169
0.03799393750296128 0.001216150260133169
0.03799393750296128 0.001216150260133169
0.038218823293482085 0.0012240553031506063
0.03866239173979956 0.001244413559352859
0.04866637518490307 0.0012637100114570193
0.04928134973767573 0.0013376678602328189
0.05082055242797294 0.0014384866321009353
0.05082055242797294 0.0014384866321009353
0.05082055242797294 0.0014384866321009353
0.05082055242797294 0.0014384866321009353
0.05082055242797294 0.0014384866321009353
0.05082055242797294 0.0014384866321009353
0.05082055242797294 0.0014384866321009353
0.05082055242797294 0.0014384866321009353
0.05082055242797294 0.0014384866321009353
0.05082055242797294 0.0014384866321009353
0.05082055242797294 0.0014384866321009353
0.05082055242797294 0.0014384866321009353
0.05082055242797294 0.0014384866321009353
0.05082055242797294 0.0014384866321009353
0.05082055242797294 0.0014384866321009353
0.05082055242797294 0.0014384866321009353
0.05082055242797294 0.0014384866321009353
0.05082055242797294 0.0014384866321009353
0.05082055242797294 0.0014384866321009353
0.05082055242797294 0.0014384866321009353
0.05082055242797294 0.0014384866321009353
0.05082055242797294 0.0014384866321009353
0.05082055242797294 0.0014384866321009353
0.05082055242797294 0.0014384866321009353
0.05082055242797294 0.0014384866321009353
0.05082055242797294 0.0014384866321009353
0.05082055242797294 0.0014384866321009353
0.05082055242797294 0.0014384866321009353
0.05082055242797294 0.0014384866321009353
0.05082055242797294 0.0014384866321009353
0.05082055242797294 0.0014384866321009353
0.05082055242797294 0.0014384866321009353
0.05082055242797294 0.0014384866321009353
0.05082055242797294 0.0014384866321009353
0.05082055242797294 0.0014384866321009353
0.05082055242797294 0.0014384866321009353
0.05082055242797294 0.0014384866321009353
0.05082055242797294 0.0014384866321009353
0.05082055242797294 0.0014384866321009353
0.05082055242797294 0.0014384866321009353
0.05082055242797294 0.0014384866321009353
0.05082055242797294 0.0014384866321009353
0.05082055242797294 0.0014384866321009353
0.05082055242797294 0.0014384866321009353
0.05082055242797294 0.0014384866321009353
0.05082055242797294 0.0014384866321009353
0.05082055242797294 0.0014384866321009353
0.05082055242797294 0.0014384866321009353
0.05082055242797294 0.0014384866321009353
0.05082055242797294 0.0014384866321009353
0.0508205537638626 0.0014384866766805294
0.0508205537638626 0.0014384866766805294
0.0508205537638626 0.0014384866766805294
0.0508205537638626 0.0014384866766805294
0.0508205537638626 0.0014384866766805294
0.0508205537638626 0.0014384866766805294
0.0508205537638626 0.0014384866766805294
0.0508205537638626 0.0014384866766805294
0.0508205537638626 0.0014384866766805294
0.05274690431305494 0.001468641515011649
0.05275582007097031 0.0014690234545650452
0.05276523096529648 0.0014694265791278473
0.05279747280362576 0.0014708077321054329
0.05282946275994946 0.0014721780951405079
0.05290442001996529 0.00147538906102295
0.052909725549537046 0.0014756163355316445
0.05293041283051873 0.0014765025225856893
0.05293041283051873 0.0014765025225856893
0.05294830359156005 0.0014772689269504482
0.05297304358339042 0.0014783287211542705
0.05299900202499731 0.0014794407104444806
0.05302023073458913 0.0014803500908328942
0.053034929344335346 0.0014809797394407067
0.053052037075992875 0.0014817125883024008
0.05311162325895326 0.0014923709584138184
0.05311162325895326 0.0014923709584138184
0.05337117903345036 0.0014953837522283958
0.05345210377836476 0.0014988503489918124
0.05350126455454926 0.0015009562634162384
0.05465690532545245 0.001570909947016148
0.05465690532545245 0.001570909947016148
0.05465690532545245 0.001570909947016148
0.05504784370097403 0.001632504666640814
0.0553739652776819 0.0016380829651221828
