0.03561959928766871 0.0009575681823129215
0.04177200581684305 0.0013396941699567262
0.05488700685271923 0.0016267767290950455
0.05505033400410367 0.00162932057106756
0.05505033400410367 0.00162932057106756
0.05505033400410367 0.00162932057106756
0.05505033400410367 0.00162932057106756
0.05505033400410367 0.00162932057106756
0.05505033400410367 0.00162932057106756
0.05505033400410367 0.00162932057106756
0.05505033400410367 0.00162932057106756
0.05505033400410367 0.00162932057106756
0.05505033400410367 0.00162932057106756
0.05505033400410367 0.00162932057106756
0.05505033400410367 0.00162932057106756
0.05505033400410367 0.00162932057106756
0.05505033400410367 0.00162932057106756
0.05505033400410367 0.00162932057106756
0.05505033400410367 0.00162932057106756
0.05505033400410367 0.00162932057106756
0.05505033400410367 0.00162932057106756
0.05505033400410367 0.00162932057106756
0.05505033400410367 0.00162932057106756
0.05505033400410367 0.00162932057106756
0.05505033400410367 0.00162932057106756
0.05505033400410367 0.00162932057106756
0.05505033400410367 0.00162932057106756
0.05505033400410367 0.00162932057106756
0.05505033400410367 0.00162932057106756
0.05505033400410367 0.00162932057106756
0.05505033400410367 0.00162932057106756
0.05505033400410367 0.00162932057106756
0.05505033400410367 0.00162932057106756
0.05505033400410367 0.00162932057106756
0.05505033400410367 0.00162932057106756
0.05505033400410367 0.00162932057106756
0.05505033400410367 0.00162932057106756
0.05505033400410367 0.00162932057106756
0.05505033400410367 0.00162932057106756
0.05505033400410367 0.00162932057106756
0.05505033400410367 0.00162932057106756
0.05505033400410367 0.00162932057106756
0.05505033400410367 0.00162932057106756
0.05505033400410367 0.00162932057106756
0.05505033400410367 0.00162932057106756
0.05505033400410367 0.00162932057106756
0.05505033400410367 0.00162932057106756
0.05505033400410367 0.00162932057106756
0.05505033400410367 0.00162932057106756
0.05505033400410367 0.00162932057106756
0.05505033400410367 0.00162932057106756
0.05505033400410367 0.00162932057106756
0.05505033400410367 0.00162932057106756
0.05505033400410367 0.00162932057106756
0.05505033400410367 0.00162932057106756
0.05505033400410367 0.00162932057106756
0.05505033400410367 0.00162932057106756
0.05505033400410367 0.00162932057106756
0.05505033400410367 0.00162932057106756
0.05505033400410367 0.00162932057106756
0.05505033400410367 0.00162932057106756
0.05505033400410367 0.00162932057106756
0.05505033400410367 0.00162932057106756
0.05505033400410367 0.00162932057106756
0.05505033400410367 0.00162932057106756
0.05505033400410367 0.00162932057106756
0.05505033400410367 0.00162932057106756
0.05505033400410367 0.00162932057106756
0.05505033400410367 0.00162932057106756
0.05505033400410367 0.00162932057106756
0.05505033400410367 0.00162932057106756
0.05505033400410367 0.00162932057106756
0.05505033400410367 0.00162932057106756
0.05505033400410367 0.00162932057106756
0.05505033400410367 0.00162932057106756
0.05505033400410367 0.00162932057106756
0.05505033400410367 0.00162932057106756
0.05505033400410367 0.00162932057106756
0.05505033400410367 0.00162932057106756
0.05505033400410367 0.00162932057106756
0.05505033400410367 0.00162932057106756
0.05505033400410367 0.00162932057106756
0.05505033400410367 0.00162932057106756
0.05505033400410367 0.00162932057106756
0.05505033400410367 0.00162932057106756
0.05505033400410367 0.00162932057106756
0.05505033400410367 0.00162932057106756
0.05505033400410367 0.00162932057106756
0.05505033400410367 0.00162932057106756
0.05505033400410367 0.00162932057106756
0.05505033400410367 0.00162932057106756
0.05505033400410367 0.00162932057106756
0.05505033400410367 0.00162932057106756
0.05505033400410367 0.00162932057106756
0.05505033400410367 0.00162932057106756
0.05505033400410367 0.00162932057106756
0.05505033400410367 0.00162932057106756
0.05505033400410367 0.00162932057106756
0.05505033400410367 0.00162932057106756
0.05505033400410367 0.00162932057106756
0.05505033400410367 0.00162932057106756
0.05505033400410367 0.00162932057106756
0.05505033400410367 0.00162932057106756
0.05505033400410367 0.00162932057106756
0.05505033400410367 0.00162932057106756
0.05505033400410367 0.00162932057106756
0.05505033400410367 0.00162932057106756
0.05505033400410367 0.00162932057106756
0.05505033400410367 0.00162932057106756
0.05505033400410367 0.00162932057106756
0.05505033400410367 0.00162932057106756
0.05505033400410367 0.00162932057106756
0.05505033400410367 0.00162932057106756
0.05505033400410367 0.00162932057106756
0.05505033400410367 0.00162932057106756
0.05505033400410367 0.00162932057106756
0.05505033400410367 0.00162932057106756
0.05505033400410367 0.00162932057106756
0.05505033400410367 0.00162932057106756
0.05505033400410367 0.00162932057106756
0.05505033400410367 0.00162932057106756
0.05505033400410367 0.00162932057106756
0.05505033400410367 0.00162932057106756
0.05505033400410367 0.00162932057106756
0.05505033400410367 0.00162932057106756
0.05505033400410367 0.00162932057106756
0.05505033400410367 0.00162932057106756
0.05505033400410367 0.00162932057106756
0.05505033400410367 0.00162932057106756
0.05505033400410367 0.00162932057106756
0.05505033400410367 0.00162932057106756
0.05505033400410367 0.00162932057106756
0.05505033400410367 0.00162932057106756
0.05505033400410367 0.00162932057106756
0.05505033400410367 0.00162932057106756
0.05505033400410367 0.00162932057106756
0.05505033400410367 0.00162932057106756
0.05505033400410367 0.00162932057106756
0.05505033400410367 0.00162932057106756
0.05505033400410367 0.00162932057106756
0.05505033400410367 0.00162932057106756
0.05505033400410367 0.00162932057106756
0.05505033400410367 0.00162932057106756
0.05505033400410367 0.00162932057106756
0.05505033400410367 0.00162932057106756
0.05505033400410367 0.00162932057106756
0.05505033400410367 0.00162932057106756
0.05505033400410367 0.00162932057106756
0.05505033400410367 0.00162932057106756
0.05505033400410367 0.00162932057106756
0.05505033400410367 0.00162932057106756
0.05505033400410367 0.00162932057106756
0.05505033400410367 0.00162932057106756
0.05505033400410367 0.00162932057106756
0.05505033400410367 0.00162932057106756
0.05505033400410367 0.00162932057106756
0.05505033400410367 0.00162932057106756
0.05505033400410367 0.00162932057106756
0.05505033400410367 0.00162932057106756
0.05505033400410367 0.00162932057106756
0.05505033400410367 0.00162932057106756
0.05505033400410367 0.00162932057106756
0.05505033400410367 0.00162932057106756
0.05505033400410367 0.00162932057106756
0.05505033400410367 0.00162932057106756
0.05505033400410367 0.00162932057106756
0.05505033400410367 0.00162932057106756
0.05505033400410367 0.00162932057106756
0.05505033400410367 0.00162932057106756
0.05505033400410367 0.00162932057106756
0.05505033400410367 0.00162932057106756
0.05505033400410367 0.00162932057106756
0.05505033400410367 0.00162932057106756
0.05505033400410367 0.00162932057106756
0.05505033400410367 0.00162932057106756
0.05505033400410367 0.00162932057106756
0.05505033400410367 0.00162932057106756
0.05505033400410367 0.00162932057106756
0.05505033400410367 0.00162932057106756
0.05505033400410367 0.00162932057106756
0.05505033400410367 0.00162932057106756
0.05505033400410367 0.00162932057106756
0.05505033400410367 0.00162932057106756
0.05505033400410367 0.00162932057106756
0.05505033400410367 0.00162932057106756
0.05505033400410367 0.00162932057106756
0.05505033400410367 0.00162932057106756
0.05505033400410367 0.00162932057106756
0.05505033400410367 0.00162932057106756
0.05505033400410367 0.00162932057106756
0.05505033400410367 0.00162932057106756
0.05505033400410367 0.00162932057106756
0.05505033400410367 0.00162932057106756
0.05505033400410367 0.00162932057106756
0.05505033400410367 0.00162932057106756
0.05505033400410367 0.00162932057106756
0.05505033400410367 0.00162932057106756
0.05505033400410367 0.00162932057106756
0.05505033400410367 0.00162932057106756
0.05505033400410367 0.00162932057106756
0.05505033400410367 0.00162932057106756
0.05505033400410367 0.00162932057106756
0.05505033400410367 0.00162932057106756
0.05505033400410367 0.00162932057106756
0.05505033400410367 0.00162932057106756
0.05505033400410367 0.00162932057106756
0.05505033400410367 0.00162932057106756
0.05505033400410367 0.00162932057106756
0.05505033400410367 0.00162932057106756
0.05505033400410367 0.00162932057106756
0.05505033400410367 0.00162932057106756
0.05505033400410367 0.00162932057106756
0.05505033400410367 0.00162932057106756
0.05505033400410367 0.00162932057106756
0.05505033400410367 0.00162932057106756
0.05505033400410367 0.00162932057106756
0.05505033400410367 0.00162932057106756
0.05505033400410367 0.00162932057106756
0.05505033400410367 0.00162932057106756
0.05505033400410367 0.00162932057106756
0.05505033400410367 0.00162932057106756
0.05505033400410367 0.00162932057106756
0.05505033400410367 0.00162932057106756
0.05505033400410367 0.00162932057106756
0.05505033400410367 0.00162932057106756
0.05505033400410367 0.00162932057106756
0.05505033400410367 0.00162932057106756
0.05505033400410367 0.00162932057106756
0.05505033400410367 0.00162932057106756
0.05505033400410367 0.00162932057106756
0.05505033400410367 0.00162932057106756
0.05505033400410367 0.00162932057106756
0.05505033400410367 0.00162932057106756
0.05505033400410367 0.00162932057106756
0.05505033400410367 0.00162932057106756
0.05505033400410367 0.00162932057106756
0.05505033400410367 0.00162932057106756
0.05505033400410367 0.00162932057106756
0.05505033400410367 0.00162932057106756
0.05505033400410367 0.00162932057106756
0.05505033400410367 0.00162932057106756
0.05505033400410367 0.00162932057106756
0.05505033400410367 0.00162932057106756
0.05505033400410367 0.00162932057106756
0.05505033400410367 0.00162932057106756
0.05505033400410367 0.00162932057106756
0.05505033400410367 0.00162932057106756
0.05505033400410367 0.00162932057106756
0.05505033400410367 0.00162932057106756
0.05505033400410367 0.00162932057106756
0.05505033400410367 0.00162932057106756
0.05505033400410367 0.00162932057106756
0.05505033400410367 0.00162932057106756
0.05505033400410367 0.00162932057106756
0.05505033400410367 0.00162932057106756
0.05505033400410367 0.00162932057106756
0.05505033400410367 0.00162932057106756
0.05505033400410367 0.00162932057106756
0.05505033400410367 0.00162932057106756
0.05505033400410367 0.00162932057106756
0.05505033400410367 0.00162932057106756
0.05505033400410367 0.00162932057106756
0.05505033400410367 0.00162932057106756
0.05505033400410367 0.00162932057106756
0.05505033400410367 0.00162932057106756
0.05505033400410367 0.00162932057106756
0.05505033400410367 0.00162932057106756
0.05505033400410367 0.00162932057106756
0.05505033400410367 0.00162932057106756
0.05505033400410367 0.00162932057106756
0.05505033400410367 0.00162932057106756
0.05505033400410367 0.00162932057106756
0.05505033400410367 0.00162932057106756
0.05505033400410367 0.00162932057106756
0.05505033400410367 0.00162932057106756
0.05505033400410367 0.00162932057106756
0.05505033400410367 0.00162932057106756
0.05505033400410367 0.00162932057106756
0.05505033400410367 0.00162932057106756
0.05505033400410367 0.00162932057106756
0.05505033400410367 0.00162932057106756
0.05505033400410367 0.00162932057106756
0.05505033400410367 0.00162932057106756
0.05505033400410367 0.00162932057106756
0.05505033400410367 0.00162932057106756
0.05505033400410367 0.00162932057106756
0.05505033400410367 0.00162932057106756
0.05505033400410367 0.00162932057106756
0.05505033400410367 0.00162932057106756
0.05505033400410367 0.00162932057106756
0.05505033400410367 0.00162932057106756
0.05505033400410367 0.00162932057106756
0.05505033400410367 0.00162932057106756
0.05505033400410367 0.00162932057106756
0.05505033400410367 0.00162932057106756
0.05505033400410367 0.00162932057106756
0.05505033400410367 0.00162932057106756
0.05505033400410367 0.00162932057106756
0.05505033400410367 0.00162932057106756
0.05505033400410367 0.00162932057106756
0.05505033400410367 0.00162932057106756
0.05505033400410367 0.00162932057106756
0.05505033400410367 0.00162932057106756
0.05505033400410367 0.00162932057106756
0.05505033400410367 0.00162932057106756
0.05505033400410367 0.00162932057106756
0.05505033400410367 0.00162932057106756
0.05505033400410367 0.00162932057106756
0.05505033400410367 0.00162932057106756
0.05505033400410367 0.00162932057106756
0.05505033400410367 0.00162932057106756
0.05505033400410367 0.00162932057106756
0.05505033400410367 0.00162932057106756
0.05505033400410367 0.00162932057106756
0.05505033400410367 0.00162932057106756
0.05505033400410367 0.00162932057106756
0.05505033400410367 0.00162932057106756
0.05505033400410367 0.00162932057106756
0.05505033400410367 0.00162932057106756
0.05505033400410367 0.00162932057106756
0.05505033400410367 0.00162932057106756
0.05505033400410367 0.00162932057106756
0.05505033400410367 0.00162932057106756
0.05505033400410367 0.00162932057106756
0.05505033400410367 0.00162932057106756
0.05505033400410367 0.00162932057106756
0.05505033400410367 0.00162932057106756
0.05505033400410367 0.00162932057106756
0.05505033400410367 0.00162932057106756
0.05505033400410367 0.00162932057106756
0.05505033400410367 0.00162932057106756
0.05505033400410367 0.00162932057106756
0.05505033400410367 0.00162932057106756
0.05505033400410367 0.00162932057106756
0.05505033400410367 0.00162932057106756
0.05505033400410367 0.00162932057106756
0.05505033400410367 0.00162932057106756
0.05505033400410367 0.00162932057106756
0.05505033400410367 0.00162932057106756
0.05505033400410367 0.00162932057106756
0.05505033400410367 0.00162932057106756
0.05505033400410367 0.00162932057106756
0.05505033400410367 0.00162932057106756
0.05505033400410367 0.00162932057106756
0.05505033400410367 0.00162932057106756
0.05505033400410367 0.00162932057106756
0.05505033400410367 0.00162932057106756
0.05505033400410367 0.00162932057106756
0.05505033400410367 0.00162932057106756
0.05505033400410367 0.00162932057106756
0.05505033400410367 0.00162932057106756
0.05505033400410367 0.00162932057106756
0.05505033400410367 0.00162932057106756
0.05505033400410367 0.00162932057106756
0.05505033400410367 0.00162932057106756
0.05505033400410367 0.00162932057106756
0.05505033400410367 0.00162932057106756
0.05505033400410367 0.00162932057106756
0.05505033400410367 0.00162932057106756
0.05505033400410367 0.00162932057106756
0.05505033400410367 0.00162932057106756
0.05505033400410367 0.00162932057106756
0.05505033400410367 0.00162932057106756
0.05505033400410367 0.00162932057106756
0.05505033400410367 0.00162932057106756
0.05505033400410367 0.00162932057106756
0.05505033400410367 0.00162932057106756
0.05505033400410367 0.00162932057106756
0.05505033400410367 0.00162932057106756
0.05505033400410367 0.00162932057106756
0.05505033400410367 0.00162932057106756
0.05505033400410367 0.00162932057106756
0.05505033400410367 0.00162932057106756
0.05505033400410367 0.00162932057106756
0.05505033400410367 0.00162932057106756
0.05505033400410367 0.00162932057106756
0.05505033400410367 0.00162932057106756
0.05505033400410367 0.00162932057106756
0.05505033400410367 0.00162932057106756
0.05505033400410367 0.00162932057106756
0.05505033400410367 0.00162932057106756
0.05505033400410367 0.00162932057106756
0.05505033400410367 0.00162932057106756
0.05505033400410367 0.00162932057106756
0.05505033400410367 0.00162932057106756
0.05505033400410367 0.00162932057106756
0.05505033400410367 0.00162932057106756
0.05505033400410367 0.00162932057106756
0.05505033400410367 0.00162932057106756
0.05505033400410367 0.00162932057106756
0.05505033400410367 0.00162932057106756
0.05505033400410367 0.00162932057106756
0.05505033400410367 0.00162932057106756
0.05505033400410367 0.00162932057106756
0.05505033400410367 0.00162932057106756
0.05505033400410367 0.00162932057106756
0.05505033400410367 0.00162932057106756
0.05505033400410367 0.00162932057106756
0.05505033400410367 0.00162932057106756
0.05505033400410367 0.00162932057106756
0.05505033400410367 0.00162932057106756
0.05505033400410367 0.00162932057106756
0.05505033400410367 0.00162932057106756
0.05505033400410367 0.00162932057106756
0.05505033400410367 0.00162932057106756
0.05505033400410367 0.00162932057106756
0.05505033400410367 0.00162932057106756
0.05505033400410367 0.00162932057106756
0.05505033400410367 0.00162932057106756
0.05505033400410367 0.00162932057106756
0.05505033400410367 0.00162932057106756
0.05505033400410367 0.00162932057106756
0.05505033400410367 0.00162932057106756
0.05505033400410367 0.00162932057106756
0.05505033400410367 0.00162932057106756
0.05505033400410367 0.00162932057106756
0.05505033400410367 0.00162932057106756
0.05505033400410367 0.00162932057106756
0.05505033400410367 0.00162932057106756
0.05505033400410367 0.00162932057106756
0.05505033400410367 0.00162932057106756
0.05505033400410367 0.00162932057106756
0.05505033400410367 0.00162932057106756
0.05505033400410367 0.00162932057106756
0.05505033400410367 0.00162932057106756
0.05505033400410367 0.00162932057106756
0.05505033400410367 0.00162932057106756
0.05505033400410367 0.00162932057106756
0.05505033400410367 0.00162932057106756
0.05505033400410367 0.00162932057106756
0.05505033400410367 0.00162932057106756
0.05505033400410367 0.00162932057106756
0.05505033400410367 0.00162932057106756
0.05505033400410367 0.00162932057106756
0.05505033400410367 0.00162932057106756
0.05505033400410367 0.00162932057106756
0.05505033400410367 0.00162932057106756
0.05505033400410367 0.00162932057106756
0.05505033400410367 0.00162932057106756
0.05505033400410367 0.00162932057106756
0.05505033400410367 0.00162932057106756
0.05505033400410367 0.00162932057106756
0.05505033400410367 0.00162932057106756
0.05505033400410367 0.00162932057106756
0.05505033400410367 0.00162932057106756
0.05505033400410367 0.00162932057106756
0.05505033400410367 0.00162932057106756
0.05505033400410367 0.00162932057106756
0.05505033400410367 0.00162932057106756
0.05505033400410367 0.00162932057106756
0.05505033400410367 0.00162932057106756
0.05505033400410367 0.00162932057106756
0.05505033400410367 0.00162932057106756
0.05505033400410367 0.00162932057106756
0.05505033400410367 0.00162932057106756
0.05505033400410367 0.00162932057106756
0.05505033400410367 0.00162932057106756
0.05505033400410367 0.00162932057106756
0.05505033400410367 0.00162932057106756
0.05505033400410367 0.00162932057106756
0.05505033400410367 0.00162932057106756
0.05505033400410367 0.00162932057106756
0.05505033400410367 0.00162932057106756
0.05505033400410367 0.00162932057106756
0.05505033400410367 0.00162932057106756
0.05505033400410367 0.00162932057106756
0.05505033400410367 0.00162932057106756
0.05505033400410367 0.00162932057106756
0.05505033400410367 0.00162932057106756
0.05505033400410367 0.00162932057106756
0.05526141227772746 0.001639096102310752
0.05526141227772746 0.001639096102310752
0.057492111496153187 0.001667351578277109
0.057492111496153187 0.001667351578277109
0.05870343190889711 0.0016862180637917082
0.05870343190889711 0.0016862180637917082
0.05870343190889711 0.0016862180637917082
0.058740056890637625 0.001687423165415306
0.058740056890637625 0.001687423165415306
0.05876489169700953 0.0016882403257126723
0.059206660544951974 0.0017027762139934447
0.05923674215701595 0.0017037660143039985
0.05932764902413104 0.001706757198589955
0.059343189457318195 0.0017072685383932233
0.059343189457318195 0.0017072685383932233
0.05934390625101363 0.0017072921236525782
0.05935694788329006 0.0017077212433304029
0.05941417154378952 0.0017096041210436363
0.05944178528371496 0.0017105127189038715
0.05944737208418957 0.0017106965460482748
0.05944737208418957 0.0017106965460482748
0.05944737208418957 0.0017106965460482748
0.05944737208418957 0.0017106965460482748
0.05944737208418957 0.0017106965460482748
0.05944737208418957 0.0017106965460482748
0.05944737208418957 0.0017106965460482748
0.05944737208418957 0.0017106965460482748
0.05944737208418957 0.0017106965460482748
0.05944737208418957 0.0017106965460482748
0.05944737208418957 0.0017106965460482748
