0.03571434893719691 0.0009975120420114834
0.0357606090019088 0.0010047439885220838
0.036021395608848816 0.0010049801773423215
0.037299374887671696 0.0010584528578001145
0.037391857874909576 0.001058536617652294
0.03799393627792744 0.0012161502192011558
0.03815996581265464 0.0012216132277475947
0.03842396983042343 0.001233470819048389
0.03863786391291571 0.0012432878170059191
0.03863786391291571 0.0012432878170059191
0.04131611167271476 0.0012457134483913387
0.04131611167271476 0.0012457134483913387
0.04135836109422518 0.0012523184151447598
0.04135836109422518 0.0012523184151447598
0.04135836109422518 0.0012523184151447598
0.04135836109422518 0.0012523184151447598
0.04135836109422518 0.0012523184151447598
0.04135836109422518 0.0012523184151447598
0.04135836109422518 0.0012523184151447598
0.04135836109422518 0.0012523184151447598
0.04135836109422518 0.0012523184151447598
0.04135836109422518 0.0012523184151447598
0.04135836109422518 0.0012523184151447598
0.04135836109422518 0.0012523184151447598
0.04135836109422518 0.0012523184151447598
0.04135836109422518 0.0012523184151447598
0.04135836109422518 0.0012523184151447598
0.04135836109422518 0.0012523184151447598
0.04135836109422518 0.0012523184151447598
0.04135836109422518 0.0012523184151447598
0.04135836109422518 0.0012523184151447598
0.04135836109422518 0.0012523184151447598
0.04135836109422518 0.0012523184151447598
0.04135836109422518 0.0012523184151447598
0.04135836109422518 0.0012523184151447598
0.04135836109422518 0.0012523184151447598
0.04135836109422518 0.0012523184151447598
0.04135836109422518 0.0012523184151447598
0.04135836109422518 0.0012523184151447598
0.04135836109422518 0.0012523184151447598
0.04135836109422518 0.0012523184151447598
0.04135836109422518 0.0012523184151447598
0.04135836109422518 0.0012523184151447598
0.04135836109422518 0.0012523184151447598
0.04135836109422518 0.0012523184151447598
0.04135836109422518 0.0012523184151447598
0.04135836109422518 0.0012523184151447598
0.04135836109422518 0.0012523184151447598
0.04135836109422518 0.0012523184151447598
0.04135836109422518 0.0012523184151447598
0.04135836109422518 0.0012523184151447598
0.04135836109422518 0.0012523184151447598
0.04135836109422518 0.0012523184151447598
0.04135836109422518 0.0012523184151447598
0.04135836109422518 0.0012523184151447598
0.04135836109422518 0.0012523184151447598
0.04135836109422518 0.0012523184151447598
0.04135836109422518 0.0012523184151447598
0.04135836109422518 0.0012523184151447598
0.04135836109422518 0.0012523184151447598
0.04135836109422518 0.0012523184151447598
0.04135836109422518 0.0012523184151447598
0.04135836109422518 0.0012523184151447598
0.04135836109422518 0.0012523184151447598
0.04135836109422518 0.0012523184151447598
0.04135836109422518 0.0012523184151447598
0.04135836109422518 0.0012523184151447598
0.04135836109422518 0.0012523184151447598
0.04135836243011484 0.0012523184597243542
0.04135836243011484 0.0012523184597243542
0.04135836243011484 0.0012523184597243542
0.04135836243011484 0.0012523184597243542
0.04135836243011484 0.0012523184597243542
0.04135836243011484 0.0012523184597243542
0.04135836243011484 0.0012523184597243542
0.04135836243011484 0.0012523184597243542
0.04135836243011484 0.0012523184597243542
0.04135836243011484 0.0012523184597243542
0.04135836243011484 0.0012523184597243542
0.04135836243011484 0.0012523184597243542
0.04135836243011484 0.0012523184597243542
0.04135836243011484 0.0012523184597243542
0.04135836243011484 0.0012523184597243542
0.04135836243011484 0.0012523184597243542
0.04135836243011484 0.0012523184597243542
0.04135836243011484 0.0012523184597243542
0.04135836243011484 0.0012523184597243542
0.04135836243011484 0.0012523184597243542
0.04135836243011484 0.0012523184597243542
0.04135836243011484 0.0012523184597243542
0.04135836243011484 0.0012523184597243542
0.04135836243011484 0.0012523184597243542
0.04135836243011484 0.0012523184597243542
0.04135836243011484 0.0012523184597243542
0.04135836243011484 0.0012523184597243542
0.04135836243011484 0.0012523184597243542
0.04135836243011484 0.0012523184597243542
0.04135836243011484 0.0012523184597243542
0.04135836243011484 0.0012523184597243542
0.04135836243011484 0.0012523184597243542
0.04135836243011484 0.0012523184597243542
0.04135836243011484 0.0012523184597243542
0.04135836243011484 0.0012523184597243542
0.04135836243011484 0.0012523184597243542
0.04135836243011484 0.0012523184597243542
0.04135836243011484 0.0012523184597243542
0.04135836243011484 0.0012523184597243542
0.04135836243011484 0.0012523184597243542
0.04135836243011484 0.0012523184597243542
0.04135836243011484 0.0012523184597243542
0.04135836243011484 0.0012523184597243542
0.04135836243011484 0.0012523184597243542
0.04135836243011484 0.0012523184597243542
0.04136894653409833 0.0012782290078461977
0.041413897274822434 0.001279708050621935
0.041413897274822434 0.001279708050621935
0.041413897274822434 0.001279708050621935
0.04167668603543569 0.0013031970880055337
0.04167668603543569 0.0013031970880055337
0.04167668603543569 0.0013031970880055337
0.04167668603543569 0.0013031970880055337
0.04185290554084244 0.0013493176998294995
0.042072123971998665 0.001363492448734954
0.05252228839089107 0.001398369618691087
0.05480386677941486 0.001461733943510648
0.05504784359011822 0.0016325046629932327
0.05504784359011822 0.0016325046629932327
0.05504784359011822 0.0016325046629932327
