0.03226315965001419 0.0007378548318912254
0.03290617028125582 0.0008464218092288679
0.033241260212886994 0.0008992172785678668
0.03376620815034694 0.0009384583740996465
0.03376620815034694 0.0009384583740996465
0.03450197023024005 0.0009454067543693011
0.03450197023024005 0.0009454067543693011
0.03450197023024005 0.0009454067543693011
0.03450197023024005 0.0009454067543693011
0.034520334043785086 0.0009466080288509115
0.034520334043785086 0.0009466080288509115
0.03512974163784191 0.0009722987801898346
0.0362016807139028 0.0010158004173630932
0.03639114003174391 0.0010642636195747675
0.036487088028867486 0.0011178377891603289
0.0376491504015633 0.001157402640077652
0.0378448319447712 0.001169474393431179
0.0378448319447712 0.001169474393431179
0.037995949263353514 0.0012162364384964357
0.037998454429992196 0.0012163437530461527
0.03800847281904228 0.0012167729263291936
0.038021251870130925 0.0012173203335998845
0.038024551289000286 0.0012174616717627142
0.038024551289000286 0.0012174616717627142
0.038024551289000286 0.0012174616717627142
0.03817992187640239 0.0012222698627701778
0.03817992187640239 0.0012222698627701778
0.03817992187640239 0.0012222698627701778
0.03817992187640239 0.0012222698627701778
0.03817992187640239 0.0012222698627701778
0.03817992187640239 0.0012222698627701778
0.03817992187640239 0.0012222698627701778
0.03817992187640239 0.0012222698627701778
0.03817992187640239 0.0012222698627701778
0.03817992187640239 0.0012222698627701778
0.03817992187640239 0.0012222698627701778
0.03817992187640239 0.0012222698627701778
0.03817992187640239 0.0012222698627701778
0.03817992187640239 0.0012222698627701778
0.03817992187640239 0.0012222698627701778
0.03817992187640239 0.0012222698627701778
0.03817992187640239 0.0012222698627701778
0.03817992187640239 0.0012222698627701778
0.03817992187640239 0.0012222698627701778
0.03817992187640239 0.0012222698627701778
0.03817992187640239 0.0012222698627701778
0.03817992187640239 0.0012222698627701778
0.03817992187640239 0.0012222698627701778
0.03817992187640239 0.0012222698627701778
0.03817992187640239 0.0012222698627701778
0.03817992187640239 0.0012222698627701778
0.03817992187640239 0.0012222698627701778
0.03817992187640239 0.0012222698627701778
0.03817992187640239 0.0012222698627701778
0.03817992187640239 0.0012222698627701778
0.03817992187640239 0.0012222698627701778
0.03817992187640239 0.0012222698627701778
0.03817992187640239 0.0012222698627701778
0.03817992187640239 0.0012222698627701778
0.03817992187640239 0.0012222698627701778
0.03817992187640239 0.0012222698627701778
0.03817992187640239 0.0012222698627701778
0.03817992187640239 0.0012222698627701778
0.03817992187640239 0.0012222698627701778
0.03817992187640239 0.0012222698627701778
0.03817992187640239 0.0012222698627701778
0.03817992274148456 0.0012222698871816552
0.03817992274148456 0.0012222698871816552
0.03817992274148456 0.0012222698871816552
0.03817992274148456 0.0012222698871816552
0.03817992274148456 0.0012222698871816552
0.03817992274148456 0.0012222698871816552
0.03817992274148456 0.0012222698871816552
0.03817992274148456 0.0012222698871816552
0.03817992274148456 0.0012222698871816552
0.03817992274148456 0.0012222698871816552
0.03817992274148456 0.0012222698871816552
0.03817992274148456 0.0012222698871816552
0.03817992274148456 0.0012222698871816552
0.03817992274148456 0.0012222698871816552
0.03817992274148456 0.0012222698871816552
0.03817992274148456 0.0012222698871816552
0.03817992274148456 0.0012222698871816552
0.03817992274148456 0.0012222698871816552
0.03817992274148456 0.0012222698871816552
0.03817992274148456 0.0012222698871816552
0.03817992274148456 0.0012222698871816552
0.03817992274148456 0.0012222698871816552
0.03817992274148456 0.0012222698871816552
0.03817992274148456 0.0012222698871816552
0.03817992274148456 0.0012222698871816552
0.03817992274148456 0.0012222698871816552
0.03817992274148456 0.0012222698871816552
0.03817992274148456 0.0012222698871816552
0.03817992274148456 0.0012222698871816552
0.03817992274148456 0.0012222698871816552
0.03817992274148456 0.0012222698871816552
0.03817992274148456 0.0012222698871816552
0.03817992274148456 0.0012222698871816552
0.03817992274148456 0.0012222698871816552
0.03817992274148456 0.0012222698871816552
0.03817992274148456 0.0012222698871816552
0.03817992274148456 0.0012222698871816552
0.03817992274148456 0.0012222698871816552
0.03817992274148456 0.0012222698871816552
0.03817992274148456 0.0012222698871816552
0.03817992274148456 0.0012222698871816552
0.03817992274148456 0.0012222698871816552
0.03817992274148456 0.0012222698871816552
0.03817992274148456 0.0012222698871816552
0.03817992274148456 0.0012222698871816552
0.03817992274148456 0.0012222698871816552
0.03817992274148456 0.0012222698871816552
0.03817992274148456 0.0012222698871816552
0.03817992274148456 0.0012222698871816552
0.03817992274148456 0.0012222698871816552
0.03817992274148456 0.0012222698871816552
0.03817992274148456 0.0012222698871816552
0.03817992274148456 0.0012222698871816552
0.03817992274148456 0.0012222698871816552
0.03817992274148456 0.0012222698871816552
0.03817992274148456 0.0012222698871816552
0.03817992274148456 0.0012222698871816552
0.03817992274148456 0.0012222698871816552
0.03817992274148456 0.0012222698871816552
0.03817992274148456 0.0012222698871816552
0.03817992274148456 0.0012222698871816552
0.03817992274148456 0.0012222698871816552
0.03817992274148456 0.0012222698871816552
0.03817992274148456 0.0012222698871816552
0.03817992274148456 0.0012222698871816552
0.03817992274148456 0.0012222698871816552
0.03817992274148456 0.0012222698871816552
0.03817992274148456 0.0012222698871816552
0.03817992274148456 0.0012222698871816552
0.03818883626595968 0.0012244991949579723
0.038197252967938765 0.001224859756307516
0.03823455591022121 0.0012264577006163987
0.038242915567961555 0.0012268158056990483
0.038242915567961555 0.0012268158056990483
0.03826248522850175 0.001227654129568466
0.038283979002708794 0.001228574864606662
0.038289266170788545 0.0012288013525587995
0.03830589226638681 0.001229513569436964
0.03830589226638681 0.001229513569436964
0.03830589226638681 0.001229513569436964
0.03833221181733628 0.0012306410276727918
0.03833373762786907 0.001230706376614721
0.03834864009725718 0.0012313447580171264
0.0383865114572421 0.00123296707709255
0.03840734327612233 0.0012338594557584656
0.03844070085166316 0.0012352883912482109
0.038454893343360774 0.0012358963591304181
0.03846816211076876 0.001236464757167381
0.03846816211076876 0.001236464757167381
0.038487942222255676 0.0012373120961850274
0.038487942222255676 0.0012373120961850274
0.038487942222255676 0.0012373120961850274
0.038580352239284264 0.0012412706782340527
0.03858127455115143 0.0012413101875749465
0.03859740112000591 0.0012420010060811414
0.038617519194735744 0.0012428628098819243
0.038617519194735744 0.0012428628098819243
0.038617519194735744 0.0012428628098819243
0.038621944785114166 0.0012430523901802407
0.03864739993351739 0.0012441428197535462
0.0386482766535911 0.0012441803887118627
0.03866239091471307 0.001244784992761918
0.03866239091471307 0.001244784992761918
0.03866347706758572 0.0012448315206074728
0.03868614456485803 0.0012458025347609559
0.04135836120508099 0.001252318418792341
0.04135836120508099 0.001252318418792341
0.04135836243011484 0.0012523184597243542
0.04135836243011484 0.0012523184597243542
0.04135836243011484 0.0012523184597243542
0.04135836243011484 0.0012523184597243542
0.04135836243011484 0.0012523184597243542
0.04135836243011484 0.0012523184597243542
0.04135836243011484 0.0012523184597243542
0.0415549315891945 0.0012843486200125433
0.04183563875005879 0.0013487495562458512
0.04184127399452425 0.0013489349773831926
0.04185685554959863 0.001349447669630426
0.04186537925878208 0.0013497281329493786
0.04187912581756192 0.0013501804467867598
0.04187912581756192 0.0013501804467867598
0.04192019590136518 0.001351531809925693
0.041922632296072335 0.0013516119772716021
0.041973742031080175 0.0013532936827837082
0.041973742031080175 0.0013532936827837082
0.041993410407845294 0.0013539408483728018
0.041993410407845294 0.0013539408483728018
0.041993410407845294 0.0013539408483728018
0.041993410407845294 0.0013539408483728018
0.042016274303074405 0.0013546931575172737
0.042016274303074405 0.0013546931575172737
0.042016274303074405 0.0013546931575172737
0.042016274303074405 0.0013546931575172737
0.04201943241856142 0.001360241871798859
0.04207212274696481 0.0013634924078029407
0.04207212274696481 0.0013634924078029407
0.04207212274696481 0.0013634924078029407
0.04207212274696481 0.0013634924078029407
0.04207212274696481 0.0013634924078029407
0.04207212274696481 0.0013634924078029407
0.04207212274696481 0.0013634924078029407
0.04207212274696481 0.0013634924078029407
0.04207212274696481 0.0013634924078029407
0.04207212274696481 0.0013634924078029407
0.042072123971998665 0.001363492448734954
0.042072123971998665 0.001363492448734954
0.042072123971998665 0.001363492448734954
0.042072123971998665 0.001363492448734954
0.042072123971998665 0.001363492448734954
0.042072123971998665 0.001363492448734954
0.042072123971998665 0.001363492448734954
0.042072123971998665 0.001363492448734954
0.042072123971998665 0.001363492448734954
0.042072123971998665 0.001363492448734954
0.042072123971998665 0.001363492448734954
0.042072123971998665 0.001363492448734954
0.042072123971998665 0.001363492448734954
0.042072123971998665 0.001363492448734954
0.042072123971998665 0.001363492448734954
0.042072123971998665 0.001363492448734954
0.04951865609087745 0.0013956492537042751
0.05083690611673271 0.0014388712720806007
0.05103698776107374 0.001443577046268784
0.05165451891318165 0.0014581009280849261
0.05240034783505906 0.001463092154394482
0.052741338300212603 0.0014684031259637044
0.0527413399158981 0.0014684031639634475
0.05274134078098027 0.0014684031883749249
0.05274134078098027 0.0014684031883749249
0.05274134078098027 0.0014684031883749249
0.05274134078098027 0.0014684031883749249
0.05274134078098027 0.0014684031883749249
0.05274134078098027 0.0014684031883749249
0.05274134078098027 0.0014684031883749249
0.05285551039233387 0.0014863473667226582
0.05353122485979621 0.0015022396816996068
0.0545370867808883 0.0015058847173664513
0.055167939438155206 0.0015815047078444919
0.05519387068097343 0.0016347790780091005
0.05519387068097343 0.0016347790780091005
0.05519387068097343 0.0016347790780091005
0.05519387068097343 0.0016347790780091005
0.05519387068097343 0.0016347790780091005
0.055299265669390675 0.0016364205951125944
0.0553219411231673 0.0016367737683025622
0.055363599990164526 0.0016374226344357348
0.05538936775943397 0.0016378239708482666
0.05547272289237929 0.0016391222380623424
0.055474724139132875 0.001639153407745068
0.0555524359773775 0.0016403637561252752
0.0555524359773775 0.0016403637561252752
0.05559655976672054 0.001641051013749814
0.05559655976672054 0.001641051013749814
0.05559655976672054 0.001641051013749814
0.055612308708563984 0.0016412963056008287
0.05564283783444658 0.0016417717769990627
0.05566983520269391 0.0016421922645782122
0.05569494371324386 0.0016425833567219785
0.05569991248378766 0.0016426607459800043
0.05577027191548106 0.001643756579656285
0.05598682807098615 0.001647129494177089
0.05610189975931741 0.0016489217509338126
0.05645531100595245 0.0016544261778164732
0.05657949706808537 0.0016563603921499579
0.05670279451387438 0.0016582807423934866
0.05670374037411857 0.0016582954980647565
0.05670374037411857 0.0016582954980647565
0.05670374037411857 0.0016582954980647565
0.05671768021770169 0.0016585125891982913
0.056829564756677345 0.0016602552294554382
0.05683784909392503 0.0016603842591031513
0.05689734954874807 0.001661310986552198
0.056901202063236525 0.0016613709899746074
0.056901202063236525 0.0016613709899746074
0.05715461584575916 0.0016685408017361146
0.05715461584575916 0.0016685408017361146
0.05715461584575916 0.0016685408017361146
0.05715461584575916 0.0016685408017361146
0.05715461584575916 0.0016685408017361146
0.05715461584575916 0.0016685408017361146
0.05715461584575916 0.0016685408017361146
0.05715461584575916 0.0016685408017361146
0.05715461584575916 0.0016685408017361146
0.05715461584575916 0.0016685408017361146
0.05715461584575916 0.0016685408017361146
0.05715461584575916 0.0016685408017361146
0.05715461584575916 0.0016685408017361146
0.057154617181648826 0.0016685408463157087
0.057154617181648826 0.0016685408463157087
0.057154617181648826 0.0016685408463157087
0.057154617181648826 0.0016685408463157087
0.057154617181648826 0.0016685408463157087
0.057154617181648826 0.0016685408463157087
0.057154617181648826 0.0016685408463157087
0.057154617181648826 0.0016685408463157087
0.057154617181648826 0.0016685408463157087
0.057154617181648826 0.0016685408463157087
0.057154617181648826 0.0016685408463157087
0.057154617181648826 0.0016685408463157087
0.057154617181648826 0.0016685408463157087
0.057154617181648826 0.0016685408463157087
0.057154617181648826 0.0016685408463157087
0.057154617181648826 0.0016685408463157087
0.057154617181648826 0.0016685408463157087
0.057154617181648826 0.0016685408463157087
0.057154617181648826 0.0016685408463157087
0.057154617181648826 0.0016685408463157087
0.057154617181648826 0.0016685408463157087
0.057154617181648826 0.0016685408463157087
0.057154617181648826 0.0016685408463157087
0.057154617181648826 0.0016685408463157087
0.057154617181648826 0.0016685408463157087
0.057154617181648826 0.0016685408463157087
0.057154617181648826 0.0016685408463157087
0.057154617181648826 0.0016685408463157087
0.057154617181648826 0.0016685408463157087
0.057154617181648826 0.0016685408463157087
0.057154617181648826 0.0016685408463157087
0.057154617181648826 0.0016685408463157087
0.057154617181648826 0.0016685408463157087
0.057154617181648826 0.0016685408463157087
0.057154617181648826 0.0016685408463157087
0.057154617181648826 0.0016685408463157087
0.057154617181648826 0.0016685408463157087
0.057154617181648826 0.0016685408463157087
0.057154617181648826 0.0016685408463157087
0.057154617181648826 0.0016685408463157087
