0.041764548514038324 0.0011598457240324933
0.037918741814792156 0.0010197542560490547
0.039355423650704324 0.0010892823520407546
0.040267762960866094 0.0011135482272948138
0.03924391698092222 0.0010852533414436039
0.038600636180490255 0.0010690443887142465
0.03968471847474575 0.0010950808245979715
0.04149077017791569 0.001149497264123056
0.04120367986615747 0.0011462891307019163
0.04273695033043623 0.0011879111007147003
0.04177845059894025 0.0011599121717154048
0.038269786862656474 0.0010583323419268709
0.03926100698299706 0.0010860491674975492
0.040588659001514316 0.0011286860390100628
0.038447827799245715 0.0010648147872416303
0.04246020317077637 0.001180971616122406
0.03906981775071472 0.001082582697563339
0.04049015371128917 0.0011251431242271792
0.04374203714542091 0.0012160865626356099
0.04552357015199959 0.0012546666039270349
0.03968043392524123 0.0010946056063403375
0.0419938659761101 0.0011677179354592226
0.03840924403630197 0.0010636003207764588
0.039251705864444375 0.0010859206267923582
0.04253975907340646 0.0011838521095342003
0.03886151919141412 0.0010770111439342145
0.04017654177732766 0.0011125065720989369
0.043215840589255095 0.0012019048263027798
0.041272041271440685 0.0011479662753117736
0.043432254111394286 0.0012070631637470797
0.043741698609665036 0.0012157068340457045
0.03926812275312841 0.0010865192562050652
0.03985111159272492 0.0011043141057598405
0.043587868800386786 0.00121187313561677
0.04448313661850989 0.001231909751368221
0.039731411496177316 0.001095592826459324
0.0412161162821576 0.0011466678988654166
0.042062966735102236 0.001170296785858227
0.041263744700700045 0.0011476260115159675
0.04107023193500936 0.001140594031312503
0.04052034788765013 0.0011256545112701133
0.04196911072358489 0.0011671353386191186
0.04118463769555092 0.0011458113185653929
0.04393916530534625 0.0012206192768644542
0.04546207166276872 0.001254480277566472
0.04631224670447409 0.0012762679725710768
0.03838287526741624 0.0010615224528010003
0.043889744440093637 0.0012176929703855421
0.04101532301865518 0.0011393103086447809
0.04104621522128582 0.0011399584545870312
0.04220890044234693 0.0011731109807442408
0.03835403104312718 0.001060851034708321
0.04279788979329169 0.0011900892459379975
0.042865045135840774 0.0011920987235498615
0.0422285373788327 0.0011745946248993278
0.04203185252845287 0.0011690109786286484
0.043974068481475115 0.0012219787167850882
0.043465192429721355 0.0012093066798115615
0.04200330935418606 0.0011683875527523924
0.037838625721633434 0.0010147628681806964
0.04358876892365515 0.001212070736073656
0.045525795547291636 0.0012547504193207715
0.0410483474843204 0.0011400852090446278
0.04204814927652478 0.001170124098280212
0.040709324879571795 0.0011317852877255064
0.03937734931241721 0.0010908630320045631
0.0383732276968658 0.001061055445461534
0.039671050384640694 0.001094327752070967
0.042911580530926585 0.0011934982940147165
0.0388306921813637 0.001075567699444946
0.04159561428241432 0.001155668571300339
0.04588603740558028 0.0012660467182286084
0.040132845751941204 0.0011103438446298242
0.04251126223243773 0.0011824559260276146
0.04213826218619943 0.0011722295748768374
0.042957502184435725 0.0011938380193896592
0.04296114714816213 0.0011941847114940174
0.04545926279388368 0.0012537275506474543
0.04330995446071029 0.0012046793090121355
0.04102812916971743 0.0011397939779271837
0.0398012442747131 0.0010984777618432418
0.04130399657879025 0.0011490349061205052
0.04129335400648415 0.0011489762655401137
0.0414993385784328 0.001149544656072976
0.03870699624530971 0.0010714308300521225
0.04198356834240258 0.0011677007241814863
0.04106384702026844 0.001140253290941473
0.037915525725111365 0.001019447052385658
0.04027909808792174 0.0011146681863465346
0.04339685314334929 0.001206848981382791
0.0409786484669894 0.0011377111040928867
0.038390129804611206 0.0010622803638398182
0.038397867465391755 0.0010624747119436506
0.04068152513355017 0.0011312702226859983
0.041947488905861974 0.0011661789467325434
0.0401810307521373 0.001113454043661477
0.04375735833309591 0.0012164239269623067
0.03908958926331252 0.0010831048602994997
0.036777194356545806 0.0008292667498608353
0.041281266952864826 0.0011482483860163484
0.04374086647294462 0.0012156726261309814
0.044341954635456204 0.0012276550914975815
0.04255968751385808 0.0011845608605653979
0.041962384479120374 0.001166761969216168
0.040661022532731295 0.001130439904954983
0.04214700288139284 0.001172293345007347
0.03862620331346989 0.0010707035289669875
0.04123435460496694 0.001147051418229239
0.042000140994787216 0.001168183509435039
0.0431990516372025 0.0012009608108201064
0.044707792927511036 0.0012332254336797632
0.0428729634732008 0.0011930317632504739
0.03935006458777934 0.0010889877303270623
0.04150616773404181 0.001150229320046492
0.04203607316594571 0.0011690519168041646
0.04122068569995463 0.001146668950241292
0.043709571938961744 0.0012153306197433267
0.042270460864529014 0.0011753488397516776
0.04445009469054639 0.0012301703936827835
0.042853480437770486 0.0011914302849618252
0.040557565400376916 0.001126696719438769
0.038450921420007944 0.0010650668700691313
0.037828561617061496 0.0010116923249370302
0.03783320332877338 0.001013653453810548
0.040157448733225465 0.001112359605031088
0.04150490299798548 0.0011500165346660651
0.03852420428302139 0.0010673483011487406
0.04312340822070837 0.0011986102981609292
0.03859259595628828 0.0010684173939807806
0.04189325589686632 0.0011642265017144382
0.04437508340924978 0.0012297636203584261
0.040173576679080725 0.0011123901967948768
0.03911042318213731 0.0010835770481207874
0.042258834349922836 0.0011753271101042628
0.03842352773062885 0.001064573403709801
0.045602964237332344 0.0012560533723444678
0.04057039972394705 0.0011267335139564238
0.043126181699335575 0.0011986861827608664
0.04057148261927068 0.0011270796530880034
0.04128400911577046 0.001148462022683816
0.03909102187026292 0.0010831301879079547
0.038602285203523934 0.001069058031134773
0.042512436397373676 0.001182809632155113
0.04187027597799897 0.0011638071518973447
0.03787073353305459 0.0010180752360611223
0.046811010455712676 0.0012864946656918619
0.03841294930316508 0.0010637423911248334
0.03932643844746053 0.0010869476791413035
0.03816731600090861 0.0010522168486204464
0.041016370290890336 0.0011394200701033697
0.03884388878941536 0.00107643434239435
0.0382778556086123 0.0010594412378850393
0.03926478698849678 0.0010863402021641377
0.039832791313529015 0.0011029848174075596
0.0404849702026695 0.0011242481850786135
0.04124369123019278 0.0011472273399704136
0.0449929554015398 0.0012380494808894582
0.04067477653734386 0.001130723951064283
0.043584504164755344 0.0012116852121835109
0.04126135597471148 0.0011474302846181672
0.04416328645311296 0.0012234690657351166
0.040489007253199816 0.001124818947573658
0.04484605765901506 0.0012367645103950053
0.03826915891841054 0.001057895253325114
0.03826868557371199 0.0010578655201243237
0.03819088265299797 0.0010525465513637755
0.038190120831131935 0.001052532057656208
0.03854276437778026 0.0010678052640287206
0.03677937411703169 0.0008296128798974678
0.042322060791775584 0.0011774186095863115
0.0422268386464566 0.00117375467743841
0.04101141099818051 0.0011391991210984997
0.042980089550837874 0.0011950454281759448
0.04062779597006738 0.0011296864868199918
0.03873175918124616 0.0010716430042521097
0.03911553567741066 0.0010838985072041396
0.04152007750235498 0.0011508503739605658
0.038448356091976166 0.00106484138086671
0.04228428262285888 0.0011761980058508925
0.04161199927330017 0.001156653292127885
0.04250498139299452 0.0011824314715340734
0.04250284447334707 0.001182323117973283
0.039845611434429884 0.001104212504287716
0.03934974374715239 0.0010889087498071603
0.040277383057400584 0.0011145878961542621
0.0428933713119477 0.0011932800262002274
0.043320277240127325 0.0012053481077600736
0.04323592293076217 0.0012024439383822028
0.0388872642070055 0.0010776800590974744
0.03842172515578568 0.001063906620402122
0.04252594197168946 0.0011828948408947326
0.04373402940109372 0.0012154576397733763
0.042056626291014254 0.0011701504445227329
0.04328888561576605 0.0012044592804159038
0.043362933211028576 0.00120671367039904
0.04169017425738275 0.0011588695124373771
0.0431269439868629 0.0011996596258541103
0.04507175926119089 0.001239416505995905
0.04246358037926257 0.0011810501455329359
0.04433034569956362 0.0012259222130523995
0.04061778215691447 0.0011292450581095181
0.04388142260722816 0.0012167506793048233
0.0383934557903558 0.0010623114612826612
0.03933258191682398 0.0010874237050302327
0.040997168980538845 0.0011390179643058218
0.03925495594739914 0.0010859920366783626
0.04195816954597831 0.0011661872122203931
0.04430619836784899 0.0012258766691957135
0.04230989597272128 0.0011773176047427114
0.044176941737532616 0.0012237417395226657
0.04222345841117203 0.001173334054328734
0.04238939529750496 0.0011788215160777327
0.041021907702088356 0.0011395685141906142
0.037835082272067666 0.0010141449492948595
0.039095703163184226 0.001083197807020042
0.0432495956774801 0.001202549559820909
0.03804333764128387 0.0010261411953251809
0.03936574456747621 0.0010900245724769775
0.0420706681907177 0.001170788313174853
0.04126776347402483 0.001147871298599057
0.042069789371453226 0.0011704485332302283
0.04069191683083773 0.0011315434494463261
0.04316178313456476 0.0012003799602098297
0.04244855558499694 0.0011792181321652606
0.04319997876882553 0.0012009901947749313
0.041305040242150426 0.001149366667959839
0.041737757390365005 0.001159212966740597
0.04570820857770741 0.0012592649327416439
0.04650934413075447 0.0012787561609002296
0.04253097320906818 0.0011834744436782785
0.040636049350723624 0.0011299530451651663
0.04227514786180109 0.001175615550891962
0.042497402522712946 0.0011818803322967142
0.04067954025231302 0.0011309378714940976
0.043962365947663784 0.0012214381422381848
0.042111135786399245 0.0011710783655871637
0.043591870460659266 0.001212603885505814
0.04605029686354101 0.001270259206648916
0.04122175869997591 0.001146765276644146
0.038397183176130056 0.0010623269008647185
0.04053306835703552 0.0011263270462222863
0.04181341710500419 0.001161350872280309
0.043685652781277895 0.0012144174579589162
0.04291502805426717 0.0011936262271774467
0.041074855253100395 0.001142655746662058
0.03859266941435635 0.0010687130852602422
0.04211247735656798 0.0011712057748809457
0.04150306200608611 0.0011499513457238209
0.04436854715459049 0.0012287554163776804
0.039442070527002215 0.001091729172912892
0.04180600284598768 0.0011606652842601761
0.04332169843837619 0.0012053709906467702
0.042134487768635154 0.001171576677734265
0.03991298866458237 0.0011064705686294474
0.04196924343705177 0.0011675264686346054
0.04218811937607825 0.0011727884266292676
0.04469630471430719 0.0012327094991633203
0.04418969340622425 0.0012241155345691368
0.04119737516157329 0.0011458280496299267
0.04065442713908851 0.0011302764323772863
0.0382923383731395 0.0010606748437567148
0.03862487431615591 0.0010705997519835364
0.03884974494576454 0.001076544929674128
0.0421666894108057 0.0011725407566700596
0.03927614167332649 0.0010868651916098315
0.0388547892216593 0.0010766720042738598
0.04295879742130637 0.001194172255054582
0.040506454883143306 0.0011254918135819025
0.04160762671381235 0.001156500009528827
0.04162203287705779 0.0011582634324440733
0.04316985746845603 0.0012005648422928061
0.04398594913072884 0.0012219901400385424
0.043362167198210955 0.0012063391986885108
0.03846098482608795 0.0010651993543433491
0.04247334599494934 0.0011814173849415965
0.041160697815939784 0.0011452636026660912
0.042971188900992274 0.0011948089886573143
