0.032952652534501456 0.000848026284683553
0.035319276274736564 0.0009353393289609161
0.03552055957016742 0.0009539428889944335
0.0358593620583143 0.0010066378818743742
0.0358593620583143 0.0010066378818743742
0.036487088028867486 0.0011178377891603289
0.036648082476231934 0.0011302664717189638
0.03699687850206962 0.001142306226170915
0.037693081188833355 0.0011584144107920809
0.03770281937089583 0.0011588315681208446
0.037704715177490244 0.0011608304680179027
0.0378448319447712 0.001169474393431179
0.037844832809853374 0.0011694744178426563
0.037844832809853374 0.0011694744178426563
0.037844832809853374 0.0011694744178426563
0.037844832809853374 0.0011694744178426563
0.037844832809853374 0.0011694744178426563
0.037844832809853374 0.0011694744178426563
0.037844832809853374 0.0011694744178426563
0.037844832809853374 0.0011694744178426563
0.03799121108467587 0.001171185487588166
0.03799121108467587 0.001171185487588166
0.038052537132051464 0.0011738125419084333
0.03816262369271475 0.0011785283518290538
0.038241340273982016 0.0011819003441997245
0.038241340273982016 0.0011819003441997245
0.038325890236546825 0.001185522235462826
0.03834648994733593 0.0011864046712471384
0.038392883317111444 0.0011883920374807658
0.038392883317111444 0.0011883920374807658
0.038392883317111444 0.0011883920374807658
0.038392883317111444 0.0011883920374807658
0.038632278538647785 0.0012434950601768093
0.038632278538647785 0.0012434950601768093
0.041368947686560895 0.0012782290375436512
0.041368947686560895 0.0012782290375436512
0.041368947686560895 0.0012782290375436512
0.041368947686560895 0.0012782290375436512
0.041368947686560895 0.0012782290375436512
0.041368947686560895 0.0012782290375436512
0.041368947686560895 0.0012782290375436512
0.041368947686560895 0.0012782290375436512
0.041368947686560895 0.0012782290375436512
0.041368947686560895 0.0012782290375436512
0.041368947686560895 0.0012782290375436512
0.041368947686560895 0.0012782290375436512
0.041368947686560895 0.0012782290375436512
0.04150570964997473 0.001289325057555465
0.04159299010673154 0.001290240191286472
0.04160072773001637 0.00129143803127777
0.04161699451162293 0.0012939562466031701
0.041629886800914444 0.001295952066136415
0.041651619724495256 0.0012993164797340559
0.0416670684912229 0.001301708209157858
0.0416710451714067 0.0013023236792710207
0.04183029051129661 0.0013485735786959627
0.04183029051129661 0.0013485735786959627
0.0418511633252446 0.0013492603736364023
0.041856721197971555 0.0013494432495707608
0.041856721197971555 0.0013494432495707608
0.041856721197971555 0.0013494432495707608
0.04186561371882938 0.0013497358475833927
0.04186561371882938 0.0013497358475833927
0.04186561371882938 0.0013497358475833927
0.04198408987268836 0.0013536341670495654
0.04198408987268836 0.0013536341670495654
0.04200691419801165 0.001354385174816208
0.04201627444721841 0.0013546931664096132
0.04201627563896407 0.0013546932020968678
0.04201627563896407 0.0013546932020968678
0.04201627563896407 0.0013546932020968678
0.04201627563896407 0.0013546932020968678
0.04201627563896407 0.0013546932020968678
0.04201627563896407 0.0013546932020968678
0.04201627563896407 0.0013546932020968678
0.04202572704319909 0.0013606301913744615
0.04202572704319909 0.0013606301913744615
0.042072123971998665 0.001363492448734954
0.042072123971998665 0.001363492448734954
0.042072123971998665 0.001363492448734954
0.042072123971998665 0.001363492448734954
0.042072123971998665 0.001363492448734954
0.042072123971998665 0.001363492448734954
0.042072123971998665 0.001363492448734954
0.042072123971998665 0.001363492448734954
0.042072123971998665 0.001363492448734954
0.042072123971998665 0.001363492448734954
0.042072123971998665 0.001363492448734954
0.05250272804309948 0.001396133320382431
0.05250272923484514 0.0013961333560696858
0.05250272923484514 0.0013961333560696858
0.05250272923484514 0.0013961333560696858
0.05250272923484514 0.0013961333560696858
0.05250272923484514 0.0013961333560696858
0.05250272923484514 0.0013961333560696858
0.05250272923484514 0.0013961333560696858
0.05250272923484514 0.0013961333560696858
0.05250272923484514 0.0013961333560696858
0.05250272923484514 0.0013961333560696858
0.053941981003721634 0.001440377489407669
0.054195562611572545 0.0015005654095114175
0.054195562611572545 0.0015005654095114175
0.054195562611572545 0.0015005654095114175
0.054195562611572545 0.0015005654095114175
0.054195562611572545 0.0015005654095114175
0.054195562611572545 0.0015005654095114175
0.054195562611572545 0.0015005654095114175
0.054195562611572545 0.0015005654095114175
0.05419556394746221 0.001500565454091012
0.05419556394746221 0.001500565454091012
0.05419556394746221 0.001500565454091012
0.05419556394746221 0.001500565454091012
0.05419556394746221 0.001500565454091012
0.05465690546959645 0.0015709099559084875
0.05465690546959645 0.0015709099559084875
0.05465690546959645 0.0015709099559084875
0.05465690546959645 0.0015709099559084875
0.05465690546959645 0.0015709099559084875
0.05465690546959645 0.0015709099559084875
0.05465690666134211 0.0015709099915957423
0.05465690666134211 0.0015709099915957423
0.05465690666134211 0.0015709099915957423
0.05465690666134211 0.0015709099915957423
0.05465690666134211 0.0015709099915957423
0.05465690666134211 0.0015709099915957423
0.05465690666134211 0.0015709099915957423
0.05465690666134211 0.0015709099915957423
0.05465690666134211 0.0015709099915957423
0.05465690666134211 0.0015709099915957423
0.05504784370097403 0.001632504666640814
0.05504784492600788 0.001632504707572827
0.05504784492600788 0.001632504707572827
