0.03219240782400691 0.0007352478031464377
0.032510732815500334 0.0007861264686675647
0.03251073368058251 0.0007861264930790422
0.03251073368058251 0.0007861264930790422
0.03251073368058251 0.0007861264930790422
0.03251073368058251 0.0007861264930790422
0.03251073368058251 0.0007861264930790422
0.03251073368058251 0.0007861264930790422
0.03290851618187645 0.0008073087488585855
0.03290851618187645 0.0008073087488585855
0.03290851733433901 0.0008073087785560389
0.03290851733433901 0.0008073087785560389
0.03290851733433901 0.0008073087785560389
0.03290851733433901 0.0008073087785560389
0.03324125934780482 0.0008992172541563893
0.033241260522555764 0.0008992173024280495
0.033245905029272035 0.0008994304595611589
0.03343201183685401 0.000913914817079589
0.03356612667618167 0.000914127524655432
0.03356612667618167 0.000914127524655432
0.03365360863751088 0.0009309889968113019
0.033760798312884685 0.0009392480320378543
0.033760798312884685 0.0009392480320378543
0.033760798312884685 0.0009392480320378543
0.033760798312884685 0.0009392480320378543
0.033760798312884685 0.0009392480320378543
0.033760798312884685 0.0009392480320378543
0.033760798312884685 0.0009392480320378543
0.034554102661235084 0.0009443710341488328
0.034554102661235084 0.0009443710341488328
0.034898234215023874 0.0009591126973053329
0.034898234215023874 0.0009591126973053329
0.035654365085527925 0.0009881347736568032
0.035654365085527925 0.0009881347736568032
0.03569065423089385 0.0009946977526191462
0.03569065423089385 0.0009946977526191462
0.03569065423089385 0.0009946977526191462
0.03569065423089385 0.0009946977526191462
0.035690655383356404 0.0009946977823165996
0.03569794890132686 0.0009949481851962618
0.03569794890132686 0.0009949481851962618
0.03569794890132686 0.0009949481851962618
0.03569998064572449 0.0009950196719310943
0.03570906809707901 0.0009953333527797166
0.03573576630331235 0.0009962549220581924
0.035755227614026476 0.0010039028538695847
0.03575656063148082 0.0010047469792600267
0.03575656063148082 0.0010047469792600267
0.03575656063148082 0.0010047469792600267
0.03575656063148082 0.0010047469792600267
0.03575656063148082 0.0010047469792600267
0.03575656063148082 0.0010047469792600267
0.03575656063148082 0.0010047469792600267
0.03575656063148082 0.0010047469792600267
0.03582917395493608 0.0010154630223763378
0.03582917482001825 0.0010154630467878152
0.03582917482001825 0.0010154630467878152
0.03582917482001825 0.0010154630467878152
0.03582917482001825 0.0010154630467878152
0.03602574416252503 0.001047493221958145
0.03602574416252503 0.001047493221958145
0.03602574416252503 0.001047493221958145
0.03602574416252503 0.001047493221958145
0.03602574416252503 0.001047493221958145
0.03602574416252503 0.001047493221958145
0.03602574416252503 0.001047493221958145
0.03602574531498759 0.0010474932516555985
0.03602574531498759 0.0010474932516555985
0.03602574531498759 0.0010474932516555985
0.03602574531498759 0.0010474932516555985
0.03602574531498759 0.0010474932516555985
0.03602574538755888 0.0010474932628901582
0.03602574567493926 0.0010474932681761343
0.03602574567493926 0.0010474932681761343
0.03602574567493926 0.0010474932681761343
0.03602574567493926 0.0010474932681761343
0.03602574567493926 0.0010474932681761343
0.03602574567493926 0.0010474932681761343
0.03602574567493926 0.0010474932681761343
0.03602574567493926 0.0010474932681761343
0.03602574567493926 0.0010474932681761343
0.036043897426081925 0.0010503033296078163
0.03604630266495411 0.0010506758266759291
0.03604905862350452 0.0010511023202601374
0.03605610072356633 0.0010521924882311337
0.036068085146046494 0.001054047763422353
0.036068085146046494 0.001054047763422353
0.036070482683684124 0.0010544189195716342
0.036070482683684124 0.0010544189195716342
0.036118901820206606 0.0010619147004611571
0.036118901820206606 0.0010619147004611571
0.03614348925414677 0.001065720864175098
0.03614749889614659 0.0010663416952371118
0.03614749889614659 0.0010663416952371118
0.03614749889614659 0.0010663416952371118
0.03614749889614659 0.0010663416952371118
0.03614749889614659 0.0010663416952371118
0.03614749889614659 0.0010663416952371118
0.03614749889614659 0.0010663416952371118
0.03614749889614659 0.0010663416952371118
0.03614749889614659 0.0010663416952371118
0.03614749889614659 0.0010663416952371118
0.03614749889614659 0.0010663416952371118
0.03614749889614659 0.0010663416952371118
0.03614749889614659 0.0010663416952371118
0.03614749889614659 0.0010663416952371118
0.03614749889614659 0.0010663416952371118
0.03614749889614659 0.0010663416952371118
0.03614749889614659 0.0010663416952371118
0.03614749889614659 0.0010663416952371118
0.03614749889614659 0.0010663416952371118
0.03614749889614659 0.0010663416952371118
0.03614749889614659 0.0010663416952371118
0.03614749889614659 0.0010663416952371118
0.03614749889614659 0.0010663416952371118
0.03614749889614659 0.0010663416952371118
0.03614749889614659 0.0010663416952371118
0.03614749889614659 0.0010663416952371118
0.03614749889614659 0.0010663416952371118
0.03614749889614659 0.0010663416952371118
0.03614749889614659 0.0010663416952371118
0.03614749889614659 0.0010663416952371118
0.03614749889614659 0.0010663416952371118
0.03614749889614659 0.0010663416952371118
0.03614749889614659 0.0010663416952371118
0.03614749889614659 0.0010663416952371118
0.03614749889614659 0.0010663416952371118
0.03614749889614659 0.0010663416952371118
0.03614749976122877 0.0010663417196485891
0.03614749976122877 0.0010663417196485891
0.03614749976122877 0.0010663417196485891
0.03614749976122877 0.0010663417196485891
0.03614749976122877 0.0010663417196485891
0.03614749976122877 0.0010663417196485891
0.03614749976122877 0.0010663417196485891
0.03614749976122877 0.0010663417196485891
0.03614749976122877 0.0010663417196485891
0.03614749976122877 0.0010663417196485891
0.03614749976122877 0.0010663417196485891
0.03614749976122877 0.0010663417196485891
0.03614749976122877 0.0010663417196485891
0.03614749976122877 0.0010663417196485891
0.03614749976122877 0.0010663417196485891
0.03614749976122877 0.0010663417196485891
0.03614749976122877 0.0010663417196485891
0.03614749976122877 0.0010663417196485891
0.03614749976122877 0.0010663417196485891
0.03614749976122877 0.0010663417196485891
0.03614749976122877 0.0010663417196485891
0.03614749976122877 0.0010663417196485891
0.03614749976122877 0.0010663417196485891
0.03614749976122877 0.0010663417196485891
0.03614749976122877 0.0010663417196485891
0.03614749976122877 0.0010663417196485891
0.03614749976122877 0.0010663417196485891
0.03614749976122877 0.0010663417196485891
0.03614749976122877 0.0010663417196485891
0.03614749976122877 0.0010663417196485891
0.03614749976122877 0.0010663417196485891
0.03614749976122877 0.0010663417196485891
0.03614749976122877 0.0010663417196485891
0.03614749976122877 0.0010663417196485891
0.03614749976122877 0.0010663417196485891
0.03614749976122877 0.0010663417196485891
0.03614749976122877 0.0010663417196485891
0.03614749976122877 0.0010663417196485891
0.03614749976122877 0.0010663417196485891
0.03614749976122877 0.0010663417196485891
0.03614749976122877 0.0010663417196485891
0.03614749976122877 0.0010663417196485891
0.03614749976122877 0.0010663417196485891
0.03614749976122877 0.0010663417196485891
0.03614749976122877 0.0010663417196485891
0.03614749976122877 0.0010663417196485891
0.03614749976122877 0.0010663417196485891
0.03614749976122877 0.0010663417196485891
0.03614749976122877 0.0010663417196485891
0.03614749976122877 0.0010663417196485891
0.03614749976122877 0.0010663417196485891
0.03614749976122877 0.0010663417196485891
0.03614749976122877 0.0010663417196485891
0.03614749976122877 0.0010663417196485891
0.03614749976122877 0.0010663417196485891
0.03614749976122877 0.0010663417196485891
0.03614749976122877 0.0010663417196485891
0.03614749976122877 0.0010663417196485891
0.03614749976122877 0.0010663417196485891
0.03614749976122877 0.0010663417196485891
0.03614749976122877 0.0010663417196485891
0.03614749976122877 0.0010663417196485891
0.03614749976122877 0.0010663417196485891
0.03621043002758444 0.0010674992288409225
0.036262137518091514 0.0010684503186507376
0.03626770637813039 0.0010685527588478677
0.03626770637813039 0.0010685527588478677
0.036486386989046465 0.00106863510990945
0.036487088028867486 0.0011178377891603289
0.03650101194721334 0.0011200315877042863
0.03650101194721334 0.0011200315877042863
0.03650819424093297 0.0011211632020324527
0.03650854453921278 0.001121218545749683
0.036509308729620604 0.0011213387965453953
0.036509308729620604 0.0011213387965453953
0.036509308729620604 0.0011213387965453953
0.036509308729620604 0.0011213387965453953
0.036509308729620604 0.0011213387965453953
0.036509308729620604 0.0011213387965453953
0.036512617043352145 0.0011218600416192989
0.036512617043352145 0.0011218600416192989
0.03651541349117563 0.0011223007911665493
0.036524203664544064 0.0011236855846933711
0.036528034642816606 0.0011242893308437646
0.0365359372930237 0.0011255344417448127
0.0365359372930237 0.0011255344417448127
0.0365359372930237 0.0011255344417448127
0.0365359372930237 0.0011255344417448127
0.03654293513686823 0.0011266369948664018
0.0365429354968199 0.0011266370113869374
0.0365429354968199 0.0011266370113869374
0.0365429354968199 0.0011266370113869374
0.0365429354968199 0.0011266370113869374
0.0365429354968199 0.0011266370113869374
0.0365429354968199 0.0011266370113869374
0.0365429354968199 0.0011266370113869374
0.0365429354968199 0.0011266370113869374
0.0365429354968199 0.0011266370113869374
0.0365429354968199 0.0011266370113869374
0.0365429354968199 0.0011266370113869374
0.036542936361902076 0.001126637035798415
0.03686276131081773 0.0011350798923481877
0.0370909856441263 0.0011455546145045113
0.0370909856441263 0.0011455546145045113
0.03709098567741449 0.0011455546197492697
0.03709098567741449 0.0011455546197492697
0.03709098567741449 0.0011455546197492697
0.03709098567741449 0.0011455546197492697
0.03709098567741449 0.0011455546197492697
0.03709098567741449 0.0011455546197492697
0.037090986869160146 0.0011455546554365245
0.037090986869160146 0.0011455546554365245
0.037090986869160146 0.0011455546554365245
0.037090986869160146 0.0011455546554365245
0.037090986869160146 0.0011455546554365245
0.037090986869160146 0.0011455546554365245
0.037090986869160146 0.0011455546554365245
0.037090986869160146 0.0011455546554365245
0.037090986869160146 0.0011455546554365245
0.037090986869160146 0.0011455546554365245
0.037090986869160146 0.0011455546554365245
0.037090986869160146 0.0011455546554365245
0.037090986869160146 0.0011455546554365245
0.037602999238295506 0.0011545555441560842
0.0378448319447712 0.001169474393431179
0.0379939366378791 0.0012161502357216916
0.0379939366378791 0.0012161502357216916
0.0379939366378791 0.0012161502357216916
0.0379939366378791 0.0012161502357216916
0.03799393750296128 0.001216150260133169
0.03799393750296128 0.001216150260133169
0.03799393750296128 0.001216150260133169
0.03799393750296128 0.001216150260133169
0.038014275997504114 0.0012168194745413555
0.038040306716400976 0.001217675984943566
0.038040306716400976 0.001217675984943566
0.03805170058785326 0.0012180508869760066
0.03805170058785326 0.0012180508869760066
0.03816985902894838 0.0012219387524747636
0.03817908223270034 0.0012222422312217992
0.038179501489390116 0.0012222560263734973
0.03817992263062875 0.001222269883534074
0.03817992263062875 0.001222269883534074
0.03817992263062875 0.001222269883534074
0.03817992263062875 0.001222269883534074
0.03817992263062875 0.001222269883534074
0.03817992310143623 0.001222269903702191
0.03817992310143623 0.001222269903702191
0.03817992310143623 0.001222269903702191
0.03817992310143623 0.001222269903702191
0.03818493542847913 0.0012224999521624816
0.038354896329458474 0.001230300569170362
0.03837015684057596 0.001231000973803934
0.03849327255100991 0.0012366515587279633
0.0385555960234348 0.001239511990369514
0.03857753867740503 0.0012405190822287117
0.03863325955629685 0.0012430764776830369
0.03863325955629685 0.0012430764776830369
0.03863325955629685 0.0012430764776830369
0.03863325955629685 0.0012430764776830369
0.03871102315572392 0.0012466455577054977
0.038751192537367855 0.0012484892085629605
0.03878382024588756 0.0012499867088782565
0.03878382024588756 0.0012499867088782565
0.03878382024588756 0.0012499867088782565
0.03878382024588756 0.0012499867088782565
0.03878382024588756 0.0012499867088782565
0.03878382024588756 0.0012499867088782565
0.03878382158177722 0.0012499867534578508
0.03878382158177722 0.0012499867534578508
0.03878382158177722 0.0012499867534578508
0.03878382158177722 0.0012499867534578508
0.03878382158177722 0.0012499867534578508
0.03878382158177722 0.0012499867534578508
0.03878382158177722 0.0012499867534578508
0.03878382158177722 0.0012499867534578508
0.04136894653409833 0.0012782290078461977
0.041368947686560895 0.0012782290375436512
0.041368947686560895 0.0012782290375436512
0.041368947686560895 0.0012782290375436512
0.04138021351392773 0.001278599725811307
0.04139280707262255 0.00127901410277497
0.04139280707262255 0.00127901410277497
0.04139280707262255 0.00127901410277497
0.04139280707262255 0.00127901410277497
0.04141531690000059 0.0012797547623540483
0.041428142474294896 0.0012801767728963204
0.041428142474294896 0.0012801767728963204
0.04146195926216678 0.0012812894748042616
0.04155493177262161 0.001284348634894684
0.041613405426009636 0.0012934006302179398
0.041619256994093815 0.0012943064952368232
0.0416463319627466 0.001298497896009593
0.04167668603543569 0.0013031970880055337
0.04167668603543569 0.0013031970880055337
0.04167668603543569 0.0013031970880055337
0.04167668603543569 0.0013031970880055337
0.04167668737132535 0.001303197132585128
0.04167668737132535 0.001303197132585128
0.04167668737132535 0.001303197132585128
0.04167668737132535 0.001303197132585128
0.04183028920869514 0.001348573539361127
0.0418302905445848 0.0013485735839407213
0.042016274303074405 0.0013546931575172737
0.04205820005365281 0.0013612986501909965
0.04951865609087745 0.0013956492537042751
0.04951865609087745 0.0013956492537042751
0.049518656450829125 0.0013956492702248107
0.049518656450829125 0.0013956492702248107
0.049518656450829125 0.0013956492702248107
0.049518656450829125 0.0013956492702248107
0.049518656450829125 0.0013956492702248107
0.049518657315911305 0.0013956492946362881
0.049518657315911305 0.0013956492946362881
0.05082490430028344 0.0014385544368603679
0.05082923422890019 0.0014386218760709332
0.05192813633001803 0.0014455786257244812
0.05207876638636454 0.0014524920238805515
0.05207876638636454 0.0014524920238805515
0.05207876638636454 0.0014524920238805515
0.05207876638636454 0.0014524920238805515
0.05207876638636454 0.0014524920238805515
0.05207876638636454 0.0014524920238805515
0.05214797573428895 0.0014556684933709613
0.05222932841184491 0.0014594022996553655
0.05222932841184491 0.0014594022996553655
0.05222932841184491 0.0014594022996553655
0.05222932841184491 0.0014594022996553655
0.05222932841184491 0.0014594022996553655
0.05273699024455943 0.0014683354281950867
0.05335501021339081 0.001528072609551501
0.05335501021339081 0.001528072609551501
0.05504784370097403 0.001632504666640814
0.05504784370097403 0.001632504666640814
0.05504784370097403 0.001632504666640814
0.056968631943125556 0.0016624212192672225
0.057145096207827026 0.0016683779909654488
0.057149845393133544 0.0016684592253277126
0.057149845393133544 0.0016684592253277126
0.057149845393133544 0.0016684592253277126
0.057150583764619595 0.0016684718551016446
