0.03626407398960434 0.0007829339302618211
0.03643161894876228 0.0008093316638823687
0.03643161894876228 0.0008093316638823687
0.03643161894876228 0.0008093316638823687
0.03662933724124232 0.0008394793207593213
0.03662933724124232 0.0008394793207593214
0.0370515941774025 0.0009165331592340004
0.03727582551470548 0.0009437743917921312
0.03738441211362887 0.0009505116729764703
0.03745607598962323 0.0009555342090861447
0.03745607598962323 0.0009555342090861447
0.037456075989623236 0.0009555342090861447
0.037456075989623236 0.0009555342090861447
0.037456075989623236 0.0009555342090861447
0.0376803073269262 0.0009827754416442756
0.037680307326926205 0.0009827754416442756
0.038081152812134846 0.0010441130709032435
0.038081152812134846 0.0010441130709032437
0.03837704802543218 0.0010763768395710492
0.038485634624355565 0.0010831141207553881
0.038485634624355565 0.0010831141207553881
0.03848563462435557 0.0010831141207553881
0.03848563462435557 0.0010831141207553881
0.03848563462435557 0.0010831141207553881
0.03848563462435557 0.0010831141207553881
0.03848563462435557 0.0010831141207553881
0.03848563462435557 0.0010831141207553881
0.03848563462435557 0.0010831141207553881
0.03848563462435557 0.0010831141207553881
0.03848563462435557 0.0010831141207553881
0.03848563462435557 0.0010831141207553881
0.03848563462435557 0.0010831141207553881
0.03848563462435557 0.0010831141207553881
0.03848563462435557 0.0010831141207553881
0.03848563462435557 0.0010831141207553881
0.03848563462435557 0.0010831141207553881
0.03848563462435557 0.0010831141207553881
0.03848563462435557 0.0010831141207553881
0.03848563462435557 0.0010831141207553881
0.03848563462435557 0.0010831141207553881
0.03848563462435557 0.0010831141207553881
0.03848563462435557 0.0010831141207553881
0.03848563462435557 0.0010831141207553881
0.03848563462435557 0.0010831141207553881
0.03848563462435557 0.0010831141207553881
0.03848563462435557 0.0010831141207553881
0.03848563462435557 0.0010831141207553881
0.03848563462435557 0.0010831141207553881
0.03848563462435557 0.0010831141207553881
0.03848563462435557 0.0010831141207553881
0.03848563462435557 0.0010831141207553881
0.03848563462435557 0.0010831141207553881
0.03848563462435557 0.0010831141207553881
0.03848563462435557 0.0010831141207553881
0.03848563462435557 0.0010831141207553881
0.03848563462435557 0.0010831141207553881
0.03848563462435557 0.0010831141207553881
0.03848563462435557 0.0010831141207553881
0.03848563462435557 0.0010831141207553881
0.03848563462435557 0.0010831141207553881
0.03848563462435557 0.0010831141207553881
0.03848563462435557 0.0010831141207553881
0.03848563462435557 0.0010831141207553881
0.03848563462435557 0.0010831141207553881
0.03848563462435557 0.0010831141207553881
0.03848563462435557 0.0010831141207553881
0.03848563462435557 0.0010831141207553881
0.03848563462435557 0.0010831141207553881
0.03848563462435557 0.0010831141207553881
0.03848563462435557 0.0010831141207553881
0.03848563462435557 0.0010831141207553881
0.03848563462435557 0.0010831141207553881
0.03848563462435557 0.0010831141207553881
0.03848563462435557 0.0010831141207553881
0.03848563462435557 0.0010831141207553881
0.03848563462435557 0.0010831141207553881
0.03848563462435557 0.0010831141207553881
0.03848563462435557 0.0010831141207553881
0.03848563462435557 0.0010831141207553881
0.03848563462435557 0.0010831141207553881
0.03848563462435557 0.0010831141207553881
0.03848563462435557 0.0010831141207553881
0.03848563462435557 0.0010831141207553881
0.03848563462435557 0.0010831141207553881
0.03848563462435557 0.0010831141207553881
0.03848563462435557 0.0010831141207553881
0.03848563462435557 0.0010831141207553881
0.03848563462435557 0.0010831141207553881
0.03848563462435557 0.0010831141207553881
0.03848563462435557 0.0010831141207553881
0.03848563462435557 0.0010831141207553881
0.03848563462435557 0.0010831141207553881
0.03848563462435557 0.0010831141207553881
0.03848563462435557 0.0010831141207553881
0.03848563462435557 0.0010831141207553881
0.03848563462435557 0.0010831141207553881
0.03848563462435557 0.0010831141207553881
0.038729032580572025 0.0010833560475499854
0.03908302840221647 0.0010946931233802109
0.039083028402216474 0.0010946931233802109
0.039083028402216474 0.0010946931233802109
0.03936008240324864 0.0010946980469544784
0.03943501295735631 0.001101672331359147
0.03943501295735631 0.0011016723313591473
0.03943501295735631 0.0011016723313591473
0.039932329404365086 0.001117625282120917
0.039932329404365086 0.001117625282120917
0.040192555382989395 0.0011177487073053493
0.040546551204633845 0.0011290857831355752
0.040546551204633845 0.0011290857831355752
0.04267998269744849 0.0012029821586336932
0.04267998269744849 0.0012029821586336932
0.04267998269744849 0.0012029821586336932
0.04267998269744849 0.0012029821586336932
0.0426799826974485 0.0012029821586336932
0.0426799826974485 0.0012029821586336932
0.04294020867607281 0.0012031055838181257
0.04294020867607281 0.0012031055838181257
0.04294020867607281 0.0012031055838181257
0.04294020867607281 0.0012031055838181257
0.04294020867607281 0.0012031055838181257
0.04294020867607281 0.0012031055838181257
0.04294020867607281 0.0012031055838181257
0.04294020867607281 0.0012031055838181257
0.04294020867607281 0.0012031055838181257
0.04294020867607281 0.0012031055838181257
0.04294020867607281 0.0012031055838181257
0.04294020867607281 0.0012031055838181257
0.04294020867607281 0.0012031055838181257
0.04294020867607281 0.0012031055838181257
0.04294020867607281 0.0012031055838181257
0.04294020867607281 0.0012031055838181257
0.04294020867607281 0.0012031055838181257
0.042940208676072816 0.0012031055838181257
0.04303196725258834 0.0012099613666126294
0.04303196725258834 0.0012099613666126294
0.04303196725258834 0.0012099613666126294
0.04303196725258834 0.0012099613666126294
0.04303196725258834 0.0012099613666126294
0.04303196725258834 0.0012099613666126294
0.04303196725258834 0.0012099613666126294
0.04303196725258834 0.0012099613666126294
0.04303196725258834 0.0012099613666126294
0.04303196725258834 0.0012099613666126294
0.04303196725258834 0.0012099613666126294
0.04303196725258834 0.0012099613666126294
0.043292193231212646 0.0012100847917970617
0.043292193231212646 0.0012100847917970619
0.043393524679153486 0.0012225453669560394
0.043393524679153486 0.0012225453669560394
0.043393524679153486 0.0012225453669560394
0.043393524679153486 0.0012225453669560394
0.043393524679153486 0.0012225453669560394
0.043393524679153486 0.0012225453669560394
0.043393524679153486 0.0012225453669560394
0.043393524679153486 0.0012225453669560394
0.04339352467915349 0.0012225453669560394
0.04363692263536994 0.0012227872937506364
0.043756473502814475 0.0012328809904649499
0.04412528608036217 0.0012397416968337213
0.044125286080362175 0.0012397416968337213
0.04435973103456209 0.0012409850759496337
0.04435973103456209 0.0012409850759496337
0.04435973103456209 0.0012409850759496337
0.04435973103456209 0.0012409850759496337
0.04435973103456209 0.0012409850759496337
0.04435973103456209 0.0012409850759496337
0.04435973103456209 0.0012409850759496337
0.044359731034562096 0.0012409850759496337
0.04460312899077854 0.0012412270027442312
0.044705851835815213 0.001251439201068709
0.04496607781443953 0.0012515626262531413
0.045074664413362914 0.0012582999074374807
0.045074664413362914 0.0012582999074374807
0.04507466441336292 0.0012582999074374807
0.04507466441336292 0.0012582999074374807
0.04507466441336292 0.0012582999074374807
0.046045660914928885 0.0012593518279055745
0.046120591469036555 0.001266326112310243
0.046120591469036555 0.001266326112310243
0.04689469997436597 0.0012743780137871956
0.04697946534261047 0.0012948630634154234
0.04758411427145394 0.0013007187720656074
0.047945671698019075 0.0013133027724090173
0.047945671698019075 0.0013133027724090175
0.047945671698019075 0.0013133027724090175
0.047945671698019075 0.0013133027724090175
0.047945671698019075 0.0013133027724090175
0.048425898179908465 0.0013214682519218665
0.049030547108751925 0.001327323960572051
0.049283517936393684 0.001333170679731122
0.049283517936393684 0.001333170679731122
0.049392104535317075 0.0013399079609154611
