0.03626407398960434 0.000782933930261821
0.0370515941774025 0.0009165331592340002
0.0370515941774025 0.0009165331592340002
0.0370515941774025 0.0009165331592340002
0.0370515941774025 0.0009165331592340002
0.0370515941774025 0.0009165331592340002
0.0370515941774025 0.0009165331592340002
0.0370515941774025 0.0009165331592340002
0.0370515941774025 0.0009165331592340002
0.0370515941774025 0.0009165331592340002
0.0370515941774025 0.0009165331592340002
0.0370515941774025 0.0009165331592340002
0.0370515941774025 0.0009165331592340002
0.0370515941774025 0.0009165331592340002
0.0370515941774025 0.0009165331592340002
0.0370515941774025 0.0009165331592340002
0.0370515941774025 0.0009165331592340002
0.0370515941774025 0.0009165331592340002
0.0370515941774025 0.0009165331592340002
0.0370515941774025 0.0009165331592340002
0.0370515941774025 0.0009165331592340002
0.0370515941774025 0.0009165331592340002
0.0370515941774025 0.0009165331592340003
0.0370515941774025 0.0009165331592340003
0.0370515941774025 0.0009165331592340003
0.0370515941774025 0.0009165331592340003
0.0370515941774025 0.0009165331592340003
0.0370515941774025 0.0009165331592340003
0.0370515941774025 0.0009165331592340003
0.0370515941774025 0.0009165331592340003
0.0370515941774025 0.0009165331592340003
0.0370515941774025 0.0009165331592340003
0.0370515941774025 0.0009165331592340003
0.03705159417740251 0.0009165331592340003
0.03705159417740251 0.0009165331592340003
0.03705159417740251 0.0009165331592340003
0.03705159417740251 0.0009165331592340003
0.03705159417740251 0.0009165331592340003
0.03705159417740251 0.0009165331592340003
0.038081152812134846 0.0010441130709032437
0.038081152812134846 0.0010441130709032437
0.038081152812134846 0.0010441130709032437
0.038081152812134846 0.0010441130709032437
0.038081152812134846 0.0010441130709032437
0.038081152812134846 0.0010441130709032437
0.038081152812134846 0.0010441130709032437
0.038081152812134846 0.0010441130709032437
0.038081152812134846 0.0010441130709032437
0.038081152812134846 0.0010441130709032437
0.038081152812134846 0.0010441130709032437
0.038081152812134846 0.0010441130709032437
0.038081152812134846 0.0010441130709032437
0.038081152812134846 0.0010441130709032437
0.038081152812134846 0.0010441130709032437
0.038081152812134846 0.0010441130709032437
0.038081152812134846 0.0010441130709032437
0.038081152812134846 0.0010441130709032437
0.038081152812134846 0.0010441130709032437
0.038081152812134846 0.0010441130709032437
0.038081152812134846 0.0010441130709032437
0.038081152812134846 0.0010441130709032437
0.03808115281213485 0.0010441130709032437
0.038152816688129206 0.001049135607012918
0.038152816688129206 0.001049135607012918
0.038152816688129206 0.001049135607012918
0.038152816688129206 0.001049135607012918
0.038152816688129206 0.001049135607012918
0.038152816688129206 0.001049135607012918
0.038152816688129206 0.001049135607012918
0.038152816688129206 0.001049135607012918
0.038152816688129206 0.001049135607012918
0.038152816688129206 0.001049135607012918
0.038152816688129206 0.001049135607012918
0.038152816688129206 0.001049135607012918
0.038152816688129206 0.001049135607012918
0.038152816688129206 0.001049135607012918
0.038152816688129206 0.001049135607012918
0.038152816688129206 0.001049135607012918
0.038152816688129206 0.001049135607012918
0.038152816688129206 0.001049135607012918
0.038152816688129206 0.001049135607012918
0.038152816688129206 0.001049135607012918
0.038152816688129206 0.001049135607012918
0.038152816688129206 0.001049135607012918
0.038152816688129206 0.001049135607012918
0.038152816688129206 0.001049135607012918
0.038152816688129206 0.001049135607012918
0.038152816688129206 0.001049135607012918
0.038152816688129206 0.001049135607012918
0.038152816688129206 0.001049135607012918
0.038152816688129206 0.001049135607012918
0.038152816688129206 0.001049135607012918
0.038152816688129206 0.001049135607012918
0.038152816688129206 0.001049135607012918
0.038152816688129206 0.001049135607012918
0.038152816688129206 0.001049135607012918
0.038152816688129206 0.001049135607012918
0.038152816688129206 0.001049135607012918
0.038152816688129206 0.001049135607012918
0.038152816688129206 0.001049135607012918
0.038152816688129206 0.001049135607012918
0.038152816688129206 0.001049135607012918
0.038152816688129206 0.001049135607012918
0.038152816688129206 0.001049135607012918
0.038152816688129206 0.001049135607012918
0.038152816688129206 0.001049135607012918
0.038152816688129206 0.001049135607012918
0.038152816688129206 0.001049135607012918
0.038152816688129206 0.001049135607012918
0.038152816688129206 0.001049135607012918
0.038152816688129206 0.001049135607012918
0.038152816688129206 0.001049135607012918
0.038152816688129206 0.001049135607012918
0.038152816688129206 0.001049135607012918
0.038152816688129206 0.001049135607012918
0.038152816688129206 0.001049135607012918
0.038152816688129206 0.001049135607012918
0.038152816688129206 0.001049135607012918
0.038152816688129206 0.001049135607012918
0.038152816688129206 0.001049135607012918
0.038152816688129206 0.001049135607012918
0.038152816688129206 0.001049135607012918
0.038152816688129206 0.001049135607012918
0.038152816688129206 0.001049135607012918
0.038152816688129206 0.001049135607012918
0.038152816688129206 0.001049135607012918
0.038152816688129206 0.001049135607012918
0.038152816688129206 0.001049135607012918
0.038152816688129206 0.001049135607012918
0.038152816688129206 0.001049135607012918
0.038152816688129206 0.001049135607012918
0.038152816688129206 0.001049135607012918
0.038152816688129206 0.001049135607012918
0.038152816688129206 0.001049135607012918
0.038152816688129206 0.001049135607012918
0.038152816688129206 0.001049135607012918
0.038152816688129206 0.001049135607012918
0.038152816688129206 0.001049135607012918
0.038152816688129206 0.001049135607012918
0.038152816688129206 0.001049135607012918
0.038152816688129206 0.001049135607012918
0.038152816688129206 0.001049135607012918
0.038152816688129206 0.001049135607012918
0.038152816688129206 0.001049135607012918
0.038152816688129206 0.001049135607012918
0.038152816688129206 0.001049135607012918
0.038152816688129206 0.001049135607012918
0.038152816688129206 0.001049135607012918
0.038152816688129206 0.001049135607012918
0.038152816688129206 0.001049135607012918
0.038152816688129206 0.001049135607012918
0.038152816688129206 0.001049135607012918
0.038152816688129206 0.001049135607012918
0.038152816688129206 0.001049135607012918
0.038152816688129206 0.001049135607012918
0.038152816688129206 0.001049135607012918
0.038152816688129206 0.001049135607012918
0.038152816688129206 0.001049135607012918
0.038152816688129206 0.001049135607012918
0.038152816688129206 0.001049135607012918
0.038152816688129206 0.001049135607012918
0.038152816688129206 0.001049135607012918
0.038152816688129206 0.001049135607012918
0.038152816688129206 0.001049135607012918
0.038152816688129206 0.001049135607012918
0.038152816688129206 0.001049135607012918
0.038152816688129206 0.001049135607012918
0.038152816688129206 0.0010491356070129183
0.038152816688129206 0.0010491356070129183
0.038152816688129206 0.0010491356070129183
0.038152816688129206 0.0010491356070129183
0.038152816688129206 0.0010491356070129183
0.038152816688129206 0.0010491356070129183
0.038152816688129206 0.0010491356070129183
0.038152816688129206 0.0010491356070129183
0.038152816688129206 0.0010491356070129183
0.038152816688129206 0.0010491356070129183
0.038152816688129206 0.0010491356070129183
0.038152816688129206 0.0010491356070129183
0.038152816688129206 0.0010491356070129183
0.038152816688129206 0.0010491356070129183
0.038152816688129206 0.0010491356070129183
0.038152816688129206 0.0010491356070129183
0.038152816688129206 0.0010491356070129183
0.038152816688129206 0.0010491356070129183
0.038152816688129206 0.0010491356070129183
0.038152816688129206 0.0010491356070129183
0.038152816688129206 0.0010491356070129183
0.038152816688129206 0.0010491356070129183
0.038152816688129206 0.0010491356070129183
0.038152816688129206 0.0010491356070129183
0.038152816688129206 0.0010491356070129183
0.038485634624355565 0.0010831141207553881
0.038485634624355565 0.0010831141207553881
0.03958034484922524 0.0011106460741419806
0.03958034484922525 0.0011106460741419806
0.03958034484922525 0.0011106460741419806
0.03958034484922525 0.0011106460741419806
0.03958034484922525 0.0011106460741419806
0.03958034484922525 0.0011106460741419806
0.03958034484922525 0.0011106460741419806
0.03958034484922525 0.0011106460741419806
0.03958034484922525 0.0011106460741419806
0.03958034484922525 0.0011106460741419806
0.039823742805441695 0.0011108880009365778
0.039932329404365086 0.0011176252821209168
0.039932329404365086 0.0011176252821209168
0.04018530023200684 0.0011234720012799878
0.04052972318222599 0.0011292042847457395
0.04115150658741544 0.0011419117102735821
0.04115150658741545 0.0011419117102735821
0.04267998269744849 0.001202982158633693
0.0426799826974485 0.001202982158633693
0.0426799826974485 0.001202982158633693
0.0426799826974485 0.001202982158633693
0.04267998269744851 0.001202982158633693
0.04267998269744851 0.0012029821586336932
0.04339491607624933 0.0012202969901215397
0.04339491607624933 0.0012202969901215397
0.04339491607624933 0.0012202969901215397
0.04339491607624933 0.0012202969901215397
0.04339491607624933 0.00122029699012154
0.04339491607624933 0.00122029699012154
0.04339491607624933 0.00122029699012154
0.04339491607624933 0.00122029699012154
0.04339491607624933 0.00122029699012154
0.04339491607624933 0.00122029699012154
0.04339491607624933 0.00122029699012154
0.04339491607624933 0.00122029699012154
0.04339491607624933 0.00122029699012154
0.04339491607624933 0.00122029699012154
0.04339491607624933 0.00122029699012154
0.04339491607624933 0.00122029699012154
0.04339491607624933 0.00122029699012154
0.04339491607624933 0.00122029699012154
0.04339491607624933 0.00122029699012154
0.04339491607624933 0.00122029699012154
0.04339491607624933 0.00122029699012154
0.04339491607624933 0.00122029699012154
0.04339491607624933 0.00122029699012154
0.04339491607624933 0.00122029699012154
0.04339491607624933 0.00122029699012154
0.04339491607624933 0.00122029699012154
0.04339491607624933 0.00122029699012154
0.04339491607624933 0.00122029699012154
0.04339491607624933 0.00122029699012154
0.04339491607624933 0.00122029699012154
0.04339491607624933 0.00122029699012154
0.04339491607624933 0.00122029699012154
0.04339491607624933 0.00122029699012154
0.04339491607624933 0.00122029699012154
0.04339491607624933 0.00122029699012154
0.04339491607624933 0.00122029699012154
0.04339491607624933 0.00122029699012154
0.04339491607624933 0.00122029699012154
0.04339491607624933 0.00122029699012154
0.04339491607624933 0.00122029699012154
0.04339491607624933 0.00122029699012154
0.04339491607624933 0.00122029699012154
0.04339491607624933 0.00122029699012154
0.04339491607624933 0.00122029699012154
0.04339491607624933 0.00122029699012154
0.04339491607624933 0.00122029699012154
0.04339491607624933 0.00122029699012154
0.04339491607624933 0.00122029699012154
0.04339491607624933 0.00122029699012154
0.04339491607624933 0.00122029699012154
0.04339491607624933 0.00122029699012154
0.04339491607624933 0.00122029699012154
0.04339491607624933 0.00122029699012154
0.04339491607624933 0.00122029699012154
0.04339491607624933 0.00122029699012154
0.04339491607624933 0.00122029699012154
0.04339491607624933 0.00122029699012154
0.04339491607624933 0.00122029699012154
0.04339491607624933 0.00122029699012154
0.04339491607624933 0.00122029699012154
0.04339491607624933 0.00122029699012154
0.04339491607624933 0.00122029699012154
0.04339491607624933 0.00122029699012154
0.04339491607624933 0.00122029699012154
0.04339491607624933 0.00122029699012154
0.04339491607624933 0.00122029699012154
0.04339491607624933 0.00122029699012154
0.04339491607624933 0.00122029699012154
0.04339491607624933 0.00122029699012154
0.04339491607624933 0.00122029699012154
0.04339491607624933 0.00122029699012154
0.04339491607624933 0.00122029699012154
0.04339491607624933 0.00122029699012154
0.04339491607624933 0.00122029699012154
0.04339491607624933 0.00122029699012154
0.04339491607624933 0.00122029699012154
0.04339491607624933 0.00122029699012154
0.04339491607624933 0.00122029699012154
0.04339491607624933 0.00122029699012154
0.04339491607624933 0.00122029699012154
0.04339491607624933 0.00122029699012154
0.04339491607624933 0.00122029699012154
0.04339491607624933 0.00122029699012154
0.04339491607624933 0.00122029699012154
0.04339491607624933 0.00122029699012154
0.04339491607624933 0.00122029699012154
0.04339491607624933 0.00122029699012154
0.04339491607624933 0.00122029699012154
0.04339491607624933 0.00122029699012154
0.04339491607624933 0.00122029699012154
0.04339491607624933 0.00122029699012154
0.04339491607624933 0.00122029699012154
0.04339491607624933 0.00122029699012154
0.04339491607624933 0.00122029699012154
0.04339491607624933 0.00122029699012154
0.04339491607624933 0.00122029699012154
0.04339491607624933 0.00122029699012154
0.04339491607624933 0.00122029699012154
0.04339491607624933 0.00122029699012154
0.04339491607624933 0.00122029699012154
0.04339491607624933 0.00122029699012154
0.04339491607624933 0.00122029699012154
0.04339491607624933 0.00122029699012154
0.04339491607624933 0.00122029699012154
0.04339491607624933 0.00122029699012154
0.04339491607624933 0.00122029699012154
0.04339491607624933 0.00122029699012154
0.04339491607624933 0.00122029699012154
0.04339491607624933 0.00122029699012154
0.04339491607624933 0.00122029699012154
0.04339491607624933 0.00122029699012154
0.04339491607624933 0.00122029699012154
0.04339491607624933 0.00122029699012154
0.04339491607624933 0.00122029699012154
0.04339491607624933 0.00122029699012154
0.04339491607624933 0.00122029699012154
0.04339491607624933 0.00122029699012154
0.04339491607624933 0.00122029699012154
0.04339491607624933 0.00122029699012154
0.04339491607624933 0.00122029699012154
0.04339491607624933 0.00122029699012154
0.04339491607624933 0.00122029699012154
0.04339491607624933 0.00122029699012154
0.04339491607624933 0.00122029699012154
0.04339491607624933 0.00122029699012154
0.04339491607624933 0.00122029699012154
0.04339491607624933 0.00122029699012154
0.04339491607624933 0.00122029699012154
0.04339491607624933 0.00122029699012154
0.04339491607624933 0.00122029699012154
0.04339491607624933 0.00122029699012154
0.04339491607624933 0.00122029699012154
0.04339491607624933 0.00122029699012154
0.04339491607624933 0.00122029699012154
0.04339491607624933 0.00122029699012154
0.04339491607624933 0.00122029699012154
0.04339491607624933 0.00122029699012154
0.04339491607624933 0.00122029699012154
0.04339491607624933 0.00122029699012154
0.04339491607624933 0.00122029699012154
0.04339491607624933 0.00122029699012154
0.04339491607624933 0.00122029699012154
0.04339491607624933 0.00122029699012154
0.04339491607624933 0.00122029699012154
0.04339491607624933 0.00122029699012154
0.04339491607624933 0.00122029699012154
0.04339491607624933 0.00122029699012154
0.04339491607624933 0.00122029699012154
0.04339491607624933 0.00122029699012154
0.04339491607624933 0.00122029699012154
0.04339491607624933 0.00122029699012154
0.04339491607624933 0.00122029699012154
0.04339491607624933 0.00122029699012154
0.04339491607624933 0.00122029699012154
0.04339491607624933 0.00122029699012154
0.04339491607624933 0.00122029699012154
0.04339491607624933 0.00122029699012154
0.04339491607624933 0.00122029699012154
0.04339491607624933 0.00122029699012154
0.04339491607624933 0.00122029699012154
0.04339491607624933 0.00122029699012154
0.04339491607624933 0.00122029699012154
0.04339491607624933 0.00122029699012154
0.04339491607624933 0.00122029699012154
0.04339491607624933 0.00122029699012154
0.04339491607624933 0.00122029699012154
0.04339491607624933 0.00122029699012154
0.04339491607624933 0.00122029699012154
0.04339491607624933 0.00122029699012154
0.04339491607624933 0.00122029699012154
0.04339491607624933 0.00122029699012154
0.04339491607624933 0.00122029699012154
0.04339491607624933 0.00122029699012154
0.04339491607624933 0.00122029699012154
0.04339491607624933 0.00122029699012154
0.043756473502814475 0.0012328809904649499
0.04399987145903092 0.0012331229172595473
0.04399987145903092 0.0012331229172595473
0.04399987145903092 0.0012331229172595473
0.0442511444356387 0.0012342477947652945
0.0442511444356387 0.0012342477947652945
0.0442511444356387 0.0012342477947652945
0.0442511444356387 0.0012342477947652945
0.0442511444356387 0.0012342477947652945
0.0442511444356387 0.0012342477947652945
0.044361122431657934 0.001238736699115134
0.044705851835815213 0.001251439201068709
0.044705851835815213 0.001251439201068709
0.044705851835815213 0.001251439201068709
0.044705851835815213 0.001251439201068709
0.04496607781443954 0.0012515626262531415
0.04496607781443954 0.0012515626262531415
0.04496607781443954 0.0012515626262531415
0.04496607781443954 0.0012515626262531415
0.04496607781443954 0.0012515626262531415
0.04496607781443954 0.0012515626262531415
0.04496607781443954 0.0012515626262531415
0.04496607781443954 0.0012515626262531415
0.04496607781443954 0.0012515626262531415
0.04496607781443954 0.0012515626262531415
0.04496607781443954 0.0012515626262531415
0.04496607781443954 0.0012515626262531415
0.04496607781443954 0.0012515626262531415
0.04496607781443954 0.0012515626262531415
0.04496607781443954 0.0012515626262531415
0.04496607781443954 0.0012515626262531415
0.04496607781443954 0.0012515626262531415
0.04496607781443954 0.0012515626262531415
0.04496607781443954 0.0012515626262531415
0.04496607781443954 0.0012515626262531415
0.04496607781443954 0.0012515626262531415
0.04496607781443954 0.0012515626262531415
0.04496607781443954 0.0012515626262531415
0.04496607781443954 0.0012515626262531415
0.04496607781443954 0.0012515626262531415
0.04496607781443954 0.0012515626262531415
0.04496607781443954 0.0012515626262531415
0.04496607781443954 0.0012515626262531415
0.04496607781443954 0.0012515626262531415
0.04496607781443954 0.0012515626262531415
0.04496607781443954 0.0012515626262531415
0.04496607781443954 0.0012515626262531415
0.04496607781443954 0.0012515626262531415
0.04496607781443954 0.0012515626262531415
0.04496607781443954 0.0012515626262531415
0.04496607781443954 0.0012515626262531415
0.04496607781443954 0.0012515626262531415
0.04496607781443954 0.0012515626262531415
0.04496607781443954 0.0012515626262531415
0.04496607781443954 0.0012515626262531415
0.04496607781443954 0.0012515626262531415
0.04496607781443954 0.0012515626262531415
0.04496607781443954 0.0012515626262531415
0.04507466441336293 0.0012582999074374805
