0.03626407398960434 0.000782933930261821
0.03626407398960434 0.000782933930261821
0.0370515941774025 0.0009165331592340003
0.0370515941774025 0.0009165331592340003
0.0370515941774025 0.0009165331592340003
0.0370515941774025 0.0009165331592340003
0.0370515941774025 0.0009165331592340003
0.0370515941774025 0.0009165331592340003
0.0370515941774025 0.0009165331592340003
0.0370515941774025 0.0009165331592340003
0.0370515941774025 0.0009165331592340003
0.0370515941774025 0.0009165331592340003
0.0370515941774025 0.0009165331592340003
0.0370515941774025 0.0009165331592340003
0.0370515941774025 0.0009165331592340003
0.0370515941774025 0.0009165331592340003
0.0370515941774025 0.0009165331592340003
0.0370515941774025 0.0009165331592340003
0.0370515941774025 0.0009165331592340003
0.0370515941774025 0.0009165331592340003
0.0370515941774025 0.0009165331592340003
0.0370515941774025 0.0009165331592340003
0.0370515941774025 0.0009165331592340003
0.0370515941774025 0.0009165331592340003
0.0370515941774025 0.0009165331592340003
0.0370515941774025 0.0009165331592340003
0.0370515941774025 0.0009165331592340003
0.0370515941774025 0.0009165331592340003
0.0370515941774025 0.0009165331592340003
0.0370515941774025 0.0009165331592340003
0.0370515941774025 0.0009165331592340003
0.0370515941774025 0.0009165331592340003
0.0370515941774025 0.0009165331592340003
0.0370515941774025 0.0009165331592340003
0.0370515941774025 0.0009165331592340003
0.0370515941774025 0.0009165331592340003
0.0370515941774025 0.0009165331592340003
0.0370515941774025 0.0009165331592340003
0.0370515941774025 0.0009165331592340003
0.0370515941774025 0.0009165331592340003
0.0370515941774025 0.0009165331592340003
0.0370515941774025 0.0009165331592340003
0.0370515941774025 0.0009165331592340003
0.0370515941774025 0.0009165331592340003
0.0370515941774025 0.0009165331592340003
0.0370515941774025 0.0009165331592340003
0.0370515941774025 0.0009165331592340003
0.0370515941774025 0.0009165331592340003
0.0370515941774025 0.0009165331592340003
0.0370515941774025 0.0009165331592340003
0.0370515941774025 0.0009165331592340003
0.0370515941774025 0.0009165331592340003
0.03810031943104832 0.00101711376513971
0.038152816688129206 0.001049135607012918
0.038152816688129206 0.001049135607012918
0.038152816688129206 0.001049135607012918
0.038152816688129206 0.001049135607012918
0.038152816688129206 0.001049135607012918
0.038152816688129206 0.001049135607012918
0.038152816688129206 0.001049135607012918
0.038152816688129206 0.001049135607012918
0.038152816688129206 0.001049135607012918
0.038152816688129206 0.0010491356070129183
0.038152816688129206 0.0010491356070129183
0.038152816688129206 0.0010491356070129183
0.038485634624355565 0.0010831141207553881
0.038485634624355565 0.0010831141207553881
0.038485634624355565 0.0010831141207553881
0.038485634624355565 0.0010831141207553881
0.038485634624355565 0.0010831141207553881
0.038485634624355565 0.0010831141207553881
0.03908302840221648 0.0010946931233802109
0.03908302840221648 0.0010946931233802109
0.03908302840221648 0.0010946931233802109
0.03908302840221648 0.0010946931233802109
0.03908302840221648 0.0010946931233802109
0.03908302840221648 0.0010946931233802109
0.03908302840221648 0.0010946931233802109
0.03908302840221648 0.0010946931233802109
0.03908302840221648 0.0010946931233802109
0.03908302840221648 0.0010946931233802109
0.03908302840221648 0.0010946931233802109
0.03908302840221648 0.0010946931233802109
0.03908302840221648 0.0010946931233802109
0.03908302840221648 0.0010946931233802109
0.04267998269744851 0.001202982158633693
0.04267998269744851 0.001202982158633693
0.04267998269744851 0.001202982158633693
0.04267998269744851 0.001202982158633693
0.04267998269744851 0.001202982158633693
0.04267998269744851 0.001202982158633693
0.04267998269744851 0.001202982158633693
0.04267998269744851 0.001202982158633693
0.04267998269744851 0.001202982158633693
0.04267998269744851 0.001202982158633693
0.04267998269744851 0.001202982158633693
0.04267998269744851 0.001202982158633693
0.04267998269744851 0.001202982158633693
0.04267998269744851 0.001202982158633693
0.04267998269744851 0.001202982158633693
0.04267998269744851 0.001202982158633693
0.04267998269744851 0.001202982158633693
0.04267998269744851 0.001202982158633693
0.043284938080230095 0.0012158080857717004
0.043284938080230095 0.0012158080857717004
0.043284938080230095 0.0012158080857717004
0.043284938080230095 0.0012158080857717004
0.043284938080230095 0.0012158080857717004
0.043284938080230095 0.0012158080857717004
0.043284938080230095 0.0012158080857717004
0.043284938080230095 0.0012158080857717004
0.043284938080230095 0.0012158080857717004
0.043284938080230095 0.0012158080857717004
0.043284938080230095 0.0012158080857717004
0.043284938080230095 0.0012158080857717004
0.043284938080230095 0.0012158080857717004
0.043284938080230095 0.0012158080857717004
0.043284938080230095 0.0012158080857717004
0.043284938080230095 0.0012158080857717004
0.043284938080230095 0.0012158080857717004
0.043284938080230095 0.0012158080857717004
0.043284938080230095 0.0012158080857717004
0.043284938080230095 0.0012158080857717004
0.043284938080230095 0.0012158080857717004
0.043284938080230095 0.0012158080857717004
0.043284938080230095 0.0012158080857717004
0.043284938080230095 0.0012158080857717004
0.043284938080230095 0.0012158080857717004
0.043284938080230095 0.0012158080857717004
0.043284938080230095 0.0012158080857717004
0.043284938080230095 0.0012158080857717004
0.043284938080230095 0.0012158080857717004
0.043284938080230095 0.0012158080857717004
0.043284938080230095 0.0012158080857717004
0.043284938080230095 0.0012158080857717004
0.043284938080230095 0.0012158080857717004
0.043284938080230095 0.0012158080857717004
0.043284938080230095 0.0012158080857717004
0.043284938080230095 0.0012158080857717004
0.043284938080230095 0.0012158080857717004
0.043284938080230095 0.0012158080857717004
0.043284938080230095 0.0012158080857717004
0.043284938080230095 0.0012158080857717004
0.043284938080230095 0.0012158080857717004
0.043284938080230095 0.0012158080857717004
0.043284938080230095 0.0012158080857717004
0.043284938080230095 0.0012158080857717004
0.043284938080230095 0.0012158080857717004
0.043284938080230095 0.0012158080857717004
0.043284938080230095 0.0012158080857717004
0.043284938080230095 0.0012158080857717004
0.043284938080230095 0.0012158080857717004
0.043284938080230095 0.0012158080857717004
0.043284938080230095 0.0012158080857717004
0.043284938080230095 0.0012158080857717004
0.043284938080230095 0.0012158080857717004
0.043284938080230095 0.0012158080857717004
0.043284938080230095 0.0012158080857717004
0.043284938080230095 0.0012158080857717004
0.043284938080230095 0.0012158080857717004
0.043284938080230095 0.0012158080857717004
0.043284938080230095 0.0012158080857717004
0.043284938080230095 0.0012158080857717004
0.043284938080230095 0.0012158080857717004
0.043284938080230095 0.0012158080857717004
0.043284938080230095 0.0012158080857717004
0.043284938080230095 0.0012158080857717004
0.043284938080230095 0.0012158080857717004
0.043284938080230095 0.0012158080857717004
0.043284938080230095 0.0012158080857717004
0.043284938080230095 0.0012158080857717004
0.043284938080230095 0.0012158080857717004
0.043284938080230095 0.0012158080857717004
0.043284938080230095 0.0012158080857717004
0.043284938080230095 0.0012158080857717004
0.043284938080230095 0.0012158080857717004
0.043284938080230095 0.0012158080857717004
0.043284938080230095 0.0012158080857717004
0.043284938080230095 0.0012158080857717004
0.043284938080230095 0.0012158080857717004
0.043284938080230095 0.0012158080857717004
0.043284938080230095 0.0012158080857717004
0.043284938080230095 0.0012158080857717004
0.043284938080230095 0.0012158080857717004
0.043284938080230095 0.0012158080857717004
0.043284938080230095 0.0012158080857717004
0.043284938080230095 0.0012158080857717004
0.043284938080230095 0.0012158080857717004
0.043284938080230095 0.0012158080857717004
0.043284938080230095 0.0012158080857717004
0.043284938080230095 0.0012158080857717004
0.043284938080230095 0.0012158080857717004
0.043284938080230095 0.0012158080857717004
0.043284938080230095 0.0012158080857717004
0.043284938080230095 0.0012158080857717004
0.043284938080230095 0.0012158080857717004
0.043284938080230095 0.0012158080857717004
0.043284938080230095 0.0012158080857717004
0.043284938080230095 0.0012158080857717004
0.043284938080230095 0.0012158080857717004
0.043284938080230095 0.0012158080857717004
0.043284938080230095 0.0012158080857717004
0.043284938080230095 0.0012158080857717004
0.043284938080230095 0.0012158080857717004
0.043284938080230095 0.0012158080857717004
0.043284938080230095 0.0012158080857717004
0.043284938080230095 0.0012158080857717004
0.043284938080230095 0.0012158080857717004
0.043284938080230095 0.0012158080857717004
0.043284938080230095 0.0012158080857717004
0.043284938080230095 0.0012158080857717004
0.043284938080230095 0.0012158080857717004
0.043284938080230095 0.0012158080857717004
0.043284938080230095 0.0012158080857717004
0.043284938080230095 0.0012158080857717004
0.043284938080230095 0.0012158080857717004
0.043284938080230095 0.0012158080857717004
0.043284938080230095 0.0012158080857717004
0.043284938080230095 0.0012158080857717004
0.043284938080230095 0.0012158080857717004
0.043284938080230095 0.0012158080857717004
0.043284938080230095 0.0012158080857717004
0.043284938080230095 0.0012158080857717004
0.043284938080230095 0.0012158080857717004
0.043284938080230095 0.0012158080857717004
0.043284938080230095 0.0012158080857717004
0.043284938080230095 0.0012158080857717004
0.043284938080230095 0.0012158080857717004
0.043284938080230095 0.0012158080857717004
0.043284938080230095 0.0012158080857717004
0.043284938080230095 0.0012158080857717004
0.043284938080230095 0.0012158080857717004
0.043284938080230095 0.0012158080857717004
0.043284938080230095 0.0012158080857717004
0.043284938080230095 0.0012158080857717004
0.043284938080230095 0.0012158080857717004
0.043284938080230095 0.0012158080857717004
0.043284938080230095 0.0012158080857717004
0.043284938080230095 0.0012158080857717004
0.043284938080230095 0.0012158080857717004
0.043284938080230095 0.0012158080857717004
0.043284938080230095 0.0012158080857717004
0.043284938080230095 0.0012158080857717004
0.043284938080230095 0.0012158080857717004
0.043284938080230095 0.0012158080857717004
0.043284938080230095 0.0012158080857717004
0.043284938080230095 0.0012158080857717004
0.043284938080230095 0.0012158080857717004
0.043284938080230095 0.0012158080857717004
0.043284938080230095 0.0012158080857717004
0.043284938080230095 0.0012158080857717004
0.043284938080230095 0.0012158080857717004
0.043284938080230095 0.0012158080857717004
0.043284938080230095 0.0012158080857717004
0.043284938080230095 0.0012158080857717004
0.043284938080230095 0.0012158080857717004
0.043284938080230095 0.0012158080857717004
0.043284938080230095 0.0012158080857717004
0.043284938080230095 0.0012158080857717004
0.043284938080230095 0.0012158080857717004
0.043284938080230095 0.0012158080857717004
0.043284938080230095 0.0012158080857717004
0.043284938080230095 0.0012158080857717004
0.043284938080230095 0.0012158080857717004
0.043284938080230095 0.0012158080857717004
0.043284938080230095 0.0012158080857717004
0.043284938080230095 0.0012158080857717004
0.043284938080230095 0.0012158080857717004
0.043284938080230095 0.0012158080857717004
0.043284938080230095 0.0012158080857717004
0.043284938080230095 0.0012158080857717004
0.043284938080230095 0.0012158080857717004
0.043284938080230095 0.0012158080857717004
0.043284938080230095 0.0012158080857717004
0.043284938080230095 0.0012158080857717004
0.043284938080230095 0.0012158080857717004
0.043284938080230095 0.0012158080857717004
0.043284938080230095 0.0012158080857717004
0.043284938080230095 0.0012158080857717004
0.043284938080230095 0.0012158080857717004
0.043284938080230095 0.0012158080857717004
0.043284938080230095 0.0012158080857717004
0.043284938080230095 0.0012158080857717004
0.043284938080230095 0.0012158080857717004
0.043284938080230095 0.0012158080857717004
0.043284938080230095 0.0012158080857717004
0.043284938080230095 0.0012158080857717004
0.043284938080230095 0.0012158080857717004
0.043284938080230095 0.0012158080857717004
0.043284938080230095 0.0012158080857717004
0.043284938080230095 0.0012158080857717004
0.043284938080230095 0.0012158080857717004
0.043284938080230095 0.0012158080857717004
0.043284938080230095 0.0012158080857717004
0.043284938080230095 0.0012158080857717004
0.043284938080230095 0.0012158080857717004
0.043284938080230095 0.0012158080857717004
0.043284938080230095 0.0012158080857717004
0.043284938080230095 0.0012158080857717004
0.043284938080230095 0.0012158080857717004
0.043284938080230095 0.0012158080857717004
0.043284938080230095 0.0012158080857717004
0.043284938080230095 0.0012158080857717004
0.043284938080230095 0.0012158080857717004
0.043284938080230095 0.0012158080857717004
0.043284938080230095 0.0012158080857717004
0.043284938080230095 0.0012158080857717004
0.043284938080230095 0.0012158080857717004
0.043284938080230095 0.0012158080857717004
0.043284938080230095 0.0012158080857717004
0.043284938080230095 0.0012158080857717004
0.043284938080230095 0.0012158080857717004
0.043284938080230095 0.0012158080857717004
0.043284938080230095 0.0012158080857717004
0.043284938080230095 0.0012158080857717004
0.043284938080230095 0.0012158080857717004
0.043284938080230095 0.0012158080857717004
0.043284938080230095 0.0012158080857717004
0.043284938080230095 0.0012158080857717004
0.043284938080230095 0.0012158080857717004
0.043284938080230095 0.0012158080857717004
0.043284938080230095 0.0012158080857717004
0.043284938080230095 0.0012158080857717004
0.043284938080230095 0.0012158080857717004
0.043284938080230095 0.0012158080857717004
0.043284938080230095 0.0012158080857717004
0.043284938080230095 0.0012158080857717004
0.043284938080230095 0.0012158080857717004
0.043284938080230095 0.0012158080857717004
0.043284938080230095 0.0012158080857717004
0.043284938080230095 0.0012158080857717004
0.043284938080230095 0.0012158080857717004
0.043284938080230095 0.0012158080857717004
0.043284938080230095 0.0012158080857717004
0.043284938080230095 0.0012158080857717004
0.043284938080230095 0.0012158080857717004
0.043284938080230095 0.0012158080857717004
0.043284938080230095 0.0012158080857717004
0.043284938080230095 0.0012158080857717004
0.043284938080230095 0.0012158080857717004
0.043284938080230095 0.0012158080857717004
0.043284938080230095 0.0012158080857717004
0.043284938080230095 0.0012158080857717004
0.043284938080230095 0.0012158080857717004
0.043284938080230095 0.0012158080857717004
0.043284938080230095 0.0012158080857717004
0.043284938080230095 0.0012158080857717004
0.043284938080230095 0.0012158080857717004
0.043284938080230095 0.0012158080857717004
0.043284938080230095 0.0012158080857717004
0.043284938080230095 0.0012158080857717004
0.043284938080230095 0.0012158080857717004
0.043284938080230095 0.0012158080857717004
0.043284938080230095 0.0012158080857717004
0.043284938080230095 0.0012158080857717004
0.043284938080230095 0.0012158080857717004
0.043284938080230095 0.0012158080857717004
0.043284938080230095 0.0012158080857717004
0.043284938080230095 0.0012158080857717004
0.043284938080230095 0.0012158080857717004
0.043284938080230095 0.0012158080857717004
0.043284938080230095 0.0012158080857717004
0.043284938080230095 0.0012158080857717004
0.043284938080230095 0.0012158080857717004
0.043284938080230095 0.0012158080857717004
0.043284938080230095 0.0012158080857717004
0.043284938080230095 0.0012158080857717004
0.043284938080230095 0.0012158080857717004
0.043284938080230095 0.0012158080857717004
0.043284938080230095 0.0012158080857717004
0.043284938080230095 0.0012158080857717004
0.043284938080230095 0.0012158080857717004
0.043284938080230095 0.0012158080857717004
0.043284938080230095 0.0012158080857717004
0.043284938080230095 0.0012158080857717004
0.043284938080230095 0.0012158080857717004
0.043284938080230095 0.0012158080857717004
0.043284938080230095 0.0012158080857717004
0.043284938080230095 0.0012158080857717004
0.043284938080230095 0.0012158080857717004
0.043284938080230095 0.0012158080857717004
0.043284938080230095 0.0012158080857717004
0.043284938080230095 0.0012158080857717004
0.043646189052857116 0.0012214218676272874
0.043646189052857116 0.0012214218676272874
0.043756473502814475 0.0012328809904649499
0.04401669948143879 0.0012330044156493823
0.04401669948143879 0.0012330044156493823
0.04401669948143879 0.0012330044156493823
0.04401669948143879 0.0012330044156493823
