0.016194743133382872 0.0011927431926324061
0.012484126502386061 0.0009041747343871975
0.014342380563903134 0.0010845915242043702
0.013631058303872123 0.0010429244807710347
0.013186036805564072 0.0009898119287754525
0.012155398144386709 0.0008374591517963381
0.014692369659314863 0.0011182735690908885
0.015237200299452525 0.0011488221373383567
0.017342122409900185 0.0012295428765582983
0.014629910307121463 0.0011142678980604614
0.014160224251099862 0.0010687010778838157
0.011893515431438573 0.0007696738335880582
0.014303669442597311 0.0010773218214126246
0.015191421363851987 0.0011449216074197466
0.014744008214620408 0.001120521549410114
0.01317390994518064 0.0009867066535207414
0.01426611999340821 0.0010764546653945217
0.013202464015193982 0.0009903400543862517
0.01493247356484062 0.0011242951687790992
0.012576470620842883 0.0009106764634907449
0.013182751335989451 0.000989634089592073
0.01290097513992805 0.0009624370272831584
0.013900766221922822 0.0010605801561496264
0.01384635517388233 0.0010461949536306747
0.012762022550305119 0.0009380377673551266
0.012730716196529102 0.0009328115824018823
0.013519781543436693 0.0010214855891490515
0.012665064918110147 0.0009324667421424238
0.012581252020027023 0.0009149717743639485
0.0139463014274952 0.0010652088060396636
0.015309549358789809 0.0011530033418694074
0.015242515888530761 0.0011497371701807424
0.012582572428073036 0.0009297634744598327
0.015077510823175544 0.001140731649115878
0.014521729779517045 0.0011074543714357787
0.01245264196768403 0.0008889950988759665
0.015015102297184058 0.0011280985697794677
0.012773633883625735 0.0009510329894055758
0.0134079518247745 0.0010152310240982843
0.012340744404355064 0.0008783051114278351
0.011973601482168306 0.0008147103321789473
0.013230179785750806 0.0009953028120435192
0.012882959425041918 0.0009611674315692653
0.01305141514603747 0.000975809679403028
0.013214656850323081 0.000994919588947596
0.013324815830856096 0.0010096320800130343
0.012280002134502865 0.0008638532733584725
0.01722837963461643 0.0012132735281511486
0.015044905216200277 0.0011297465500774706
0.01723335331189446 0.001219651224005247
0.012828585800889414 0.000959886621330952
0.014579891714674886 0.0011113740367818536
0.013540278749132995 0.001033047603527848
0.016036785709729884 0.0011791134414806947
0.012124033390136901 0.0008257477566075977
0.013074778842565138 0.000976550264567777
0.015053878792969044 0.0011357965806837456
0.012821309515857138 0.0009513937509382231
0.016133558812725823 0.0011916835973124762
0.012245605576026719 0.0008422879259342153
0.013810342737997416 0.0010456871575570403
0.013944803883987333 0.0010629210943022827
0.017182073686853983 0.0012055257458314372
0.016199394587602 0.0011931238483384732
0.015271192743966822 0.0011517593438838958
0.015438711257957038 0.0011565332832788044
0.01345437774216407 0.001015753330818825
0.015134181288885884 0.0011439892901989879
0.011942972938413732 0.0008048852885167435
0.01566315234231297 0.001160616000106529
0.014866730212816037 0.001121950086144352
0.015981105294486042 0.0011784961267267136
0.013204677507019369 0.000990377011930832
0.01682507538498612 0.001198965269850305
0.014052457765501458 0.0010656812964953133
0.014459882768278476 0.0011032822494598804
0.013534126449485484 0.0010275341161616325
0.014453722607868258 0.001098449060918938
0.014130881529126782 0.0010674909619865502
0.012930251628858969 0.0009648745258346025
0.011782206958741881 0.0007348973278737958
0.013212329959060298 0.0009943081690835243
0.012028958393784706 0.0008253841804162221
0.015908655208477285 0.0011734504098512843
0.012769975124683697 0.0009506924288871232
0.013261140054964926 0.0009994615438699839
0.015791751429787837 0.0011678613964249962
0.013280113220389467 0.0010024936093486758
0.014396639722690452 0.0010906230146474627
0.015047499873617198 0.0011317849060787921
0.012978413986274973 0.0009717029070088756
0.012124045861128252 0.0008283480647151009
0.012433402953320183 0.0008881679764272121
0.013615116775326896 0.00103333523315996
0.014625219999288674 0.0011115402678569808
0.015233700491080526 0.0011479898819288792
0.014227029176254291 0.001072932662623316
0.013140832110366318 0.0009853206311163376
0.013114217752445256 0.0009809103808038344
0.01228642576461425 0.0008653529109778901
0.013285550056025386 0.0010052770535367017
0.014431104369577952 0.0010960252013774152
0.012254649613169022 0.0008427817792835413
0.013150846705684671 0.000985715662864095
0.014664024914964102 0.0011145422499794222
0.012495214581576874 0.0009088330498343566
0.015199114390270552 0.0011458925542342513
0.01416716369567439 0.0010712507150856254
