0.014610642574552912 0.0010814414956712426
0.01290946695371531 0.0009234759179435059
0.01412853594229091 0.0010475205726834247
0.013163944051484577 0.0009584737656496145
0.016992329401546158 0.0011920334264914345
0.016358555047190748 0.0011529842912523236
0.01654072033124976 0.001165761949323496
0.016712574921257328 0.0011760810343730554
0.014646652365627233 0.0010880289985379932
0.014939674761990318 0.0010972789194170218
0.013984136345243314 0.0010407558829683694
0.012904153038107324 0.0009219981930073118
0.01626314800523687 0.0011381152330613986
0.013848282549588475 0.0010217291669505357
0.016308516445860732 0.0011441170672696899
0.016158924088813365 0.0011260329559945603
0.012923943155328743 0.0009252370807644184
0.013388843086431734 0.0009862981787591707
0.013121600190061145 0.0009580600249137206
0.013115787452989025 0.0009539890791074868
0.01618547348334687 0.001128541907746694
0.015052500129968394 0.0011013880631480788
0.01378399960231036 0.001012867033978182
0.01678909871770884 0.001180570208930476
0.016814538139442448 0.0011845528613321221
0.013671258726390079 0.0010066857666970463
0.012352659985481296 0.0008601594770425436
0.016525420025573112 0.0011646716473023844
0.01304154860554263 0.0009526848407404032
0.012719922189717181 0.0009052985767539212
0.013116052650730126 0.0009576046306847275
0.013299893573275767 0.0009770691733592685
0.013512005731172394 0.0010007949031205499
0.014295448498160113 0.0010593032895940269
0.012276785484573338 0.0007504245709242241
0.014916990141500719 0.0010961320907654226
0.01498219599307049 0.0010992410224162086
0.016803666134364903 0.0011810735722974641
0.015143470933253411 0.001105103349516412
0.012185034021968022 0.0007151047843763081
0.017129145155195147 0.001197177995209131
0.014192380600434262 0.0010494757402739197
0.01705077748920303 0.0011950226400472275
0.015084720111190109 0.0011026084407035341
0.01631190429907292 0.0011441743774867064
0.016665876253682654 0.0011730059668479953
0.014109812043898273 0.0010469624219240359
0.016350682875781786 0.0011505707705055102
0.012795650000043679 0.0009073326932593773
0.012842683172493707 0.0009177026495308382
0.012944467045599595 0.0009302929161094653
0.012943474474013783 0.0009256056002868718
0.013185878673539264 0.0009651258161511578
0.013776260333543178 0.0010070211417314567
0.01217884206562303 0.0006711787473250297
0.012164979809313081 0.0006630254495121335
0.012709626236755867 0.0008990536364308355
0.016298943344736472 0.0011411985062750318
0.014434859644097742 0.0010694762054299645
0.014877760877425317 0.0010946158344609103
0.012696883371972945 0.0008958739351783152
0.012883103408967145 0.0009186299719203816
0.017182648021844216 0.0012004308059658797
0.014747224991879193 0.0010944019782073156
0.01223605909399339 0.0007464570294359874
0.01651166348165134 0.001162054445103422
0.01380312503897585 0.0010161597292608349
0.014968918665545061 0.001098946779961807
0.017172411258798093 0.0011997029800454584
0.014601165363274049 0.0010810808416863438
0.013658920768648386 0.00100251491767267
0.01673958622268401 0.0011800414395111147
0.013448596851958428 0.000988363927717728
0.014358687098138034 0.0010654633003923664
0.016334363739588298 0.0011468512077499327
0.016332802246324718 0.0011466740531886899
0.01426101892866427 0.0010589284895559103
0.013909268389397766 0.0010292248750829458
0.016209457244258374 0.00113333940839766
0.014999161667219596 0.0011004767687836647
0.014474022500508 0.0010798456632983289
0.01348811492061941 0.0009942411668362183
0.016399068517785054 0.001155790937900747
0.015172855830314802 0.0011095071539557466
0.0125368431363313 0.0008789697888005321
0.01647842010424938 0.0011576905940273718
0.012893423838249873 0.0009203556141983427
0.016393517020333093 0.0011530037145348615
0.01300590083701536 0.0009440058554446296
0.016816195089631947 0.0011907545558642596
0.015060640092997346 0.001102420136476212
0.014229329470254015 0.0010526813382512046
0.016316928857122548 0.0011464157087175408
0.016695129248546436 0.0011754877577914158
0.016511135341716 0.001158124925041193
0.012950025033205748 0.0009390963284658937
