0.016481275033584097 0.0011843371732425112
0.013673277157067787 0.0010123798751919821
0.01651425378440763 0.001184524283871724
0.014265603942476446 0.0010617465064797216
0.015913022456516046 0.001132293941509488
0.013891530008550035 0.001032525116670513
0.014480321071459912 0.001080236220786901
0.017825067654484883 0.0012255062683834694
0.0130510444578249 0.0009550080326334864
0.0122438930629869 0.0007805946981989109
0.011890148649399634 0.0007378916388915968
0.013864126805856358 0.0010279342513968004
0.012920762033900246 0.0009436293686349018
0.016289837112708483 0.001165799108207466
0.014673061170469737 0.001095697587857103
0.016453981919767102 0.0011765291537813027
0.014834435722150374 0.0011052857633444546
0.012659519794397056 0.0009071464023691078
0.013265021174447611 0.0009746880953116488
0.01339343971631024 0.0009882488930088584
0.013722259001951898 0.0010176077256005556
0.016204906438360922 0.0011583464681734768
0.01378426373412367 0.0010231957667770075
0.014427126461669104 0.001077309266293014
0.014067450978473062 0.001044502651438961
0.016843246052303584 0.0012037237052595628
0.016337826007656986 0.0011663129309340547
0.012648261268623173 0.0009024225105349615
0.014391337652341463 0.0010737692770135254
0.016349917234038003 0.0011712514044575073
0.014343666702188784 0.0010695199530346144
0.014229027041437803 0.0010563011789486154
0.012826829297409859 0.0009288415526498284
0.01637348035001196 0.00117547854233635
0.016154389642906608 0.0011536280016457567
0.014667467279650737 0.00109308494012339
0.013449860125547275 0.0009916087185501965
0.01388032857721555 0.0010303640154347704
0.01221877797797788 0.0007780996834299003
0.01602248389099259 0.0011479775699854144
0.013383687950408785 0.0009875413751387896
0.012072079331119312 0.0007434873970737499
0.014631752910645446 0.0010922338981345092
0.012926491341204382 0.0009437548053483624
0.013873623800463974 0.0010285899901418816
0.013513349465938518 0.000999685302758735
0.012850368075305596 0.0009305036135174305
0.012745820844429545 0.0009229690758729703
0.013000681639823597 0.0009525711611786392
0.015086609710124321 0.0011222222359492662
0.015051056951051578 0.001115837623956395
0.01614677521865815 0.0011486587869740106
0.014360212568135466 0.0010718626435277656
0.013124867575243115 0.0009679554775630095
0.01615103527728934 0.0011507137055559724
0.013410234234470408 0.0009905948829782574
0.01647714954742696 0.001179560948571634
0.012915798899484798 0.0009404848960912204
0.012416601151926443 0.0008671064795180428
0.01669517422124045 0.0011894712333742063
0.012550763673061738 0.0008841590167776303
0.01620197025113157 0.001157358329123781
0.012868814897956327 0.0009311705380241619
0.01599593307764735 0.0011434407136903246
0.013975493006000761 0.0010366222863922303
0.012436510936822742 0.0008687104927957989
0.01248191936610965 0.0008745457550958236
0.012215026144986041 0.0007695491575532287
0.01250520098983543 0.0008832969867853535
0.012494754395447671 0.0008815958235572907
0.012503022750024684 0.0008828151198940759
0.012150387970905285 0.000769166039162883
0.013072047491732519 0.0009578420144862321
0.013064311555353925 0.0009554014570767322
0.013825351234117988 0.00102469081724621
0.015009672388259787 0.0011139530228660988
0.014821278466115473 0.0011042094674849068
0.016471101040224312 0.0011770871471981081
0.01505953701416729 0.00111606181303614
0.015123977245821152 0.0011228858279537235
0.013361963989154901 0.0009867286114513263
0.014026070857653394 0.0010422955003832612
0.013699949471629225 0.0010163659379713863
0.01429349077079678 0.0010638901301263104
0.014739810147148091 0.001104014270481457
0.014496159703412559 0.0010841863410746555
0.013518889274564572 0.001008809672384814
0.015981664044375066 0.0011365309493385212
0.015882206615060568 0.0011319105042275623
0.012676595913944766 0.0009170486548555346
0.015073772468895186 0.0011191449241323426
0.013951859687949764 0.001034261338872966
0.013107304203003878 0.000961997185470409
0.016407460014306707 0.00117643908242826
0.014872651590849273 0.001111168234501747
0.014193575676472392 0.0010535900797776776
0.013162163180822972 0.0009699987358544604
0.012869921680248808 0.000932541905740436
0.01347192119283136 0.00099793770323231
0.01622898360801628 0.0011615674338827375
0.013272785199660575 0.000983316787824151
0.016543848025321495 0.0011857742752567901
0.01401518555576331 0.0010403335197679553
0.012622363014088478 0.0008852006144479674
0.01660962229288998 0.001187893271549001
0.015019010927062482 0.001114853185526954
0.01255916752415942 0.0008843808070650994
0.014976085862144828 0.0011127848014780284
0.012438116798875853 0.0008697447717622708
0.014564463519491255 0.0010870650072547505
0.014434287069889251 0.001078494415651221
0.013861875981092453 0.0010278621756469875
0.016588148457231 0.0011863909966223218
0.016770599977462552 0.001197184677948826
0.01335902999562677 0.0009847963087850076
0.012315413150645327 0.0008550988181923458
0.014348896787851118 0.0010713364365528832
0.01574482438445557 0.0011255289161908877
0.013070278000668623 0.0009570802858434035
0.016456553406897 0.0011766639412940094
0.0159308089496335 0.0011353914170513235
0.016825651910039596 0.0012026532672280155
0.014822991692199139 0.0011049834911887046
0.013438599060464185 0.0009906035554649861
0.013181143418478314 0.0009724722776809358
0.01408357722175424 0.0010447266700452928
0.01615233782285941 0.00115329336904324
0.01677584309800295 0.0012007405327949527
0.016155702778632985 0.001157323277368505
0.016760447040724102 0.0011954236182987188
0.012260877738299314 0.0007820010105206165
0.015011648043582682 0.0011143640037403202
0.014006638659338932 0.0010383826395354845
0.012123929496738128 0.0007643076107797242
0.012936764695041347 0.0009451804153286503
0.01428048913658131 0.0010621855959698223
0.014727161069458816 0.0011012830359504733
0.01621435304332408 0.0011584669183548613
0.016215655974519905 0.0011597984150739649
0.01620906269090483 0.001158369300242157
0.016739881153625902 0.0011923924337793324
0.0129787410114659 0.0009455452959628019
0.011864489868457895 0.0007224037351534207
0.014111777949437965 0.0010498206418105838
0.013073461028398015 0.0009585963034624001
0.012825883350160439 0.0009270727002785861
0.01262632498765015 0.0008873149877217656
0.014686122802231694 0.0010959823273424263
0.014155618422591942 0.0010516456153482068
0.012558559959870763 0.0008842707325129595
