0.013165749565814622 0.0009760629174024871
0.013908688924857415 0.0010377760747815046
0.01401202167471638 0.0010488528257610596
0.016916918444621842 0.0012070464619000632
0.016226567422563676 0.0011606979817315732
0.013060036748356652 0.0009673618635588355
0.013602158724097535 0.0010165642478341397
0.013920478450017981 0.001038623639033176
0.013312404254975263 0.0009954672711955936
0.013241320513770916 0.000983991700650222
0.014287587269791402 0.0010726287817988123
0.014643998929386726 0.0011041925027939214
0.014440631679462967 0.0010843667072322205
0.013176737411413342 0.0009773841038622777
0.012830141371523496 0.0009376060149861587
0.014932379192032386 0.0011152265514056126
0.012717313926259521 0.0009265394835438201
0.013063719394267537 0.0009704698982204718
0.015983893717930187 0.0011323191868086724
0.01289032096246956 0.0009452295591927395
0.013612094728159718 0.001018363834646152
0.013606104621430859 0.0010166538224893884
0.013552999327657744 0.0010117471094872599
0.0161132142166025 0.001154951162902762
0.01497842940443661 0.0011178563368048344
0.01247824484744342 0.0008933655219607317
0.014991026662755758 0.0011181214737234768
0.013288435700815171 0.0009908773072311305
0.015016810750239529 0.0011210390128866266
0.01257718611304881 0.0008962356048414222
0.014370472010341473 0.001075488636956834
0.017426852748030797 0.0012108808006132676
0.0132110805643606 0.000981432413937
0.0163884967478225 0.0011760584429794108
0.013262833868793678 0.0009867630751614342
0.01293763228568423 0.0009543573786174875
0.013606804466689937 0.0010178982852266927
0.01265515109844273 0.0009049297964338621
0.0167866743504419 0.0011986364205540667
0.017485956100699696 0.001217074207104929
0.014390429518243764 0.001081815450220347
0.013417335918347817 0.0010031985812020139
0.014517823665954666 0.001096445092024556
0.01199090365844313 0.00030658352011414536
0.01248464903619606 0.0008939169301811489
0.01595959276164649 0.0011311902296711196
0.012136505676608067 0.0007557404726412642
0.012438958903658204 0.0008792826979515667
0.01463209049688885 0.0011021480095223524
0.014920318535587285 0.0011124443901735503
0.01608440198469907 0.001151502808852456
0.014514614799736592 0.0010953601933465507
0.012258640221261885 0.0008196562041575817
0.013662399775057565 0.0010248171568036923
0.012865926721133292 0.0009415280037501361
0.016252886762231356 0.0011724357453886114
0.014852026557491627 0.0011097490753400052
0.012638787426112685 0.0009025194078731147
0.014808747728238814 0.0011094731771663646
0.014585279292077757 0.001098557633326891
0.014854731693048961 0.0011099617980789844
0.014859575909213163 0.0011108100982255564
0.016071786609245464 0.0011436392673545015
0.01673437943099998 0.0011970038633535296
0.014077613297558855 0.0010507689992209635
0.016821094483020715 0.0011991045367949482
0.014487057916994672 0.0010873584794808266
0.014500076009426266 0.0010881626698164837
0.013646209852595348 0.0010187140298967279
0.012813179673685227 0.0009349072886379872
0.01643125570990378 0.001177368288352909
0.013026189131778665 0.0009614145831164933
0.012809485480829608 0.000931288968786248
0.014505049570288975 0.0010884603902923118
0.016481853352161124 0.001179830951969052
0.014195675088558346 0.0010627541062149248
0.014584812381940537 0.0010968683592409434
0.012797824736480834 0.000927561766729923
0.014047136686713202 0.001049118256219117
0.016568923003433156 0.0011912731704626367
0.014153399664792232 0.0010593493007036159
0.013435612920147832 0.0010035765706106758
0.013348329004656989 0.000995739590280209
0.01319680657616118 0.000981188807372746
0.013370140892220661 0.000995866740368001
0.014961042172217276 0.0011175386715649438
0.012638642743695527 0.0009006959689941141
0.013858651476766681 0.0010335140225379291
0.016384015027142595 0.0011759538892874843
0.012345631053904071 0.0008732114754366194
0.013527810260711703 0.001009580670597643
0.012674387136939913 0.0009238233126325213
0.013943530757387634 0.0010392995018264628
0.014275657944381237 0.0010674875691165653
0.01340004414669238 0.0009973939304472879
0.014378717925865203 0.0010777205407066504
0.014261991353123449 0.0010655971161668276
0.013752376034972258 0.001028365953516186
0.013718559384869877 0.0010269054382661125
0.013524034417059738 0.0010080105030283448
0.012852670151914936 0.0009403440458299883
0.013907068765547592 0.0010357771463986865
0.012669576572079677 0.0009235749662366288
0.012811930326279253 0.0009334660992408317
0.014353262129588984 0.001075319731626223
0.01644214483530959 0.0011795993636951607
0.015691296030126978 0.001126337999039606
0.012743453997245524 0.0009275464744860074
0.016821928729768842 0.0012011174804911207
0.016220181620155927 0.0011574411012134078
0.015986445330781862 0.0011396303782476025
0.014208487948053516 0.0010649551489905207
0.01310164519236423 0.0009706955163437669
0.014115394282271154 0.0010538687046164341
0.013467201577441301 0.0010041838370398182
0.012852040803409182 0.0009402446680724097
0.014709911818499677 0.0011062802848300635
0.01356077609671047 0.0010139228209027351
0.016605105127382558 0.001192615955119436
0.01242059900687309 0.0008738673373045458
0.01687666983343661 0.001204203224574485
0.014510288448946085 0.0010946010595489497
0.013095178619551007 0.0009706455564355565
0.016499442543135956 0.0011835697461037853
0.01323905212484533 0.0009827397020671924
0.016226855190325296 0.0011662370661724708
0.014294298205641098 0.0010748052411599929
0.013160325543140061 0.0009749556199949438
0.01293633932073135 0.0009529607063996082
0.013286590430652723 0.000987206464060364
0.016523881968169007 0.0011861665268497745
0.012213414927828126 0.0007931397990432743
0.012901090827654116 0.0009495564597727935
0.013491483383404557 0.0010067886630622525
0.013650367240188643 0.0010192462898430676
