0.013646485713252332 0.00100816943074733
0.015785387840878684 0.0011334880639424227
0.01421763862890657 0.0010565941408913204
0.013665951657458209 0.0010151676358418626
0.011943490011617541 0.0005816006055283651
0.012982065600226633 0.0009538537342450581
0.014549412342603318 0.001086924176888715
0.012896947191620711 0.0009333971320302226
0.014793066031415947 0.0010967782368425105
0.01209173627285054 0.000691180443027406
0.014912834689312149 0.0011053930529669742
0.014652300211309921 0.0010906710049312096
0.01402910102478927 0.001044570697558811
0.014223851350834593 0.0010684323042369215
0.0133216292160796 0.0009823627756304631
0.016235830044024624 0.0011671255365399702
0.01341387056891108 0.000995323392089631
0.013714340158912819 0.0010188467945226876
0.013285943248774856 0.000978193263790672
0.012766993866534904 0.0009137849140188337
0.01454364480014192 0.0010867696257719217
0.014117966493358836 0.0010525402230996406
0.012873960396973416 0.0009326516603778146
0.014364962698891759 0.0010711945266166367
0.012936558370711282 0.0009354861394967884
0.012732910618069582 0.0009067566281828476
0.01380954920023214 0.0010224672171261773
0.016383816066081636 0.0011729513925047286
0.01583965398458531 0.0011429136977767484
0.01279992624768056 0.0009239716041520296
0.013646501844050363 0.0010120356309926137
0.012906483556434978 0.0009343115957562986
0.016093156053102575 0.0011615622352110222
0.014666857859992888 0.001091995935439627
0.01651047072300571 0.001175562529056151
0.01636935368878767 0.0011721476282673393
0.012739077661535703 0.0009076232438474108
0.013075124123133719 0.0009622391171433264
0.01591109202854568 0.0011510125916629477
0.013109007006278262 0.000968690622471513
0.015815378857951146 0.0011426833154928318
0.012157604156527668 0.0007028606214589672
0.01248465660319198 0.000883846208353134
0.013897010612708982 0.0010385755567767774
0.016603297961410135 0.0011853793182581285
0.013389366249612067 0.0009921046685121837
0.01411974044458475 0.0010526832397772523
0.01436517449474195 0.0010747705459834833
0.012966485104698222 0.0009429730664578528
0.01572193687024992 0.0011287440827345563
0.015713186643552035 0.001127336732679396
0.01325109893514309 0.000976709279939314
0.013573550095316023 0.0010047793425655982
0.013730325190408621 0.0010205209305240714
0.015546277238172479 0.0011142579378429218
0.014085669427004177 0.0010497726077574043
0.012950865631864872 0.0009382040484524623
0.01545619434909895 0.0011087969951404375
0.012705481320153922 0.0009059537851499044
0.013814413447107654 0.0010260613953505526
0.015680635384342168 0.0011232173696953396
0.014727333291375544 0.0010960846000216407
0.013270166084112134 0.000978030689566367
0.012340235713054426 0.000851463159733612
0.014877074041578453 0.0011030422765543335
0.013665306010807399 0.001013973398357848
0.013657244038768113 0.001012823791484152
0.016196400429180358 0.0011656796932584257
0.013292692572576925 0.0009820360269259254
0.012854614615207538 0.0009286434731166082
0.0156574064239976 0.0011209429887912847
0.012171095280791633 0.0007079928436724003
0.014541915166773833 0.0010859080616683059
0.01422045860090293 0.001062103016238325
0.013529236952308565 0.0010045240605904837
0.012786492494342383 0.0009146224449523288
0.013434566531941528 0.0009987451585402596
0.013239125197287649 0.0009755653063621139
0.012679456638579722 0.0009056956907897984
0.014386188820935786 0.0010826080795141024
0.013646712213812862 0.0010128069047823374
0.014758874618564732 0.0010964379553115577
0.01502030850679148 0.0011087873870110343
0.014157794335915241 0.001055693193393381
0.016561141186684836 0.0011817984441222507
0.01249085472227307 0.0008860286707772502
0.013172724095056765 0.0009712277446851658
0.01577825174172176 0.001131465475737059
0.01242788021772867 0.0008632384124211967
0.013587587709480431 0.0010055133325295174
0.01576009496784536 0.0011312828221434756
0.014883884032315109 0.0011034926596948935
0.013714539534703363 0.0010201230375059822
0.014553375855030026 0.0010871031158785627
0.014577432470105123 0.0010900208392286004
0.013511466670024674 0.0010033606708930165
0.016340982881956734 0.0011715647307255495
0.014338023829623125 0.0010691439490528865
0.012619506189366803 0.0008971678544185124
0.013944817968877032 0.0010426668775380676
0.012970321578904986 0.000947906505643914
0.013193985665566288 0.0009738843550621823
0.01369682381482562 0.0010167921113861667
0.015587812558806036 0.0011185805819877714
0.01335523955640383 0.000989751951465223
0.016258250550890807 0.0011675221962832438
0.01579926544218324 0.0011367808506292931
0.016160726197995245 0.0011655959698373408
0.016556300630327314 0.0011817058266387903
0.016044743861129973 0.0011568022553092305
0.013354232905840036 0.000983294076149832
0.014131839670881163 0.0010536176487221383
