0.012642825044167694 0.0008867035626280995
0.013466423355566803 0.0009795054156711558
0.012267414276720956 0.0007983056293596746
0.012888316878161277 0.0009208595716927448
0.014070612807699945 0.0010245480177673016
0.01451485034340294 0.0010623659159136878
0.012677853352215607 0.0009015186133183306
0.014478689277893864 0.001057280713439468
0.014112299657426775 0.0010293234988694167
0.01279132714989828 0.0009044769874435588
0.015295237149985041 0.0011030818759536487
0.012468890468881 0.0008571261143970332
0.014625254043494351 0.0010700550674300757
0.012360794142296072 0.0008411314290697192
0.013055216857537744 0.000944152666932041
0.013175097796192858 0.0009588558282302984
0.01423816331953276 0.0010425679666923315
0.013942377503553871 0.001019956836671554
0.013145270146196708 0.0009493827228652663
0.012418161968525965 0.0008470483787732519
0.012633054422622081 0.0008857357095166662
0.014521284203510731 0.0010639349745815707
0.01291315363778267 0.0009252390900655882
0.013535832062189002 0.0009865771567092452
0.014488731618257589 0.0010593390578605977
0.01184170072156121 0.000695802260452183
0.012469981200410984 0.0008723457610813057
0.014714258817548398 0.0010840487534551357
0.012653172125283163 0.0008885230929536192
0.011901323523488827 0.0007090245612744184
0.01280047189356992 0.0009153743751539878
0.01243553959784549 0.0008526590717394811
0.013100595089781564 0.0009493336096966232
0.011948826795560308 0.0007358748246133473
0.011912624191609211 0.0007091695446206359
0.012514987705799285 0.0008724630370124942
0.014653748025011737 0.001076879759921212
0.014991768963227514 0.001092780245699032
0.012122427913709544 0.0007609092558595876
0.013850809176801704 0.0010121779405380948
0.014260430172726046 0.001044014312356012
0.012299881578655913 0.0008016341583640951
0.01506201148731634 0.0010931991350844328
0.012344944807409775 0.0008196424346351705
0.01465128055860987 0.0010703094061454976
0.015979503325070255 0.001115014443257678
0.016118536543217488 0.001125027131593015
0.01404605180141516 0.0010216064854375873
0.012553357373690233 0.0008763639264088852
0.012578380890772678 0.0008796624626938865
0.013708104073884897 0.000994107652331877
0.014346769872645382 0.001053079687153513
0.011854954240334337 0.0006973850845497509
0.011779527805629186 0.0006578278138249516
0.014176941454934422 0.0010337510140061568
0.015622253820765764 0.0011074165381614876
0.014562108233803883 0.0010694149395931163
0.012552629443234764 0.0008762592578932527
0.014152394382108469 0.0010295388524355076
0.014067415220779367 0.0010236389812234847
0.015106931357877329 0.0011002184573953855
0.01388883322943002 0.0010156659056974604
0.014923803981218953 0.0010925826736638555
0.014340453373733908 0.0010472799259559906
0.01451440802338766 0.001060202160033441
0.014316391265310813 0.0010447475107753235
0.012669066221860703 0.0008975452697086439
0.013460899972415064 0.0009788818213110062
0.013322335478733294 0.0009612105870928644
0.013418022732366808 0.000971099537309783
0.01193677479022881 0.0007172959810759494
0.013622041267808527 0.000992046461078644
0.014433622476644814 0.001053328428383793
0.01420406521356199 0.0010366619819706102
0.013025170228502247 0.0009303378269578388
0.012359391599602532 0.0008261769571618061
0.013342654106963892 0.0009613409781650262
0.013345776860660408 0.000962646068956019
0.01444019139307784 0.001054544143471503
0.01416213545599021 0.0010310589548225835
0.012345594019279815 0.0008218181876600283
0.016048023906478193 0.001121473805255846
0.013378726354858372 0.0009659702702720097
0.01415662320505362 0.001030412013278692
0.01554746840702137 0.0011073753166783717
0.014087891977396794 0.0010284225345458253
0.01371543071581982 0.001009115797501181
0.01619649023632519 0.0011351219362722986
0.012547126883873716 0.0008758260039485322
0.01490326569910394 0.001085293275764343
