0.015109166211914271 0.0010946185393549968
0.015272053424268961 0.0011052424215449719
0.01446236704941839 0.0010564217809587717
0.015641395119018853 0.001142932269431185
0.012768107873853296 0.0009087247563002165
0.011575666663702577 0.0006152331170596881
0.014474465744569898 0.0010650133626768366
0.016088207194115967 0.001190683113236446
0.012251472449861467 0.0007500539577449672
0.015146341291256249 0.0010969365903292783
0.016291311127133667 0.0012029375866404735
0.015616220363881439 0.0011413275205995888
0.014368061034474522 0.001038747010170482
0.013268428796436638 0.0009633526715333574
0.01536387880332768 0.0011291540758975316
0.01166876609204337 0.0006934384273336036
0.011710154998581856 0.0007052106084302068
0.01372821320546791 0.000994151760096429
0.01663786079734564 0.0012174876756034791
0.01593406207393855 0.001181555664516054
0.011628389998804778 0.0006832513681729324
0.013870331924408674 0.001015728730635601
0.014637334737926722 0.0010677263853722252
0.01515095541253686 0.0011032224701921223
0.016127060225699097 0.001194460979604628
0.011740110930986702 0.0007075352150422987
0.01233826158568263 0.0007987008029886056
0.013262507622130215 0.0009423881474504014
0.014849047118332237 0.0010748713266366394
0.014920428569894284 0.0010823544489539927
0.013259155675768852 0.000936004380491795
0.01653148583136499 0.001207024630275555
0.01460592052899301 0.0010669516559573822
0.013253973156679422 0.0009337893334304681
0.013731964980252087 0.0010080704432766652
0.015615824144333601 0.001134724181611091
0.015827170049306005 0.001158717968792189
0.011683493037708104 0.0007004855706327362
0.014966135495342314 0.0010895386349147884
0.012592132377903908 0.0008397056208195863
0.014363388996571302 0.0010383480112068355
0.015131347405258566 0.0010964497123495676
0.016195969539694488 0.0011960856427322142
0.015720099152531475 0.0011580131322261877
0.013444906333461404 0.0009697906643850729
0.015092771383933723 0.0010923668087343685
0.012385040638037026 0.0008282181825052248
0.014936400286387652 0.0010834835611603921
0.016211625887081027 0.0011972668289672583
0.014946536859497428 0.0010882552414841484
0.013242472894489765 0.0009334020251117181
0.015084303740877658 0.0010907828582276125
0.011679648305289447 0.0007003868850006256
0.01608284778194502 0.0011899503515451215
0.012913458107504994 0.000910236660274677
0.014665740134660155 0.0010717718269006582
0.016130313626490533 0.0011947770835831761
0.015705296769738197 0.001148721836216282
0.013201018969994038 0.0009324887123511871
0.01586584822507575 0.0011604569444898516
0.012538145820144564 0.0008382031974178972
0.012551346968393773 0.0008391779883822892
0.015984166297130287 0.001188187270599883
0.01271019532578066 0.0008954273307608673
0.012760979006998241 0.0008968039401224814
0.015037712117191404 0.0010902022586378735
0.012600115267559886 0.000842105006086058
0.013203991926275194 0.0009330819921160582
0.01243179151788354 0.0008320045890286565
0.01621712080668658 0.0011988304977421649
