0.01633368927286938 0.001204320607939735
0.01586424943525344 0.001157294842414558
0.01620833796914667 0.0011978373804595321
0.015714140492491424 0.001154696277808398
0.01625944027910009 0.0011988171536359005
0.014026466524228454 0.00101370600896189
0.013763933384325355 0.000996648428554181
0.01238243782427162 0.0008218283910537139
0.017594844801351428 0.0012331253819866106
0.01617506763432175 0.0011940275435335934
0.013613284740131348 0.0009799397903407225
0.016183420841116458 0.0011957764145336114
0.015682838507927954 0.0011527813330758363
0.016589330509305 0.0012226098260725848
0.0143146978225559 0.0010405450229882263
0.016347164346370846 0.0012043720635119826
0.016157219361048192 0.0011930726250284351
0.013298986770678312 0.0009472911169723375
0.013828792376443744 0.0010020992813224439
0.016273344168439507 0.0012017293192911893
0.013397362548857927 0.0009572633734933333
0.014875998953357339 0.0010771203251351835
0.015388545230962336 0.0011234502453589812
0.013395061891060323 0.0009549501446599606
0.015620522492099553 0.0011486859075375833
0.012482900987379253 0.0008297877793665975
0.012364593392703682 0.0007706544165557716
0.016462274128571153 0.0012050996738253161
0.012857314839493483 0.0009076936221390497
0.01596756954677403 0.001182744512334466
0.015948531799949706 0.0011597315169638023
0.014879486872814596 0.0010778095384011976
0.013423972995951772 0.0009585080551914871
0.013424394943285733 0.0009628243678889703
0.0123370744404383 0.0007569160716229817
0.0123370744404383 0.0007569160716229817
0.013932882400695235 0.0010103332551807398
0.013347455475013703 0.0009500657542957924
0.011957099486608058 0.0006103821747274196
0.016242265817709267 0.001198507656226866
0.013557665690314025 0.0009725943837111117
0.013557665690314025 0.0009725943837111117
0.013215064944233745 0.0009354733538202709
0.016064008814282715 0.0011874197007273324
0.013781535322777927 0.0009987314988393337
0.012502364115789533 0.0008430916495854035
0.013457949215080589 0.0009665344841778278
0.01443851663498208 0.0010603949485812336
0.014905542368069291 0.0011015794534614542
0.01526931521948427 0.001104028367990395
0.015829318552277982 0.001157088583568111
0.016254132089670748 0.0011987052785116248
0.012440206308383495 0.0008254135627794312
0.014035582600627095 0.001014641193251009
0.014670451811980456 0.0010667111055226997
0.015779754146933556 0.0011564296146389097
0.012412869196850806 0.0008218460716307163
0.013194693077821285 0.0009270240389014361
0.01338172669056803 0.0009534436139801983
0.016075255640316755 0.0011879800003953278
0.012750368099659681 0.0009075748603208922
0.015802060603164136 0.0011567655892577022
0.013269437244161963 0.0009379704351886176
0.013393697619903833 0.0009535253502690466
0.016496586322318763 0.0012170282570878044
0.016485447995364666 0.0012165555381216109
0.013290076283738017 0.0009412639028596459
0.01245853176806122 0.0008285228523163823
0.013543593813665211 0.0009677532743808115
0.01455192087450996 0.001066649601852987
0.01612187852151692 0.0011909990062122233
0.01612187852151692 0.0011909990062122233
0.013868208159692585 0.0010072835739265429
0.01467933360254392 0.0010699936756282113
0.01577854884089902 0.001154932935605757
0.015559859341010451 0.001125154347391799
