0.01174547866685316 0.0007346956963374396
0.012425568012986332 0.0008285311232612003
0.016108605545014143 0.0011936981245526113
0.013891811890061945 0.0010131799135706387
0.016120001557283103 0.001195221695525106
0.01330841745948419 0.0009577045602782164
0.015238227788358927 0.0011017977867595619
0.014523093588650227 0.0010658252067514695
0.01348375977249816 0.0009720554062369047
0.014405513240490109 0.001045997632900253
0.015847097616642714 0.0011604733372223563
0.01371258735889569 0.0009899571323330747
0.012872505583800375 0.0009125594897341216
0.013596219476312399 0.000973151009020512
0.01606661983532831 0.0011931039916817099
0.012348964461125433 0.0007650993702554842
0.011613386566750705 0.0003395029380044434
0.015017369238194078 0.0010983611900883261
0.013879589969292283 0.0010089529969263822
0.014379933942109346 0.0010399583770777099
0.015530953300185502 0.0011275284923613071
0.014103582710959017 0.00101829628329142
0.015653606096748263 0.001148894094512798
0.012592518993187696 0.0008481898439640645
0.015834274992812425 0.0011598670098464936
0.015998699818737805 0.001188324713439215
0.016344556061085314 0.0012020610447507352
0.015806779148988426 0.0011591223956202157
0.01593420433346182 0.0011831943193101324
0.012797432718798518 0.0009058155119419098
0.01377521496033296 0.0009948405604518484
0.012451541668269783 0.0008317231986438856
0.01378234155708924 0.0009962055464711739
0.016212568152695894 0.0011993589359917678
0.013359076750930399 0.0009585289990354795
0.015524404356256127 0.0011267907248111442
0.01481547870207578 0.0010750370493042283
0.015746624092571437 0.0011560632920009084
0.01404838659800589 0.0010158398163184756
0.015214989718515426 0.0010991876770276576
0.015353899274487048 0.0011069192460126942
0.01284870394738391 0.0009125011511059711
0.012487316911574453 0.000842532237584237
0.015617010125424713 0.0011303055143798701
0.01517157518537715 0.001099019160392345
0.01517157518537715 0.001099019160392345
0.013797478226479143 0.0010083263423439348
0.015815773571375757 0.001159317049314268
0.01577520032878965 0.0011585032334551215
0.01473300764337182 0.0010733855360740563
0.016481199127156287 0.0012031917794956826
0.013360678509343415 0.0009609440894564614
0.012427789508365095 0.000830358167149825
0.014946819399483502 0.0010824063538166229
0.011645780294202268 0.0006137688251328655
0.01623078843113035 0.0012001140639767982
0.015719852992333472 0.0011527353926794603
0.01266956515610218 0.0008973669118859107
0.012845530873164535 0.0009079642823053291
0.013381520053371787 0.0009620428118068958
0.014677414379548281 0.001070290156349074
0.012457095843274146 0.0008416663386014989
0.012390280026011169 0.0007734335613349685
0.014865554810967296 0.001081775419152109
0.013208600808866322 0.000941899737881613
0.012167856039013714 0.0007379500493698288
0.013784669281449169 0.0009995911750593223
0.015377246192656457 0.00111993385507958
0.016156005498487502 0.001198237863718532
0.015010761504527181 0.0010926917002507253
0.015010463481303304 0.0010869433208426926
0.015820893517229706 0.0011596950207604095
0.01597447053063661 0.0011863931285915896
0.01452628057450056 0.0010694240991142578
0.015447342593688518 0.0011212446115678176
0.011718679044861346 0.0007138039654819295
0.015765969408676028 0.0011564460219233297
0.013284318789374083 0.0009482988243689761
