0.013978885253891349 0.0010071814849652583
0.01452020020224154 0.0010602910915622488
0.01384594535920769 0.0010015167026722338
0.013974709727335721 0.0010065433689305792
0.012503525242209435 0.0008385573601117358
0.015899788471870124 0.0011790787903009914
0.013933152367826551 0.0010056495830212953
0.014651287405285984 0.0010701836145017296
0.011517391307279468 0.00055637154764554
0.01607555098598823 0.0011968105100095272
0.013444789801724255 0.0009624708818591898
0.013471364800352603 0.000964181814197218
0.015052422531880438 0.0010979148883052403
0.016410684504080564 0.0012063842223142274
0.012628592958208174 0.000914830094188801
0.012429135502316058 0.0008270414728031028
0.01505802507745102 0.0011026705433323514
0.012411824078299105 0.0008260785416496219
0.014055602019652724 0.0010165040712308837
0.014903365285135806 0.0010882854385272367
0.015654056041967124 0.0011332649664836936
0.012587699631694704 0.000840428345327382
0.016063446179032326 0.00118547365127597
0.013922674756031483 0.0010036324692919152
0.013438881898764521 0.0009617138657631585
0.015206363052129745 0.001106724610508536
0.013529430783819407 0.0009709572859719628
0.014571865845937282 0.0010682406282285228
0.01629189058439806 0.0011970335472142324
0.013888018438592553 0.0010033280104835285
0.013397536182310432 0.0009487023871770361
0.01767832977930084 0.0012371310876915231
0.01603656046791002 0.0011844847394968383
0.013567810412496328 0.0009725361633172724
0.01382595975883305 0.0009957971633411944
0.015808114840183407 0.0011585946849663742
0.01630502409534529 0.0011970363193540834
0.016352013975847512 0.0012033773891744204
0.013410045474302024 0.0009555371325404849
0.015747122350148857 0.0011557572724996135
0.012319403234869242 0.000723193074009032
0.015210025827400386 0.0011106625224783784
0.013557921804022044 0.0009719952540763188
0.016977012215647846 0.0012068090509274043
0.014011136430781335 0.0010108862989000045
0.012595151027198881 0.0008408627290918957
0.015550452575553209 0.0011289331741863862
0.013480115798301995 0.000965782342973398
0.014458975056186318 0.0010407044246676378
0.015865526103880256 0.0011618645730777644
0.01632594404509291 0.0012014193998766132
0.014552988403011113 0.001062011971953325
0.01395166025031358 0.0010059340656880522
0.013763594266492873 0.0009903399459290085
0.015152606996707618 0.0011060033393732738
0.011749805591534823 0.000712419272531406
0.01232117263134569 0.0008086111120064743
0.013302390230819583 0.0009379019065818284
0.016348068427760154 0.0012020657741231844
0.014630546269472688 0.0010684383742045611
0.015746943303383887 0.0011506597220432013
0.013519099855329841 0.0009684507094789296
0.012380449043121189 0.0008258231773652369
0.013424517470411956 0.0009567082797730109
0.01500812527956441 0.001091317393729696
0.01400683168321848 0.0010076823400595458
0.013446590688545257 0.0009635045389586594
0.015571814496070147 0.0011319875993649475
