0.013467641896568239 0.0009698391804704443
0.011765188770368695 0.0007190271116996882
0.01356244646012783 0.0009731404788908549
0.013743144052568823 0.0010050793862319551
0.012534095847513527 0.0008436644111498026
0.01333697943482548 0.0009571277696522884
0.012813502922654152 0.000913072351977462
0.01584421726875007 0.001166350266430527
0.013967217819299549 0.0010241335021419218
0.015222938440274447 0.00111476191705151
0.012385096109937876 0.000815921170215006
0.014605314820073545 0.0010698362020775676
0.015468262950889766 0.001129270916862879
0.01563253690255806 0.0011614529066719115
0.01563253690255806 0.0011614529066719115
0.014407828683033586 0.001068025674612727
0.017589065595529974 0.0012349768076092005
0.01643600588431582 0.0012105653004255146
0.013831701828166842 0.001021020765620051
0.01362211536616087 0.0009805505778786028
0.017555458180140704 0.0012225180471432395
0.015512683778069913 0.0011310679474263452
0.01502725062891841 0.0010925869719358161
0.016149968549143523 0.0011944435027544387
0.013366603758186102 0.0009627951312722871
0.01617232960416004 0.0011975437882938422
0.015034880547318608 0.0011092335535067832
0.013288856658618897 0.0009475524075241992
0.013356401352211833 0.0009591090838512173
0.01554312469670549 0.0011327000393066555
0.01741998497163877 0.0012164845466031693
0.015607257781084627 0.0011497897139634006
0.016205488180276006 0.0011992218060186133
0.01612274383660406 0.0011904401908395812
0.015501653775572777 0.0011294563591945916
0.01613087486475706 0.0011907513107871637
0.011671525426208973 0.0006979355439398205
0.012159721809439361 0.0007459286753146444
0.01346918026683852 0.0009728883815114386
0.014289895829278976 0.0010431458431412466
0.014840595831628889 0.001076971124348347
0.015926595020573586 0.0011831251104013063
0.016279190313071012 0.0012023245799355209
0.015029785863589495 0.0010949829575110925
0.015597023069858551 0.0011415873232181184
0.016334164363797754 0.0012025416726828553
0.015601427177898586 0.0011431931270635687
0.012485192681197077 0.0008392628169531235
0.012419309350661933 0.0008391886894969502
0.012983127147890627 0.0009209847994497977
0.01171004312345758 0.0006993015504122013
0.016516412142664194 0.001211052993312478
0.014675881422590464 0.0010749811044661328
0.013306971406564116 0.000957046506300685
0.014327751705422997 0.001048433237883728
0.01338633947307244 0.000966730656728032
0.012801376986317337 0.0009042857636814006
0.011630140070337802 0.00027623915593721904
0.014849645318463445 0.0010900799643422943
0.01607788651017472 0.001187830486742314
0.016105106100440025 0.0011896571377292275
0.012343429087195545 0.0007564273946627509
0.017708215047605336 0.0012365663351374678
0.012648109754081815 0.0008467696625302779
0.017567275906912982 0.0012300116577534936
0.016165549284778535 0.0011957041424466297
0.016261120850685984 0.001200090002384968
0.01269634923664853 0.0009033605383592658
0.015459040296263993 0.0011241864631301723
0.016134747420437634 0.0011911519832210615
