0.03735392243021952 0.0006585503999106179
0.03761729808460384 0.0007482035395688078
0.0378184336596629 0.0008148524243235297
0.0378184336596629 0.0008148524243235298
0.0378184336596629 0.0008148524243235298
0.0378184336596629 0.0008148524243235298
0.0378184336596629 0.0008148524243235298
0.0378184336596629 0.0008148524243235298
0.0378184336596629 0.0008148524243235298
0.03836861527543902 0.0008169837794219416
0.03844963894276795 0.0008797047831807556
0.03844963894276795 0.0008797047831807556
0.038557445012396656 0.0008883278300297083
0.038613223492789055 0.0008925653954284204
0.03869175543445185 0.0008966618716497341
0.0387922743206536 0.0008967634835871058
0.0393749717132501 0.0009174850819132863
0.03943815290726356 0.0009247066684118287
0.03943918306077274 0.0009405739759839529
0.03943918306077274 0.000940573975983953
0.040282279508012685 0.0009550420153227341
0.040282279508012685 0.0009550420153227341
0.040282279508012685 0.0009550420153227341
0.040282279508012685 0.0009550420153227341
0.040282279508012685 0.0009550420153227341
0.040282279508012685 0.0009550420153227341
0.040400637593331616 0.0009679475227898563
0.04061685855485682 0.0009680115589806395
0.040683029744045335 0.0009752740363135209
0.040869372011911494 0.0009971106890146197
0.04238298050794189 0.0010013351615392415
0.042543724299222936 0.0010147115292076859
0.04303787313951903 0.0010272770034998424
0.04328780208343482 0.001064365255888797
0.04338289869772917 0.0010685255418387831
0.04437021109268495 0.0010891027123679188
0.04437021109268496 0.0010891027123679188
0.04457603094783498 0.0010974403705644844
0.044590919778752736 0.001115878038389605
0.04767292528436352 0.0011253756800454623
