0.0370805806184092 0.0005491154753593338
0.03715408130755188 0.0006703034942349643
0.03728388381705859 0.0006751572893620808
0.03747530061650944 0.0006834331219795247
0.03768739654958054 0.0007269925425697023
0.0378107620704997 0.0008087463878268453
0.0378184336596629 0.0008148524243235298
0.0378184336596629 0.0008148524243235298
0.037892457688777206 0.0008154686540519343
0.037892457688777206 0.0008154686540519343
0.03793843911365207 0.0008186726680624426
0.03793843911365207 0.0008186726680624426
0.037948236169169605 0.0008197062194506463
0.038372966767825416 0.0008683068846644312
0.038372966767825416 0.0008683068846644312
0.03837858165026154 0.0008719512451748539
0.03837858165026154 0.0008719512451748539
0.038388378705779075 0.0008729847965630576
0.03838837870577909 0.0008729847965630577
0.03838837870577909 0.0008729847965630577
0.03839605029494227 0.0008790908330597422
0.03839605029494227 0.0008790908330597422
0.03839605029494227 0.0008790908330597422
0.03839605029494227 0.0008790908330597423
0.03852210475014705 0.0008843869819830448
0.03852210475014706 0.0008843869819830448
0.038557445012396656 0.0008883278300297083
0.038557445012396656 0.0008883278300297083
0.038603426437271514 0.0008915318440402165
0.038603426437271514 0.0008915318440402165
0.038603426437271514 0.0008915318440402165
0.038603426437271514 0.0008915318440402166
0.038603426437271514 0.0008915318440402166
0.038603426437271514 0.0008915318440402166
0.038603426437271514 0.0008915318440402166
0.038603426437271514 0.0008915318440402166
0.038603426437271514 0.0008915318440402166
0.038603426437271514 0.0008915318440402166
0.038603426437271514 0.0008915318440402167
0.038666812140614716 0.0008931793455494338
0.03874867738905891 0.0008982637526131147
0.038775432465877155 0.0009108716906150484
0.03883121094626955 0.0009151092560137604
0.039382643302413284 0.0009235911184099706
0.039382643302413284 0.0009235911184099707
0.039382643302413284 0.0009235911184099707
0.03943623195023896 0.000924205068530984
0.0394566673315276 0.000924207348138375
0.03948728995200195 0.0009387055048859808
0.03980924153529437 0.0009548080614664783
0.040327414517748204 0.0009677553279516403
0.0405369948052523 0.0009679642369858472
0.04096165909269621 0.0009708922083222294
0.041030145785166006 0.0009768082152253475
0.041237433661063215 0.000982006426626151
0.04130444636646712 0.0009915848284846366
0.0425127830174486 0.001006188956666358
0.043183858073148396 0.0010069496328620085
0.04333942534744285 0.0010528909314228415
0.04338289869772917 0.001068525541838783
0.04363459908693187 0.0010698541198541863
0.044365324048587285 0.0010755636460048094
0.04491033770067735 0.0010985453374709598
0.04538118884313232 0.0011000036679470093
0.04583561392202769 0.0011025103770609702
0.046153546562174456 0.0011112826098063338
0.04617801206054459 0.001115787415358799
