0.0371011359562639 0.0004752490276977662
0.037112912780054436 0.000537639736971644
0.037161688530502696 0.0006677134303454694
0.037161688530502696 0.0006677134303454694
0.037161688530502696 0.0006677134303454694
0.03716936011966588 0.000673819466842154
0.03716936011966588 0.000673819466842154
0.03716936011966588 0.000673819466842154
0.03716936011966588 0.000673819466842154
0.03716936011966588 0.000673819466842154
0.03716936011966588 0.000673819466842154
0.03716936011966589 0.000673819466842154
0.037243384148780194 0.0006744356965705584
0.037589437399256985 0.0006841902469230892
0.03761729808460383 0.0007482035395688078
0.03761729808460383 0.000748203539568808
0.03774710059411053 0.0007530573346959244
0.03774710059411053 0.0007530573346959244
0.03774710059411053 0.0007530573346959244
0.037810762070499715 0.0008087463878268452
0.037810762070499715 0.0008087463878268452
0.0378184336596629 0.0008148524243235298
0.037872022307488575 0.0008154663744445431
0.03787202230748858 0.0008154663744445432
0.03788181936300611 0.0008164999258327469
0.03788181936300611 0.000816499925832747
0.037881819363006115 0.000816499925832747
0.037881819363006115 0.000816499925832747
0.03832052332890212 0.0008530645590044105
0.03834027181454988 0.00087485326766103
0.03834027181454989 0.0008748532676610301
0.03838625323942474 0.0008780572816715383
0.03839605029494227 0.0008790908330597421
0.03839605029494227 0.0008790908330597421
0.03839605029494227 0.0008790908330597422
0.038527586506743525 0.0008868694032020306
0.03853738356226106 0.0008879029545902345
0.03856805632354792 0.000898430679634574
0.03875817231860408 0.0008985433350183368
0.038831210946269554 0.0009151092560137603
0.039326864822020885 0.0009193535530112586
0.03940754052411118 0.0009224897264761665
0.039537263041331386 0.00094215363694757
0.04018648851371083 0.0009514269854490666
0.0403506500799969 0.0009695752338048715
0.040360447135514434 0.0009706087851930754
0.0404140357833401 0.0009712227353140888
0.040565653000219644 0.0009835159708707355
0.041069613096524196 0.0009900174665149132
0.04225814334403333 0.0010021497491068093
0.04242896193281675 0.0010045391755497497
0.04272685690489304 0.0010257338294174401
0.04317548384468297 0.0010431448329161026
0.04332810425966118 0.0010552288090027034
0.04365489518047297 0.0010788461258191679
0.04433872874230662 0.0010870519460384994
0.04447420350204516 0.001090794826719687
