0.03696888397897057 0.0005315169862789686
0.03716936011966589 0.000673819466842154
0.037298110108635756 0.0006764262449276396
0.037298110108635756 0.0006764262449276396
0.03757964034373945 0.0006831566955348852
0.03757964034373945 0.0006831566955348852
0.03760962649544065 0.0007420975030721234
0.03760962649544065 0.0007420975030721234
0.03760962649544065 0.0007420975030721235
0.03767088673242951 0.0007488174896898213
0.03779963672139938 0.000751424267775307
0.03781895836933089 0.0007949508167131374
0.03789343011310469 0.0008056481368918358
0.037920129198717775 0.0008135979033465707
0.03800077229645844 0.0008180731525300289
0.03834027181454988 0.00087485326766103
0.038485522766337286 0.0008815851762339281
0.03850069694453094 0.0008942052195357521
0.03850069694453094 0.0008942052195357521
0.038725541731540906 0.0009137858184011149
0.03942856036107577 0.0009180990320342996
0.03956662629012185 0.0009225915155840226
0.040139362251829756 0.0009431169637244279
0.04024226699410323 0.0009556645508477786
0.04028789439044881 0.0009586863758331566
0.04036805435846525 0.0009680187213035805
0.040803847378039125 0.0009702367468073504
0.041481861124522325 0.0009816131894051386
0.04242896193281674 0.00100453917554975
0.04242896193281674 0.00100453917554975
0.042566541295440956 0.0010051650476259634
0.04272012939228236 0.00102026348111004
0.04298209465912665 0.0010230394381011306
0.04320050720879532 0.0010304924134228195
0.04342783441489842 0.0010418860134387754
0.0435634898603867 0.0010479244129534865
0.044415915028315135 0.001081471273884504
0.04448993905742944 0.0010820875036129083
0.04511410648473157 0.00108428511692964
0.04513237013755444 0.001097068792771557
