0.036968883978970565 0.0005315169862789686
0.036968883978970565 0.0005315169862789686
0.036968883978970565 0.0005315169862789686
0.036968883978970565 0.0005315169862789686
0.036968883978970565 0.0005315169862789686
0.036968883978970565 0.0005315169862789686
0.036968883978970565 0.0005315169862789686
0.036968883978970565 0.0005315169862789686
0.036968883978970565 0.0005315169862789686
0.036968883978970565 0.0005315169862789686
0.03696888397897057 0.0005315169862789686
0.03715408130755188 0.0006703034942349642
0.03715408130755188 0.0006703034942349643
0.03716936011966588 0.0006738194668421539
0.03716936011966589 0.000673819466842154
0.03753365891886459 0.000679952681524377
0.03753365891886459 0.000679952681524377
0.037617298084603824 0.000748203539568808
0.037617298084603824 0.000748203539568808
0.037617298084603824 0.000748203539568808
0.037617298084603824 0.000748203539568808
0.03761729808460383 0.000748203539568808
0.03767088673242951 0.0007488174896898214
0.0378112867801677 0.000788844780216453
0.03781843365966289 0.0008148524243235299
0.03781843365966289 0.0008148524243235299
0.03835881821992148 0.0008159502280337377
0.03838625323942473 0.0008780572816715383
0.03838625323942474 0.0008780572816715383
0.03839605029494228 0.0008790908330597421
0.038548670709920484 0.000891174809146343
0.038777454657865834 0.0008937975825741101
0.03881573464210351 0.0009017352437289547
0.038906207399711346 0.0009059049685820665
0.03908687453736158 0.0009103219595947116
0.03932686482202089 0.0009193535530112587
0.03937284624689575 0.0009225575670217668
0.03941733757962872 0.0009235232778643704
0.039532286985933286 0.0009333582296130685
0.03954485227550139 0.0009418974135965987
0.03954485227550139 0.0009418974135965987
0.03956793580261824 0.0009526813619919095
0.040331367740735126 0.0009743209862490983
0.040562846566419716 0.0009862538179764842
0.04189958665407674 0.000993039667088718
0.04217263795798907 0.0010055282869010213
0.04262117569206284 0.0010055821529115425
0.04296542087481429 0.0010100804433331675
0.04324068324260722 0.0010329069940962052
0.04326176744578418 0.0010372124000405175
0.043414421800884645 0.0010436866439911476
0.043469420058590405 0.00105465097756
0.044402114445649836 0.0010886994475477164
0.04515559680434817 0.0010916548017597541
0.04519620288135125 0.0011036304915756129
0.04651417188335301 0.0011049899849379782
