0.03510698384729163 0.0005279511123428216
0.035159217133987966 0.0008318252028096695
0.03530499435486337 0.0008359906949788377
0.035400000575366 0.0008548471484975984
0.03545023768727764 0.0008812634285714364
0.03566597809885009 0.000907029540976379
0.035685277343673834 0.0009125349314607141
0.035685277343673834 0.0009125349314607141
0.036089336392753954 0.0009200427503866122
0.03644813713335141 0.000921946032291872
0.036658660588799546 0.0009228765752729612
0.03677849840874939 0.0009499171765166034
0.036882964578139374 0.0009670657635528606
0.03705560662895725 0.00098081949394721
0.0372947289865322 0.000983575404946693
0.03730041449475558 0.001018208398875077
0.037678154022627225 0.0010199574160831898
0.037698067658298216 0.0010235052805438914
0.03856220232422437 0.0010402041159152011
0.038761378544817884 0.0011036732089883964
0.040397421351596775 0.0011178758617328376
0.04126934786721663 0.0011248218740278501
0.04167224251876413 0.0011280748544789348
0.04191848472406123 0.0011479723254516827
0.04195140937659056 0.0011646699804611924
0.0426706451717858 0.0011660678848216064
0.042780991834487546 0.001182064402804037
0.04300299648197051 0.001182930889213675
0.04333361336993975 0.0011841826449398504
0.04395989958169919 0.001195388898615407
0.043983134449719304 0.0012023544086718256
0.04419749973941331 0.0012058253297295009
0.0445827096679814 0.0012155633357323029
0.04502422935477499 0.0012175964673878633
0.04502464242597098 0.001265785513334981
0.04563941054714567 0.001277550143530008
0.047071425967504424 0.001296834574043294
0.050054475906992385 0.0013115269570425575
0.05143159954662516 0.001347110071179597
0.052399964160294486 0.0013678351313240655
0.05276776439801317 0.0013726875752484247
