0.033531582973121296 0.0006006483015497425
0.033730442634433484 0.0007226257321607927
0.034146159587151205 0.0007619160757234235
0.03444007842674407 0.0007824631818458391
0.03473711183634469 0.0007949721776169584
0.03476026661891492 0.0008084900013572277
0.03519902646191614 0.000837013048624585
0.03535187935686628 0.0008708968896141882
0.03586739158588675 0.0009062057756501303
0.036208779305083684 0.0009159089482051607
0.036723254157751774 0.0009219830717558618
0.036776604209675615 0.0009268035389705206
0.03698248722272454 0.0009647479775467282
0.03714748700482804 0.0009659436381180607
0.03728060056124158 0.0009839820239230523
0.03796757184967196 0.001007537657879374
0.03809339787421543 0.001037030435083519
0.03842555993260813 0.0010554535883277609
0.03923429529727395 0.0010628597211438124
0.039654928118194904 0.0010659981985444568
0.039688231806062464 0.001069608408494135
0.03971883513551235 0.0010761712497554849
0.04000948983915603 0.0011013992454401407
0.04006692447854296 0.0011094525980614018
0.041503469928136964 0.0011415686622231213
0.043095259549874344 0.0011643055170677053
0.04406640808488666 0.0011700234109596323
0.044076322563475795 0.0011762845576642875
0.04459344036425743 0.0011847455632517452
0.04483737349843002 0.001213862518278699
0.04489290671495791 0.0012141367056531804
0.04554389179016384 0.0012265623042458818
0.045573188559152704 0.0012366311518061275
0.045657809145725 0.001245066256890255
0.047079124878843456 0.0012594339575551306
0.04721896739218174 0.0012751252666821384
0.04815749331201301 0.0012794925725446529
0.048484750879140934 0.0013062547822524878
0.0488484863754315 0.001324694757870745
0.04905772518987778 0.0013352574480723779
0.05051813276079299 0.0013451820706147275
0.05052536897840908 0.0013711127695960165
0.05096446426609609 0.001392826822981089
