0.035621999740154446 0.0006549853531709995
0.035893427095276986 0.0008369458636366023
0.035977843809346995 0.0008475158624489784
0.03636895200306523 0.000857628033126503
0.036370543728808075 0.0008876169037093578
0.03648252867508776 0.0008884336735416406
0.03659366232404112 0.0009029639671447444
0.036654798988327526 0.0009349980931756221
0.03743910858778342 0.0009464309012581224
0.037455021924424875 0.0009569756710197235
0.03749433069377414 0.0009618318464554914
0.0375091402887403 0.0009680874355531821
0.03833267766162405 0.0010153047672679361
0.03854130062962649 0.0010221655573452232
0.03872350360032175 0.0010299019369960907
0.03895271284129847 0.001030478061589769
0.0390869780608306 0.0010578605213491885
0.03963029775370293 0.0010904612310892803
0.03984726754740456 0.001096490541542813
0.03999876406163704 0.0011228984232353558
0.04041097947138313 0.0011395235297483393
0.04045960425854686 0.001152544653707573
0.04198936484965231 0.0011832015240760838
0.04258350141154607 0.0011897056506223204
0.04269281624740289 0.0012110659855614381
0.04463876631911597 0.001254667228179239
0.04680568773286996 0.001272391859213177
0.04798625173205054 0.001276111012856981
0.04805470545357809 0.0012919851673520368
0.04840260805425278 0.0013126022519549005
0.04924672713300969 0.0013175668228569762
0.049266825008708645 0.0013260464501459923
0.04936217012935029 0.0013420091670510955
0.049864103747971636 0.0013460950234858416
0.05017014853504579 0.0013584206670029502
0.05040291996888109 0.0013648965706281547
0.051177645834656296 0.00140510683379767
0.051197453249975766 0.0014087046462961158
0.05178055267143332 0.0014216512390307925
0.052588110746503325 0.0014246651699341857
0.05274387859868922 0.0014280079150048779
0.05442026914363021 0.0014298132395634052
0.055970971311517626 0.0014629316192604528
