0.040029682 0.0011170761
0.03584321 0.00077697996
0.03584321 0.00077697996
0.03583403 0.00077594863
0.03583403 0.00077594863
0.049448814 0.00134228
0.049277645 0.001341372
0.049277633 0.001341372
0.049277633 0.001341372
0.049277633 0.001341372
0.049277633 0.001341372
0.049277633 0.001341372
0.049277633 0.001341372
0.049050294 0.001334223
0.04889594 0.0013323949
0.046723627 0.0012968567
0.046723627 0.0012968567
0.04534569 0.0012640813
0.04216088 0.0011823284
0.03885188 0.0010875949
0.03885188 0.0010875949
0.038105384 0.0010602442
0.047539447 0.0013078292
0.047539447 0.0013078292
0.047539447 0.0013078292
0.047539447 0.0013078292
0.047539447 0.0013078292
0.047539447 0.0013078292
0.039465245 0.0011001535
0.039458368 0.0010996138
0.038968425 0.001089015
0.036005385 0.0008318956
0.036005385 0.0008318956
0.036000043 0.00082949153
0.035858497 0.00078149315
0.035729773 0.0007352491
0.035729773 0.0007352491
0.045659177 0.0012750959
0.04340773 0.0012194936
0.043378573 0.0012148332
0.035694133 0.00068359764
0.043271974 0.0012118145
0.04268933 0.0012011628
0.042623714 0.001193262
0.041752476 0.001171949
0.041374974 0.0011584644
0.041199323 0.0011571847
0.04051966 0.0011404624
0.040438004 0.0011390466
0.040314052 0.0011334411
0.040143754 0.0011273776
0.040066805 0.0011250256
0.040066805 0.0011250256
0.040066805 0.0011250256
0.040063057 0.0011237195
0.039011624 0.0010922779
0.035711147 0.00070608174
0.035711147 0.00070608174
0.035711147 0.00070608174
0.04452178 0.0012427147
0.037873946 0.0010532599
0.03783728 0.0010522663
0.037817612 0.0010511045
0.04602612 0.0012852466
0.04590298 0.0012844354
0.045811035 0.001281913
0.045811035 0.001281913
0.045811035 0.001281913
0.045779295 0.001281626
0.04577078 0.001280795
0.04577078 0.001280795
0.04577078 0.001280795
0.04577078 0.001280795
0.04577078 0.001280795
0.04577078 0.001280795
0.04577078 0.001280795
0.04577078 0.001280795
0.04577078 0.001280795
0.04577078 0.001280795
0.04577078 0.001280795
0.045695305 0.0012775282
0.045695305 0.0012775282
0.045695305 0.0012775282
0.04568984 0.0012767345
0.045509513 0.0012735392
0.045466296 0.001267616
0.044800673 0.0012548624
0.044770982 0.0012467684
0.044770982 0.0012467684
0.044770982 0.0012467684
0.044770982 0.0012467684
0.044770982 0.0012467684
0.044113442 0.0012350399
0.044113442 0.0012350399
0.044113442 0.0012350399
0.044113442 0.0012350399
0.043741986 0.0012293202
0.04373753 0.0012288854
0.04373322 0.0012284846
0.04372096 0.0012268719
0.04371561 0.0012263706
0.04371561 0.0012263706
0.04371482 0.0012255505
0.043696918 0.0012246195
0.043695282 0.0012240882
0.043690965 0.0012240617
0.043145645 0.0012078894
0.043013755 0.0012027726
0.043013755 0.0012027726
0.042115826 0.0011808699
0.04205757 0.001180214
0.041978322 0.0011786992
0.041943196 0.0011780278
0.041943196 0.0011780278
0.041943196 0.0011780278
0.041943196 0.0011780278
0.041943196 0.0011780278
0.041943196 0.0011780278
0.041943196 0.0011780278
0.041943196 0.0011780278
0.041943196 0.0011780278
0.041943196 0.0011780278
0.041943196 0.0011780278
0.041943196 0.0011780278
0.041943196 0.0011780278
0.041943196 0.0011780278
0.041943196 0.0011780278
0.041943196 0.0011780278
0.041943196 0.0011780278
0.041899506 0.0011771927
0.041899506 0.0011771927
0.041899506 0.0011771927
0.041899506 0.0011771927
0.041899506 0.0011771927
0.041899506 0.0011771927
0.041890826 0.001175805
0.041890826 0.001175805
0.041886937 0.0011751836
0.041780084 0.0011751587
0.041768093 0.0011740103
0.041768093 0.0011740103
0.041729257 0.0011708753
0.041729257 0.0011708753
0.041729257 0.0011708753
0.041729257 0.0011708753
0.041729257 0.0011708753
0.0415763 0.0011701284
0.041487157 0.0011686338
0.04148194 0.0011657993
0.04148194 0.0011657993
0.04148194 0.0011657993
0.04148194 0.0011657993
0.04148194 0.0011657993
0.04148194 0.0011657993
0.04148194 0.0011657993
0.04148194 0.0011657993
0.04148194 0.0011657993
0.04148194 0.0011657993
0.04148194 0.0011657993
0.04148194 0.0011657993
0.04148194 0.0011657993
0.04148194 0.0011657993
0.04148194 0.0011657993
0.04148194 0.0011657993
0.04148194 0.0011657993
0.04148194 0.0011657993
0.04148194 0.0011657993
0.04148194 0.0011657993
0.04148163 0.0011656863
0.041481446 0.0011656196
0.03821184 0.0010702319
0.03821184 0.0010702319
0.03821184 0.0010702319
0.038194247 0.0010674911
0.038172908 0.0010641678
0.03781152 0.0010448055
0.03781152 0.0010448055
0.03769364 0.0010397497
0.036167003 0.0008568304
0.036166783 0.0008563825
0.036166783 0.0008563825
0.050744046 0.0013568968
0.050744046 0.0013568968
0.050744046 0.0013568968
0.050743155 0.0013568661
0.050589792 0.0013547918
0.050589792 0.0013547918
0.050589792 0.0013547918
0.050546277 0.0013537201
0.050356023 0.001352009
0.050356023 0.001352009
0.05027086 0.0013490663
0.05027086 0.0013490663
0.05027086 0.0013490663
0.05000892 0.0013471262
0.05000892 0.0013471262
0.04980878 0.0013460648
0.049784515 0.0013460092
0.049620207 0.0013456022
0.049598284 0.0013449484
0.049540233 0.0013428547
0.04946967 0.0013424804
0.04946967 0.0013424804
0.04919995 0.0013356541
0.047569603 0.0013132747
0.045036092 0.0012580631
0.044544436 0.0012443808
0.044544436 0.0012443808
0.03665599 0.00094347284
0.04991105 0.0013469883
0.04822395 0.0013218926
0.04822395 0.0013218926
0.047643986 0.0013136533
0.043730594 0.0012275025
0.043730594 0.0012275025
0.043730594 0.0012275025
0.043730594 0.0012275025
0.03798437 0.0010554469
0.037450224 0.0010229048
0.037449535 0.0010210626
0.037441477 0.0010184166
0.037435923 0.0010171501
0.036939476 0.00097560714
0.036939476 0.00097560714
0.036939476 0.00097560714
0.036939476 0.00097560714
0.036939476 0.00097560714
0.036939476 0.00097560714
0.036939476 0.00097560714
0.036939476 0.00097560714
0.036939476 0.00097560714
0.036939476 0.00097560714
0.035800833 0.00076121645
0.048155185 0.0013200518
0.041161112 0.0011542558
0.041161112 0.0011542558
0.041161112 0.0011542558
0.041161112 0.0011542558
0.041161112 0.0011542558
0.04115591 0.0011540726
0.039877713 0.0011129595
0.0398765 0.0011123178
0.03973875 0.0011121003
0.039696015 0.001111148
0.039696015 0.001111148
0.039696015 0.001111148
0.039696015 0.001111148
0.039696015 0.001111148
0.04811667 0.0013189984
0.04811667 0.0013189984
0.04804906 0.0013182065
0.04804906 0.0013182065
0.04804906 0.0013182065
0.047957815 0.0013170738
0.044061854 0.001231936
0.03948393 0.0011056683
0.03948393 0.0011056683
0.03948393 0.0011056683
0.03948393 0.0011056683
0.03948393 0.0011056683
0.03948393 0.0011056683
0.03948393 0.0011056683
0.039476775 0.0011053336
0.039471947 0.0011028686
0.039471947 0.0011028686
0.03947187 0.0011024475
0.03947117 0.0011023447
0.039471112 0.001101727
0.039466754 0.0011011146
0.039466754 0.0011011146
0.039466754 0.0011011146
0.039466754 0.0011011146
0.03939889 0.0010991396
0.03939889 0.0010991396
0.03939889 0.0010991396
0.03939889 0.0010991396
0.039394844 0.0010987421
0.039394844 0.0010987421
0.036896586 0.0009662346
0.036896586 0.0009662346
0.036742877 0.0009474271
0.03621056 0.00086594187
0.036168832 0.0008598529
0.03612401 0.0008512197
0.035746288 0.0007421577
0.04691315 0.001298031
0.04691315 0.001298031
0.04691315 0.001298031
0.04691315 0.001298031
0.046856593 0.0012977935
0.038171012 0.0010631448
0.046355043 0.00129218
0.043707196 0.0012251234
0.043338828 0.0012127768
0.043338828 0.0012127768
0.047164127 0.001304626
0.046333086 0.0012917193
0.044464387 0.0012422908
0.044464387 0.0012422908
0.044464387 0.0012422908
0.044167273 0.0012381055
0.04363268 0.0012221562
0.04363268 0.0012221562
0.043619707 0.0012202171
0.043619707 0.0012202171
0.043619707 0.0012202171
0.043619707 0.0012202171
0.041746195 0.0011713831
0.041746195 0.0011713831
0.041716076 0.0011707131
0.041658234 0.0011706348
0.04151869 0.0011689768
0.041455053 0.0011628241
0.039574344 0.0011075939
0.036719453 0.0009447396
0.036719453 0.0009447396
0.036696456 0.0009439858
0.04139869 0.0011620878
0.04139869 0.0011620878
0.041065697 0.0011522168
0.035600964 0.0006538653
0.035600964 0.0006538653
0.046160534 0.0012892525
0.046160534 0.0012892525
0.046160534 0.0012892525
0.046160534 0.0012892525
0.046099994 0.0012874642
0.046099994 0.0012874642
0.045480162 0.0012692063
0.04510989 0.0012582162
0.044773646 0.0012483356
0.038807116 0.0010852697
0.038807116 0.0010852697
0.038507078 0.0010829876
0.038507078 0.0010829876
0.03848131 0.0010828722
0.03848131 0.0010828722
0.03848131 0.0010828722
0.03848131 0.0010828722
0.03848131 0.0010828722
0.03848131 0.0010828722
0.03848131 0.0010828722
0.03848131 0.0010828722
0.03848131 0.0010828722
0.03848131 0.0010828722
0.03848131 0.0010828722
0.03848131 0.0010828722
0.03848131 0.0010828722
0.03848131 0.0010828722
0.03848131 0.0010828722
0.03848131 0.0010828722
0.03848131 0.0010828722
0.03845353 0.0010809309
0.03845353 0.0010809309
0.03845353 0.0010809309
0.038450047 0.0010797312
0.038450047 0.0010797312
0.038450047 0.0010797312
0.038450047 0.0010797312
0.038450047 0.0010797312
0.038450047 0.0010797312
0.038450047 0.0010797312
0.038450047 0.0010797312
0.038450047 0.0010797312
0.038450047 0.0010797312
0.038450047 0.0010797312
0.038450047 0.0010797312
0.038450047 0.0010797312
0.038450047 0.0010797312
0.038425088 0.0010773939
0.03840887 0.0010758155
0.03840887 0.0010758155
0.03840887 0.0010758155
0.038365647 0.0010752366
0.038364805 0.0010735203
0.038364805 0.0010735203
0.038364805 0.0010735203
0.038330805 0.0010733813
0.038291946 0.0010727884
0.038291946 0.0010727884
0.038291946 0.0010727884
0.038101148 0.001059429
0.038101148 0.001059429
0.038101148 0.001059429
0.038101148 0.001059429
0.03803868 0.0010578254
0.038011916 0.0010564002
0.037977763 0.0010545815
0.037977763 0.0010545815
0.037774023 0.001044422
0.037719484 0.0010423043
0.037682008 0.0010370365
0.03759998 0.0010348172
0.03759998 0.0010348172
0.03759998 0.0010348172
0.03759998 0.0010348172
0.037583932 0.001030932
0.037583932 0.001030932
0.037494484 0.0010257404
0.037494484 0.0010257404
0.037494484 0.0010257404
0.037494484 0.0010257404
0.037494484 0.0010257404
0.037472203 0.0010238404
0.036809757 0.0009541785
0.03663051 0.00093923643
0.03627736 0.0008751922
0.036208373 0.0008627155
0.036208373 0.0008627155
0.036208063 0.00086267095
0.036205534 0.00086102355
0.036205534 0.00086102355
0.036077276 0.0008396793
0.036077276 0.0008396793
0.036077276 0.0008396793
0.03581428 0.0007620493
0.03581428 0.0007620493
0.03576847 0.00075243
0.035750106 0.0007471091
0.03574671 0.0007462809
0.03574671 0.0007462809
0.035735637 0.0007388742
0.035735637 0.0007388742
0.045273364 0.0012618905
0.043040127 0.0012076887
0.043040127 0.0012076887
0.0430396 0.0012073885
0.043012835 0.0012027051
0.036586694 0.00093505677
0.036572408 0.0009345641
0.036572408 0.0009345641
0.036572408 0.0009345641
0.036572408 0.0009345641
0.036572408 0.0009345641
0.036572408 0.0009345641
0.036572408 0.0009345641
0.036572408 0.0009345641
0.036572408 0.0009345641
0.036546078 0.0009305248
0.03653985 0.0009269895
0.036505934 0.0009251536
0.036490235 0.0009202875
0.036483157 0.0009167373
0.03645345 0.0009160351
0.03645345 0.0009160351
0.03645345 0.0009160351
0.03645345 0.0009160351
0.03645345 0.0009160351
0.03645345 0.0009160351
0.03645345 0.0009160351
0.03645345 0.0009160351
0.03645345 0.0009160351
0.03645345 0.0009160351
0.03645345 0.0009160351
0.03645345 0.0009160351
0.03645345 0.0009160351
0.03645345 0.0009160351
0.03645345 0.0009160351
0.03645345 0.0009160351
0.03645345 0.0009160351
0.03645345 0.0009160351
0.03645345 0.0009160351
0.03645345 0.0009160351
0.03645345 0.0009160351
0.03645345 0.0009160351
0.03645345 0.0009160351
0.036450107 0.00091545406
0.036450107 0.00091545406
0.036450107 0.00091545406
0.036450107 0.00091545406
0.036439244 0.00091277447
0.03643333 0.00091254
0.03643333 0.00091254
0.03642796 0.00091153884
0.036421064 0.0009103408
0.036421064 0.0009103408
0.03642018 0.00090977125
0.03642018 0.00090977125
0.03641448 0.00090890337
0.03641093 0.0009083139
0.03641093 0.0009083139
0.03641093 0.0009083139
0.03641093 0.0009083139
0.03641093 0.0009083139
0.03641093 0.0009083139
0.03641093 0.0009083139
0.03641093 0.0009083139
0.03641093 0.0009083139
0.036408383 0.00090820563
0.036408383 0.00090820563
0.036403183 0.000907093
0.03638531 0.000904277
0.036384407 0.0009040404
0.036384407 0.0009040404
0.036384407 0.0009040404
0.036384407 0.0009040404
0.03638014 0.0009032982
0.03638014 0.0009032982
0.03638014 0.0009032982
0.03638014 0.0009032982
0.03638014 0.0009032982
0.03638014 0.0009032982
0.03635269 0.0008991689
0.03635269 0.0008991689
0.03635269 0.0008991689
0.03635269 0.0008991689
0.03635269 0.0008991689
0.03635269 0.0008991689
0.036342327 0.0008975048
0.036342327 0.0008975048
0.036342327 0.0008975048
0.036342327 0.0008975048
0.036342327 0.0008975048
0.036313366 0.00089169765
0.036290295 0.00088658434
0.036281925 0.0008862351
0.0362499 0.00087447005
0.036218204 0.00086972263
0.036218204 0.00086972263
0.036218204 0.00086972263
0.036218204 0.00086972263
0.036218204 0.00086972263
0.036218204 0.00086972263
0.036218204 0.00086972263
0.036218204 0.00086972263
0.036125366 0.0008536524
0.036125366 0.0008536524
0.036125366 0.0008536524
0.036125366 0.0008536524
0.036089085 0.0008478024
0.03608846 0.0008466292
0.03608163 0.00084047695
0.03608163 0.00084047695
0.036063608 0.0008346272
0.036063608 0.0008346272
0.0359739 0.0008272788
0.03597002 0.00082666345
0.03597002 0.00082666345
0.035949573 0.0008234943
0.035919357 0.00081911834
0.03591613 0.00081730133
0.03591613 0.00081730133
0.03590179 0.0008043784
0.03590012 0.0008028744
0.03590012 0.0008028744
0.03589672 0.00079980755
0.03589672 0.00079980755
0.03589672 0.00079980755
0.035895728 0.0007989148
0.035893537 0.00079694204
0.035893537 0.00079694204
0.035893537 0.00079694204
0.035893537 0.00079694204
0.035893537 0.00079694204
0.035893537 0.00079694204
0.035893537 0.00079694204
0.035893537 0.00079694204
0.03589265 0.0007961441
0.03589265 0.0007961441
0.03589265 0.0007961441
0.03589265 0.0007961441
0.03589265 0.0007961441
0.03589265 0.0007961441
0.03589265 0.0007961441
0.03589265 0.0007961441
0.03588781 0.00079563836
0.03588781 0.00079563836
0.03588781 0.00079563836
0.03587705 0.00078208535
0.04548666 0.0012696352
0.044993114 0.0012555806
0.044335954 0.0012391845
0.044335954 0.0012391845
0.044335954 0.0012391845
0.044335954 0.0012391845
0.044335954 0.0012391845
0.04323976 0.001208196
0.043015603 0.0012053774
0.043015603 0.0012053774
0.043015603 0.0012053774
0.043015603 0.0012053774
0.042888567 0.0012024464
0.042453926 0.0011921672
0.042394977 0.0011884283
0.050040677 0.0013476977
0.048529256 0.0013268603
0.048419658 0.0013239697
0.04839197 0.0013233192
0.04839197 0.0013233192
0.04839197 0.0013233192
0.04833485 0.0013219574
0.04833485 0.0013219574
0.04833485 0.0013219574
0.04833485 0.0013219574
0.04833485 0.0013219574
0.04833485 0.0013219574
0.04833485 0.0013219574
0.04723874 0.0013072528
0.04722066 0.0013070205
0.04722066 0.0013070205
0.04722066 0.0013070205
0.04722066 0.0013070205
0.046994597 0.0013013316
0.04680364 0.0012975591
0.045438148 0.0012670361
0.045328345 0.001261909
0.045328345 0.001261909
0.045328345 0.001261909
0.045197215 0.0012603647
0.0446945 0.0012455492
0.042637132 0.0011995466
0.040883 0.0011504213
0.040883 0.0011504213
0.04068048 0.0011457496
0.04068048 0.0011457496
0.040383354 0.0011384066
0.038691342 0.0010832299
0.038691342 0.0010832299
0.038691342 0.0010832299
0.038691342 0.0010832299
0.038691342 0.0010832299
0.04836007 0.0013232278
0.04836007 0.0013232278
0.046706 0.0012950936
0.04411053 0.0012338657
0.035640705 0.0006820301
0.037549477 0.0010302371
0.037549477 0.0010302371
0.037549477 0.0010302371
0.037549477 0.0010302371
0.037549477 0.0010302371
0.037534148 0.0010287411
0.037534148 0.0010287411
0.037534148 0.0010287411
0.037534148 0.0010287411
0.037534148 0.0010287411
0.037534148 0.0010287411
0.037534148 0.0010287411
0.037534148 0.0010287411
0.037534148 0.0010287411
0.037534148 0.0010287411
0.037534148 0.0010287411
0.037534148 0.0010287411
0.037534148 0.0010287411
0.037534148 0.0010287411
0.037534148 0.0010287411
0.037534148 0.0010287411
0.037534148 0.0010287411
0.03750792 0.0010261817
0.03748887 0.0010243227
0.037324198 0.0010169147
0.037324198 0.0010169147
0.03730686 0.0010128003
0.037298787 0.0010108843
0.03729816 0.0010107358
0.037291557 0.0010105745
0.037291557 0.0010105745
0.037277408 0.0010096006
0.037277408 0.0010096006
0.037272915 0.0010076965
0.037272915 0.0010076965
0.037272915 0.0010076965
0.037272915 0.0010076965
0.037272915 0.0010076965
0.037272915 0.0010076965
0.037272915 0.0010076965
0.037272915 0.0010076965
0.037272915 0.0010076965
0.037272915 0.0010076965
0.037272915 0.0010076965
0.037272915 0.0010076965
0.037272915 0.0010076965
0.037272915 0.0010076965
0.037272915 0.0010076965
0.037272915 0.0010076965
0.037272915 0.0010076965
0.037272915 0.0010076965
0.037272915 0.0010076965
0.037272915 0.0010076965
0.037272915 0.0010076965
0.037272915 0.0010076965
0.037272915 0.0010076965
0.037272915 0.0010076965
0.037272915 0.0010076965
0.037272915 0.0010076965
0.037261322 0.0010071963
0.037257943 0.0010065492
0.037257943 0.0010065492
0.037257943 0.0010065492
0.037257943 0.0010065492
0.037257943 0.0010065492
0.037257943 0.0010065492
0.037257943 0.0010065492
0.037257943 0.0010065492
0.037257943 0.0010065492
0.037257943 0.0010065492
0.037257943 0.0010065492
0.037257943 0.0010065492
0.037257943 0.0010065492
0.03724538 0.001003568
0.03724538 0.001003568
0.03724538 0.001003568
0.03724538 0.001003568
0.03724538 0.001003568
0.03723976 0.0010031514
0.037238374 0.0010019047
0.037238374 0.0010019047
0.037238374 0.0010019047
0.037238374 0.0010019047
0.03723386 0.0010017662
0.0372234 0.0010008902
0.03720903 0.0009989109
0.03717567 0.0009975696
0.037064012 0.0009887257
0.037064012 0.0009887257
0.037064012 0.0009887257
0.037064012 0.0009887257
0.037064012 0.0009887257
0.037064012 0.0009887257
0.037064012 0.0009887257
0.037064012 0.0009887257
0.037064012 0.0009887257
0.03704276 0.00098757
0.03704276 0.00098757
0.03702353 0.0009865083
0.036984388 0.0009839552
0.036984388 0.0009839552
0.036984388 0.0009839552
0.03697406 0.0009838393
0.03697276 0.0009835307
0.03696033 0.00098058
0.03696033 0.00098058
0.036946036 0.0009771872
0.03694553 0.0009770677
0.036945004 0.0009769428
0.036945004 0.0009769428
0.036945004 0.0009769428
0.036945004 0.0009769428
0.036945004 0.0009769428
0.036945004 0.0009769428
0.036945004 0.0009769428
0.036945004 0.0009769428
0.036939967 0.0009757469
0.036939967 0.0009757469
0.036939967 0.0009757469
0.036931314 0.00097369327
0.036927942 0.00097289315
0.036927074 0.0009726872
0.036926717 0.00097260193
0.036926717 0.00097260193
0.03691158 0.0009697063
0.036906168 0.0009677252
0.036906168 0.0009677252
0.036906168 0.0009677252
0.036906168 0.0009677252
0.036906168 0.0009677252
0.036906168 0.0009677252
0.036906168 0.0009677252
0.036899686 0.000966712
0.036894362 0.0009662274
0.036891766 0.00096548564
0.036877166 0.0009643261
0.036877166 0.0009643261
0.036877166 0.0009643261
0.036877166 0.0009643261
0.036877166 0.0009643261
0.036877166 0.0009643261
0.036851928 0.0009593185
0.036851928 0.0009593185
0.036798898 0.0009539511
0.036798898 0.0009539511
0.03667063 0.00094354426
0.03667063 0.00094354426
0.03667063 0.00094354426
0.049114175 0.0013343218
0.048813045 0.0013298299
0.047975607 0.0013181305
0.047975607 0.0013181305
0.047975607 0.0013181305
0.047975607 0.0013181305
0.047975607 0.0013181305
0.04770042 0.001316948
0.046398606 0.0012942533
0.046398606 0.0012942533
0.038114678 0.001062686
0.038114678 0.001062686
0.045622457 0.0012745159
0.045380916 0.0012646067
0.045380916 0.0012646067
0.04111565 0.0011530421
0.04111565 0.0011530421
0.040417865 0.0011389568
0.040416192 0.0011386966
0.040416192 0.0011386966
0.04003051 0.0011192126
0.04003051 0.0011192126
0.039956115 0.0011164715
0.039956115 0.0011164715
0.039956115 0.0011164715
0.039900556 0.0011144241
0.03762244 0.0010369461
0.037622314 0.001036888
0.037621018 0.0010362945
0.03762093 0.0010362538
0.03762093 0.0010362538
0.03762093 0.0010362538
0.03762093 0.0010362538
0.03762093 0.0010362538
0.03762093 0.0010362538
0.037598994 0.0010311013
0.037598994 0.0010311013
0.037598994 0.0010311013
0.037598994 0.0010311013
0.037598994 0.0010311013
0.03731317 0.0010146364
0.037042588 0.0009874947
0.03694844 0.0009802143
0.03694844 0.0009802143
0.03693303 0.000975354
0.03693303 0.000975354
0.03693303 0.000975354
0.036836408 0.0009590468
0.036818456 0.000957578
0.036818456 0.000957578
0.036817577 0.0009574807
0.036817577 0.0009574807
0.036817577 0.0009574807
0.036817577 0.0009574807
0.036817577 0.0009574807
0.03676034 0.00095384114
0.038111012 0.001061179
0.038111012 0.001061179
0.038111012 0.001061179
0.036876988 0.00096293207
0.036876988 0.00096293207
0.036874697 0.00096261106
0.036870778 0.00096206187
0.036531515 0.0009259906
0.043762986 0.0012313992
0.04232021 0.0011866105
0.03934823 0.0010983127
0.03934823 0.0010983127
0.03934823 0.0010983127
0.03934823 0.0010983127
0.03934823 0.0010983127
0.03934823 0.0010983127
0.03934823 0.0010983127
0.03934823 0.0010983127
0.03934823 0.0010983127
0.03934823 0.0010983127
0.03934823 0.0010983127
0.03934823 0.0010983127
0.03934823 0.0010983127
0.03917405 0.0010954646
0.042212807 0.0011859068
0.04067195 0.001142203
0.04067195 0.001142203
0.040299844 0.0011297934
0.03751478 0.0010272447
0.03715188 0.00099411
0.03715188 0.00099411
0.037146345 0.0009937687
0.037146345 0.0009937687
0.037146345 0.0009937687
0.037146345 0.0009937687
0.037146345 0.0009937687
0.037146345 0.0009937687
0.037146345 0.0009937687
0.037146345 0.0009937687
0.037146345 0.0009937687
0.037146345 0.0009937687
0.037146345 0.0009937687
0.037146345 0.0009937687
0.037146345 0.0009937687
0.037146345 0.0009937687
0.037134215 0.0009930203
0.037123226 0.0009923422
0.037123226 0.0009923422
0.037118565 0.0009920548
0.037115887 0.0009918896
0.037106335 0.0009913004
0.037106335 0.0009913004
0.037106335 0.0009913004
0.03709199 0.0009912134
0.037091825 0.0009904052
0.037091825 0.0009904052
0.037091486 0.000990303
0.037091486 0.000990303
0.037091486 0.000990303
0.037090667 0.0009901561
0.03709025 0.0009900967
0.037089188 0.000989927
0.037089188 0.000989927
0.037089188 0.000989927
0.037089188 0.000989927
0.037089188 0.000989927
0.037089188 0.000989927
0.037064627 0.0009887272
0.037064627 0.0009887272
0.037064627 0.0009887272
0.037064627 0.0009887272
0.037064627 0.0009887272
0.037064627 0.0009887272
0.037064627 0.0009887272
0.037064627 0.0009887272
0.037064627 0.0009887272
0.037064627 0.0009887272
0.037064627 0.0009887272
0.03705792 0.0009883137
0.03705792 0.0009883137
0.03705792 0.0009883137
0.03705792 0.0009883137
0.03701587 0.0009857195
0.036753833 0.0009499083
0.036753833 0.0009499083
0.036742046 0.00094682386
0.03672868 0.00094585563
0.0367279 0.0009456278
0.036718577 0.0009443155
0.036718577 0.0009443155
0.036718577 0.0009443155
0.036718577 0.0009443155
0.036718577 0.0009443155
0.036635004 0.0009431865
0.03659529 0.0009368063
0.03659086 0.0009361309
0.03659086 0.0009361309
0.03659086 0.0009361309
0.036589835 0.0009359885
0.036589835 0.0009359885
0.036589835 0.0009359885
0.036589835 0.0009359885
0.036589835 0.0009359885
0.036589835 0.0009359885
