0.03901638835668564 0.0012614703009603545
0.03807492647320032 0.0012211280118208379
0.038144489750266075 0.0012241086515132338
0.05419228319078684 0.0016202577680815011
0.056645506992936134 0.0016622385010123253
0.038527484983205795 0.0012362556590232998
0.056149257346987724 0.0016470328555442393
0.03351347241550684 0.0009356391528854147
0.03855989407747984 0.0012377327075228095
0.039024509489536285 0.0012618179462151602
0.038090416230261326 0.0012218038609717041
0.0364013584330678 0.0010846749355550855
0.0535555575042963 0.0015446983452420682
0.05612257122993469 0.0016466017696075141
0.03922080248594284 0.0012680921790888533
0.0541874086484313 0.0016201864054892212
0.053945135325193405 0.0016126729315146804
0.03853749856352806 0.0012366975424811244
0.03900983463972807 0.0012611793499672785
0.0502166785299778 0.0014369011332746595
0.05026896111667156 0.0014379561762325466
0.03852166049182415 0.0012360034452285618
0.056127309799194336 0.0016466739471070468
0.04203602857887745 0.0013656883093062788
0.039032064378261566 0.0012621381611097604
0.03854051139205694 0.0012368507450446486
0.03850493486970663 0.0012352202029433101
0.038102141581475735 0.0012223070370964706
0.054381669498980045 0.0016235032235272229
0.0539695555344224 0.00161307753296569
0.03901394549757242 0.0012613714061444625
0.048691210336983204 0.0013872678391635418
0.05617296975106001 0.0016474096628371626
0.05008933413773775 0.0014338663313537836
0.056674220599234104 0.00166271862690337
0.038535790517926216 0.0012366044102236629
0.038107750937342644 0.0012225435639265925
0.03812428377568722 0.0012232372828293592
0.03852358553558588 0.0012360643013380468
0.05419965833425522 0.0016204044804908335
0.048701285384595394 0.0013873966236133128
0.03900513797998428 0.0012609752302523702
0.0541390310972929 0.0016193706833291799
0.039039501920342445 0.0012624602823052555
0.039021206088364124 0.0012616748426808044
0.042044890113174915 0.0013661813572980464
0.03901862259954214 0.0012615614250535145
0.03902312275022268 0.0012617506145033985
0.03905609529465437 0.0012631651916308329
0.056228273548185825 0.0016482421196997166
0.03352566063404083 0.0009363339195260778
0.056725842878222466 0.0016636064974591136
0.0373051930218935 0.0011485655268188566
0.04203343763947487 0.001365537173114717
0.03814530931413174 0.0012241548392921686
0.05417504161596298 0.001619974267669022
0.03853294253349304 0.0012364986177999526
0.03808793053030968 0.001221682468894869
0.0380889642983675 0.00122173223644495
0.05397974606603384 0.0016132235177792609
0.051836670376360416 0.0014612838276661932
0.05235020723193884 0.0015134516288526356
0.05174621008336544 0.0014591276121791452
0.03808916360139847 0.0012217510084155947
0.039248314686119556 0.0012693412136286497
0.04176200367510319 0.0013487492979038507
0.0385254817083478 0.0012361590925138444
0.039223674684762955 0.0012681935040745884
0.0373969366773963 0.0011899788805749267
0.037403236143291 0.0011902473343070596
0.056600479409098625 0.0016614857886452228
0.038551753386855125 0.001237354998011142
0.03810125216841698 0.0012222658260725439
0.05624926649034023 0.0016486077511217445
0.038112551905214787 0.0012227497063577175
0.039012208580970764 0.0012612798454938456
0.03902219142764807 0.0012617202737601474
0.039035242050886154 0.0012622742215171456
0.050144207663834095 0.0014350913115777075
0.03614012897014618 0.0010417911253171042
0.039042411372065544 0.0012625889357877895
0.05353655572980642 0.0015443830052390695
0.05416381452232599 0.001619800750631839
0.03902197349816561 0.0012617003812920302
0.056148603558540344 0.0016470123955514282
0.03853609226644039 0.0012366521987132728
0.05623327847570181 0.0016483141807839274
0.05419251695275307 0.0016202904225792736
0.03812858276069164 0.0012234328605700284
0.05672718957066536 0.001663629460381344
0.058600105345249176 0.0016889495018403977
0.0562333557754755 0.0016483246581628919
0.03810829482972622 0.0012225543905515224
0.03902052715420723 0.0012616518361028284
0.05418217647820711 0.001620100054424256
0.051739067770540714 0.0014589115307899192
0.053845093585550785 0.001562126650242135
0.05859909951686859 0.001688894524704665
0.054010819643735886 0.0016137207276187837
0.039015850983560085 0.0012614270963240415
0.03808118123561144 0.0012213966983836144
0.05022330954670906 0.0014369520649779588
0.048892236314713955 0.0013919605989940464
0.048640552908182144 0.0013861875049769878
0.03739419113844633 0.0011899523669853806
0.05223480239510536 0.0015024965978227556
0.03921502362936735 0.0012678025523200631
0.03854595310986042 0.0012371063639875501
0.05657025892287493 0.0016609639569651335
0.054168326780200005 0.0016198644298128784
0.04175823554396629 0.0013485233357641846
0.038543010130524635 0.0012369609612505883
0.05421240534633398 0.0016206165892072022
0.03809762932360172 0.0012221114302519709
0.04867543373256922 0.0013869156537111849
0.05622214265167713 0.001648144650971517
0.050080759450793266 0.0014335337036754936
0.05179105047136545 0.0014601288421545178
0.03899494092911482 0.0012605427909875289
0.03855171427130699 0.0012373527861200273
0.03809811268001795 0.0012221343931742013
0.054319062270224094 0.0016224316786974669
0.05397037696093321 0.0016131000593304634
0.03929498791694641 0.0012714748445432633
0.03739933483302593 0.001190129987662658
0.05614879261702299 0.001647017983486876
0.039027394726872444 0.0012619475019164383
0.05410103686153889 0.001618730864720419
0.03809414338320494 0.0012219510972499847
0.037403404712677 0.0011903024569619447
0.03850454371422529 0.0012351929035503417
0.03740342706441879 0.0011903030681423843
0.05616012215614319 0.0016471962735522538
0.038069737143814564 0.0012209094711579382
0.05016026180237532 0.0014355333405546844
0.05420157220214605 0.0016204326529987156
0.038084701634943485 0.0012215391034260392
0.03852360416203737 0.0012360907276161015
0.038093362003564835 0.0012219302880112082
0.03850607015192509 0.0012352641788311303
0.03903449513018131 0.0012622470239875838
0.03812811989337206 0.0012234134774189442
0.038088065572082996 0.0012217024341225624
0.054330796003341675 0.0016226321749854833
0.03809895645827055 0.0012221724609844387
0.038079543970525265 0.0012213317677378654
0.03856747969985008 0.0012380628613755107
0.054113722406327724 0.001618944195797667
0.03809742722660303 0.0012220835778862238
0.05417427234351635 0.0016199731908272952
0.05657866224646568 0.0016610922757536173
0.038081624545156956 0.0012214139278512448
0.04176175035536289 0.001348737598164007
0.03560723550617695 0.0010120520455529913
0.05668482556939125 0.0016629063175059855
0.03812015987932682 0.0012230748252477497
0.05661243014037609 0.0016616788634564728
0.054196447134017944 0.0016203570703510195
0.05661194212734699 0.001661662623519078
0.03853761125355959 0.001236715994309634
0.054112027399241924 0.0016189141024369746
0.03807362727820873 0.00122107908828184
0.039038313552737236 0.0012624094524653628
0.05618142616003752 0.0016475065785925835
0.05613608006387949 0.0016468280227854848
0.056151813827455044 0.0016470618138555437
0.05414630193263292 0.0016195068892557174
0.048687295988202095 0.0013871733390260488
0.0374006787315011 0.0011901550460606813
0.039024267345666885 0.0012617993052117527
0.056567043997347355 0.001660893321968615
0.03811592888087034 0.0012228966515976936
0.03811979107558727 0.001223056751769036
0.03900819458067417 0.0012610979902092367
0.0561666414141655 0.001647291413974017
0.05407905671745539 0.0016183349071070552
0.056145546957850456 0.0016469693800900131
0.03808197658509016 0.0012214453890919685
0.038516927510499954 0.001235764502780512
0.038983700796961784 0.0012600658956216648
0.037350358441472054 0.0011601379956118762
0.038082717917859554 0.001221463899128139
0.05178110860288143 0.0014599466376239434
0.03900726605206728 0.0012610776320798323
0.038095543161034584 0.0012220226926729083
0.03807347547262907 0.0012210733548272401
0.05415079277008772 0.0016195779899135232
0.05618972424417734 0.001647635013796389
0.03807826526463032 0.0012212740257382393
0.050041208043694496 0.0014326639065984637
0.05418272688984871 0.001620118331629783
0.05662119947373867 0.0016617901565041393
0.03807322680950165 0.0012210621789563447
0.03640671260654926 0.0010849057871382684
0.03813550993800163 0.001223726460011676
0.04169810749590397 0.0013385461352299899
0.038996811024844646 0.0012605991068994626
0.03922110516577959 0.0012681615771725774
0.039010461419820786 0.001261212702956982
0.03900925163179636 0.0012611575075425208
0.038105995394289494 0.0012224627134855837
0.05665945168584585 0.00166247648303397
0.03639891929924488 0.001084392104530707
0.05024830810725689 0.0014375444152392447
0.03902019094675779 0.001261631041415967
0.05668999254703522 0.0016629916208330542
0.0538277979940176 0.0015618019097018987
0.038095722906291485 0.0012220320932101458
0.05649392865598202 0.0016596631903667003
0.03852685168385506 0.0012362365960143507
0.038545673713088036 0.0012370690528769046
0.0390032259747386 0.0012609006080310792
0.035664258524775505 0.0010128085414180532
0.03676540218293667 0.0011399761424399912
0.03854476194828749 0.0012370406766422093
0.056591058149933815 0.0016612934414297342
0.05407887976616621 0.0016183348780032247
0.03810753487050533 0.0012225316313561052
0.03902338817715645 0.0012617725296877325
0.05659262835979462 0.0016613460611552
0.03807475604116917 0.0012211264111101627
0.05187959410250187 0.0014622808957938105
0.03740474954247475 0.0011903467529918998
0.038091039285063744 0.0012218191986903548
0.038526310585439205 0.001236200681887567
0.05176978558301926 0.001459673760109581
0.05415274202823639 0.0016196051728911698
0.03901458252221346 0.0012613715080078691
0.03676042519509792 0.0011398005299270153
0.03808558452874422 0.001221595739480108
0.056668033823370934 0.0016626371070742607
0.056181023828685284 0.0016474974690936506
0.04176001995801926 0.0013485982781276107
0.03810847643762827 0.0012225689715705812
0.05417162459343672 0.0016199244419112802
0.03855095896869898 0.0012373159115668386
0.03901945427060127 0.0012616020831046626
0.05418588127940893 0.0016201692924369127
0.039184099063277245 0.0012666149414144456
0.05424759071320295 0.0016212125774472952
0.0541899548843503 0.0016202343394979835
0.05665439087897539 0.0016624019772280008
0.03902189340442419 0.0012616952590178698
0.05425219051539898 0.001621306932065636
0.05414984002709389 0.001619560905965045
0.03900260105729103 0.0012608714023372158
0.05665626469999552 0.0016624174022581428
0.03811155539005995 0.0012226923718117177
0.0542273074388504 0.0016208612360060215
0.054278237745165825 0.00162172966520302
0.04132163990288973 0.0012817504175473005
0.04168184567242861 0.0013107698468957096
0.03741597291082144 0.0011908274900633842
0.052380507811903954 0.0015140780888032168
0.05233258195221424 0.0015131253458093852
0.039004805497825146 0.0012609717668965459
0.037313951179385185 0.0011490030447021127
0.05420602951198816 0.001620502007426694
0.05616133473813534 0.0016472269198857248
0.038123046047985554 0.0012231841392349452
0.05656411126255989 0.00166083182557486
0.03854440338909626 0.0012370391050353646
0.054154192097485065 0.001619625836610794
0.03850679658353329 0.0012352923513390124
0.038538248278200626 0.0012367598246783018
0.0566897913813591 0.0016629877500236034
0.05234480835497379 0.0015133970009628683
0.056554307229816914 0.0016606805438641459
0.0417516240850091 0.0013481019414030015
0.05616326630115509 0.001647254975978285
0.039031012915074825 0.0012620828638318926
0.056603302247822285 0.0016615255153737962
0.05622799601405859 0.0016482410719618201
0.03814621549099684 0.0012242005032021552
0.05416170321404934 0.001619747985387221
0.037399327382445335 0.0011901184625457972
0.038100047037005424 0.0012222177756484598
0.0417561000213027 0.0013483724906109273
0.03821695316582918 0.0012272085878066719
0.03731679916381836 0.0011491849727462977
0.039006372913718224 0.0012610418343683705
0.0518310759216547 0.0014611359219998121
0.038110082037746906 0.0012226327671669424
0.038533332757651806 0.0012365294096525759
0.0501045286655426 0.0014342053327709436
0.03850994445383549 0.001235456409631297
0.056146636605262756 0.0016469921683892608
0.0374110946431756 0.0011906174186151475
0.0389347355812788 0.0012579542672028765
0.03811538498848677 0.0012228734558448195
0.054055546410381794 0.0016179307422135025
0.05390601325780153 0.0016121084918268025
0.03812596295028925 0.0012233182787895203
0.0501227555796504 0.001434684352716431
0.05414377246052027 0.0016194662021007389
0.04176038131117821 0.0013486280222423375
0.056146204471588135 0.0016469780239276588
0.05406577419489622 0.0016181118262466043
0.03810831066220999 0.001222568127559498
0.03900688607245684 0.0012610592530108988
0.03478304110467434 0.0009782688284758478
0.03810654580593109 0.001222479302668944
0.03900429792702198 0.0012609454424818978
0.03350519109517336 0.0009348361782031134
0.04921426810324192 0.0013961375807411969
0.03852422535419464 0.0012361235276330262
0.03352289833128452 0.0009362269192934036
0.05655994452536106 0.0016607829602435231
0.03853900823742151 0.001236777228768915
0.03811274468898773 0.0012227657134644687
0.039006251841783524 0.0012610392441274598
0.039002482779324055 0.0012608567922143266
0.04204516485333443 0.0013662526325788349
0.050058876164257526 0.001433185301721096
0.05618923716247082 0.00164762997883372
0.0541093060746789 0.0016188393929041922
0.036403682082891464 0.0010848110832739621
0.04203987866640091 0.0013659280666615814
0.05674206744879484 0.001663892500801012
0.056542118079960346 0.0016604637785349041
0.038124107755720615 0.0012232350127305835
0.03902433905750513 0.001261812838492915
0.0562223345041275 0.0016481492493767291
0.03903139568865299 0.0012621121859410778
0.041323987767100334 0.0012819243129342794
0.04860361386090517 0.0013852902047801763
0.05658124294131994 0.001661150250583887
0.03902166057378054 0.0012616861931746826
0.05657966621220112 0.0016611077298875898
0.038083567284047604 0.0012215077003929764
0.03812998253852129 0.001223479863256216
0.038533235900104046 0.0012365077272988856
0.05667212512344122 0.0016627083241473883
0.038091703318059444 0.0012218485353514552
0.056222228333353996 0.0016481467173434794
0.048647950403392315 0.0013863036292605102
0.03853559214621782 0.0012366036244202405
0.050019425339996815 0.0014321156486403197
0.056219001300632954 0.0016481017810292542
0.04865897726267576 0.0013866447261534631
0.05222029983997345 0.0015022194711491466
0.038094693794846535 0.0012219767377246171
0.03351881541311741 0.0009358635870739818
0.03809129260480404 0.0012218383781146258
0.0543167507275939 0.0016223975690081716
0.05439905449748039 0.0016237968520727009
0.05622442066669464 0.0016481848142575473
0.0502530625090003 0.001437660917872563
0.03900946117937565 0.0012611606944119558
0.0566261475905776 0.0016619052330497652
0.05015246011316776 0.0014353727747220546
0.05020231753587723 0.0014365164679475129
0.054123188368976116 0.0016190918686334044
0.03811766393482685 0.0012229694111738354
0.0335267037153244 0.0009364993602503091
0.038083295337855816 0.0012214878806844354
0.03897386696189642 0.0012596219021361321
0.05612292420119047 0.0016466296219732612
0.05424090102314949 0.0016211029724217951
0.04867022857069969 0.0013868277019355446
0.04204019159078598 0.0013659299002029002
0.0487322797998786 0.001388199278153479
0.056172581389546394 0.0016473790165036917
0.03812395874410868 0.0012232279987074435
0.05028492119163275 0.0014383044035639614
0.05418747290968895 0.0016201903345063329
0.03853246755897999 0.0012364547583274543
0.053992404602468014 0.0016134096658788621
0.05662868916988373 0.0016619695234112442
0.03852111753076315 0.0012359747488517314
0.05628042295575142 0.0016490640700794756
0.056273206137120724 0.0016489370609633625
0.04176599998027086 0.0013498879270628095
0.056144291535019875 0.0016469515685457736
0.05433174129575491 0.0016226552543230355
0.038529179990291595 0.001236325886566192
0.03740959335118532 0.0011905678838957101
0.056584421545267105 0.0016611843020655215
0.03739668149501085 0.0011899670935235918
0.03808217495679855 0.0012214600865263492
0.05401900131255388 0.0016173033509403467
0.05656973272562027 0.0016609372105449438
0.036763960495591164 0.0011398988426662982
0.03804666921496391 0.0012199335324112326
0.03811901621520519 0.0012230311695020646
0.03677688259631395 0.0011403500975575298
0.0381406145170331 0.0012239392381161451
0.05026960093528032 0.0014379617932718247
0.038525630719959736 0.001236190553754568
0.03899960685521364 0.001260739387362264
0.03849139157682657 0.001234571827808395
0.05400130618363619 0.0016135717160068452
0.0586032597348094 0.0016889611724764109
0.05411115102469921 0.001618871814571321
0.03811844810843468 0.001222991180839017
0.03904291708022356 0.0012625930539797992
0.05664960574358702 0.001662315713474527
0.038122798316180706 0.0012231808213982731
0.0390387661755085 0.0012624335795408115
0.05413812957704067 0.0016193679184652865
0.05620209965854883 0.0016478330653626472
0.05663956794887781 0.0016621517133899033
0.05619324278086424 0.0016477307071909308
0.05624717939645052 0.001648572157137096
0.039006806910037994 0.0012610573030542582
0.05420090910047293 0.0016204251151066273
0.05398958828300238 0.0016133818426169455
0.038559325970709324 0.0012377028760965914
0.03740691486746073 0.0011904052516911179
0.05221221223473549 0.0015021180443000048
0.05416006315499544 0.0016197320946957916
0.03901726007461548 0.0012614979350473732
0.05616246350109577 0.0016472302086185664
0.03848992381244898 0.0012345268623903394
0.054083580151200294 0.0016184227133635432
0.036637625657022 0.0011196846317034215
0.05615476053208113 0.0016471077979076654
0.05186785105615854 0.001461960215237923
0.05415632203221321 0.001619667891645804
0.03852135594934225 0.0012359911343082786
0.05627528019249439 0.0016490084526594728
0.05420714896172285 0.0016205364663619548
0.03854712750762701 0.0012371646880637854
0.0390436677262187 0.0012626328389160335
0.05660025868564844 0.0016614623018540442
0.03852003253996372 0.0012359287065919489
0.03811162710189819 0.0012227107654325664
0.054056018590927124 0.0016179444210138172
0.041321856901049614 0.0012817516108043492
0.05616256594657898 0.001647235912969336
0.05011177435517311 0.0014343962538987398
0.03809231240302324 0.0012218906776979566
0.039022441022098064 0.0012617262109415606
0.038529425859451294 0.0012363553687464446
0.03809753339737654 0.0012221077049616724
0.03809058293700218 0.0012218079646117985
0.056234668008983135 0.0016483550134580582
0.036757283844053745 0.0011396815243642777
0.054145170375704765 0.0016194907948374748
0.039046051912009716 0.001262735269847326
0.03809744771569967 0.0012220960343256593
0.05622203554958105 0.0016481421189382672
0.038121746852993965 0.001223131810547784
0.04203222785145044 0.0013654404610861093
0.05659044440835714 0.0016612899780739099
0.03300032950937748 0.0008749519620323554
0.03901494201272726 0.0012614028819371015
0.03901799861341715 0.00126153978635557
0.03740541450679302 0.0011903976846951991
0.03814621362835169 0.00122418615501374
0.038100759498775005 0.0012222393706906587
0.056437304243445396 0.0016586648998782039
0.03852855507284403 0.0012362987909000367
0.038088989444077015 0.001221742684720084
0.054144151508808136 0.00161948602180928
0.036771735176444054 0.001140152191510424
0.03807526361197233 0.0012211563298478723
0.05415627919137478 0.0016196592478081584
0.038994474336504936 0.0012605196243384853
0.05027276463806629 0.0014381828950718045
0.054227943532168865 0.0016208824526984245
0.05617646314203739 0.0016474434232804924
0.0502115236595273 0.001436671067494899
0.038509284146130085 0.0012354403443168849
0.03808991238474846 0.00122178575838916
0.04866116866469383 0.0013866845984011889
0.053779701702296734 0.0015607492241542786
0.05860699526965618 0.0016892364947125316
0.036758244037628174 0.0011397397611290216
0.05656354781240225 0.0016608224250376225
0.03852282091975212 0.0012360284745227545
0.04202236980199814 0.0013647829764522612
0.038114158436656 0.0012228231062181294
0.05417846515774727 0.0016200509271584451
0.052216775715351105 0.0015021877770777792
0.03807074576616287 0.0012209550477564335
0.05654883477836847 0.0016605869168415666
0.03810184169560671 0.0012222952500451356
0.03851483762264252 0.0012357306841295213
0.036791385151445866 0.001140831911470741
0.05409947969019413 0.0016186827851925045
0.034762886352837086 0.0009770217584446073
0.05436477903276682 0.001623214950086549
0.05662640556693077 0.0016619224043097347
0.0561456885188818 0.0016469715628772974
0.05416973773390055 0.0016199099773075432
0.038528794422745705 0.0012363238784018904
0.03811219893395901 0.0012227346596773714
0.038066163659095764 0.0012207580730319023
0.0538248959928751 0.0015617513854522258
0.036762818694114685 0.0011398762580938637
0.054134578444063663 0.001619308430235833
0.03899407107383013 0.0012604987132363021
0.03741064853966236 0.0011905979772564024
0.038087958469986916 0.0012216967297717929
0.03906254470348358 0.001263440353795886
0.03852358739823103 0.0012360762630123645
0.054199579171836376 0.001620403112610802
0.054109069518744946 0.0016188367153517902
0.05411665979772806 0.0016189831658266485
