0.041442143730819225 0.001291618449613452
0.0371937146410346 0.0011548099428182468
0.03841034322977066 0.0012355232902336866
0.03870854713022709 0.0012482980237109587
0.04193882178515196 0.001359716203296557
0.054686677642166615 0.0016242026758845896
0.05468789208680391 0.0016242209821939468
0.041556100361049175 0.001300864591030404
0.05468843877315521 0.0016242298879660666
0.054703766480088234 0.0016244680737145245
0.050765013322234154 0.0014361930661834776
0.04194252472370863 0.0013599453668575734
0.05497824400663376 0.0016337551642209291
0.038709934800863266 0.0012483567406889051
0.04194342065602541 0.001360010268399492
0.038708362728357315 0.001248289059731178
0.038415608927607536 0.0012357489904388785
0.038415608927607536 0.0012357489904388785
0.038718944415450096 0.0012487508647609502
0.03870275244116783 0.0012480486911954358
0.03871073666960001 0.0012483917234931141
0.034336923621594906 0.0009627700928831473
0.03869965299963951 0.0012479161960072815
0.05425517540425062 0.001555458438815549
0.05076598655432463 0.0014362122165039182
0.049754831939935684 0.0014124288863968104
0.049755520187318325 0.001412450976204127
0.041834091767668724 0.0013429145037662238
0.05468494165688753 0.0016241742705460638
0.05468280892819166 0.001624142110813409
0.05469635222107172 0.0016243532008957118
0.03698661457747221 0.0011476601066533476
0.05477063450962305 0.0016255098453257233
0.054679280146956444 0.0016240808472502977
0.03841171786189079 0.0012355826329439878
0.053164142183959484 0.0015304631961043924
0.05467437580227852 0.0016239964170381427
0.03900224436074495 0.001258002856047824
0.05469363648444414 0.0016243105637840927
0.05468834284693003 0.0016242279089055955
0.04973635543137789 0.0014119949482847005
0.04194374568760395 0.0013600224338006228
0.05469738598912954 0.0016243696736637503
0.038411577232182026 0.001235577219631523
0.038710848428308964 0.0012483955797506496
0.04155502840876579 0.0013007779780309647
0.049819852225482464 0.0014139805862214416
0.04973369278013706 0.001411931443726644
0.0546948341652751 0.0016243296267930418
0.054687684401869774 0.001624218188226223
0.05469444766640663 0.0016243219433818012
0.03719482570886612 0.001154846846475266
0.03842230513691902 0.0012360354594420642
0.03871405217796564 0.0012485334009397775
0.03698544669896364 0.001147623552242294
0.03871111199259758 0.0012484067992772907
0.054680995643138885 0.001624113880097866
0.0387144461274147 0.0012485497863963246
0.053171650506556034 0.0015306194254662842
0.05468922667205334 0.001624242082471028
0.03719461988657713 0.0011548436159500852
0.03871349338442087 0.0012485109036788344
0.05320850946009159 0.0015314148913603276
0.049736340530216694 0.0014119947154540569
0.03871365915983915 0.0012485165934776887
0.05077272839844227 0.0014363712980411947
0.03871252294629812 0.0012484676553867757
0.05468791723251343 0.00162422182620503
0.05541717913001776 0.0016355797706637532
0.05541717913001776 0.0016355797706637532
0.05319120828062296 0.001531023852294311
0.037195577286183834 0.001154874000349082
0.03870706632733345 0.0012482333404477686
0.05473736021667719 0.0016249918844550848
0.05541579611599445 0.0016355570405721664
0.03900089953094721 0.0012579429021570832
0.05468361917883158 0.0016241545381490141
0.05400040466338396 0.001547800173284486
0.038710128515958786 0.0012483647733461112
0.054695756174623966 0.0016243432182818651
0.053170706145465374 0.0015306046698242426
0.05469080898910761 0.001624266937142238
0.04194319248199463 0.0013599862868431956
0.0546827083453536 0.0016241403645835817
0.04974531661719084 0.0014122079592198133
0.054681798443198204 0.001624126627575606
0.05468462314456701 0.0016241703124251217
0.05468982458114624 0.0016242509882431477
0.05469624139368534 0.0016243513382505625
0.04974719136953354 0.0014122487918939441
0.03870864678174257 0.0012483019672799855
0.054701484739780426 0.001624433120014146
0.05073415953665972 0.0014354632003232837
0.03871462121605873 0.0012485570332501084
0.04194362089037895 0.0013600127131212503
0.05320322047919035 0.0015312725736293942
0.038728912360966206 0.001249169246875681
0.05470160022377968 0.0016244348662439734
0.05541236139833927 0.001635504828300327
0.0387080917134881 0.0012482774181989953
0.03871211316436529 0.0012484512699302286
0.03841105569154024 0.0012355533544905484
0.05075429193675518 0.0014359406632138416
0.0546911284327507 0.0016242715646512806
0.038696388714015484 0.0012477760465117171
0.05316454079002142 0.001530472858576104
0.037196872755885124 0.0011549197952263057
0.03900351282209158 0.0012580620241351426
0.05078199319541454 0.0014365860697580501
0.05321328341960907 0.0015314821794163436
0.03719494119286537 0.0011548506445251405
0.055412434972822666 0.0016355060506612062
0.038690547458827496 0.0012475257826736197
0.050755604170262814 0.0014359708438860252
0.054696754552423954 0.0016243592253886163
0.04185125418007374 0.001354320498649031
0.050758304074406624 0.0014360306377056986
0.05469285976141691 0.0016242986894212663
0.055419186130166054 0.0016356112028006464
0.05468875728547573 0.001624235068447888
0.039000130258500576 0.0012579030299093574
0.03870734851807356 0.0012482455058488995
0.05540860816836357 0.0016354462422896177
0.03870733454823494 0.001248245025635697
0.038709234446287155 0.0012483263562899083
0.05075552314519882 0.001435969999874942
0.038703219033777714 0.0012480690493248403
0.05468807276338339 0.0016242237761616707
0.04194373171776533 0.0013600194943137467
0.03841020166873932 0.001235517323948443
0.054703375324606895 0.0016244623402599245
0.04185037687420845 0.0013542600208893418
0.038710981607437134 0.0012484011822380126
0.03870756644755602 0.001248254848178476
0.03871012479066849 0.001248364758794196
0.049743808805942535 0.0014121807471383363
0.0387134775519371 0.0012485085608204827
0.03870595060288906 0.0012481859739637002
0.038713790476322174 0.0012485213519539684
0.054727036505937576 0.0016248311731033027
0.05075849685817957 0.0014360395434778184
0.05468655936419964 0.0016242001438513398
0.03841638099402189 0.00123578158672899
0.038707139901816845 0.0012482368911150843
0.05076204799115658 0.0014361198263941333
0.038694324903190136 0.001247687585419044
0.0546918660402298 0.0016242818965110928
0.037194397300481796 0.0011548317124834284
0.03870721533894539 0.0012482398306019604
0.05470882169902325 0.0016245472943410277
0.05468652676790953 0.0016241995326709002
0.05317236389964819 0.0015306333953049034
0.03871339187026024 0.001248505839612335
0.05316409468650818 0.001530461391666904
0.038711982779204845 0.0012484458275139332
0.03871190920472145 0.0012484409817261621
0.049739482812583447 0.0014120684063527733
0.03841840662062168 0.0012358681706245989
0.03841260727494955 0.0012356202933005989
0.0497320806607604 0.0014119031256996095
0.05469978507608175 0.0016244061116594821
0.05500911734998226 0.0016342828166671097
0.049742309376597404 0.0014121574349701405
0.03869566135108471 0.0012477449636207893
0.03869566135108471 0.0012477449636207893
0.03871654998511076 0.001248643224244006
0.03871079720556736 0.001248393877176568
0.03899792209267616 0.0012578060704981908
0.03871363587677479 0.0012485152547014877
0.05469061806797981 0.0016242634446825832
0.03870602697134018 0.0012481886660680175
0.05318285897374153 0.0015308618894778192
0.05500421021133661 0.001634199608815834
0.037198965437710285 0.0011550078197615221
0.03841221705079079 0.0012356042570900172
0.03841386642307043 0.0012356734951026738
0.05317338556051254 0.0015306545537896454
0.05469895526766777 0.001624393102247268
0.038700561970472336 0.0012479550059651956
0.03720297198742628 0.0011551287461770698
0.03870694059878588 0.00124822833458893
0.04972732439637184 0.0014117840910330415
0.049711260944604874 0.0014108496834523976
0.038711381144821644 0.0012484185281209648
0.0549688171595335 0.0016335939872078598
0.03871515113860369 0.0012485807383200154
0.055422100238502026 0.0016356564592570066
0.03840191941708326 0.0012351637706160545
0.05541672557592392 0.0016355724073946476
0.05316993594169617 0.0015305868873838335
0.03871211037039757 0.0012484500330174342
0.03871518466621637 0.0012485815968830138
0.038417655043303967 0.001235836069099605
0.058769797906279564 0.0016940339701250196
0.054981677792966366 0.0016338140121661127
0.038709741085767746 0.0012483483005780727
0.05316853243857622 0.0015305758861359209
0.03719521872699261 0.0011548602196853608
0.03870572056621313 0.0012481760932132602
0.04155430756509304 0.0013007191591896117
0.049768672324717045 0.0014127568865660578
0.0418560653924942 0.0013545957044698298
0.03718871623277664 0.0011546361492946744
0.053178598172962666 0.0015307639259845018
0.0387116065248847 0.0012484281323850155
0.037191675044596195 0.0011547378526302055
0.050772106274962425 0.0014363582449732348
0.03871055040508509 0.001248383749043569
0.05468657612800598 0.0016242007550317794
0.05471208784729242 0.0016245974111370742
0.03870982024818659 0.0012483518366934732
0.03841673117130995 0.0012357962841633707
0.03869565203785896 0.001247744308784604
0.0387079743668437 0.0012482724123401567
0.0387139730155468 0.0012485322513384745
0.05318739823997021 0.0015309448644984514
0.05468156561255455 0.001624122669454664
0.05543425586074591 0.0016358458087779582
0.041942997835576534 0.0013599743542727083
0.03870504442602396 0.0012481468002079055
0.0387071194127202 0.001248235974344425
0.038715255446732044 0.001248584478162229
0.03871406987309456 0.0012485334009397775
0.041942222975194454 0.001359926100121811
0.03871079068630934 0.0012483931495808065
0.04185159970074892 0.0013543353707063943
0.05469683650881052 0.0016243606805801392
0.03898926172405481 0.0012575196305988356
0.04972883965820074 0.0014118179387878627
0.03871580306440592 0.0012486112682381645
0.03871580306440592 0.0012486112682381645
0.03871339187026024 0.0012485044862842187
0.03870606701821089 0.001248191241757013
0.041942957788705826 0.0013599713856820017
0.037190692499279976 0.0011547051690286025
0.0387185188010335 0.0012487241183407605
0.038710045628249645 0.0012483613973017782
0.03840046934783459 0.001235101866768673
0.03871164843440056 0.0012484297767514363
0.03870987333357334 0.001248353742994368
0.05319869611412287 0.0015311788592953235
0.03871513810008764 0.001248579181265086
0.04185144975781441 0.0013543271052185446
0.05541998241096735 0.0016356233973056078
0.05470097530633211 0.0016244247963186353
0.038716050796210766 0.001248621876584366
0.04194324743002653 0.0013599972589872777
0.03871537931263447 0.0012485896004363894
0.03719724249094725 0.0011549305636435747
0.05075994785875082 0.001436068763723597
0.03871284704655409 0.0012484810431487858
0.039017717353999615 0.00125871277123224
0.054729497991502285 0.0016248693864326924
0.049723400734364986 0.0014117002428974956
0.038412097841501236 0.0012355975632090122
0.03871359769254923 0.0012485135230235755
0.0387104619294405 0.0012483789614634588
0.03719948139041662 0.0011550294439075515
0.03874350618571043 0.0012497945717768744
0.05501352157443762 0.0016343581373803318
0.03870931267738342 0.0012483303871704265
0.05077594518661499 0.0014364573580678552
0.0546841099858284 0.001624162629013881
0.03870475012809038 0.0012481344165280461
0.053161827847361565 0.001530423091026023
0.037196140736341476 0.001154893048806116
0.05318055581301451 0.0015308081929106265
0.03719411976635456 0.001154822515673004
0.05469892919063568 0.0016243930731434375
0.05469129513949156 0.0016242742130998522
0.05540449824184179 0.0016353820683434606
0.03871131967753172 0.0012484160106396303
0.03871294762939215 0.001248485641553998
0.03841488528996706 0.0012357180821709335
0.04978425893932581 0.0014131226052995771
0.054962700232863426 0.0016334895335603505
0.038709625601768494 0.0012483439350035042
0.03871451783925295 0.0012485524639487267
0.038410935550928116 0.001235547912074253
0.03840774577111006 0.0012354112695902586
0.03900642320513725 0.001258188916835934
0.03719564061611891 0.001154876226792112
0.053159357979893684 0.0015303835971280932
0.038710229098796844 0.00124836883333046
0.03871625289320946 0.001248627289896831
0.03841947950422764 0.0012359140964690596
0.03900207486003637 0.0012579967878991738
0.03871277440339327 0.0012484780163504183
0.03698812797665596 0.0011477125226520002
0.038415695540606976 0.0012357519590295851
0.05317498743534088 0.0015306909335777164
0.03870655596256256 0.0012482156744226813
0.05316305719316006 0.0015304466360248625
0.03900430258363485 0.0012580931652337313
0.038713919930160046 0.0012485268525779247
0.041942041367292404 0.0013599146623164415
0.038712906651198864 0.0012484850158216432
0.03661860153079033 0.0010888047108892351
0.04185133893042803 0.0013543233508244157
0.05467980820685625 0.0016240892582572997
0.03839594405144453 0.0012348373129498214
0.041943395510315895 0.001359998423140496
0.04974169656634331 0.0014121199492365122
0.03900786954909563 0.0012582525523612276
0.038713679648935795 0.0012485167244449258
0.038415382616221905 0.001235738629475236
0.0387038579210639 0.0012480961886467412
0.038418250158429146 0.0012358615058474243
0.05540481582283974 0.0016353875398635864
0.038414363749325275 0.0012356950028333813
0.0371923865750432 0.0011547633621376008
0.03870818950235844 0.0012482815654948354
0.0531973447650671 0.0015311527240555733
0.03871247358620167 0.001248465181561187
0.03870233800262213 0.0012480310688260943
0.05317419022321701 0.0015306721033994108
0.054688080213963985 0.0016242244455497712
0.038707916624844074 0.0012482698948588222
0.05470426753163338 0.0016244763392023742
0.038714044727385044 0.001248532411409542
0.038712344132363796 0.0012484596809372306
0.0389999570325017 0.0012578993191709742
0.038408953696489334 0.001235465460922569
0.039005313999950886 0.0012581452174345031
0.03699003253132105 0.001147778268205002
0.05318635702133179 0.001530923560494557
0.0549895940348506 0.0016339491412509233
0.05471276771277189 0.0016246085870079696
0.03900190070271492 0.0012579883041325957
0.038709341548383236 0.0012483314203564078
0.038411772809922695 0.0012355838262010366
0.0546942288056016 0.0016243201971519738
0.03871513810008764 0.001248579181265086
0.05317144189029932 0.001530615147203207
0.04973247088491917 0.0014119033294264227
0.04155177343636751 0.0013005217188037932
0.038695803843438625 0.0012477510463213548
0.03871425241231918 0.0012485413462854922
0.03719381708651781 0.001154811674496159
0.03841120842844248 0.0012355596700217575
0.03871102165430784 0.001248402797500603
0.03901568800210953 0.001258621399756521
0.05076796468347311 0.0014362586516654119
0.05469927564263344 0.0016243986901827157
0.038709950633347034 0.0012483571626944467
0.038709212094545364 0.0012483254104154184
0.04194367118179798 0.0013600147794932127
0.03719081170856953 0.0011547251924639568
0.03840957302600145 0.0012354895588941872
0.05468317400664091 0.0016241477860603482
0.05073734000325203 0.0014355416496982798
0.03871169686317444 0.001248431610292755
0.039035492576658726 0.001259530268725939
0.03871494345366955 0.0012485718179959804
0.03868948761373758 0.0012474803806981072
0.054682863876223564 0.0016241423145402223
0.03871302306652069 0.0012484885955927894
0.038663229905068874 0.0012463558232411742
0.0384142491966486 0.0012356899387668818
0.038712820969522 0.0012484799954108894
0.04973579756915569 0.0014119809202384204
0.054705943912267685 0.0016245025617536157
0.03873619716614485 0.0012494825496105477
0.05469297990202904 0.0016243004938587546
0.05469880811870098 0.0016243912687059492
0.05318543687462807 0.001530904701212421
0.05469689518213272 0.0016243614663835615
0.03427698742598295 0.0009601731871953234
0.041834927164018154 0.0013429388927761465
0.055423627607524395 0.001635680760955438
0.05468397215008736 0.0016241601260844618
0.03899540565907955 0.0012576906010508537
0.041554687544703484 0.0013007500674575567
0.03874081838876009 0.001249679335160181
0.036985818296670914 0.0011476330691948533
0.03871606104075909 0.0012486225459724665
0.05542654450982809 0.001635724795050919
0.03871003445237875 0.0012483605387387797
0.054683164693415165 0.0016241470875684172
0.03900314122438431 0.001258045609574765
0.05540319811552763 0.001635361899388954
0.054681671783328056 0.0016241248522419482
0.054681671783328056 0.0016241248522419482
0.03747478034347296 0.0011925470316782594
0.05316492635756731 0.0015305745182558894
0.037186410278081894 0.0011545559827936813
0.05317018087953329 0.0015305875276681036
0.05541349481791258 0.0016355223197024316
0.038715893402695656 0.0012486115156207234
0.03870821092277765 0.0012482824240578339
0.038704436272382736 0.0012481212324928492
0.05472875200212002 0.0016248576866928488
0.03870623931288719 0.0012481979792937636
0.03870781883597374 0.0012482659221859649
0.05502108857035637 0.0016344879404641688
0.041943916119635105 0.0013600308448076248
0.053189584985375404 0.0015309891023207456
0.05470075365155935 0.0016244211001321673
0.03719454351812601 0.0011548374604899436
0.04974578320980072 0.0014122235588729382
0.03841136954724789 0.0012355665676295757
0.03871078696101904 0.0012483928439905867
0.03871382866054773 0.0012485230545280501
0.054692840203642845 0.0016242981364484876
0.04973567742854357 0.0014119789411779493
0.039003271609544754 0.0012580495094880462
0.03698607161641121 0.00114764241152443
0.05467713251709938 0.0016240532277151942
0.05074076261371374 0.0014356195752043277
0.03718526940792799 0.0011545491142896935
0.05469311587512493 0.0016243026766460389
0.05542045831680298 0.0016356310225091875
0.05468481872230768 0.0016241734265349805
0.05541112832725048 0.0016354851250071079
0.038710436783730984 0.0012483780592447147
0.038705491460859776 0.0012481661251513287
0.041940837167203426 0.0013598404475487769
0.04971463978290558 0.0014115384256001562
0.038971129804849625 0.0012565760262077674
0.04155539441853762 0.0013008072855882347
0.04194408655166626 0.001360041176667437
0.049740005284547806 0.0014120906416792423
0.04976013954728842 0.0014125537127256393
0.05076950695365667 0.001436294536688365
0.054714168421924114 0.0016246303857769817
0.04194187372922897 0.0013599045341834426
0.03871715534478426 0.0012486706400522962
0.05469957087188959 0.0016244032885879278
0.041555061005055904 0.0013007807719986886
0.049931676127016544 0.0014165901811793447
0.03870530519634485 0.0012481582962209359
0.05468549020588398 0.0016241841076407582
0.055412531830370426 0.0016355072730220854
0.03841992933303118 0.0012359335087239742
0.054686762392520905 0.0016242034616880119
0.054685755632817745 0.001624187978450209
0.05540242698043585 0.0016353473474737257
0.03841250482946634 0.0012356153456494212
0.053153580985963345 0.0015302789397537708
0.03871422540396452 0.0012485410697991028
0.05471484083682299 0.001624640979571268
0.03871095273643732 0.001248399930773303
0.05470288824290037 0.0016244547150563449
0.050780766643583775 0.0014365575334522873
0.05468742549419403 0.0016242143174167722
0.03719364758580923 0.0011548057227628306
0.05074125621467829 0.0014356289466377348
0.03841518145054579 0.001235730160260573
0.03719630930572748 0.001154898724053055
0.041437847539782524 0.0012912701931782067
0.05077594518661499 0.0014364573580678552
0.03870087210088968 0.0012479682773118839
0.05471753980964422 0.0016246824234258384
0.050746419467031956 0.001435752012184821
0.037189108319580555 0.0011546494060894474
0.05469730496406555 0.0016243676072917879
0.03870928566902876 0.0012483290920499712
0.038412947207689285 0.0012356340303085744
0.03843503911048174 0.0012365806323941797
0.038417899049818516 0.0012358464009594172
0.03871235065162182 0.001248462314833887
0.041941097006201744 0.0013598564837593585
0.03841356001794338 0.0012356615625321865
0.05498883314430714 0.0016339367430191487
0.050740914419293404 0.0014356235042214394
0.05542233493179083 0.0016356602718587965
0.05468781944364309 0.001624220167286694
0.05468947812914848 0.0016242456913460046
0.054692202247679234 0.001624288532184437
0.0554274832829833 0.0016357384738512337
0.038710703141987324 0.001248389933607541
0.05468842014670372 0.001624229596927762
0.03719065058976412 0.001154702898929827
0.039001875557005405 0.001257984375115484
0.03871380537748337 0.0012485220795497298
0.03871602192521095 0.0012486190826166421
0.041942902840673923 0.00135996809694916
0.054693764075636864 0.001624312368221581
0.05497483629733324 0.0016336965200025588
0.03871124889701605 0.0012484129838412628
0.037197045981884 0.001154923767899163
0.03871429804712534 0.0012485432089306414
0.038717085495591164 0.0012486625200835988
0.03871320653706789 0.0012484965118346736
0.03870296385139227 0.0012480576551752165
0.05469410214573145 0.0016243178397417068
0.05077125411480665 0.0014363469963427633
0.054694714955985546 0.0016243273566942662
0.051075760275125504 0.0014435146294999868
0.038714597932994366 0.0012485560728237033
0.036853368394076824 0.0010931243014056236
0.03871100675314665 0.001248402608325705
0.05469134356826544 0.001624275028007105
0.03840898536145687 0.0012354693026281893
0.03719661943614483 0.001154910831246525
0.03841181844472885 0.001235586969414726
0.038415106013417244 0.0012357265804894269
0.03871536999940872 0.0012485893385019153
0.03870940301567316 0.0012483339087339118
0.03870537132024765 0.0012481608428061008
