0.03866683691740036 0.0012428351328708231
0.05250956863164902 0.00148947216803208
0.05491767544299364 0.001632454717764631
0.049307250417768955 0.0014006414276082069
0.03901911526918411 0.0012590051046572626
0.03863377682864666 0.001241318735992536
0.05252705700695515 0.0014898946246830747
0.03903669212013483 0.0012598115863511339
0.03866972588002682 0.0012429652269929647
0.054797569289803505 0.0016304001037497073
0.03831180464476347 0.001231128495419398
0.05429538153111935 0.0015531983226537704
0.038769952952861786 0.00125076191034168
0.039018926210701466 0.0012589954276336357
0.038664668798446655 0.0012427376059349626
0.04221887327730656 0.0013694919471163303
0.055498164147138596 0.0016367836215067655
0.055713207460939884 0.0016404929920099676
0.0421863654628396 0.0013643890270031989
0.049583205953240395 0.001407125237165019
0.04954712837934494 0.0014062778500374407
0.03879040386527777 0.0012516395072452724
0.05605103820562363 0.0016518322809133679
0.038770087994635105 0.001250762346899137
0.038664473220705986 0.001242727565113455
0.03901874553412199 0.0012589880643645301
0.041836269199848175 0.0013528949348255992
0.03899143170565367 0.0012577249144669622
0.05606298893690109 0.0016520611243322492
0.05476307217031717 0.0016298006812576205
0.04221719317138195 0.0013692648790311068
0.05251389555633068 0.0014895740750944242
0.039018901996314526 0.0012589953694259748
0.03866792097687721 0.001242886995896697
0.054900466464459896 0.0016321547736879438
0.039018530398607254 0.0012589742691488937
0.042217329144477844 0.0013692764623556286
0.05606374517083168 0.0016520697681698948
0.038775159046053886 0.0012509883526945487
0.039013070054352283 0.0012587314122356474
0.039024077355861664 0.001259233322343789
0.03828696720302105 0.0012300644593778998
0.0386711535975337 0.0012430295173544437
0.055713255889713764 0.0016404941270593554
0.03866050112992525 0.0012425461027305573
0.04221754055470228 0.0013692825741600245
0.039022973738610744 0.0012591714912559837
0.03721118252724409 0.001154778670752421
0.038770426996052265 0.0012507736828410998
0.038644653744995594 0.0012418193218763918
0.0561326565220952 0.0016532248700968921
0.05483801569789648 0.0016311100334860384
0.0560692036524415 0.0016521523939445615
0.04183473531156778 0.0013527935079764575
0.038314223289489746 0.001231233065482229
0.039011698216199875 0.0012586625380208716
0.03875976428389549 0.0012503293983172625
0.054562220349907875 0.0016224988794419914
0.033641680143773556 0.0009081249736482278
0.054827420972287655 0.0016309265920426697
0.05307215731590986 0.001527840009657666
0.03830839693546295 0.0012310350721236318
0.04955124109983444 0.0014064628630876541
0.0383232980966568 0.0012316226493567228
0.041834548115730286 0.0013527819537557662
0.05485722329467535 0.0016314098320435733
0.0390343414619565 0.001259703843970783
0.038311188109219074 0.0012311024474911392
0.03866720851510763 0.0012428534391801804
0.03867522161453962 0.0012432036746758968
0.05483929067850113 0.0016311134095303714
0.03903887327760458 0.0012598817265825346
0.03877416905015707 0.0012509385269368067
0.05604256596416235 0.0016517083859071136
0.0390083622187376 0.001258511867490597
0.038640016689896584 0.0012416070385370404
0.04183503706008196 0.0013528141134884208
0.03902373090386391 0.0012592142302310094
0.05255632661283016 0.001490558046498336
0.03902083355933428 0.0012590823316713795
0.03877375740557909 0.0012509190710261464
0.0547813456505537 0.0016302108415402472
0.05260753631591797 0.0014917761873221025
0.04954637587070465 0.0014062713598832488
0.054849773645401 0.0016312934749294072
0.05082771461457014 0.0014501188416033983
0.03831775952130556 0.0012314057967159897
0.03829148970544338 0.0012302586692385375
0.053044697269797325 0.001527281099697575
0.04954116605222225 0.0014061788097023964
0.03831674065440893 0.0012313546030782163
0.03867934085428715 0.0012433994561433792
0.03865485917776823 0.0012422840227372944
0.054839570075273514 0.0016311212093569338
0.05604584328830242 0.0016517650219611824
0.056076252833008766 0.001652371691307053
0.0420128395780921 0.0013638009259011596
0.0387685839086771 0.001250700413947925
0.05605971161276102 0.0016520044882781804
0.03900833334773779 0.0012585075019160286
0.04183703102171421 0.0013529440620914102
0.04183703102171421 0.0013529440620914102
0.05487390421330929 0.0016316977853421122
0.05094058532267809 0.001452778757084161
0.03901880979537964 0.0012589882098836824
0.05304906889796257 0.0015273763274308294
0.049401010386645794 0.0014028674049768597
0.054576415568590164 0.0016227646556217223
0.04197491053491831 0.0013615372881758958
0.03905721940100193 0.0012607540556928143
0.054859716445207596 0.0016314526728820056
0.05485515668988228 0.001631375023862347
0.03901338391005993 0.0012587386736413464
0.04197189770638943 0.0013612604816444218
0.03901284281164408 0.001258718126337044
0.054803697392344475 0.001630550337722525
0.05488912109285593 0.0016319599526468664
0.03868140932172537 0.0012435054522939026
0.05262884683907032 0.001492266499553807
0.03866503480821848 0.0012427506153471768
0.039021571166813374 0.0012591180711751804
0.04952987190335989 0.00140591905801557
0.03866465203464031 0.0012427355977706611
0.05571751017123461 0.0016405578062403947
0.03831501863896847 0.001231266709510237
0.041831948794424534 0.001352643419522792
0.055716575123369694 0.001640543807297945
0.03866781014949083 0.0012428809131961316
0.03901441860944033 0.0012587892560986802
0.05485378298908472 0.0016313593077939004
0.03830116894096136 0.0012307757278904319
0.05100692994892597 0.0014541428536176682
0.055728768929839134 0.0016407348157372326
0.05605063587427139 0.0016518251795787364
0.038311442360281944 0.0012311162136029452
0.038669392466545105 0.0012429510825313628
0.054874676279723644 0.0016317121626343578
0.04183675907552242 0.0013529270945582539
0.03831505309790373 0.0012312671751715243
0.03690380323678255 0.0011441917740739882
0.039019348099827766 0.0012590143160196021
0.05421649198979139 0.0015370179316960275
0.04954288341104984 0.0014062351256143302
0.056098293513059616 0.0016526940453331918
0.041834600269794464 0.001352783030597493
0.03903048764914274 0.0012595075386343524
0.056048937141895294 0.0016518064658157527
0.05098341032862663 0.0014535750378854573
0.038662287406623363 0.0012426262546796352
0.05486825201660395 0.0016316023538820446
0.05486825201660395 0.0016316023538820446
0.03879238571971655 0.001251780879101716
0.0560759948566556 0.0016522555088158697
0.038781789131462574 0.0012512785469880328
0.05251478124409914 0.0014895926287863404
0.05571816582232714 0.001640569360461086
0.03901962749660015 0.001259024124010466
0.03876383416354656 0.0012504971527960151
0.03831121604889631 0.001231113012181595
0.05604808684438467 0.001651788188610226
0.054827346466481686 0.0016309186175931245
0.03902840614318848 0.0012594318250194192
0.05430250708013773 0.001553346635773778
0.05257093254476786 0.001490905342507176
0.03901280742138624 0.0012587161763804033
0.039009966887533665 0.001258584699826315
0.03831145819276571 0.0012311275058891624
0.05479559116065502 0.0016303574666380882
0.039010665379464626 0.0012586175434989855
0.03831319697201252 0.0012311958125792444
0.055720618925988674 0.0016406081267632544
0.05487670283764601 0.0016317435656674206
0.039017812348902225 0.0012589446996571496
0.05488997232168913 0.0016319697024300694
0.038657402619719505 0.001242404367076233
0.049563285894691944 0.0014066612347960472
0.052540394477546215 0.0014903007686370984
0.03831228893250227 0.0012311493919696659
0.039014686830341816 0.0012588013923959807
0.03905859775841236 0.0012608180695679039
0.056098220869898796 0.0016526449762750417
0.05480642709881067 0.0016306187608279288
0.052532538771629333 0.0014900017995387316
0.03868288826197386 0.0012435683456715196
0.05482418090105057 0.0016308818012475967
0.05483357701450586 0.0016310079954564571
0.05573051981627941 0.0016407473885919899
0.04953520279377699 0.0014060010726097971
0.038791464641690254 0.0012516764254542068
0.0510013559833169 0.001454113342333585
0.03878300543874502 0.0012513236288214102
0.03831763844937086 0.0012313784973230213
0.03867386467754841 0.0012431572249624878
0.03901390824466944 0.001258764837984927
0.03901795111596584 0.001258951160707511
0.05098723713308573 0.0014536557428073138
0.03866373375058174 0.0012426929897628725
0.053044588305056095 0.0015272716991603374
0.052549682557582855 0.001490485985414125
0.04182687681168318 0.0013523104425985366
0.038663716055452824 0.0012426897592376918
0.05488681234419346 0.0016319178394041955
0.05481620319187641 0.0016307624464388937
0.05568001791834831 0.00163997572963126
0.05574734974652529 0.001641018083319068
0.05483985412865877 0.0016311348008457571
0.03832120541483164 0.0012315311760175973
0.03832246735692024 0.0012315959320403636
0.050971209071576595 0.001453480770578608
0.05099165905267 0.0014537816750817
0.05487963370978832 0.0016318220004905015
0.04197062458842993 0.0013611761387437582
0.03901847265660763 0.0012589686666615307
0.038306018337607384 0.0012309609446674585
0.04183539189398289 0.0013528357085306197
0.05490356218069792 0.0016322204610332847
0.05482002627104521 0.001630814338568598
0.038794124498963356 0.001251848167157732
0.039018664509058 0.0012589828693307936
0.05485933180898428 0.0016314513341058046
0.03901473991572857 0.0012588038516696543
0.04183285031467676 0.0013527004921343178
0.03830787539482117 0.001231024827575311
0.05487299244850874 0.001631680119317025
0.039015598595142365 0.001258844102267176
0.03901728708297014 0.0012589192483574152
0.054301515221595764 0.001553325797431171
0.049516234546899796 0.0014057036896701902
0.03901972156018019 0.0012590253027155995
0.041833980940282345 0.0013527543633244932
0.05254463665187359 0.0014904626441420987
0.0390116972848773 0.0012586613447638229
0.0418322803452611 0.0013526981056202203
0.03879747353494167 0.00125201212358661
0.03902095090597868 0.001259086828213185
0.05487081129103899 0.0016316463006660342
0.03827456384897232 0.0012295367487240583
0.042246744967997074 0.0013711631181649864
0.05485557112842798 0.0016313835512846708
0.04218577593564987 0.001364301482681185
0.05485541373491287 0.0016313788073603064
0.0419723903760314 0.0013612860348075628
0.05251374654471874 0.0014895606291247532
0.03900880925357342 0.0012585319491336122
0.04197364114224911 0.0013614087656605989
0.038327205926179886 0.0012317866494413465
0.038234204053878784 0.001227574481163174
0.05601425841450691 0.0016512063157279044
0.038310581818223 0.0012310750607866794
0.037218223325908184 0.0011550225026439875
0.05306696705520153 0.0015277290949597955
0.05569236818701029 0.0016401648754253983
0.03690269961953163 0.001144120004028082
0.03829741943627596 0.0012305141135584563
0.05092611163854599 0.0014524910075124353
0.05092217493802309 0.0014521258126478642
0.03900425601750612 0.001258322547073476
0.03827331028878689 0.0012294724001549184
0.056059012189507484 0.0016519655182491988
0.03721294831484556 0.0011548362526809797
0.03900799993425608 0.0012584859796334058
0.039022390730679035 0.0012591541890287772
0.03901452198624611 0.001258793126908131
0.054892354644834995 0.0016320236318279058
0.04155780468136072 0.0013001985498704016
0.038675352931022644 0.0012432254734449089
0.05484746862202883 0.001631266379263252
0.03876959905028343 0.0012507510546129197
0.05571034923195839 0.0016404488706029952
0.055720929987728596 0.0016406122304033488
0.04221695847809315 0.0013692242791876197
0.0530421556904912 0.0015272290911525488
0.050886839628219604 0.0014513704518321902
0.03903000243008137 0.001259476921404712
0.054706549271941185 0.0016290527128148824
0.04219298902899027 0.0013645859435200691
0.05475602950900793 0.0016297581314574927
0.05459252558648586 0.0016272474022116512
0.03877239301800728 0.0012508663348853588
0.03878155071288347 0.0012512726534623653
0.05072631407529116 0.0014475113130174577
0.05256046913564205 0.0014907272852724418
0.0495486157014966 0.0014063106500543654
0.03866016864776611 0.0012425304157659411
0.05098626762628555 0.001453635806683451
0.03900264576077461 0.001258246338693425
0.03901582211256027 0.0012588530516950414
0.05286868382245302 0.0015239687636494637
0.03831721097230911 0.0012313604529481381
0.05571708735078573 0.0016405533242505044
0.03901771642267704 0.0012589408870553598
0.05607409588992596 0.0016522239602636546
0.05485730804502964 0.0016314356762450188
0.039047022350132465 0.0012602876813616604
0.049515132792294025 0.0014055414940230548
0.05571572110056877 0.001640532398596406
0.03877112548798323 0.0012508054205682129
0.038321967236697674 0.0012315666244830936
0.0548438960686326 0.001631189021281898
0.056059361435472965 0.0016519736964255571
0.039017816074192524 0.0012589453108375892
0.0383045319467783 0.0012308185978326946
0.054862610064446926 0.0016315039829351008
0.054780375212430954 0.0016301315044984221
0.03903948329389095 0.0012599385809153318
0.03866597544401884 0.0012427963374648243
0.03830404207110405 0.0012308059667702764
0.03900805115699768 0.0012584974756464362
0.03830534406006336 0.001230859779752791
0.03901160601526499 0.0012586587981786579
0.05484081991016865 0.001631178252864629
0.03865852393209934 0.0012424556771293283
0.03866930305957794 0.001242945232661441
0.054834106005728245 0.0016310320643242449
0.05098637565970421 0.0014536392409354448
0.039014347828924656 0.0012587865203386173
0.03901577368378639 0.001258851436432451
0.05571031849831343 0.0016404228517785668
0.0530311381444335 0.0015269943396560848
0.03901364374905825 0.0012587545934366062
0.039020609110593796 0.0012590717378770933
0.03878378961235285 0.0012513597903307527
0.038646223954856396 0.0012418916739989072
0.05483223404735327 0.001630995364394039
0.05606155935674906 0.0016520133358426392
0.04956196807324886 0.0014066260191611946
0.03903272468596697 0.0012596101150847971
0.05483813676983118 0.0016311118088196963
0.054433186538517475 0.0016203004925046116
0.03877902124077082 0.0012511566455941647
0.05604034103453159 0.0016516564355697483
0.04182916507124901 0.0013525923423003405
0.03831471037119627 0.0012312568433117121
0.04197076894342899 0.0013612554466817528
0.05485112965106964 0.0016313336382154375
0.052543068304657936 0.001490314185502939
0.03899383172392845 0.0012578351743286476
0.05262529104948044 0.001492178431362845
0.05488478485494852 0.0016318887355737388
0.03866630047559738 0.0012428107438609004
0.039017911069095135 0.0012589485704666004
0.039020062424242496 0.0012590450642164797
0.05484442785382271 0.0016312525840476155
0.03877251874655485 0.0012508759391494095
0.039014569483697414 0.0012587951350724325
0.036918639205396175 0.0011446693388279527
0.038665078580379486 0.0012427563196979463
0.038667965680360794 0.0012428885966073722
0.038910675793886185 0.0012567840167321265
0.03882703464478254 0.0012531984393717721
0.03901901002973318 0.0012590015539899468
0.055712174624204636 0.0016404556517954916
0.04958008788526058 0.001407069677952677
0.052924604155123234 0.0015252260491251945
0.03866674471646547 0.001242832193383947
0.053057014010846615 0.0015275271143764257
0.03877485450357199 0.0012509734369814396
0.052535828202962875 0.0014900732930982485
0.05252110958099365 0.001489764341386035
0.039020621217787266 0.0012590737896971405
0.039015413261950016 0.0012588356039486825
0.04953967873007059 0.0014061507245060056
0.03877099510282278 0.001250801025889814
0.05450134165585041 0.0016214425850193948
0.03831291012465954 0.0012311791360843927
0.03902219608426094 0.0012591423001140356
0.05449442192912102 0.0016213451453950256
0.038766452111303806 0.001250603178050369
0.05484077148139477 0.0016311740910168737
0.05571081954985857 0.001640455040615052
0.05303016398102045 0.0015269798750523478
0.03831625822931528 0.001231327507412061
0.05473343189805746 0.0016293538501486182
0.050984674133360386 0.0014535935188177973
0.050983281806111336 0.0014535608643200248
0.05487325042486191 0.0016316882683895528
0.04183219466358423 0.0013526603870559484
0.038787925615906715 0.001251557026989758
0.05086863227188587 0.0014509889879263937
0.03877009637653828 0.0012507676001405343
0.03866452816873789 0.0012427280889824033
0.05485369171947241 0.0016313506057485938
0.03826242499053478 0.0012290107260923833
0.039013310335576534 0.0012587361125042662
0.041831412352621555 0.0013526380353141576
0.038777352310717106 0.0012510713713709265
0.03877952415496111 0.0012511784880189225
0.039113388396799564 0.001263050435227342
0.03906889446079731 0.0012611275305971503
0.039017900824546814 0.0012589482212206349
0.05448029190301895 0.001621177012566477
0.03901833761483431 0.001258967924513854
0.05489584431052208 0.0016320703434757888
0.03421355690807104 0.0009523502958472818
0.050421008840203285 0.0014403361128643155
0.039027550257742405 0.0012593724386533722
0.0422213664278388 0.001369615492876619
0.054895403794944286 0.0016320648428518325
0.056059026159346104 0.0016519658965989947
0.05487814452499151 0.0016317694389726967
0.039015525951981544 0.001258840537047945
0.05485429987311363 0.0016313694941345602
0.054852964356541634 0.0016313360538333654
0.03877141233533621 0.0012508248182712123
0.03866008669137955 0.0012425280292518437
0.03866616729646921 0.0012428001500666142
0.03832171019166708 0.0012315522180870175
0.039015223272144794 0.0012588266981765628
0.03904284816235304 0.0012600956251844764
0.039022319950163364 0.0012591523554874584
0.04954922012984753 0.0014063349226489663
0.038670483976602554 0.001243002712726593
0.03901862446218729 0.0012589817924890667
0.03831042721867561 0.0012310705496929586
0.05601992830634117 0.0016512977599631995
0.038668813183903694 0.0012429264606907964
0.03901610150933266 0.0012588669487740844
0.05140426103025675 0.0014601778239011765
0.041837021708488464 0.0013529376592487097
0.03830901347100735 0.001231069880304858
0.03877055272459984 0.0012507874780567363
0.038658046163618565 0.0012424332380760461
0.03831858653575182 0.0012314534978941083
0.05096227675676346 0.001453191100154072
0.038297999650239944 0.0012305357668083161
0.0529794916510582 0.0015261778607964516
0.038664938881993294 0.0012427480542100966
0.03879722487181425 0.0012519315059762448
0.03878964576870203 0.0012516386923380196
0.03722020424902439 0.0011550834169611335
0.03901407402008772 0.0012587743840413168
0.039022644981741905 0.0012591680133482441
0.03902515396475792 0.0012592772109201178
0.055718930438160896 0.0016405819915235043
0.056070868857204914 0.001652192702749744
0.054908341728150845 0.0016322838782798499
0.05609132815152407 0.0016525206156075
0.03902067802846432 0.0012590773694682866
0.03904863819479942 0.0012603671057149768
0.054890187457203865 0.0016319907736033201
0.05488022044301033 0.00163183209951967
0.05485696718096733 0.0016314057284034789
0.03878512140363455 0.0012514189875219017
0.03866205457597971 0.0012426163593772799
0.039016625843942165 0.0012588907848112285
0.03901980724185705 0.0012590361293405294
0.05429896153509617 0.001553270238218829
0.05251840967684984 0.0014896709908498451
0.039006104692816734 0.0012584035139298066
0.05484865419566631 0.0016312685038428754
0.056082144379615784 0.001652470527915284
0.039011070504784584 0.0012586363009177148
0.03901920560747385 0.0012590101250680164
0.049493199214339256 0.0014054329076316208
0.039008090272545815 0.0012584997311932966
0.056028906255960464 0.0016514561721123755
0.03831041231751442 0.0012310704623814672
0.03831099811941385 0.0012310957536101341
0.03901118692010641 0.0012586419034050778
0.0525535112246871 0.0014905551070114598
0.03901711478829384 0.0012589132675202563
0.03834326285868883 0.001232490612892434
0.04183121118694544 0.0013526369875762612
0.04221622459590435 0.0013690032064914703
0.0525280199944973 0.0014899428642820567
0.03902493230998516 0.0012592473067343235
0.05445003416389227 0.0016205626307055354
0.054308696649968624 0.00155347547843121
0.05467376206070185 0.001628527999855578
0.03831276763230562 0.0012311710743233562
0.03722130320966244 0.0011551999050425366
0.038675570860505104 0.0012432352814357728
0.041970751248300076 0.0013611838221549988
0.04183428641408682 0.001352766208583489
0.03902037534862757 0.0012590636761160567
0.03877265192568302 0.0012508860527304932
0.03831059020012617 0.001231083006132394
0.039021434262394905 0.0012591104459716007
0.050860616378486156 0.0014507795276585966
0.05572328716516495 0.0016406505310442299
0.05456254445016384 0.0016225040017161518
0.038821891881525517 0.0012529778032330796
0.05572542827576399 0.0016406841459684074
0.03831351362168789 0.0012312012258917093
0.03901616111397743 0.0012588696263264865
0.05481381993740797 0.0016307170153595507
0.03722728881984949 0.0011553306685527787
0.05605702847242355 0.001651932398090139
0.042231020517647266 0.0013702308642677963
0.038321616128087044 0.0012315477943047881
0.055933792144060135 0.0016439291066490114
0.04218578711152077 0.0013643116399180144
0.038318549282848835 0.0012314189807511866
0.037224408239126205 0.0011552557843970135
0.03877426963299513 0.0012509497173596174
0.03902168199419975 0.0012591234990395606
0.05584019608795643 0.0016424723144154996
0.05573767609894276 0.0016408757655881345
0.03901652991771698 0.0012588863901328295
0.054815154522657394 0.00163073863950558
