0.056279814802110195 0.0016489445406477898
0.038049787282943726 0.001220118225319311
0.038047198206186295 0.0012200076307635754
0.041737583465874195 0.0013474205043166876
0.03804678563028574 0.0012199896737001836
0.03850058186799288 0.0012349264288786799
0.03805199731141329 0.0012202131329104304
0.04992400296032429 0.00143041429691948
0.038500551134347916 0.0012349251774139702
0.038500551134347916 0.0012349251774139702
0.05398354213684797 0.0016168057336471975
0.038047908805310726 0.0012200380151625723
0.038070470094680786 0.001221004087710753
0.05628692265599966 0.0016490551643073559
0.038042185828089714 0.0012197925534565002
0.03804955631494522 0.001220108533743769
0.038053580559790134 0.0012202811776660383
0.04845093749463558 0.0013820617168676108
0.05628839414566755 0.0016490780690219253
0.0562925860285759 0.0016491433489136398
0.03804653137922287 0.0012199787888675928
0.048450976610183716 0.0013820622116327286
0.05201282165944576 0.0014658340805908665
0.04845135938376188 0.0013820705353282392
0.038501578383147717 0.0012349719763733447
0.05411557201296091 0.0016190647729672492
0.04845190327614546 0.0013820823514834046
0.038047630339860916 0.0012200263736303896
0.056748834438622 0.0016641061229165643
0.036394000984728336 0.001084883842850104
0.03804698958992958 0.0012199984048493207
0.0521422466263175 0.0015094527043402195
0.03850151319056749 0.0012349691533017904
0.050000449642539024 0.0014322136994451284
0.03804771788418293 0.001220029720570892
0.049909526482224464 0.001430074538802728
0.04952944256365299 0.001421133754774928
0.04845084436237812 0.0013820588937960565
0.038050392642617226 0.0012201442732475698
0.05398346018046141 0.001616804685909301
0.03804739471524954 0.0012200157507322729
0.056737142615020275 0.0016639056848362088
0.05212860647588968 0.0015091628883965313
0.038051554933190346 0.0012201940116938204
0.03804977610707283 0.0012201177014503628
0.03804591950029135 0.0012199525372125208
0.04990906920284033 0.0014300639450084418
0.0380595438182354 0.0012205365346744657
0.048451006412506104 0.001382062881020829
0.03673631511628628 0.0011391720327083021
0.03804597444832325 0.0012199544871691614
0.038501204922795296 0.001234954659594223
0.053972816094756126 0.001616622117580846
0.03849670570343733 0.0012347484880592674
0.04226335417479277 0.0013738542911596596
0.05629435833543539 0.0016491706483066082
0.056294145062565804 0.0016491677961312234
0.038047706708312035 0.0012200292549096048
0.03746023494750261 0.0011641602322924882
0.0380588723346591 0.0012205075763631612
0.03804908040910959 0.0012200880737509578
0.03804617282003164 0.0012199637712910771
0.03849979303777218 0.0012348901364021003
0.05623667873442173 0.0016482726205140352
0.05629274062812328 0.0016491457936353981
0.03806944843381643 0.0012209605192765594
0.0385094927623868 0.0012353349884506315
0.038045416586101055 0.0012199310294818133
0.03804706409573555 0.001220001809997484
0.0562923327088356 0.0016491400601807982
0.03805303294211626 0.0012202575453557074
0.049722894094884396 0.0014256841677706689
0.03850050736218691 0.00123492325656116
0.03805194515734911 0.0012202109210193157
0.038069683127105236 0.0012209702981635928
0.05629498232156038 0.0016491806891281158
0.039088405668735504 0.0012646097893593833
0.038048021495342255 0.0012200426426716149
0.048458000645041466 0.0013822278997395188
0.03805019147694111 0.0012201355712022632
0.04845715779811144 0.0013822111650370061
0.04845715779811144 0.0013822111650370061
0.0413075927644968 0.001280901487916708
0.038504259660840034 0.0012350950273685157
0.0567494872957468 0.0016641168622300029
0.038500492461025715 0.0012349221797194332
0.03929412178695202 0.0012713470932794735
0.039086258970201015 0.001264517879462801
0.03804811369627714 0.0012200466298963875
0.038040587678551674 0.00121972436318174
0.038040587678551674 0.00121972436318174
0.05664628464728594 0.0016623517440166324
0.038497427478432655 0.001234781666425988
0.038497427478432655 0.001234781666425988
0.038046205416321754 0.0012199646735098213
0.05202346481382847 0.0014660844462923706
0.03850209712982178 0.0012349953467492014
0.03850274533033371 0.0012350257602520287
0.053988379426300526 0.001616889116121456
0.03804404009133577 0.0012198721233289689
0.05629522725939751 0.0016491844435222447
0.03804677724838257 0.00121998944086954
0.03804810997098684 0.0012200463970657438
0.03849685471504927 0.001234755472978577
0.038045866414904594 0.0012199502089060843
0.05629509408026934 0.0016491820570081472
0.04992807563394308 0.0014305115619208664
0.038526229560375214 0.0012361409899313003
0.04844884295016527 0.001382014132104814
0.0499059809371829 0.001429989526513964
0.03849989827722311 0.0012348952295724303
0.038047270849347115 0.0012200104538351297
0.03804686851799488 0.001219993137056008
0.05630424804985523 0.0016493251314386725
0.05629538465291262 0.001649186888244003
0.05201416090130806 0.0014658656436949968
0.03804402332752943 0.0012198713375255466
0.038045741617679596 0.001219944970216602
0.05200727004557848 0.001465704059228301
0.048465327359735966 0.0013824021443724632
0.04991281032562256 0.0014301528863143176
0.03850965201854706 0.0012353422644082457
0.038503305055201054 0.0012350512261036783
0.056735968217253685 0.0016638856031931937
0.04849034082144499 0.0013829878298565745
0.041736310347914696 0.0013473416038323194
0.03929488640278578 0.0012713821342913434
0.03929488640278578 0.0012713821342913434
0.038045124150812626 0.0012199185730423778
0.038046663627028465 0.001219984405906871
0.056309327483177185 0.0016494038864038885
0.03804797399789095 0.0012200408091302961
0.03929389361292124 0.0012713366304524243
0.03804726433008909 0.001220010279212147
0.038051074370741844 0.001220173406181857
0.03804418258368969 0.0012198781769257039
0.04845746234059334 0.0013822175678797066
0.056293362751603127 0.0016491557471454144
0.05626944079995155 0.0016487822285853326
0.05201971158385277 0.0014659966400358826
0.05628982558846474 0.0016491003916598856
0.05675075761973858 0.0016641385154798627
0.05629461631178856 0.001649175159400329
0.05629461631178856 0.001649175159400329
0.05674763023853302 0.0016640849353279918
0.05623147543519735 0.0016481901402585208
0.038047424517571926 0.0012200173805467784
0.04998458828777075 0.0014318377652671188
0.03806131985038519 0.0012206122337374836
0.03850111085921526 0.0012349508760962635
0.03805647790431976 0.0012204056256450713
0.03804651461541653 0.0012199780612718314
0.04226339049637318 0.0013738578127231449
0.038043261505663395 0.0012198386539239436
0.05398424528539181 0.0016168180736713111
0.038501836359500885 0.001234983908943832
0.038502796553075314 0.0012350280885584652
0.03642565757036209 0.0010856206354219466
0.03929521795362234 0.001271397588425316
0.03850934747606516 0.0012353284400887787
0.05629069358110428 0.0016491136339027435
0.04991878941655159 0.0014302946219686419
0.04845560993999243 0.0013821713509969413
0.03804704733192921 0.0012200011115055531
0.038048235699534416 0.001220052014105022
0.03804656025022268 0.0012199799239169806
0.05668830871582031 0.0016630703175906092
0.03850023355334997 0.0012349105381872505
0.03804601635783911 0.001219956757267937
0.03804608341306448 0.001219959493028
0.04226332064718008 0.0013738465786445886
0.056295971386134624 0.001649196055950597
0.05629665590822697 0.0016492070571985096
0.05368629936128855 0.001611721410881728
0.03851879667490721 0.0012357624946162105
0.03850158303976059 0.0012349722383078188
0.05674532800912857 0.001664045121287927
0.038046253845095634 0.0012199668562971056
0.03804762568324804 0.0012200258497614413
0.0562747111544013 0.0016488652909174562
0.053975424729287624 0.0016166692366823554
0.038076577708125114 0.0012212656729388982
0.04845276568084955 0.0013821043248753995
0.04990072920918465 0.001429866679245606
0.05630637798458338 0.001649358164286241
0.037458520382642746 0.0011641011078609154
0.037458520382642746 0.0011641011078609154
0.05624725669622421 0.0016484364750795066
0.038045693188905716 0.0012199428747408092
0.03849938791245222 0.0012348714226391166
0.03849938791245222 0.0012348714226391166
0.03804525453597307 0.0012199239572510123
0.03579789213836193 0.001001931814244017
0.03849902655929327 0.0012348550662864
0.03804766945540905 0.0012200275959912688
0.039084470830857754 0.001264441481907852
0.03804817795753479 0.0012200493947602808
0.05629759095609188 0.0016492215218022466
0.038045937195420265 0.0012199532357044518
0.052012103609740734 0.0014658196741947904
0.05631445534527302 0.0016494837473146617
0.03804859705269337 0.0012200675846543163
0.05667933914810419 0.0016629172605462372
0.03908760193735361 0.0012645752722164616
0.05201965384185314 0.0014659952430520207
0.05630771815776825 0.0016493789735250175
0.04845808167010546 0.0013822285982314497
0.05195303913205862 0.0014644293987657875
0.038047258742153645 0.0012200098426546901
0.048443577252328396 0.0013818972802255303
0.03804892208427191 0.0012200809724163264
0.049950974993407726 0.001431046286597848
0.038045854307711124 0.001219949743244797
0.03849049936980009 0.001234463503351435
0.03927910979837179 0.0012706582783721387
0.04991218727082014 0.0014301474438980222
0.05675092339515686 0.0016641411930322647
0.053978050127625465 0.0016167113208211958
0.038044147193431854 0.0012198766053188592
0.03850061073899269 0.0012349277676548809
0.03850061073899269 0.0012349277676548809
0.038047066889703274 0.00122000218834728
0.03849701303988695 0.0012347627198323607
0.048451182432472706 0.0013820667518302798
0.03849899023771286 0.0012348533200565726
0.0520003866404295 0.0014655432605650276
0.056294157169759274 0.0016491678834427148
0.049920765683054924 0.0014303374628070742
0.049912143498659134 0.0014301460178103298
0.03804708085954189 0.0012200024211779237
0.05361568555235863 0.001610513572813943
0.03849788382649422 0.0012348027667030692
0.03804710227996111 0.0012200035562273115
0.05625129956752062 0.0016484975349158049
0.038500950671732426 0.0012349434255156666
0.03745891526341438 0.0011641139280982316
0.049916877411305904 0.0014302466297522187
0.049903787672519684 0.0014299380127340555
0.03804903291165829 0.0012200860946904868
0.054024058394134045 0.00161749855033122
0.05629557743668556 0.0016491902060806751
0.049928922206163406 0.0014305271615739912
0.03850048314779997 0.001234922034200281
0.05630940571427345 0.001649405137868598
0.03850231971591711 0.0012350059696473181
0.05214475002139807 0.0015094990085344762
0.03673800453543663 0.0011392301530577242
0.03673800453543663 0.0011392301530577242
0.05623346380889416 0.0016482227365486324
0.05625582113862038 0.0016485708765685558
0.03804572019726038 0.001219943951582536
0.03849974647164345 0.0012348879827186465
0.038091739639639854 0.0012219153577461839
0.038043019361793995 0.0012198284384794533
0.04844768065959215 0.0013819941377732903
0.03849955927580595 0.0012348794261924922
0.03850027546286583 0.0012349127500783652
0.039296695962548256 0.0012714656040770933
0.036737339571118355 0.0011392075393814594
0.038049654103815556 0.0012201129866298288
0.05628920905292034 0.0016490878188051283
0.03642565757036209 0.0010856206354219466
0.03804682660847902 0.0012199915072415024
0.039084470830857754 0.001264441540115513
0.038061175495386124 0.0012206061801407486
0.03908717166632414 0.0012645569076994434
0.03804678935557604 0.0012199898483231664
0.03851704765111208 0.0012356818770058453
0.038072604686021805 0.0012210957065690309
0.03908783383667469 0.00126458537124563
0.03804596047848463 0.0012199542834423482
0.038045765832066536 0.0012199462798889726
0.0384972570464015 0.0012347736046649516
0.0384972570464015 0.0012347736046649516
0.05629749223589897 0.0016492200084030628
0.05673691723495722 0.0016639022796880454
0.0562741169705987 0.0016488557157572359
0.03804696723818779 0.0012199974444229156
0.03805055283010006 0.001220151170855388
0.03805658034980297 0.001220409176312387
0.03805658034980297 0.001220409176312387
0.03805201221257448 0.0012202137149870396
0.03848787024617195 0.001234342867974192
0.05396724492311478 0.001616527879377827
0.038046952337026596 0.0012199966295156628
0.04844856634736061 0.0013820095336996019
0.05628293100744486 0.0016489932895638049
0.05397484451532364 0.0016166570130735636
0.03804904408752918 0.0012200863857287914
0.03804801590740681 0.0012200426135677844
0.03850229177623987 0.0012350048637017608
0.038053927943110466 0.0012202956131659448
0.04848443064838648 0.00138284990680404
0.04849431477487087 0.00138308567693457
0.03804531693458557 0.0012199267512187362
0.05202035512775183 0.0014660183514934033
0.04846963193267584 0.001382500457111746
0.03804683405905962 0.0012199916236568242
0.056739507243037224 0.0016639457608107477
0.038062057457864285 0.001220643927808851
0.05611203517764807 0.0016463313659187406
0.03804713115096092 0.001220004545757547
0.03850002121180296 0.001234900759300217
0.04844454675912857 0.0013819122104905546
0.056739543564617634 0.0016639470122754574
0.03804779425263405 0.0012200329510960728
0.03849877417087555 0.00123484295909293
0.03804775979369879 0.001220031437696889
0.05628938414156437 0.0016490932903252542
0.03850041422992945 0.0012349190074019134
0.03850041422992945 0.0012349190074019134
0.03843992110341787 0.001232142501976341
0.041736637242138386 0.0013473618309944868
0.0562908761203289 0.0016491167480126023
0.056290650740265846 0.001649113226449117
0.03908723685890436 0.0012645595270441845
0.038050297647714615 0.001220140140503645
0.056295035406947136 0.0016491815040353686
0.03804350458085537 0.0012198491021990776
0.056296962313354015 0.0016492116264998913
0.05398551840335131 0.0016168397560250014
0.0562211936339736 0.0016480314079672098
0.038074868731200695 0.0012211925932206213
0.04991878941655159 0.0014302946219686419
0.042263271287083626 0.0013738402631133795
0.03804995585232973 0.0012201255303807557
0.03849871177226305 0.0012348405725788325
0.03850037790834904 0.0012349171447567642
0.048447039909660816 0.0013819677114952356
0.03850310295820236 0.0012350418255664408
0.04992219991981983 0.0014303721254691482
0.039294956251978874 0.0012713852629531175
0.048482111655175686 0.0013828004011884332
0.05628254450857639 0.001648986479267478
0.03804402984678745 0.001219871686771512
0.03850642591714859 0.0012351945333648473
0.048453159630298615 0.0013821135507896543
0.056294072419404984 0.0016491662827320397
0.03849652875214815 0.0012347406591288745
0.05674886889755726 0.0016641069087199867
0.038501106202602386 0.0012349504395388067
0.03929650969803333 0.0012714567128568888
0.049961947835981846 0.0014313043502625078
0.038054645992815495 0.0012203264341223985
0.036738007329404354 0.0011392305605113506
0.03929536230862141 0.0012714041949948296
0.04129290394484997 0.001279708172660321
0.041737706400454044 0.0013474277511704713
0.03849972318857908 0.001234887051396072
0.03804382216185331 0.0012198628392070532
0.038049702532589436 0.0012201147037558258
0.05628580041229725 0.001649037643801421
0.038504392839968204 0.0012351010518614203
0.03804709576070309 0.001220003206981346
0.03805117681622505 0.0012201777717564255
0.056293644942343235 0.0016491592687088996
0.038046798668801785 0.0012199900520499796
0.03908742871135473 0.0012645678070839494
0.052136367186903954 0.0015093242400325835
0.05674913618713617 0.0016641111578792334
0.038053703494369984 0.0012202857178635895
0.03673782665282488 0.0011392254382371902
0.04226334020495415 0.0013738526031374931
0.04991278704255819 0.0014301503833848983
0.039077697321772575 0.0012641525827348232
0.056750149466097355 0.001664128270931542
0.03296046797186136 0.0008725278021302074
0.052054804749786854 0.0015076298732310534
0.03908955119550228 0.0012646588147617877
0.03817526623606682 0.0012254934990778565
0.03808598592877388 0.0012216688483022153
0.05629450082778931 0.0016491735877934843
0.03804568015038967 0.0012199425254948437
0.056288937106728554 0.0016490862471982837
0.048446147702634335 0.0013819490850437433
0.04844934772700071 0.0013820266467519104
0.038050610572099686 0.0012201536155771464
0.03804987855255604 0.0012201221543364227
0.042263309471309185 0.0013738447451032698
0.049912991002202034 0.001430155971320346
0.038497332483530045 0.0012347761658020318
0.038503410294651985 0.0012350562028586864
0.038045925088226795 0.0012199526827316731
0.05187630467116833 0.0014624505711253732
0.05629032105207443 0.0016491080750711262
0.03804713301360607 0.0012200053315609694
0.04845129977911711 0.0013820698077324778
0.04990721493959427 0.0014300179318524897
0.056285977363586426 0.0016490402049385011
0.05397464148700237 0.0016166535206139088
0.05629657115787268 0.0016492049617227167
0.03849886544048786 0.0012348474992904812
0.03850413579493761 0.001235089177498594
0.04992086533457041 0.0014303399657364935
0.05202728509902954 0.0014661749155493453
0.0417361818253994 0.0013473333674483001
0.04173721559345722 0.0013473991130013019
0.05397660657763481 0.0016166905115824193
0.03804768621921539 0.0012200282653793693
0.0380583181977272 0.0012204845843371004
0.05624448414891958 0.0016483943909406662
0.04173632152378559 0.0013473423023242503
0.04844613652676344 0.0013819481537211686
0.04174351505935192 0.001347786106634885
0.05213717743754387 0.0015093405090738088
0.052018847316503525 0.0014659810403827578
0.038046917878091335 0.0012199954071547836
0.03850156534463167 0.0012349710741546005
0.038048408925533295 0.0012200591154396534
0.03850038908421993 0.0012349176977295429
0.03804757446050644 0.0012200233759358525
0.03850048687309027 0.0012349221506156027
0.056295035406947136 0.0016491815040353686
0.04173653293401003 0.0013473548751790076
0.04205538611859083 0.0013670258922502398
0.03908643778413534 0.0012645255774259567
0.0417364239692688 0.001347347948467359
0.0380478547886014 0.0012200354249216616
0.04226349946111441 0.0013738753041252494
0.038048761896789074 0.0012200747150927782
0.03807189967483282 0.001221065322170034
0.038049910217523575 0.0012201239878777415
0.038046715781092644 0.0012199869961477816
0.038046715781092644 0.0012199869961477816
0.04173682723194361 0.0013473735307343304
0.038046843372285366 0.0012199921475257725
0.05627646669745445 0.00164889165898785
0.04991023521870375 0.0014300905750133097
0.038049086928367615 0.001220088714035228
0.03804692625999451 0.001219996192958206
0.03908804804086685 0.0012645944952964783
0.03804986272007227 0.0012201214849483222
0.05615195259451866 0.0016469530237372965
0.05202089808881283 0.0014660323213320225
0.048521172255277634 0.0013837126025464386
0.03804682660847902 0.001219991419930011
0.038503010757267475 0.0012350376637186855
0.042055411264300346 0.0013670272310264409
0.038050247356295586 0.0012201379286125302
0.038500189781188965 0.001234908530022949
0.03853791859000921 0.0012366400042083114
0.04173600487411022 0.001347322977380827
0.039296564646065235 0.001271459404961206
0.0380516117438674 0.0012201975041534752
0.04173419997096062 0.0013472108694259077
0.056295378133654594 0.0016491868009325117
0.04173630941659212 0.0013473415456246585
0.036732603795826435 0.001139045023592189
0.05626205727458 0.0016486677632201463
0.03850172273814678 0.001234978175489232
0.05175863951444626 0.001443290791939944
0.048448292538523674 0.0013820017920807004
0.03927967045456171 0.0012706838024314493
0.03804716747254133 0.0012200060591567308
0.056749639101326466 0.001664119481574744
0.038048761896789074 0.0012200747150927782
0.04173600487411022 0.001347322977380827
0.05674736574292183 0.0016640805115457624
0.053588018752634525 0.0016100403445307165
0.04844887834042311 0.001382017886498943
0.038055471144616604 0.0012203618825878948
0.056289215572178364 0.0016490906127728522
0.038049882277846336 0.0012201222707517445
0.04989858157932758 0.001429816329618916
0.05397152900695801 0.0016165999113582075
0.03849914018064737 0.0012348601594567299
0.053978081792593 0.0016167123103514314
0.038049294613301754 0.0012200972123537213
0.03850316442549229 0.001235044706845656
0.04173678159713745 0.0013473706785589457
0.038500609807670116 0.001234927651239559
0.05629357509315014 0.0016491588321514428
0.03806016594171524 0.0012205629609525204
0.056295850314199924 0.0016491936694364995
0.05626656301319599 0.001648737641517073
0.04990778863430023 0.0014300325128715485
0.038500516675412655 0.0012349235184956342
0.038061581552028656 0.0012206234969198704
0.03849767614156008 0.0012347929296083748
0.05674714129418135 0.0016640767571516335
0.036583734676241875 0.0011165066971443594
0.038046304136514664 0.0012199690972920507
0.05675880145281553 0.0016642762057017535
0.05628831870853901 0.001649076642934233
0.05675216019153595 0.0016641618858557194
0.05408632289618254 0.0016185638087335974
0.03850291296839714 0.001235032279510051
0.05629838444292545 0.001649233716307208
0.056744727306067944 0.0016640350222587585
0.05676118936389685 0.001664317212998867
0.04173790290951729 0.0013474405568558723
0.05629700608551502 0.0016492122376803309
0.05201012920588255 0.0014657950086984783
0.03850140329450369 0.0012349641183391213
0.03804638795554638 0.001219972560647875
0.041292859241366386 0.001279704098124057
0.0420549102127552 0.0013669966137968004
0.039084567688405514 0.0012644455127883703
0.0385002214461565 0.0012349104217719287
0.03850041702389717 0.0012349191238172352
