0.054367405362427235 0.0016194619529414922
0.038885461166501045 0.0012557742302305996
0.03910674713551998 0.0012629160628421232
0.05233856197446585 0.0014564379525836557
0.038239503279328346 0.0012280775990802795
0.03858200553804636 0.0012388796312734485
0.03821988124400377 0.0012272246822249144
0.05589480139315128 0.0016433101845905185
0.03908586595207453 0.001261983677977696
0.03909195773303509 0.0012622541253222153
0.03862106055021286 0.0012406959140207618
0.04928933177143335 0.0014009205624461174
0.05466983933001757 0.0016282785509247333
0.05625637527555227 0.0016553993918932974
0.03823544178158045 0.0012279341754037887
0.03859828878194094 0.0012396856327541173
0.036483338102698326 0.0010855772416107357
0.05283277202397585 0.0015232815931085497
0.03648538887500763 0.001085626456188038
0.04180692136287689 0.001351323357084766
0.03885140083730221 0.0012543250777525827
0.03821879904717207 0.0012272072781343013
0.03825218416750431 0.0012286491692066193
0.03823561314493418 0.001227949105668813
0.05433197785168886 0.0016189173911698163
0.039036315865814686 0.0012597473541973159
0.03862687572836876 0.0012409471964929253
0.05425289459526539 0.001570235937833786
0.03909433912485838 0.0012623829825315624
0.03825048729777336 0.00122858741087839
0.038638513535261154 0.0012414394586812705
0.05068088695406914 0.0014471849717665464
0.036866992712020874 0.0011431713355705142
0.038601597771048546 0.0012398546386975795
0.041372635401785374 0.00128549977671355
0.05061908531934023 0.0014453731128014624
0.0506345285102725 0.0014460383681580424
0.038199533708393574 0.0012263569224160165
0.03908757399767637 0.0012621025671251118
0.04180993605405092 0.0013515101163648069
0.054560051299631596 0.0016264482401311398
0.038825755938887596 0.0012532023538369685
0.03824841324239969 0.0012284907570574433
0.03825259953737259 0.0012286751298233867
0.05275318585336208 0.0015215517487376928
0.03910248354077339 0.0012627600226551294
0.039082069881260395 0.0012618615583050996
0.056261610239744186 0.0016554449102841318
0.038858139887452126 0.001254596485523507
0.038249275647103786 0.001228520879521966
0.049240426160395145 0.0013997636269778013
0.038249128498137 0.0012285147968214005
0.03864117152988911 0.001241636840859428
0.04138479568064213 0.001286499493289739
0.03826394025236368 0.0012292003666516393
0.038233221508562565 0.0012278328940737993
0.03857310488820076 0.0012384896399453282
0.04907729662954807 0.0013954541645944118
0.03822505287826061 0.0012274773325771093
0.05278541799634695 0.0015221744251903147
0.050656831823289394 0.0014465932617895305
0.038257988169789314 0.0012289190490264446
0.05055721290409565 0.0014439397782552987
0.03881249390542507 0.001252613408723846
0.03825418837368488 0.001228734792675823
0.038606819696724415 0.00124006558326073
0.038253274746239185 0.0012286977434996516
0.0386222992092371 0.001240753597812727
0.038246167823672295 0.001228392997290939
0.05282808840274811 0.0015231740253511816
0.03885687701404095 0.0012545539648272097
0.039097538217902184 0.0012624970404431224
0.03886784426867962 0.0012550367828225717
0.03863303363323212 0.0012412448995746672
0.03862932790070772 0.0012410219351295382
0.036845079623162746 0.0011422551178839058
0.05587846599519253 0.0016429975512437522
0.05637421831488609 0.001657429471379146
0.054367221891880035 0.001619399816263467
0.05632442981004715 0.0016564348770771176
0.041609655134379864 0.0013048549590166658
0.03825734741985798 0.0012288874422665685
0.03825020790100098 0.001228559500304982
0.03826458565890789 0.0012292019673623145
0.0492762653157115 0.001400578737957403
0.039094697684049606 0.0012624156515812501
0.041617389768362045 0.0013053628499619663
0.03858785703778267 0.0012392037606332451
0.0386124923825264 0.0012403447763063014
0.05056414194405079 0.0014440587547142059
0.05435245484113693 0.0016192002221941948
0.0386208351701498 0.0012406677124090493
0.03823435865342617 0.0012278913927730173
0.054607706144452095 0.0016272690845653415
0.05603992473334074 0.0016455354925710708
0.03859320282936096 0.0012394777149893343
0.054659025743603706 0.0016280831769108772
0.03618322778493166 0.0010370457457611337
0.03860832192003727 0.0012401168933138251
0.05430095363408327 0.001618416456039995
0.03905568923801184 0.0012606243981281295
0.05429860483855009 0.0016183916595764458
0.039093855768442154 0.00126234746130649
0.03905044123530388 0.0012603964714799076
0.04923387058079243 0.0013995681947562844
0.05066158249974251 0.0014468726294580847
0.049215810373425484 0.0013992332096677274
0.0413686353713274 0.001285078760702163
0.052807808853685856 0.00152297638123855
0.038869176991283894 0.0012550924438983202
0.038281435146927834 0.0012299066875129938
0.055888181552290916 0.001643140974920243
0.03824253287166357 0.00122826496954076
0.03908031713217497 0.0012617611500900239
0.05080887861549854 0.001449854753445834
0.03824474383145571 0.00122832614579238
0.038830824196338654 0.0012533700210042298
0.038627480156719685 0.0012409808696247637
0.05458609480410814 0.0016268932085949928
0.0545559898018837 0.0016263655852526426
0.038622804917395115 0.0012407715839799494
0.05086561664938927 0.001451291871489957
0.04920731484889984 0.0013988506980240345
0.03909989073872566 0.001262606616364792
0.041806263849139214 0.001351308252196759
0.037278526462614536 0.0011573572410270572
0.03826240450143814 0.001229107700055465
0.038278558291494846 0.0012297476932872087
0.04927214793860912 0.001400537439621985
0.054352414794266224 0.001619151997147128
0.0382447661831975 0.0012283410760574043
0.04927394166588783 0.0014005720149725676
0.03912738151848316 0.001263936428586021
0.03912738151848316 0.001263936428586021
0.038856818340718746 0.0012545407516881824
0.04919946379959583 0.0013987441780045629
0.0544004924595356 0.0016200067766476423
0.04222315177321434 0.0013699379051104188
0.03861755691468716 0.0012405645393300802
0.038592301309108734 0.0012393871729727834
0.0386300478130579 0.001241106743691489
0.04199002031236887 0.0013626336876768619
0.03886012174189091 0.0012546916550491005
0.038850583136081696 0.0012542835611384362
0.03910371195524931 0.001262801350094378
0.038844301365315914 0.0012540067691588774
0.03908062074333429 0.001261772122234106
0.03818374592810869 0.0012256823829375207
0.05441620294004679 0.001620232971617952
0.03864326700568199 0.001241643913090229
0.03888016100972891 0.0012555914436234161
0.038856190629303455 0.0012545038771349937
0.03817882016301155 0.0012254429748281837
0.039085885509848595 0.0012619924527825788
0.03730196226388216 0.001158030252554454
0.03904247563332319 0.0012600156042026356
0.05587305407971144 0.001642951596295461
0.0544177470728755 0.0016202363767661154
0.056241363286972046 0.0016551159496884793
0.03826019447296858 0.0012290178274270147
0.05462264269590378 0.0016275349480565637
0.039061437360942364 0.001260878925677389
0.05282641667872667 0.0015231436991598457
0.049321974627673626 0.0014023098628968
0.03823770768940449 0.0012279984657652676
0.05266364198178053 0.00151947743142955
0.04199285339564085 0.0013627871521748602
0.03859945107251406 0.0012397679092828184
0.03859252203255892 0.0012394488148856908
0.03822157625108957 0.0012273120519239455
0.03911032807081938 0.0012631324789253995
0.038228634744882584 0.0012276152556296438
0.03647204115986824 0.001084956544218585
0.039060610346496105 0.0012608417746378109
0.03684862423688173 0.0011424550611991435
0.03902742080390453 0.0012593483261298388
0.03885104227811098 0.0012543135817395523
0.03861160948872566 0.0012402946886140853
0.03884907625615597 0.0012542019685497507
0.03824546840041876 0.0012283512332942337
0.038250355049967766 0.0012285655830055475
0.03862456977367401 0.0012408187612891197
0.05425689648836851 0.0015703137614764273
0.0390377314761281 0.0012598290195455775
0.037290546111762524 0.0011577992991078645
0.038230396807193756 0.0012277074565645307
0.03824589867144823 0.001228376931976527
0.038860393688082695 0.0012547101214295253
0.038656650111079216 0.0012422410654835403
0.05623904336243868 0.0016550844884477556
0.03905444126576185 0.0012605085066752508
0.0388142978772521 0.0012526791251730174
0.03649735450744629 0.0010857937741093338
0.05590467248111963 0.001643484050873667
0.03910371661186218 0.0012628452677745372
0.054583475925028324 0.0016268728068098426
0.039108434692025185 0.0012630052078748122
0.04161551780998707 0.001305274578044191
0.03822628129273653 0.0012275224435143173
0.0390795087441802 0.0012617513857549056
0.05475119315087795 0.0016297463153023273
0.039070495404303074 0.0012614425068022683
0.056212239898741245 0.0016547145787626505
0.03825106844305992 0.0012286226556170732
0.054633548483252525 0.0016277141112368554
0.05463056731969118 0.0016276676033157855
0.03824780322611332 0.0012284702679608017
0.03826877102255821 0.0012293821782805026
0.041379957459867 0.0012861221912316978
0.0386347072198987 0.0012412645446602255
0.04181164875626564 0.0013516642502509058
0.04181058332324028 0.0013515657046809793
0.03864644840359688 0.0012418106198310852
0.05433768592774868 0.0016189251909963787
0.038243514485657215 0.0012282947427593172
0.054747880436480045 0.0016295643581543118
0.049261351116001606 0.0014002038806211203
0.05620314832776785 0.0016545067774131894
0.03823589999228716 0.0012279732909519225
0.05068324413150549 0.0014472376205958426
0.054344979114830494 0.0016190099704544991
0.03862804267555475 0.001241020654560998
0.037282029166817665 0.0011575537209864706
0.038262384943664074 0.0012290920712985098
0.038602253422141075 0.0012398781545925885
0.03678305074572563 0.001139202795457095
0.03885193262249231 0.0012543635384645313
0.04199248179793358 0.0013627462030854076
0.038610728457570076 0.0012402607826516032
0.03906308487057686 0.0012609602854354307
0.03885859064757824 0.0012546422076411545
0.039146287366747856 0.001264840699150227
0.05624285526573658 0.0016551799781154841
0.03886481188237667 0.0012548891099868342
0.04162176791578531 0.0013056797615718096
0.034191256389021873 0.000964125691098161
0.0388397416099906 0.001253813476068899
0.03904959373176098 0.0012603633513208479
0.05479199253022671 0.0016304434975609183
0.037292227149009705 0.0011578262638067827
0.038224874064326286 0.0012274623150005937
0.03565237112343311 0.001011798798572272
0.03885061014443636 0.0012542863696580753
0.03862559888511896 0.0012409005721565336
0.054550936445593834 0.001626243902137503
0.038646348752081394 0.00124177205725573
0.03886464238166809 0.001254888455150649
0.037265947088599205 0.0011566938628675416
0.03826768137514591 0.0012293033068999648
0.03858738765120506 0.0012391432537697256
0.038253587670624256 0.0012287206191103905
0.04199536703526974 0.0013629290624521673
0.03887266851961613 0.0012552576808957383
0.05630901828408241 0.0016562732052989304
0.03824085555970669 0.0012281776580493897
0.03562366310507059 0.0010101262014359236
0.03865211457014084 0.0012420198181644082
0.04222671873867512 0.0013705160527024418
0.038218168541789055 0.0012271806481294334
0.03823242895305157 0.0012278275680728257
0.038285342045128345 0.0012300217640586197
0.03886282816529274 0.0012548081431305036
0.03884668182581663 0.0012540971220005304
0.05067955143749714 0.0014471167814917862
0.055886403657495975 0.0016431101830676198
0.042186809703707695 0.0013639268290717155
0.0382528817281127 0.001228695036843419
0.038648768328130245 0.001241998455952853
0.0368447732180357 0.0011422519746702164
0.038858153857290745 0.001254619230167009
0.039088157936930656 0.001262107165530324
0.036829360760748386 0.0011417045607231557
0.04922466445714235 0.0013994452892802656
0.03824036195874214 0.0012281749513931572
0.03861152473837137 0.0012402816500980407
0.056270984932780266 0.0016556599293835461
0.05450635775923729 0.0016254606598522514
0.038233580999076366 0.0012278487265575677
0.03816462308168411 0.0012248372950125486
0.03862215206027031 0.0012407501053530723
0.05623510852456093 0.0016550440923310816
0.05629367381334305 0.001656093867495656
0.03888288512825966 0.0012557153386296704
0.03862327989190817 0.0012407945177983493
0.056298752315342426 0.0016561799857299775
0.056209612637758255 0.001654603925999254
0.04161307122558355 0.0013050201814621687
0.03885641694068909 0.0012545133358798921
0.039089842699468136 0.0012621848145499825
0.03865336813032627 0.0012421451101545244
0.038841305300593376 0.0012539027957245708
0.05440473556518555 0.0016200707177631557
0.038632575422525406 0.0012411884381435812
0.03907879162579775 0.0012617511674761772
0.05461316742002964 0.0016273714136332273
0.03860973380506039 0.001240214507561177
0.04181274026632309 0.001351777493255213
0.04180712252855301 0.0013513649755623192
0.04916514828801155 0.0013978265051264316
0.039102472364902496 0.001262727688299492
0.03886420372873545 0.0012548673548735678
0.052792828530073166 0.0015223819063976407
0.03862594161182642 0.0012409447808749974
0.038241189904510975 0.0012282034731470048
0.03860249277204275 0.0012398944236338139
0.03826078958809376 0.001229026005603373
0.05284297373145819 0.001523831917438656
0.04137073736637831 0.0012852477375417948
0.03867340087890625 0.0012429931666702032
0.03821502812206745 0.001227039931109175
0.03862066939473152 0.0012406578462105244
0.03887198865413666 0.00125520586152561
0.049181425012648106 0.001398090971633792
0.04137059673666954 0.00128522131126374
0.039040825329720974 0.0012599738402059302
0.038874280638992786 0.0012553278502309695
0.038259366527199745 0.0012289849109947681
0.039068376645445824 0.0012612312129931524
0.03825591690838337 0.0012288310972508043
0.042225961573421955 0.0013703845907002687
0.03565048612654209 0.001011714746709913
0.038237824104726315 0.0012280011433176696
0.03685577213764191 0.0011427214194554836
0.03863458335399628 0.0012412556970957667
0.04926686454564333 0.0014002651732880622
0.03884745575487614 0.0012541639007395133
0.0386402765288949 0.0012415801174938679
0.03825770039111376 0.0012289182341191918
0.056193651631474495 0.0016543988313060254
0.03908750135451555 0.0012620501511264592
0.03421404771506786 0.0009643323865020648
0.054719069972634315 0.0016291280917357653
0.05437900498509407 0.0016195970529224724
0.03825975675135851 0.0012289936130400747
0.03887109365314245 0.0012551609688671306
0.041376519948244095 0.0012858420668635517
0.04917203262448311 0.0013980497024022043
0.0368372555822134 0.0011419057555031031
0.03861359041184187 0.0012403553118929267
0.054391885176301 0.0016198444354813546
0.03886731248348951 0.0012550108367577195
0.03862167336046696 0.0012407277536112815
0.03908118046820164 0.0012618009932339191
0.03911238443106413 0.0012632311991183087
0.03825399558991194 0.001228731358423829
0.05462387576699257 0.0016275604139082134
0.04180198349058628 0.0013510128774214536
0.05070450622588396 0.0014476960350293666
0.054322375915944576 0.0016186838038265705
0.05437422636896372 0.0016195695498026907
0.04923495836555958 0.0013996631314512342
0.050617278553545475 0.0014453316980507225
0.05629542749375105 0.0016561254451517016
0.03685630578547716 0.0011428306752350181
0.03862474113702774 0.001240855286596343
0.039133948273956776 0.0012642526853596792
0.05592622607946396 0.0016438116726931185
0.04906361922621727 0.0013951541914138943
0.054445432499051094 0.001624391385121271
0.03884505294263363 0.0012540472525870427
0.054645320400595665 0.0016279094270430505
0.03867835085839033 0.0012431539653334767
0.03685613162815571 0.0011428259604144841
0.0388632919639349 0.0012548206432256848
0.03861899860203266 0.0012406166351865977
0.03826170228421688 0.001229066459927708
0.03859631530940533 0.0012396388337947428
0.03685165476053953 0.001142611086834222
0.038253664039075375 0.001228726003319025
0.054666695185005665 0.0016281819553114474
0.038265397772192955 0.0012292408500798047
0.03909833077341318 0.0012625756353372708
0.03855685330927372 0.0012377696693874896
0.04199333768337965 0.0013628431188408285
0.05589670594781637 0.001643346477067098
0.05627828650176525 0.0016557396738789976
0.039102111011743546 0.0012627122341655195
0.05464820843189955 0.0016279624251183122
0.0372803034260869 0.0011575467069633305
0.038614568300545216 0.001240420708199963
0.03908346686512232 0.001261919125681743
0.05588096845895052 0.0016430816904176027
0.04925145860761404 0.0014000091468915343
0.03886863309890032 0.001255067385500297
0.0382560919970274 0.001228835666552186
0.03904406167566776 0.0012601071211975068
0.05624600499868393 0.0016553048335481435
0.04138157516717911 0.0012862361618317664
0.04916039668023586 0.0013978041242808104
0.03823808953166008 0.0012280279188416898
0.03827260714024305 0.0012295597698539495
0.05064765829592943 0.0014463172992691398
0.05280077178031206 0.0015224429953377694
0.054667205549776554 0.0016281971184071153
0.03884931467473507 0.0012542406329885125
0.05617260932922363 0.0016540205106139183
0.03825451713055372 0.0012287526042200625
0.03863179963082075 0.0012411597999744117
0.038224040530622005 0.0012274101900402457
0.03907250892370939 0.001261482568224892
0.041815553791821 0.0013518153282348067
0.03887632396072149 0.001255393959581852
0.03910206910222769 0.001262711375602521
0.03860391862690449 0.0012399587722029537
0.0386272594332695 0.0012409594201017171
0.03886354062706232 0.0012548349041026086
0.04137739259749651 0.00128589739324525
0.05626652482897043 0.0016556243936065584
0.05621079541742802 0.001654643303481862
0.03826716635376215 0.0012292670435272157
0.03826265595853329 0.0012291264720261097
0.041996040381491184 0.001362955110380426
0.03864388447254896 0.0012416744430083781
0.039081393741071224 0.0012618204054888338
0.038234869949519634 0.0012279178481549025
0.041383860632777214 0.001286327897105366
0.03819438815116882 0.0012261391093488783
0.03822436090558767 0.0012274424952920526
0.04916878882795572 0.0013978498463984579
0.038859051652252674 0.0012546513898996636
0.05458233039826155 0.001626846642466262
0.05466123577207327 0.0016281738062389195
0.03864505887031555 0.0012417157995514572
0.03822594229131937 0.0012275116750970483
0.054794467985630035 0.001630486425710842
0.05256336834281683 0.0014913503255229443
0.0382383419200778 0.0012280622613616288
0.056235295720398426 0.0016550467116758227
0.03825559001415968 0.0012288209691178054
0.04138500150293112 0.0012865890166722238
0.0386084858328104 0.0012401581334415823
0.03911572601646185 0.0012633806036319584
0.0356252770870924 0.0010103587846970186
0.03909647557884455 0.001262496443814598
0.038622052408754826 0.0012407467875164002
0.04137341771274805 0.0012855273380409926
0.0372956870123744 0.001157915874500759
0.03884886670857668 0.0012541902979137376
0.03822918236255646 0.0012276877532713115
0.054359554313123226 0.001619324495550245
0.038263509050011635 0.00122915452811867
0.03868356253951788 0.0012433730880729854
0.038824666291475296 0.001253149050171487
0.039102897979319096 0.001262786376173608
0.03825828805565834 0.0012289379956200719
0.038868373259902 0.001255058276001364
0.05464411340653896 0.0016278839611914009
0.04219309240579605 0.001364228199236095
0.03816953860223293 0.0012250608415342867
0.03824177198112011 0.0012282070238143206
0.05590627249330282 0.0016435122233815491
0.038843647576868534 0.0012540066381916404
0.0386169096454978 0.0012405150046106428
0.038254888728260994 0.0012287609279155731
0.03686950448900461 0.0011432901956140995
0.03828971367329359 0.0012302478426136076
0.03859026450663805 0.0012393691577017307
0.03908863756805658 0.0012621402856893837
0.05431653559207916 0.001618570531718433
0.0386225301772356 0.0012407653266564012
0.04200088232755661 0.0013635564246214926
0.054708885960280895 0.0016289564955513924
0.03862370364367962 0.0012408168404363096
0.04222867917269468 0.0013706536847166717
0.04925607703626156 0.0014001349627505988
0.05634463578462601 0.0016568764694966376
0.03910165652632713 0.0012627071992028505
0.03826051112264395 0.0012290248705539852
0.03865286149084568 0.0012420503480825573
0.05463294591754675 0.001627695164643228
0.03863480407744646 0.0012412686191964895
0.04930839128792286 0.0014014561020303518
0.04199616611003876 0.0013629804307129234
0.041801937855780125 0.001350944658042863
0.038630491122603416 0.0012411519419401884
0.05471923016011715 0.001629144186154008
0.05621687788516283 0.001654795021750033
0.04928229935467243 0.0014008079306222498
0.05587888602167368 0.001643032708670944
0.038846430368721485 0.0012540848256321624
0.03903123829513788 0.0012595230800798163
0.03822902962565422 0.0012276351335458457
0.034152296371757984 0.0009614751324988902
0.04218468256294727 0.0013637003430631012
0.03825865499675274 0.0012289406440686435
0.038838040083646774 0.001253693480975926
0.038836292922496796 0.0012536476569948718
0.0385433305054903 0.0012371577904559672
0.038827416487038136 0.0012532620603451505
0.03686760272830725 0.0011432039027567953
0.03859276417642832 0.0012394695077091455
0.038616432808339596 0.0012405033048707992
0.04199778288602829 0.0013631462934426963
0.038255270570516586 0.0012288005964364856
0.03822154738008976 0.0012272749445401132
0.03822938911616802 0.0012276952911633998
0.052744319662451744 0.00152136167162098
0.05059507768601179 0.001444736699340865
0.03418428264558315 0.0009636081522330642
0.05442556273192167 0.0016204197308979928
