0.05138640757650137 0.0014941244153305888
0.05312793888151646 0.0015997114824131131
0.039335763081908226 0.001275291113415733
0.03623550944030285 0.0010829267266672105
0.053211779333651066 0.0016010150429792702
0.03781285881996155 0.001210052752867341
0.0378164928406477 0.0012102086038794369
0.05687697138637304 0.0016580952797085047
0.039352182764559984 0.0012759959208779037
0.03780704736709595 0.0012098042061552405
0.037791782058775425 0.001209150010254234
0.0416594548150897 0.0013428586535155773
0.039336325135082006 0.0012753137125400826
0.053163500502705574 0.0016002645716071129
0.056836558505892754 0.0016574698965996504
0.03780158516019583 0.0012095710553694516
0.03624692093580961 0.0010831224208232015
0.05679751094430685 0.0016568623250350356
0.05682380311191082 0.001657269982388243
0.053126269951462746 0.001599685929249972
0.037846557796001434 0.0012114995915908366
0.05679494421929121 0.0016568222490604967
0.04165397211909294 0.0013425079814624041
0.05684289988130331 0.0016575668996665627
0.05310484953224659 0.0015993520501069725
0.04834817722439766 0.0013806679344270378
0.037813480012118816 0.0012100812164135277
0.05682455189526081 0.0016572831373196095
0.05315693840384483 0.001600160961970687
0.05310048162937164 0.0015992835396900773
0.05311237648129463 0.001599467417690903
0.05144335236400366 0.0014953111531212926
0.056859090924263 0.0016578240029048175
0.05314694717526436 0.001600002811755985
0.03780751023441553 0.0012098260631319135
0.05679155886173248 0.001656767213717103
0.039349230006337166 0.0012758750526700169
0.05302133597433567 0.0015980449388734996
0.03937282459810376 0.0012768788146786392
0.039351283106952906 0.0012759559031110257
0.0568852461874485 0.0016582234238740057
0.05684891249984503 0.001657661545323208
0.05311674065887928 0.0015995337744243443
0.03934697201475501 0.0012757699296344072
0.03780356980860233 0.0012096611026208848
0.05330034904181957 0.0016023883363232017
0.05315285362303257 0.001600095652975142
0.05141195561736822 0.0014946582959964871
0.05691012553870678 0.0016586098063271493
0.04167812876403332 0.0013439995236694813
0.037818584591150284 0.0012103018816560507
0.05308475159108639 0.001599036157131195
0.03781136870384216 0.001209988899063319
0.05685512349009514 0.0016577555797994137
0.053141647949814796 0.0015999217866919935
0.05309475399553776 0.0015991878462955356
0.039273565635085106 0.001272626599529758
0.037808564491569996 0.001209871785249561
0.03781674988567829 0.0012102223699912429
0.05312982760369778 0.0015997360460460186
0.0531146377325058 0.001599501061718911
0.039336659014225006 0.001275332338991575
0.056851801462471485 0.0016577068599872291
0.05680530797690153 0.0016569897125009447
0.03781781531870365 0.0012102665787097067
0.03934197360649705 0.0012755601055687293
0.04165918752551079 0.0013428475940600038
0.053155725821852684 0.0016001449548639357
0.05315930210053921 0.001600197865627706
0.056775777600705624 0.0016565283003728837
0.05680521950125694 0.001656988897593692
0.03619382530450821 0.0010821764299180359
0.037820653058588505 0.0012103852350264788
0.05313574708998203 0.0015998343005776405
0.056651199236512184 0.0016545774415135384
0.0531189925968647 0.0015995688736438751
0.05142252426594496 0.0014948825992178172
0.04213706497102976 0.0013723215379286557
0.04166579991579056 0.0013432340347208083
0.041661497205495834 0.0013429660175461322
0.037811221554875374 0.0012099838932044804
0.037811221554875374 0.0012099838932044804
0.03782078996300697 0.0012103986227884889
0.0393735864199698 0.0012769112072419375
0.03932430222630501 0.0012747994187520817
0.056872328743338585 0.0016580222873017192
0.05685128830373287 0.0016577001370023936
0.056827119551599026 0.0016573229804635048
0.05685301683843136 0.0016577264468651265
0.053123150020837784 0.0015996340080164373
0.05311630852520466 0.0015995283029042184
0.056848895736038685 0.0016576609341427684
0.041658385656774044 0.0013427887752186507
0.03934504883363843 0.0012756878568325192
0.037808737717568874 0.0012098760635126382
0.037808025255799294 0.001209850626764819
0.05313831567764282 0.0015998661401681602
0.03780493885278702 0.0012097121798433363
0.05679361801594496 0.0016568018472753465
0.05692134238779545 0.0016587827703915536
0.053096773102879524 0.0015992301632650197
0.03933328064158559 0.001275186165003106
0.03931684419512749 0.0012744825944537297
0.03931684419512749 0.0012744825944537297
0.03781040199100971 0.0012099489395041019
0.03931607352569699 0.0012744494888465852
0.037831989116966724 0.0012108735973015428
0.037796217016875744 0.0012093406694475561
0.039341887924820185 0.0012755543139064685
0.03781719785183668 0.0012102430046070367
0.0568223437294364 0.0016572527238167822
0.053129157051444054 0.0015997258014976978
0.053097840398550034 0.0015992374974302948
0.039255503099411726 0.0012718539801426232
0.037818984128534794 0.0012103200424462557
0.05311434157192707 0.0015994971035979688
0.05311192199587822 0.0015994589193724096
0.05686062667518854 0.0016578439390286803
0.03422545362263918 0.0009752461046446115
0.03370820451527834 0.000893822027137503
0.04166084248572588 0.0013429341197479516
0.05688751395791769 0.0016582630341872573
0.05266348086297512 0.0015298261132556945
0.037831504829227924 0.001210859918501228
0.037868217565119267 0.0012124300410505384
0.053096771240234375 0.0015992220724001527
0.05685825552791357 0.001657805754803121
0.05144555773586035 0.0014953429345041513
0.037817410193383694 0.0012102504551876336
0.03781810589134693 0.001210277434438467
0.05309211649000645 0.00159915117546916
0.05682738125324249 0.001657324522966519
0.05311066471040249 0.0015994359855540097
0.05319810099899769 0.0016008017701096833
0.05313125066459179 0.0015997604350559413
0.03934351773932576 0.0012756233045365661
0.03782225027680397 0.0012104637280572206
0.056815714575350285 0.0016571550513617694
0.053092027083039284 0.0015991415712051094
0.056812575086951256 0.001657106593484059
0.05685028526932001 0.0016576831985730678
0.03782440163195133 0.001210556278238073
0.053124984726309776 0.0015996620641089976
0.03778264857828617 0.0012087635113857687
0.056844355538487434 0.00165759667288512
0.03782071452587843 0.0012103857297915965
0.03933934634551406 0.0012754489434882998
0.037858529947698116 0.0012120101891923696
0.05685621593147516 0.0016577790956944227
0.04212409909814596 0.0013715213281102479
0.041660222224891186 0.0013428997190203518
0.03934849752113223 0.0012758390657836571
0.05316969193518162 0.0016003564815036952
0.053123846650123596 0.0015996447764337063
0.05313537083566189 0.0015998216695152223
0.05138656962662935 0.001494138123234734
0.03935185121372342 0.001275980015634559
0.053121622651815414 0.0015996064175851643
0.05315403640270233 0.0016001204494386911
0.053145432844758034 0.001599977316800505
0.03922523045912385 0.0012705571862170473
0.056811501272022724 0.0016570863081142306
0.05308876931667328 0.0015990951214917004
0.03786051832139492 0.0012120981700718403
0.053078148514032364 0.0015989257954061031
0.0568182272836566 0.0016571831365581602
0.03780418820679188 0.0012096864520572126
0.041657852940261364 0.0013427447993308306
0.0568339554592967 0.0016574327601119876
0.056804485619068146 0.0016569704748690128
0.03779051546007395 0.0012090988166164607
0.056846012361347675 0.0016576216439716518
0.03778879065066576 0.0012090255040675402
0.04166129510849714 0.0013429556274786592
0.056795611046254635 0.0016568331338930875
0.053134599700570107 0.00159981643082574
0.03934280155226588 0.0012755916977766901
0.0377908069640398 0.0012091172684449703
0.056838459335267544 0.0016574994078837335
0.056850637309253216 0.0016576880007050931
0.039307452738285065 0.0012740772071992978
0.05684416834264994 0.0016575907065998763
0.039354548789560795 0.0012760943063767627
0.03936537075787783 0.0012765619321726263
0.03946243645623326 0.0012807137100026011
0.03779916279017925 0.001209475944051519
0.053117312490940094 0.001599544135387987
0.039352789521217346 0.001276018811040558
0.053124409168958664 0.0015996508882381022
0.053114501759409904 0.0015994981513358653
0.0377760324627161 0.0012084796617273241
0.03935449942946434 0.0012760923855239525
0.03792569041252136 0.0012148887326475233
0.05313066020607948 0.001599750597961247
0.037775371223688126 0.0012084496847819537
0.03927274374291301 0.0012725905544357374
0.05645325966179371 0.0016514953458681703
0.053110307082533836 0.001599435054231435
0.036252278834581375 0.0010832709376700222
0.04166173469275236 0.001342999399639666
0.03781222924590111 0.0012100286839995533
0.03782176971435547 0.0012104313937015831
0.03931044694036245 0.0012742050748784095
0.0531260184943676 0.0015996813890524209
0.042128085158765316 0.0013717489782720804
0.03934220410883427 0.0012755649368045852
0.039357990492135286 0.0012762472179019824
0.05686322320252657 0.0016578853537794203
0.052973417565226555 0.0015972936525940895
0.039342753123492 0.001275588059797883
0.05681081302464008 0.0016570736188441515
0.03781452775001526 0.0012101251631975174
0.0378210823982954 0.001210403221193701
0.05314246937632561 0.0015999358729459345
0.056757244281470776 0.0016562336822971702
0.052952270954847336 0.0015969608211889863
0.0531177744269371 0.0015995530411601067
0.056814463809132576 0.0016571232408750802
0.037813338451087475 0.0012100691383238882
0.056745054200291634 0.0016560412768740207
0.03727910201996565 0.0011855712218675762
0.05309404991567135 0.0015991818509064615
0.05691943969577551 0.00165875323000364
0.037820251658558846 0.0012103691115044057
0.05319174751639366 0.0016006947844289243
0.053109003230929375 0.0015994136920198798
0.03780059516429901 0.001209528127219528
0.05311749503016472 0.0015995459980331361
0.04821558762341738 0.0013785127084702253
0.05685833841562271 0.0016578092763666064
0.05684591829776764 0.0016576177149545401
0.037886183708906174 0.001213195122545585
0.05683790612965822 0.0016574918408878148
0.03783799149096012 0.0012111302930861712
0.051424790173769 0.001494928088504821
0.041660724207758904 0.0013429259415715933
0.03370721824467182 0.0008937868551583961
0.039345873054116964 0.0012757250806316733
0.042123911902308464 0.0013715122477151453
0.03778354078531265 0.0012088020448572934
0.05685390904545784 0.0016577391943428665
0.03785946313291788 0.001212052215123549
0.05680191423743963 0.0016569354629609734
0.03782319836318493 0.0012105049972888082
0.05142551381140947 0.0014949393516872078
0.053099118173122406 0.0015992572880350053
0.03784235846251249 0.0012113165867049247
0.05308650992810726 0.0015990616520866752
0.053112929686903954 0.0015994749264791608
0.0393384569324553 0.0012754054187098518
0.056891100481152534 0.0016583154210820794
0.03658842854201794 0.0011343922815285623
0.056847820058465004 0.0016576442867517471
0.04168804734945297 0.0013446137309074402
0.05685598775744438 0.0016577708593104035
0.056832144036889076 0.001657399465329945
0.039353796280920506 0.001276062146644108
0.056905847042798996 0.0016585422272328287
0.03783175442367792 0.0012108647206332535
0.056887165643274784 0.0016582575626671314
0.037825388833880424 0.0012105876812711358
0.053135402500629425 0.0015998241724446416
0.05306500382721424 0.0015987230581231415
0.03796579595655203 0.0012166067608632147
0.03782571479678154 0.0012106041831430048
0.04165878985077143 0.001342826260952279
0.03780766669660807 0.0012098306324332952
0.04209826048463583 0.0013699258852284402
0.056779553182423115 0.0016565865953452885
0.053369542583823204 0.0016034626169130206
0.05304628983139992 0.0015984337078407407
0.05681906919926405 0.001657203712966293
0.0531322006136179 0.0015997745213098824
0.05682597681879997 0.001657307322602719
0.0378098301589489 0.001209925947478041
0.0378098301589489 0.001209925947478041
0.03781128115952015 0.0012099840969312936
0.0530854556709528 0.0015990474494174123
0.05308225378394127 0.0015989945968613029
0.036194819025695324 0.0010822013719007373
0.056865913793444633 0.0016579272341914475
0.05686101783066988 0.0016578496433794498
0.03780717495828867 0.0012098154693376273
0.039346322417259216 0.0012757418298861012
0.05314520746469498 0.0015999756869859993
0.03657677676528692 0.0011339818593114614
0.05668270494788885 0.0016550702857784927
0.03779406100511551 0.0012092501565348357
0.056859564036130905 0.0016578290960751474
0.05677844025194645 0.001656566106248647
0.04212582856416702 0.0013716200774069875
0.05314784497022629 0.0016000199830159545
0.03913371916860342 0.0012666316033573821
0.03934653988108039 0.0012757523218169808
0.034225466661155224 0.0009752527985256165
0.05143016669899225 0.0014950362674426287
0.05683354288339615 0.0016574265609961003
0.05313788540661335 0.0015998623566702008
0.0365974148735404 0.001134695514338091
0.056817458011209965 0.001657169807003811
0.05687509384006262 0.0016580699884798378
0.05314120650291443 0.0015999152674339712
0.056856006383895874 0.00165777446818538
0.05684218183159828 0.0016575593908783048
0.05677266512066126 0.0016564727120567113
0.03781211469322443 0.0012100238527636975
0.03780435863882303 0.0012096884020138532
0.056832936592400074 0.0016574164910707623
0.03933736775070429 0.0012753577902913094
0.03782063350081444 0.0012103836343158036
0.03779822029173374 0.0012094354897271842
0.03933715680614114 0.001275350761716254
0.05681535508483648 0.0016571413434576243
0.05312991514801979 0.0015997423906810582
0.03783432487398386 0.0012109798262827098
0.042132191359996796 0.0013720114366151392
0.053139884024858475 0.0015998957096599042
0.051439822651445866 0.0014952484634704888
0.05681684333831072 0.0016571682936046273
0.05682563688606024 0.0016572998429182917
0.037805669009685516 0.0012097469589207321
0.05685998126864433 0.0016578326467424631
0.05328584462404251 0.0016021619667299092
0.03781242575496435 0.0012100377934984863
0.03935571247711778 0.0012761475663864985
0.05310314707458019 0.0015993182314559817
0.05307481624186039 0.0015988732920959592
0.05682304501533508 0.0016572587192058563
0.03934344043955207 0.001275619026273489
0.05696229916065931 0.001659419183852151
0.05682801641523838 0.0016573417815379798
0.05137261748313904 0.0014938491221982986
0.053073180839419365 0.001598849194124341
0.037772160954773426 0.0012083134497515857
0.037811470218002796 0.0012099934683647007
0.051390365697443485 0.00149420733214356
0.05315379425883293 0.0016001160256564617
0.053118521347641945 0.0015995638095773757
0.037836870178580284 0.0012110813695471734
0.041655960492789745 0.0013426315563265234
0.03782705403864384 0.0012106680078431964
0.03782259579747915 0.0012104676570743322
0.03786389622837305 0.0012122414191253483
0.03781392518430948 0.0012101074389647692
0.0362484659999609 0.0010831233230419457
0.03783720079809427 0.0012110983370803297
0.05687203723937273 0.0016580161463934928
0.051424337550997734 0.001494905271101743
0.03780192881822586 0.0012095850252080709
0.03780192881822586 0.0012095850252080709
0.037822174839675426 0.0012104528141207993
0.03933757822960615 0.0012753752671414986
0.037780833430588245 0.0012086840870324522
0.05311800166964531 0.0015995550202205777
0.037804012186825275 0.0012096737045794725
0.039341540075838566 0.0012755378702422604
0.05309030041098595 0.001599121605977416
0.05304661579430103 0.0015984340570867062
0.05313275195658207 0.0015997873269952834
0.04165758937597275 0.001342741830740124
0.05312620848417282 0.0015996830770745873
0.051414281129837036 0.0014947073941584677
0.051495456136763096 0.0014963901485316455
0.05686209350824356 0.001657868386246264
0.05688810721039772 0.0016582723474130034
0.041663868352770805 0.0013431184634100646
0.053081952035427094 0.0015989908715710044
0.05312673933804035 0.001599689421709627
0.05867980793118477 0.0016888074751477689
0.0392601708881557 0.0012720554950647056
0.05328343063592911 0.0016021252376958728
0.03933392046019435 0.001275216432986781
0.039332610089331865 0.0012751541216857731
0.05688776634633541 0.001658263267017901
0.03933902829885483 0.0012754359195241705
0.039352604188025 0.0012760109530063346
0.03784300945699215 0.0012113463308196515
0.03780547436326742 0.0012097375001758337
0.03933048900216818 0.0012750610476359725
0.053126461803913116 0.0015996872680261731
0.0566382659599185 0.001654375606449321
0.05680161248892546 0.0016569216677453369
0.05683166906237602 0.0016573969332966954
0.05686121713370085 0.001657856220845133
0.048298914916813374 0.0013798461004626006
0.05692995246499777 0.001658915658481419
0.036248658783733845 0.0010831643303390592
0.05684655625373125 0.001657624146901071
0.056773239746689796 0.0016564878169447184
0.05307947099208832 0.0015989537350833416
0.053067974746227264 0.001598773815203458
0.05691007059067488 0.0016586091660428792
0.04166027624160051 0.0013429023674689233
0.056837670505046844 0.001657487329794094
0.05309107154607773 0.0015991359250620008
0.03779859375208616 0.0012094414560124278
0.05690684262663126 0.0016585632401984185
0.041655825451016426 0.0013426253572106361
0.04166043642908335 0.0013429048412945122
0.04166043642908335 0.0013429048412945122
0.053195009008049965 0.0016007516533136368
0.03782357834279537 0.0012105120986234397
0.03591776732355356 0.0010399691673228517
0.056878674775362015 0.001658119639614597
0.05311630666255951 0.0015995282446965575
0.03932351525872946 0.0012747651635436341
0.056885769590735435 0.0016582374810241163
0.03781568072736263 0.0012101838074158877
0.05680251866579056 0.0016569355793762952
0.053093165159225464 0.0015991717227734625
0.05310377851128578 0.0015993337729014456
0.042072088457643986 0.0013682869612239301
0.056862108409404755 0.0016578692302573472
0.05684102512896061 0.0016575400077272207
0.05312296934425831 0.0015996284200809896
0.05329929944127798 0.0016023720381781459
0.05307085998356342 0.0015988186351023614
0.03934045089408755 0.0012754899507854134
0.05317702330648899 0.0016004748176783323
0.05681051593273878 0.0016570726584177464
0.0568052064627409 0.0016569796425756067
0.03937027044594288 0.0012767688458552584
0.039361138828098774 0.0012763838458340615
0.05134814511984587 0.00149334708112292
0.04166592750698328 0.0013432414853014052
0.041657425463199615 0.0013427312078420073
0.05312277749180794 0.0015996280126273632
0.03788191918283701 0.0012130120012443513
0.03934714896604419 0.001275783433811739
0.05161155853420496 0.0014987964241299778
0.03937292704358697 0.0012768827436957508
0.03937503695487976 0.0012769728637067601
0.03923096088692546 0.001270802691578865
0.037754518911242485 0.0012075582053512335
0.053118523210287094 0.0015995639259926975
0.03782477509230375 0.0012105738569516689
0.03658270090818405 0.0011341954814270139
0.03938079625368118 0.0012772221525665373
0.05685258563607931 0.001657721120864153
0.0378739470615983 0.0012126725632697344
0.03933107713237405 0.0012750909518217668
0.056919689290225506 0.001658757304539904
0.04212620109319687 0.00137164190527983
0.056812383234500885 0.001657100860029459
0.039324033074080944 0.0012747886212309822
0.037837907671928406 0.0012111258984077722
0.041661595925688744 0.001342987292446196
0.0378275653347373 0.001210688176797703
0.03658574726432562 0.001134295220253989
0.036572786048054695 0.0011338535696268082
0.05686393566429615 0.0016578951326664537
0.053086234256625175 0.0015990611864253879
0.04166099801659584 0.0013429421524051577
0.05139208771288395 0.0014942516572773457
0.037818930111825466 0.0012103131448384374
0.056776558980345726 0.0016565400874242187
0.05311419814825058 0.0015994940767996013
0.0378244798630476 0.0012105622154194862
0.053087351843714714 0.0015990727115422487
0.05141147505491972 0.0014946390583645552
0.03935541305691004 0.0012761340622091666
0.05682650953531265 0.0016573211178183556
0.05332193896174431 0.0016027239034883678
0.05681505613029003 0.001657135901041329
0.056850227527320385 0.0016576829948462546
0.05312398448586464 0.0015996465808711946
0.03778952918946743 0.0012090535019524395
0.037802581675350666 0.0012096181162633002
0.056761160492897034 0.0016562957025598735
0.05683460459113121 0.0016574373585171998
0.053085532039403915 0.0015990489046089351
0.03934677504003048 0.0012757614022120833
0.04165514186024666 0.0013425835059024394
0.05683718156069517 0.0016574769979342818
0.051443240605294704 0.0014953016361687332
0.053116872906684875 0.0015995396533980966
0.0359773151576519 0.0010399971943115816
0.03776306472718716 0.0012079270964022726
0.056877270340919495 0.0016580953379161656
0.056822581216692924 0.0016572531021665782
0.03777408227324486 0.0012083938927389681
0.05312240682542324 0.0015996222500689328
0.03935196669772267 0.001275993970921263
0.03780218865722418 0.0012095969868823886
0.03779908735305071 0.001209468289744109
0.053114334121346474 0.0015994948334991932
0.037806712090969086 0.001209794165333733
0.056859713047742844 0.0016578291251789778
0.056651659309864044 0.0016545853577554226
0.0378137668594718 0.0012100911990273744
0.05685892514884472 0.001657818240346387
0.037838743068277836 0.0012111673422623426
0.03935717325657606 0.0012762103433487937
0.05683061107993126 0.0016573848843108863
0.03779398649930954 0.0012092458200640976
0.05304730124771595 0.0015984433703124523
0.053107669577002525 0.0015993965207599103
0.03934312518686056 0.001275607937714085
0.05127930361777544 0.0014919205859769136
0.036581989377737045 0.0011341509234625846
