0.03188864 0.0019338831
0.031533025 0.0019262375
0.00845429 0.0009544577
0.008690495 0.00096965017
0.008356938 0.0009255937
0.007983773 0.00086778007
0.011314848 0.0013158036
0.011299964 0.0013092201
0.029034914 0.0018876978
0.02868934 0.0018548482
0.027612397 0.0018536332
0.025547933 0.0018062076
0.024742348 0.0017848451
0.011700412 0.0013447931
0.010086944 0.0011801254
0.0096016005 0.0011107025
0.00946242 0.0010943527
0.009048703 0.0010166869
0.008993882 0.0010157399
0.008835156 0.0009903321
0.008685269 0.0009665036
0.008675012 0.00096599525
0.008674079 0.0009560782
0.008450587 0.0009513419
0.008317092 0.0009099743
0.008026538 0.0008713294
0.007819872 0.0008477029
0.007755624 0.00084340846
0.0077468585 0.00084044744
0.007734072 0.00083975843
0.02973492 0.0018916528
0.022245666 0.0017366359
0.01983455 0.0016099889
0.015518187 0.001487752
0.011773245 0.0013622589
0.009655621 0.0011279369
0.008147396 0.0008965768
0.033871207 0.0020416514
0.033631627 0.0020311805
0.03332755 0.0020140845
0.03332755 0.0020140845
0.033300534 0.002007913
0.03270495 0.0019803843
0.032440256 0.0019579574
0.03151779 0.0019185832
0.030528642 0.0018999939
0.020337777 0.0016631002
0.015658591 0.0015558769
0.013611473 0.0014746311
0.012290032 0.0014608273
0.01227136 0.0014569872
0.012188301 0.001436849
0.012007665 0.001424551
0.010990389 0.0012844332
0.01089906 0.0012672275
0.010677848 0.0012641416
0.010368705 0.0012131105
0.010144528 0.0012028356
0.01008648 0.0011797965
0.009991992 0.0011765365
0.009936124 0.0011650191
0.009877978 0.0011624993
0.007369871 0.00081350433
0.0073683453 0.0008124034
0.007327024 0.0008087979
0.008937311 0.0010113601
0.0081269555 0.0008797383
0.008063204 0.0008758969
0.008063204 0.0008758969
0.007945158 0.0008593185
0.007945158 0.0008593185
0.03268355 0.00197868
0.03240412 0.0019531916
0.021208834 0.0016694033
0.009719093 0.0011305731
0.009561828 0.0011046046
0.028719284 0.0018691291
0.021002721 0.0016674952
0.010471331 0.001227945
0.03407485 0.0020479693
0.032986518 0.0019996811
0.032815862 0.0019908694
0.03247558 0.0019753783
0.0323946 0.0019514546
0.03198756 0.0019499568
0.030733537 0.0019155868
0.027206602 0.0018509529
0.027172701 0.0018288248
0.022858743 0.001763043
0.02213688 0.00172126
0.016514529 0.0015811889
0.012053628 0.0014289058
0.011780092 0.0013751176
0.011549909 0.0013393108
0.011518073 0.0013292168
0.011360954 0.0013195231
0.011242239 0.0013062049
0.011202528 0.0013058408
0.011156147 0.0013024762
0.0110350475 0.0012901779
0.01099096 0.0012876324
0.010750876 0.0012661916
0.010735555 0.0012653685
0.010258675 0.001209448
0.010093081 0.0011831073
0.009991971 0.0011684658
0.009872419 0.0011487682
0.009781374 0.0011473255
0.0097635025 0.0011359677
0.0086968765 0.000989135
0.0074131284 0.0008175662
0.0073739225 0.0008175058
0.0073739225 0.0008175058
0.007304307 0.0007995268
0.02714483 0.0018230121
0.023457985 0.0017779607
0.012637934 0.0014677816
0.009762842 0.0011358052
0.009738143 0.0011331616
0.009577897 0.0011103839
0.009433987 0.0010803498
0.009431162 0.001080339
0.00931226 0.0010741797
0.009255655 0.0010608613
0.009107075 0.001051461
0.009053902 0.0010380481
0.008839732 0.0010027882
0.008461104 0.0009551343
0.008369457 0.000931325
0.008341968 0.00091067795
0.008274349 0.0009002276
0.008206657 0.000898073
0.007879558 0.000857183
0.0075827297 0.00083259813
0.0075421687 0.0008199111
0.0074254973 0.0008196901
0.02026842 0.0016433278
0.018630484 0.0016040873
0.019741707 0.0016056284
0.01151133 0.0013197098
0.021977648 0.0016790528
0.020962304 0.0016635123
