0.016191343 0.0013257945
0.011781244 0.0010661432
0.016277328 0.0013289513
0.011007265 0.00088747276
0.0108921 0.00082727347
0.010909426 0.000838706
0.011211575 0.0009506193
0.010983558 0.00086931407
0.011167409 0.000892666
0.016201463 0.001326521
0.016146922 0.0013233433
0.01621537 0.0013271002
0.016133089 0.0013232086
0.016954869 0.0013641532
0.01592038 0.001318653
0.017058086 0.0013672267
0.013293294 0.0011792642
0.013237258 0.0011776328
0.017882345 0.001410287
0.019339612 0.0014497556
0.012987241 0.0011667687
0.013301985 0.0011793277
0.017615672 0.0013980251
0.012539799 0.0011436485
0.013132332 0.0011722171
0.013084884 0.0011699558
0.017102545 0.0013709231
0.013933522 0.0012271303
0.013263619 0.0011782771
0.013830896 0.001222744
0.016614793 0.0013541522
0.013725804 0.0012161464
0.015691014 0.0013128902
0.013939961 0.001228518
0.014859666 0.0012747017
0.014285491 0.0012477426
0.012101547 0.0011181692
0.015543422 0.001305681
0.014834841 0.0012722961
0.012545263 0.0011437886
0.0164565 0.0013477548
0.01666945 0.0013558489
0.0137424795 0.0012171004
0.013768912 0.0012196887
0.014589511 0.0012624516
0.014428583 0.0012536224
0.011816797 0.0010903691
0.011990704 0.0011078825
0.017243547 0.0013799544
0.01602266 0.001322527
0.017555298 0.0013957119
0.013943098 0.0012308783
0.012457797 0.0011410177
0.014970719 0.0012762072
0.017387992 0.0013835455
0.014195237 0.0012426815
0.011467013 0.0010597229
0.014368446 0.0012523341
0.013296141 0.0011792716
0.01331864 0.0011799836
0.016717544 0.0013579034
0.01638631 0.0013436534
0.01297824 0.0011665978
0.0131335845 0.0011726697
0.01280222 0.0011597566
0.013192761 0.0011742476
0.011907808 0.001100737
0.013766619 0.0012179947
0.012546984 0.0011440597
0.016465627 0.001348117
0.013003071 0.0011675522
0.016487645 0.0013483089
0.01242432 0.0011400748
0.015248293 0.0012909301
0.017509688 0.001390622
0.015753454 0.0013133865
0.011532747 0.0010634983
0.0128255645 0.0011601398
0.011994653 0.0011089733
0.013209537 0.0011767742
0.013061307 0.0011690642
0.012671304 0.0011494365
0.012177723 0.0011254105
0.0127445 0.001153506
0.016441278 0.0013452709
0.012588901 0.0011452755
0.017581915 0.0013975567
0.013028792 0.0011682165
0.013340935 0.0011805844
0.013337259 0.001180448
0.015233463 0.0012900734
0.018163526 0.0014185696
0.016000954 0.0013189123
0.013013815 0.0011676565
0.0145416055 0.0012599027
0.012110154 0.0011182366
0.0134650795 0.0011835984
0.013782571 0.0012197564
0.0122686345 0.0011294641
0.012162967 0.0011234845
0.013873503 0.0012245425
0.012924578 0.0011654531
0.018094083 0.0014141352
0.012554073 0.0011440606
0.012573878 0.0011446759
0.013782741 0.001219974
0.013793946 0.0012217412
0.012520634 0.001143192
0.013350015 0.0011809757
0.01302268 0.001168124
0.01658538 0.0013538225
0.012864325 0.001161463
0.012987591 0.0011670571
0.013679073 0.0012112316
0.016488882 0.0013499305
0.012514522 0.0011430961
0.017459692 0.0013868576
0.012500668 0.0011426925
0.01332677 0.0011802332
0.013038769 0.001168402
0.013271866 0.0011786664
0.018086994 0.0014120626
0.01309523 0.0011700592
0.012494239 0.001142167
0.014273502 0.0012451101
0.01311654 0.0011707591
0.013095854 0.0011701477
0.012972454 0.0011662663
0.012487238 0.0011420345
0.01305682 0.0011689503
0.016668364 0.0013555816
0.017814333 0.0014071015
0.013619088 0.0012093034
0.012306373 0.0011303535
0.014452352 0.0012548207
0.012845591 0.0011612845
0.01711251 0.0013715446
0.013648927 0.0012111511
0.011515063 0.0010633573
0.017554604 0.0013948274
0.01722203 0.0013795603
0.01334759 0.0011809589
0.012664385 0.0011486204
0.013167147 0.0011736025
0.012494555 0.001142497
0.013851816 0.0012236482
0.013701556 0.0012115465
0.013083415 0.0011696902
0.01568351 0.0013121258
0.014470983 0.0012576281
0.016510017 0.0013523679
0.012476413 0.0011417528
0.016487405 0.0013481294
0.013507444 0.0011979195
0.014360544 0.0012485872
0.013242784 0.0011777051
0.012601929 0.0011460845
0.012446654 0.0011407275
0.013589283 0.0012066452
0.012868555 0.0011634289
0.012177721 0.0011253181
0.013706846 0.0012133117
0.011983991 0.0011051359
0.0129906675 0.0011674964
0.013818788 0.0012222156
0.012069921 0.0011100626
0.013028792 0.0011682165
0.017673291 0.0014052937
0.014685168 0.0012659701
0.015102792 0.0012841568
0.01664205 0.0013554466
0.0133738015 0.0011814433
0.015536616 0.0013002281
0.018193722 0.0014206624
0.011297458 0.0010406417
0.011318053 0.0010473833
0.013823782 0.0012224162
0.013343954 0.0011806964
0.015038444 0.0012829211
0.011992497 0.0011089067
0.013303946 0.0011798785
0.013008422 0.0011676247
0.011351282 0.0010497406
0.013194754 0.0011745217
0.013331847 0.0011803898
0.013741503 0.0012163372
0.012948498 0.0011660728
0.013465137 0.001184101
0.013042112 0.0011684942
0.012745984 0.0011558789
0.017634012 0.0013996349
0.017623398 0.0013981359
0.015163198 0.0012875458
0.016348692 0.0013427457
0.016330477 0.0013413867
0.017208321 0.0013771938
0.013072592 0.0011695664
0.012717309 0.0011505329
0.015335896 0.0012957995
0.01304153 0.0011684083
0.013237147 0.0011773695
0.013158329 0.0011733979
0.013038429 0.0011683585
0.0119866375 0.0011051857
0.013407788 0.0011824816
0.014908547 0.0012758774
0.013363556 0.0011814312
0.014421247 0.001252729
0.012599147 0.001145461
0.017555492 0.001395828
0.015011628 0.0012799528
0.0140810115 0.0012354408
0.013126156 0.0011711005
0.013399936 0.0011823161
0.01632127 0.0013405841
0.012584619 0.0011452546
0.012131545 0.0011196912
0.016296236 0.0013371569
0.012603179 0.0011485217
0.013919383 0.0012264753
0.013207094 0.0011767546
0.013585926 0.0012045559
0.0166382 0.0013551184
0.014160746 0.0012386155
0.012299259 0.0011302755
0.014749678 0.0012681687
0.014691588 0.0012671048
0.017085047 0.0013703699
0.013427571 0.0011830641
0.017552739 0.0013947263
0.01184636 0.0010951222
0.018050902 0.0014113089
0.013136572 0.0011727546
0.013253065 0.0011778161
0.012704408 0.0011494728
0.013864593 0.001224209
0.01393761 0.001228086
0.014999521 0.0012796797
0.014013038 0.0012329615
0.013203366 0.0011757007
0.01353134 0.0012013596
0.012525019 0.0011434089
0.012562589 0.0011441371
0.017285667 0.0013807726
0.015455989 0.001297737
0.013355573 0.0011811524
0.013837219 0.0012234468
0.013821658 0.0012223378
0.014461452 0.0012565023
0.015214195 0.0012877398
0.011987052 0.0011060216
0.013237167 0.0011774501
0.012546568 0.0011438208
0.012179537 0.0011258188
0.012172335 0.0011236737
0.012799186 0.0011596706
0.016672906 0.0013562567
0.016534593 0.0013537685
0.0123839155 0.0011393464
0.017381351 0.0013828868
0.0186303 0.001425088
0.011895921 0.0010984535
0.011904256 0.0010995435
0.017551653 0.0013924014
0.015817203 0.0013145028
0.017550187 0.0013907092
0.014274327 0.001246882
0.014448621 0.0012542603
0.014981033 0.0012782649
0.015481666 0.0012991799
0.015322164 0.0012944101
0.012252692 0.0011290131
0.012911587 0.0011647904
0.01233338 0.0011359347
0.0119912755 0.0011084997
0.011976006 0.0011039507
0.01413394 0.0012372485
0.018099533 0.0014157061
0.017835641 0.0014084738
0.013278516 0.0011788403
0.014692595 0.0012672954
0.012392487 0.0011395925
0.017155124 0.0013745879
0.012448354 0.0011408009
0.014462491 0.0012566403
0.015649408 0.0013082369
0.01331763 0.0011799565
0.01564171 0.00130711
0.012513341 0.0011428398
0.011231143 0.0010348081
0.01259146 0.0011453367
0.013594723 0.0012078139
0.013761689 0.0012172256
0.012368332 0.001136196
0.011853865 0.001095598
0.01764269 0.0014006373
0.018262736 0.0014236149
0.01714749 0.0013745851
0.015664646 0.0013088307
0.015782768 0.0013134597
0.013785928 0.0012200775
0.01669543 0.0013563749
0.012985102 0.0011666586
0.01448465 0.0012576733
0.012574859 0.0011448012
0.017553695 0.0013947781
0.017553648 0.0013947756
0.01294521 0.00116598
0.01497643 0.0012763883
0.01568002 0.0013109936
0.013275224 0.0011787671
0.012375936 0.0011365019
0.013292065 0.0011790787
0.015668254 0.0013098073
0.012939768 0.0011659049
0.014715407 0.0012681255
0.015458467 0.0012981128
0.012094038 0.001116288
0.013559139 0.0012023578
0.011471918 0.0010600304
0.01452156 0.0012587338
0.018953215 0.0014292144
0.01475695 0.0012701906
0.015454979 0.001296783
0.014452816 0.0012564468
0.0129001215 0.0011638094
0.014172816 0.0012409916
0.017895602 0.0014110773
0.015293184 0.0012927623
0.017146194 0.0013741746
0.014617973 0.0012642295
0.014643426 0.0012650561
0.013794878 0.001222109
0.010882118 0.0007783656
