0.007941996639479837 0.0008189779699631948
0.00799604208781429 0.0008555620245403444
0.008167700588427237 0.0008581622654657494
0.008229824211727584 0.000885265116870544
0.008318022160426056 0.0008924679400369343
0.00874474431960954 0.0009324831761068483
0.008903183056917147 0.0009601179174568621
0.008992374265302359 0.0009849948108074007
0.008992374265302359 0.0009849948108074007
0.008999369375796887 0.0010082521511595118
0.009136173065233927 0.0010245874641724637
0.009172968353322826 0.0010481240226620546
0.009377350167101204 0.0010580659030959196
0.009423738731301225 0.0010590087224176396
0.00948925543221478 0.0010654865291601992
0.009517048100810565 0.0010846881026815572
0.009709590103021198 0.0011061095649063202
0.009785942703591876 0.001107986003437908
0.009882912789905846 0.0011260141657044808
0.0099677359073243 0.0011264158413735103
0.010042414706847426 0.0011368701916119463
0.010075042784028196 0.001137930453207048
0.010092055665798332 0.001155532270546687
0.010222452442537392 0.0011594624710521372
0.010327957866607704 0.00115977703761019
0.010357629757017152 0.0011636148206582903
0.010363266205176677 0.0011724641778653683
0.010387366525607069 0.0011764113458499655
0.01046821409091938 0.0011884532400127268
0.01054511128388341 0.0011906546690579026
0.010549055776067948 0.0011995773758266032
0.010725264399023136 0.0012226957407923634
0.010846995344570006 0.0012330559521677518
0.011016565839879143 0.0012629478058733092
0.011243749417160706 0.0012678335683588115
0.011351276049581902 0.0012845380891416175
0.011388378253655015 0.0012918922410370274
0.011595907682070368 0.0013088073659723663
0.011693885931664854 0.0013499163438112846
0.012001173344558445 0.0013507128267354444
0.012159042358347066 0.0013809958652064185
0.012200806831736442 0.0013947853789066187
0.012228238948105269 0.0014150318312938848
0.012732167503852785 0.0014172269805672005
0.012882171647291635 0.001436993868054293
0.013127629626561917 0.001439999398602775
0.013774171274687426 0.0014825628667694372
0.01438836989249653 0.001482928699553624
0.015434137604578756 0.001488769310199401
0.015552273817230358 0.0015029535552482948
0.016009796640592478 0.001506447273818288
0.01635361168485689 0.0015110713143557009
0.01637773807724971 0.0015199238624774092
0.0163853655629706 0.0015204455673616742
0.016558870961548372 0.0015242900869668337
0.016756889999329 0.0015256246575944999
0.016981600469312186 0.0015294919415670062
0.017392164898597812 0.0015341794238995484
0.017438430193022915 0.0015642881295459424
0.017637611828743932 0.0015665791280539848
0.017793839335711832 0.001578954096989817
0.018354311061458378 0.0015900433200394981
0.018710211102915923 0.0016063069305827194
0.01919197754247855 0.0016082904296848707
0.019743197245000024 0.0016164513374838482
0.01978906255747251 0.001622014753459001
0.020077319378921748 0.0016296902555249884
0.020301119812229984 0.0016300791937950642
0.020405452955771508 0.0016410637108762584
0.020450005067650462 0.001656049761763827
0.020450005067650462 0.001656049761763827
0.020450005067650462 0.001656049761763827
0.020450005067650462 0.001656049761763827
0.020450005067650462 0.001656049761763827
0.02073403478430237 0.001661882092681371
0.021116919221647882 0.0016840221491975314
0.021490353095734417 0.0016888580556121556
0.021763135020270906 0.0016940612244932323
0.0220890765924331 0.0016960343120536537
0.0220890765924331 0.0016960343120536537
0.022090066073969426 0.0017010699155027887
0.022095996815913288 0.0017023332444562232
0.02225476149597996 0.001724523687142
0.022921773216956695 0.0017258964011981734
0.02302411881505045 0.0017376872392370752
0.023149786967679824 0.0017419968126913864
0.023215751793803755 0.001751095327989201
0.0235313687878074 0.0017596399364833404
0.023676943861954722 0.0017664552952409633
0.02383592841512694 0.0017734818203944264
0.024466907195082672 0.0017736459355924194
0.024507036242629336 0.0017915436003845403
0.02492217787713264 0.0018010164649929184
0.025095757576937792 0.0018096324022011168
0.025329197622483684 0.0018227605573919651
0.026637792140390575 0.001829210109287935
0.026643472837979812 0.0018323934030505696
0.02699064633431513 0.0018489879600143912
0.027932272673486185 0.0018569724920529742
0.028001221381354434 0.001866475366143028
0.02801861390649687 0.0018747940186910933
0.02801861390649687 0.0018747940186910933
0.02801861390649687 0.0018747940186910933
0.02887076816271073 0.0018816293755606916
0.029238143809919313 0.0018846528962225611
0.029238143809919313 0.0018846528962225611
0.029457891221283436 0.0019177515135157656
0.031078039987315405 0.0019338292566531327
0.0311548709738416 0.001942941710112648
0.03149410288557305 0.0019532179566282564
0.03171951669510607 0.0019691458306662943
