0.008246965935972413 0.0008803825848942362
0.008608589762566152 0.0008887851222675868
0.008638812024252294 0.0009014878143051178
0.008808946310845597 0.0009034365831598415
0.00881160886275556 0.000910370845808532
0.008820105382086095 0.0009254045702992229
0.008820105382086095 0.0009254045702992229
0.008821505769939814 0.00092549218739374
0.008892073633534066 0.000995060421282729
0.009133337231178786 0.001004071887859267
0.009329230902895037 0.0010193727239398449
0.009341305763383911 0.0010244118215110651
0.009341305763383911 0.0010244118215110651
0.009361954548126487 0.0010318271086433536
0.009446791033423245 0.0010625579261226694
0.009566574591887474 0.0011012327817912402
0.009850147638365232 0.0011014292983009323
0.009897531801169581 0.0011395350759447246
0.010296625105891955 0.0011396267813122791
0.010315476786663367 0.0011561091267396255
0.010417307257260585 0.0011780679775902588
0.010583723444204 0.0011797936188907144
0.010726735759333243 0.0011848267987734718
0.010924807930197112 0.0011853013057183362
0.01096915342373432 0.0012081914883662886
0.011125800997901891 0.0012081992408699517
0.011183206288875073 0.001209929726049525
0.011183206288875073 0.001209929726049525
0.011200945793746631 0.0012380691245598764
0.011383153008492184 0.0012464785698242608
0.011413848027126326 0.0012486436431757763
0.011489157085444672 0.0012985181582381474
0.012041022424909979 0.001314966325973456
0.012127180627816987 0.0013187858171604058
0.012142920826578793 0.0013265626558523348
0.012231631920567008 0.0013641422201750304
0.012292827022411992 0.0014002097293246223
0.012654927882561041 0.0014296056999056558
0.014995657460228726 0.0014573519087848856
0.01536987643624249 0.001463964254334326
0.015672586301132573 0.0014851366204000093
0.016082052838350576 0.0014852495464087547
0.01627023437873127 0.0015090308672167456
0.016775160047149677 0.0015327182155570646
0.01753730347395327 0.0015368119372395695
0.01761898112334625 0.0015397304282610627
0.017896132936184653 0.001580206326641367
0.01816513938292107 0.0015831240172566481
0.01866388049754576 0.0016115484309527216
0.019861296604327377 0.001626053406934523
0.020270020179606364 0.001627452626801012
0.020371669344924598 0.0016370936412390222
0.02040167141746041 0.0016585516725476225
0.020414156320067874 0.00165857695046733
0.021253235634143473 0.0016794385437629324
0.02151321020636742 0.0016989060645062604
0.022299637098422094 0.0017034577620152129
0.022371232542500716 0.0017182517916158168
0.022978664559363468 0.0017256206557808517
0.023129424383158913 0.0017317465817065021
0.023129424383158913 0.0017317465817065021
0.023131935591540653 0.0017417342829281327
0.023149319583797904 0.0017468041237491223
0.023494938671005834 0.001748896856625683
0.023502585719062163 0.0017494887481274563
0.023644616448390693 0.001760453948382707
0.02435708470865808 0.0017629690082613487
0.024427738790892384 0.0017800271711868698
0.024685421884515103 0.0017801663566220749
0.024755124306416562 0.0017880816296099735
0.025077865244211937 0.0017915699019345871
0.025363967809042716 0.001798210976550931
0.02539108137984769 0.0018013258811384301
0.02539108137984769 0.0018013258811384301
0.026428068481974654 0.0018028404193747003
0.026487175535181512 0.0018354627211946942
0.02712255187283143 0.0018507132935067167
0.028368320090622755 0.0018559181111296404
0.028475992603527053 0.0018632575042545356
0.028558130703224882 0.00186785425947464
0.028688979065127178 0.0018752297940945433
0.029646083957985347 0.0018870503101978341
0.030128157561515535 0.0018884180029075273
0.030351303916485207 0.0019043578840004002
0.030914971861313006 0.001908422104280574
0.031245676842546314 0.0019139923333012733
0.03133587758819225 0.0019381140642631392
