0.007893345928183478 0.000710106956961345
0.008151727925722394 0.0007706537494607023
0.008311170773958949 0.0008276349870329381
0.008757072728791455 0.0009324999559138216
0.009427683463295934 0.0009951553295206856
0.009559885425042484 0.0009998816749301077
0.009696182322033545 0.0010276761697552623
0.009742369648162713 0.0010324626841790167
0.009903031040855124 0.001095108652836013
0.010065359395731704 0.0011021468140538502
0.010088106197719087 0.001141450794668761
0.010317512985165095 0.0011671463967803505
0.010508075732556204 0.0011776022389119217
0.01054418403817202 0.001181869534963112
0.010816211096598964 0.0011968321898032132
0.010846915179583982 0.0012028661714676915
0.01109715883467411 0.0012218252612053808
0.011145047617541318 0.0012675917741656732
0.011333519778313022 0.0012857838505898225
0.011938772555738109 0.0012877430275125543
0.01202638714639353 0.0013374414161665422
0.012075745479442873 0.001346787408655189
0.012206807894526881 0.0013649502075247064
0.012827270279656347 0.0013709208826887622
0.013151654203161812 0.0013939868841885297
0.013510299321356375 0.0014619832338888398
0.01396831969475066 0.0014729133763886713
0.014454810194052061 0.001485890023044248
0.015852437330572296 0.0014894229573208899
0.016007239337914748 0.0015130274790655426
0.01636825350476395 0.0015349416000430922
0.01639057136819133 0.0015407496186885857
0.016928164182392364 0.0015434053955569016
0.016928164182392364 0.0015434053955569016
0.016949513382193013 0.001553517740332975
0.01709324432799371 0.0015543107898779952
0.017292074017513925 0.0015576290767214322
0.01788318162699174 0.001563482982417678
0.01816940111667377 0.0015701348636679366
0.018285254569550227 0.0015740322106233375
0.018492881518059313 0.0015963900858554309
0.01865768520168585 0.0016064646489961113
0.0188698564777093 0.0016064908642477143
0.018902031163851987 0.0016094187785552288
0.019170652826277165 0.0016176313755091793
0.019378284853563098 0.0016211872300887632
0.019488519042337397 0.001624894626659568
0.019986363729051174 0.001656321764800618
0.020445851918321663 0.0016571428143486078
0.020555276933512195 0.0016618885531186358
0.02071172115695476 0.0016686475020252622
0.02080465199494054 0.0016708139377549119
0.02104595240400899 0.0016720792705007272
0.021111945739421475 0.0016777956722661984
0.021165267755724363 0.001679421552960527
0.02121519344299404 0.0016796732914767854
0.02123448678164023 0.0016844638730995872
0.021385468003031476 0.0016916771720414127
0.021396407355224984 0.0017004208024257793
0.02173178545742927 0.0017079947149483217
0.022071302149452948 0.001716222133490155
0.022071693480138876 0.0017175473625682587
0.0225391312369973 0.0017242979740757468
0.022741635720203136 0.001724666096602684
0.022787801071998813 0.0017299669118907876
0.02283055850997514 0.001735841101905083
0.02406697847568931 0.001741594646006796
0.02429109575142306 0.001752931081561447
0.02429109575142306 0.001752931081561447
0.024374984318805408 0.0017541072574779855
0.02452870589750001 0.0017558492385208425
0.024982486836740203 0.001776294128960883
0.0255381455611349 0.0018036058266976105
0.026839882474455908 0.0018241212809611842
0.026839882474455908 0.0018241212809611842
0.02844554451434935 0.0018414427537386709
0.02992520416751295 0.0018637324125954004
0.03000763865451039 0.0018653613211686289
0.030205085641447384 0.001886675804726563
0.030927739684054382 0.0019051634673861615
0.0322487609774995 0.0019272713738087443
0.03239590191382002 0.0019443910161966419
