0.035569664554200756 0.0004979155152019879
0.035603629001103754 0.0005326884315683551
0.035603629001103754 0.0005326884315683551
0.035603629001103754 0.0005326884315683551
0.03563066714583139 0.0005954906605627147
0.03564938606417831 0.0005957107711096624
0.035652244048609116 0.0006320049839522678
0.035652244048609116 0.0006320049839522678
0.035652244048609116 0.0006320049839522678
0.035652244048609116 0.0006320049839522678
0.035652244048609116 0.0006320049839522678
0.035652244048609116 0.0006320049839522678
0.035652244048609116 0.0006320049839522678
0.035652318998565344 0.0006320563478596535
0.03565248653003017 0.0006321700454596789
0.03565377962610236 0.0006324078683196884
0.035660253030642936 0.0006374630019756681
0.035667943046177264 0.0006660650388734632
0.035667943046177264 0.0006660650388734632
0.03568266241223922 0.0006791574362892479
0.03568266241223922 0.0006791574362892479
0.03568266241223922 0.0006791574362892479
0.0356837278643775 0.0006803548810730912
0.03570061715821665 0.0007019050790765719
0.03570061715821665 0.0007019050790765719
0.03570061715821665 0.0007019050790765719
0.03570061715821665 0.0007019050790765719
0.03570061715821665 0.0007019050790765719
0.03570061715821665 0.0007019050790765719
0.03570061715821665 0.0007019050790765719
0.035726674428219043 0.0007117214036608677
0.035735967587624914 0.0007143382259004514
0.035735967587624914 0.0007143382259004514
0.035737327874475575 0.0007144837056849279
0.035738643679519067 0.0007148561494676786
0.035738643679519067 0.0007148561494676786
0.035738643679519067 0.0007148561494676786
0.035738643679519067 0.0007148561494676786
0.035738643679519067 0.0007148561494676786
0.035738643679519067 0.0007148561494676786
0.035738643679519067 0.0007148561494676786
0.035738643679519067 0.0007148561494676786
0.035738643679519067 0.0007148561494676786
0.035754698263893714 0.000716248423245731
0.03576568911519591 0.0007190686893599075
0.03577179059852459 0.0007199179423553004
0.03577179059852459 0.0007199179423553004
0.03577179059852459 0.0007199179423553004
0.035792867018355545 0.0007254464208707685
0.035802427272156975 0.0007432286257956821
0.035827314778368216 0.0007490643187474398
0.03586153899436921 0.0007546363112550596
0.03590047952449363 0.0007647181412411123
0.035922528215281524 0.0007876013789986511
0.035922528215281524 0.0007876013789986511
0.035927594744823946 0.0007898780053027757
0.03598221315114759 0.000797233508418713
0.03600751619408095 0.0008024704510760062
0.0360823698864574 0.0008119728556725607
0.03613443430928183 0.000822947620462782
0.03615213286272889 0.000829440643856465
0.036191498502908766 0.0008324728723787541
0.036208288995617004 0.0008548113035856897
0.03634298382001282 0.0008577307577885106
0.036558001406447424 0.0008802211930189266
0.036691536029758304 0.0008903550092858588
0.03683532601126685 0.0008975371491150339
0.03686442866259097 0.0009538327110651295
0.03811804549186372 0.0010230513083764247
0.04028759765511733 0.0010417943861125293
0.04037701978884344 0.0010545208167244808
0.04156948865096771 0.0010791215551741317
0.04286265358214457 0.001080715371522418
0.043296654022863854 0.0011265944373155788
0.04373934770286103 0.00120472141294839
