0.03554482414051646 0.0006217525682967795
0.03554824956079586 0.0006246383437679588
0.03554824956079586 0.0006246383437679588
0.03554824956079586 0.0006246383437679588
0.03554824956079586 0.0006246383437679588
0.03554890260059004 0.0006259811981702934
0.03554890260059004 0.0006259811981702934
0.03554890260059004 0.0006259811981702934
0.03554890260059004 0.0006259811981702934
0.03554890260059004 0.0006259811981702934
0.03555226794630363 0.0006261574508322326
0.03555226794630363 0.0006261574508322326
0.03555226794630363 0.0006261574508322326
0.03555226794630363 0.0006261574508322326
0.03555226794630363 0.0006261574508322326
0.03555226794630363 0.0006261574508322326
0.03555226794630363 0.0006261574508322326
0.03555226794630363 0.0006261574508322326
0.03557626071168085 0.0006577721404492269
0.03557910151969104 0.000659834952730775
0.0355828647716904 0.0006601464402118555
0.035588431790225264 0.0006606130347485987
0.035588431790225264 0.0006606130347485987
0.035588431790225264 0.0006606130347485987
0.03559906562508379 0.000661358303111776
0.03559906562508379 0.000661358303111776
0.03559906562508379 0.000661358303111776
0.03559906562508379 0.000661358303111776
0.03560061743724069 0.0006615693992773432
0.0356029491957241 0.0006618866864284008
0.0356029491957241 0.0006618866864284008
0.0356029491957241 0.0006618866864284008
0.0356029491957241 0.0006618866864284008
0.0356029491957241 0.0006618866864284008
0.0356029491957241 0.0006618866864284008
0.03563103851786445 0.0006675385389017483
0.03563103851786445 0.0006675385389017483
0.03563103851786445 0.0006675385389017483
0.03563103851786445 0.0006675385389017483
0.03563103851786445 0.0006675385389017483
0.03563103851786445 0.0006675385389017483
0.03564238056740174 0.0006683334422274239
0.03564238056740174 0.0006683334422274239
0.03564238056740174 0.0006683334422274239
0.03564238056740174 0.0006683334422274239
0.03564238056740174 0.0006683334422274239
0.03564238056740174 0.0006683334422274239
0.03564238056740174 0.0006683334422274239
0.03564238056740174 0.0006683334422274239
0.03564238056740174 0.0006683334422274239
0.03564238056740174 0.0006683334422274239
0.03564238056740174 0.0006683334422274239
0.03564238056740174 0.0006683334422274239
0.03564238056740174 0.0006683334422274239
0.03564238056740174 0.0006683334422274239
0.03564238056740174 0.0006683334422274239
0.03564238056740174 0.0006683334422274239
0.03564238056740174 0.0006683334422274239
0.03564238056740174 0.0006683334422274239
0.0356424081612909 0.000668335376134889
0.03564462985380426 0.0006684910826288249
0.03564952796581669 0.000669094435574153
0.035649662017382705 0.0006951559984422893
0.03565634436569241 0.0006982231835613807
0.035659344623848885 0.0006986761086805719
0.03566471041968468 0.0006994942736045167
0.035667246870223324 0.0006998810260873798
0.035667246870223324 0.0006998810260873798
0.035667974255657375 0.00069999193624247
0.03567007081601169 0.0007000590423181393
0.03567099202423793 0.000700199506152662
0.035694545498448124 0.0007040434617761061
0.03570116380631512 0.0007050526070209772
0.03570545614438489 0.0007054545205255048
0.03572479118376515 0.000708655258345399
0.03574910999471306 0.0007121107650466563
0.03576864724824248 0.0007126524757466365
0.03577423496038658 0.0007150582615241294
0.03577531351495633 0.0007161062575498136
0.035788947841597404 0.0007220582299371748
0.035816814555181556 0.0007448645522813944
0.03584111497414964 0.0007478629000508578
0.03584111497414964 0.0007478629000508578
0.035871638490126936 0.000750227901564517
0.03587553598529153 0.000752372417330173
0.03588228237562871 0.0007560840551975214
0.03588562063737953 0.0007576700854920521
0.035894085666414444 0.0007586798120211056
0.035894669146799466 0.0007599514982674976
0.035897623736824175 0.0007701247742582383
0.035928668999972255 0.0007772631531336657
0.0359936477025556 0.0008006964758005721
0.036084798567307536 0.0008114241158571555
0.0361218570260374 0.0008293010167932547
0.036263772042478354 0.0008544341553304799
0.03650445766607049 0.0008656172334697744
0.03666216366422805 0.0008683216252711343
0.0368499573307228 0.0008718639692810907
0.037062041377423305 0.0008855207394414989
0.03708787625585602 0.0008894357414878281
0.03745505927669389 0.0008971113362932373
0.037879089135187935 0.0009352751895121356
0.03832766996289569 0.0009436944259588009
0.03929897561567376 0.0009473898998929532
0.039929275010457246 0.0009598264105547948
0.03996355187572151 0.0009668436270881659
0.04207104688619513 0.0009737942734017791
0.04271627065573991 0.0010138078400801559
0.04300354762388343 0.0010228507128458228
0.04363306970573966 0.0010523370791211423
0.044264558101193195 0.0010966829791394987
0.044598312510921286 0.0011214548942339612
