0.03554857422026958 0.0006184218389556685
0.03555138603930431 0.0006226824498374715
0.03555138603930431 0.0006226824498374715
0.03555138603930431 0.0006226824498374715
0.03555138603930431 0.0006226824498374715
0.035559334554896786 0.0006606341863153579
0.035560027008491445 0.000660814620499168
0.035560027008491445 0.000660814620499168
0.035560027008491445 0.000660814620499168
0.035560027008491445 0.000660814620499168
0.035563635926465186 0.0006609741594148843
0.035568523062035486 0.000662070690666659
0.035571809063934055 0.0006621984221353216
0.035574375816954544 0.0006629857739718476
0.035574375816954544 0.0006629857739718476
0.035574375816954544 0.0006629857739718476
0.035574375816954544 0.0006629857739718476
0.035574375816954544 0.0006629857739718476
0.035574375816954544 0.0006629857739718476
0.035574375816954544 0.0006629857739718476
0.035574375816954544 0.0006629857739718476
0.035574375816954544 0.0006629857739718476
0.035574375816954544 0.0006629857739718476
0.035574375816954544 0.0006629857739718476
0.035574375816954544 0.0006629857739718476
0.035574375816954544 0.0006629857739718476
0.035574375816954544 0.0006629857739718476
0.035574375816954544 0.0006629857739718476
0.035574375816954544 0.0006629857739718476
0.035574375816954544 0.0006629857739718476
0.035574375816954544 0.0006629857739718476
0.035574375816954544 0.0006629857739718476
0.035574375816954544 0.0006629857739718476
0.035574375816954544 0.0006629857739718476
0.035574375816954544 0.0006629857739718476
0.035574375816954544 0.0006629857739718476
0.035574375816954544 0.0006629857739718476
0.035574375816954544 0.0006629857739718476
0.035574375816954544 0.0006629857739718476
0.035574375816954544 0.0006629857739718476
0.035574375816954544 0.0006629857739718476
0.035574375816954544 0.0006629857739718476
0.035574375816954544 0.0006629857739718476
0.035574375816954544 0.0006629857739718476
0.035574375816954544 0.0006629857739718476
0.035574375816954544 0.0006629857739718476
0.035574375816954544 0.0006629857739718476
0.035574375816954544 0.0006629857739718476
0.035574375816954544 0.0006629857739718476
0.035574375816954544 0.0006629857739718476
0.035574375816954544 0.0006629857739718476
0.035574375816954544 0.0006629857739718476
0.035574375816954544 0.0006629857739718476
0.035574375816954544 0.0006629857739718476
0.035574375816954544 0.0006629857739718476
0.035574375816954544 0.0006629857739718476
0.035574375816954544 0.0006629857739718476
0.035574375816954544 0.0006629857739718476
0.035574375816954544 0.0006629857739718476
0.035574375816954544 0.0006629857739718476
0.035574375816954544 0.0006629857739718476
0.035574375816954544 0.0006629857739718476
0.035574375816954544 0.0006629857739718476
0.035574375816954544 0.0006629857739718476
0.035574375816954544 0.0006629857739718476
0.035574375816954544 0.0006629857739718476
0.03557440133547671 0.0006629897070948525
0.03557440133547671 0.0006629897070948525
0.03557440133547671 0.0006629897070948525
0.03557440133547671 0.0006629897070948525
0.03557440133547671 0.0006629897070948525
0.03557440133547671 0.0006629897070948525
0.035575287593172564 0.0006631143653110623
0.03557613782145835 0.0006632612109134941
0.035579156415538646 0.0006633208204465372
0.035579272955204536 0.0006637350419086167
0.035579272955204536 0.0006637350419086167
0.035579272955204536 0.0006637350419086167
0.03558004000022293 0.0006638545527034299
0.03558652242444741 0.0006648642413980501
0.03559104481489078 0.0006655820268871083
0.035609280165404204 0.00066631036546115
0.035620087352298664 0.0006701056686076113
0.03562872813243782 0.000671451538257156
0.035633700508606356 0.000672212600061343
0.03563510033354059 0.0006724440588313274
0.03564029205883637 0.0006732527109891004
0.03565032335367028 0.0006748017392710346
0.03565200742237369 0.0006750774712496706
0.03565239554850959 0.0006984158321189575
0.035656426892646496 0.0007006045357133548
0.035656426892646496 0.0007006045357133548
0.035656426892646496 0.0007006045357133548
0.035656426892646496 0.0007006045357133548
0.035656426892646496 0.0007006045357133548
0.035656426892646496 0.0007006045357133548
0.035656426892646496 0.0007006045357133548
0.035656426892646496 0.0007006045357133548
0.035656426892646496 0.0007006045357133548
0.035656426892646496 0.0007006045357133548
0.035656426892646496 0.0007006045357133548
0.035656426892646496 0.0007006045357133548
0.035656426892646496 0.0007006045357133548
0.035656426892646496 0.0007006045357133548
0.035656426892646496 0.0007006045357133548
0.035656426892646496 0.0007006045357133548
0.035661239852080674 0.0007027546299972976
0.035671344146412425 0.0007029404849146424
0.035671344146412425 0.0007029404849146424
0.03567808338656597 0.0007282876597403046
0.03573873095985806 0.0007316653113103557
0.035764278833872634 0.000734276961852448
0.035766428556388605 0.0007667262781624061
0.035960096014201165 0.0007742527653444996
0.03596189812477827 0.0007973352899626833
0.036098739436850436 0.0008255716600754941
0.036120520261644355 0.000833757825232887
0.03619952601211932 0.0008371362009323828
0.036225497238954504 0.0008378373065088114
0.036238411341200746 0.0008431285398077457
0.036283157675373705 0.0008787916695116887
0.03674305602010876 0.0009093252241996335
0.03674305602010876 0.0009093252241996335
0.03741601205862989 0.0009275159154285446
0.03820405797905142 0.0009473413184258611
0.03889230376501264 0.0009599050579196546
0.03913746015171414 0.0009705443037658066
0.04008768667504639 0.0009978924478549777
0.042038283294326725 0.0010108427037526062
0.04238982946691092 0.0010282301878042305
0.042927263810093014 0.0010453005337298512
0.04323977600627883 0.0010474369788386186
0.04353721171827471 0.0010500945128639773
0.04447030694661499 0.0010833313512860433
0.04578276187189625 0.0011163819373132778
0.04639441950339192 0.0011967186648784614
