0.035576240299412976 0.000596986944158201
0.0355882431434353 0.0006319142954161302
0.0355882431434353 0.0006319142954161302
0.03560376416614122 0.000637190428729605
0.0356167520474152 0.0006385677670159456
0.0356167520474152 0.0006385677670159456
0.0356167520474152 0.0006385677670159456
0.0356167520474152 0.0006385677670159456
0.035626514295378026 0.0006418209485529286
0.03562735500438527 0.0006421110975435851
0.03562826781638395 0.0006424262330573675
0.0356368234649137 0.0006453799424467379
0.0356368234649137 0.0006453799424467379
0.0356368234649137 0.0006453799424467379
0.0356368234649137 0.0006453799424467379
0.03563713799418358 0.0006454887134763074
0.03563713799418358 0.0006454887134763074
0.03563886603689134 0.0006460851882187902
0.03564115386645782 0.0006468751010244563
0.035644601795030595 0.0006468781310630845
0.03564460653400281 0.0006480670278143602
0.03564460653400281 0.0006480670278143602
0.03564460653400281 0.0006480670278143602
0.035644775348529514 0.0006508229085243532
0.035644775348529514 0.0006508229085243532
0.035644775348529514 0.0006508229085243532
0.035644775348529514 0.0006508229085243532
0.035644775348529514 0.0006508229085243532
0.03565336265275301 0.0006510900319199081
0.03565336265275301 0.0006510900319199081
0.03565336265275301 0.0006510900319199081
0.03565345549826486 0.0006511221444667803
0.03565345549826486 0.0006511221444667803
0.03565345549826486 0.0006511221444667803
0.03565345549826486 0.0006511221444667803
0.03565345549826486 0.0006511221444667803
0.03565345549826486 0.0006511221444667803
0.03565345549826486 0.0006511221444667803
0.03565345549826486 0.0006511221444667803
0.03565345549826486 0.0006511221444667803
0.03565345549826486 0.0006511221444667803
0.03565345549826486 0.0006511221444667803
0.03565345549826486 0.0006511221444667803
0.03565345549826486 0.0006511221444667803
0.03565345549826486 0.0006511221444667803
0.03565345549826486 0.0006511221444667803
0.03565345549826486 0.0006511221444667803
0.03565345549826486 0.0006511221444667803
0.03565345549826486 0.0006511221444667803
0.03565345549826486 0.0006511221444667803
0.03565345549826486 0.0006511221444667803
0.03565345549826486 0.0006511221444667803
0.03565345549826486 0.0006511221444667803
0.03565345549826486 0.0006511221444667803
0.03565345549826486 0.0006511221444667803
0.03565345549826486 0.0006511221444667803
0.03565345549826486 0.0006511221444667803
0.03565345549826486 0.0006511221444667803
0.03565345549826486 0.0006511221444667803
0.03565345549826486 0.0006511221444667803
0.03565345549826486 0.0006511221444667803
0.03565345549826486 0.0006511221444667803
0.03565345549826486 0.0006511221444667803
0.03565345549826486 0.0006511221444667803
0.03565345549826486 0.0006511221444667803
0.03565345549826486 0.0006511221444667803
0.03565345549826486 0.0006511221444667803
0.03565345549826486 0.0006511221444667803
0.03565345549826486 0.0006511221444667803
0.035653956902256215 0.0006512952149197066
0.035655083179601685 0.000651684102800785
0.035655783627738594 0.0006519258133389215
0.03565748687180384 0.0006525138768370733
0.035659368835279065 0.0006531636164415909
0.035659966375535534 0.0006533699002531627
0.03566123112480922 0.0006538065192670297
0.03566191285724514 0.0006540418716044309
0.03566599088804699 0.0006554498224724979
0.035668182216473485 0.0006562062476959193
0.03566819475085414 0.0006562106305034131
0.0356683582718936 0.0006562671422206439
0.035669185577454354 0.0006565525698094559
0.03567010571204739 0.0006568703631383636
0.03567575481687135 0.0006588206550895802
0.03567632996307442 0.0006590192542544319
0.035677311899266734 0.0006593582219042648
0.03568099556304259 0.0006606299959247672
0.035681070282783 0.0006606557961840228
0.03568154209568712 0.0006608186692517718
0.03568179681734268 0.0006722169163511995
0.03569271648659436 0.0006731633123260886
0.035696630945339924 0.0006738359062268519
0.035700129051432994 0.0006744369481621612
0.03571161513600024 0.0006764105252315647
0.03571161513600024 0.0006764105252315647
0.03571161513600024 0.0006764105252315647
0.03571161513600024 0.0006764105252315647
0.03571161513600024 0.0006764105252315647
0.03571161513600024 0.0006764105252315647
0.03571205976259789 0.0006764868972875247
0.035712837794511176 0.0006766205614296696
0.035712837794511176 0.0006766205614296696
0.035712837794511176 0.0006766205614296696
0.035718603013061664 0.0006776111924572158
0.03572114957107832 0.0006780487490346067
0.03572114957107832 0.0006780487490346067
0.03572114957107832 0.0006780487490346067
0.03572114957107832 0.0006780487490346067
0.03572114957107832 0.0006780487490346067
0.03572114957107832 0.0006780487490346067
0.03572114957107832 0.0006780487490346067
0.03572302707382022 0.0006783713355998981
0.03572302707382022 0.0006783713355998981
0.03572302707382022 0.0006783713355998981
0.03572411055690511 0.0006785574880189739
0.03572835609435267 0.0006792870045000707
0.03572981352750201 0.0006795373765692422
0.03573039304212035 0.0006796369943413077
0.035731275139148505 0.0006797884974529534
0.03573515632072931 0.0006804553591960252
0.035735216714021495 0.0006804657765763601
0.035735216714021495 0.0006804657765763601
0.035737645137894195 0.000681016161022501
0.03574059895485725 0.0006813905919537908
0.03574768913057891 0.0006826088058494141
0.035750879427291174 0.0006831569653897382
0.035750879427291174 0.0006831569653897382
0.035750879427291174 0.0006831569653897382
0.035750879427291174 0.0006831569653897382
0.035750879427291174 0.0006831569653897382
0.035750879427291174 0.0006831569653897382
0.035750879427291174 0.0006831569653897382
0.035750879427291174 0.0006831569653897382
0.035750879427291174 0.0006831569653897382
0.035750879427291174 0.0006831569653897382
0.035750879427291174 0.0006831569653897382
0.035750879427291174 0.0006831569653897382
0.035750879427291174 0.0006831569653897382
0.035750879427291174 0.0006831569653897382
0.035750879427291174 0.0006831569653897382
0.035750879427291174 0.0006831569653897382
0.035750879427291174 0.0006831569653897382
0.035750879427291174 0.0006831569653897382
0.035750879427291174 0.0006831569653897382
0.035750879427291174 0.0006831569653897382
0.035750879427291174 0.0006831569653897382
0.035750879427291174 0.0006831569653897382
0.035750879427291174 0.0006831569653897382
0.035750879427291174 0.0006831569653897382
0.035750879427291174 0.0006831569653897382
0.035750879427291174 0.0006831569653897382
0.035750879427291174 0.0006831569653897382
0.035750879427291174 0.0006831569653897382
0.035750879427291174 0.0006831569653897382
0.035750879427291174 0.0006831569653897382
0.03575159842139439 0.0006832804884408971
0.03575159842139439 0.0006832804884408971
0.03575159842139439 0.0006832804884408971
0.03575183268304494 0.0006833207793635402
0.03575324955462372 0.0006835641939659989
0.035753756554704585 0.0006836513182455278
0.03575506328775979 0.0006838758117204342
0.035756213842654885 0.0006840735465407248
0.035759041652799806 0.0007537818225978526
0.03590808368107465 0.0007834865592343794
0.03606203445777555 0.000798354884267411
0.036064893994063194 0.0008008508022301368
0.036134169034803224 0.0008092163566109268
0.036401806845984416 0.0008630450549388102
0.03654636410760661 0.0008722715702079694
0.03668561761263369 0.0008728836837027249
0.03676706699887816 0.0008750635136569898
0.03715936458438044 0.0008969403864617681
0.03738666501796895 0.0009618595494907191
0.037798114236055225 0.0009634748712211223
0.038310329177460356 0.0009707167185479926
0.038535980568891876 0.00101104089732844
0.04005332123796526 0.0010219321184955603
0.04041450186962765 0.001027540447904632
0.04148294726832838 0.0010472947834829006
0.04182799224985811 0.0010673459044270865
0.04424921551211433 0.0010974401886672538
0.045138335628042134 0.001168240785408846
0.04819206118081315 0.0011927404232496368
