0.03557153659083119 0.0005498630993972085
0.03560676466757526 0.0005816059303604383
0.035614113049009605 0.0005819019232215824
0.035616101510496434 0.0005933765133022044
0.03561757930660213 0.0005968267601830812
0.035618376685565306 0.0005984909539613316
0.035618376685565306 0.0005984909539613316
0.035618376685565306 0.0005984909539613316
0.035618376685565306 0.0005984909539613316
0.035618376685565306 0.0005984909539613316
0.035618376685565306 0.0005984909539613316
0.03562103561533636 0.0006040395544328855
0.03562103561533636 0.0006040395544328855
0.03562103561533636 0.0006040395544328855
0.03562103561533636 0.0006040395544328855
0.03562103561533636 0.0006040395544328855
0.03562103561533636 0.0006040395544328855
0.03562103561533636 0.0006040395544328855
0.03562103561533636 0.0006040395544328855
0.03562103561533636 0.0006040395544328855
0.03562103561533636 0.0006040395544328855
0.03562103561533636 0.0006040395544328855
0.03562103561533636 0.0006040395544328855
0.03562103561533636 0.0006040395544328855
0.03562103561533636 0.0006040395544328855
0.03562103561533636 0.0006040395544328855
0.03562103561533636 0.0006040395544328855
0.03562103561533636 0.0006040395544328855
0.03562103561533636 0.0006040395544328855
0.03562103561533636 0.0006040395544328855
0.03562103561533636 0.0006040395544328855
0.03562103561533636 0.0006040395544328855
0.03562103561533636 0.0006040395544328855
0.03562103561533636 0.0006040395544328855
0.03562103561533636 0.0006040395544328855
0.03562103561533636 0.0006040395544328855
0.03562103561533636 0.0006040395544328855
0.03562103561533636 0.0006040395544328855
0.03562103561533636 0.0006040395544328855
0.03562103561533636 0.0006040395544328855
0.03562103561533636 0.0006040395544328855
0.03562103561533636 0.0006040395544328855
0.03562103561533636 0.0006040395544328855
0.03562105491354611 0.0006040799026283033
0.03562138311573315 0.0006044821579353936
0.03562138311573315 0.0006044821579353936
0.03562199784321399 0.0006057302644390502
0.03562203324588599 0.0006058492555153242
0.03562203324588599 0.0006058492555153242
0.03562203324588599 0.0006058492555153242
0.03562203324588599 0.0006058492555153242
0.03562203324588599 0.0006058492555153242
0.03562203324588599 0.0006058492555153242
0.03562203324588599 0.0006058492555153242
0.03562203324588599 0.0006058492555153242
0.03562203324588599 0.0006058492555153242
0.03562203324588599 0.0006058492555153242
0.03562203324588599 0.0006058492555153242
0.03562203324588599 0.0006058492555153242
0.03562203324588599 0.0006058492555153242
0.03562203324588599 0.0006058492555153242
0.03562203324588599 0.0006058492555153242
0.03562203324588599 0.0006058492555153242
0.03562203324588599 0.0006058492555153242
0.03562203324588599 0.0006058492555153242
0.03562203324588599 0.0006058492555153242
0.03562203324588599 0.0006058492555153242
0.03562203324588599 0.0006058492555153242
0.03562203324588599 0.0006058492555153242
0.03562203324588599 0.0006058492555153242
0.03562203324588599 0.0006058492555153242
0.03562203324588599 0.0006058492555153242
0.03562203324588599 0.0006058492555153242
0.03562203324588599 0.0006058492555153242
0.03562203324588599 0.0006058492555153242
0.03562203324588599 0.0006058492555153242
0.03562203324588599 0.0006058492555153242
0.03562203324588599 0.0006058492555153242
0.03562203324588599 0.0006058492555153242
0.03562203324588599 0.0006058492555153242
0.03562203324588599 0.0006058492555153242
0.03562203324588599 0.0006058492555153242
0.03562203324588599 0.0006058492555153242
0.03562203324588599 0.0006058492555153242
0.03562319895522177 0.0006085538114465032
0.03562319895522177 0.0006085538114465032
0.03562319895522177 0.0006085538114465032
0.03562319895522177 0.0006085538114465032
0.03562319895522177 0.0006085538114465032
0.03562319895522177 0.0006085538114465032
0.03562319895522177 0.0006085538114465032
0.03562319895522177 0.0006085538114465032
0.03562319895522177 0.0006085538114465032
0.03562319895522177 0.0006085538114465032
0.03562319895522177 0.0006085538114465032
0.03562319895522177 0.0006085538114465032
0.03562319895522177 0.0006085538114465032
0.03562516708281299 0.0006126601239032926
0.03562573287939928 0.0006138409076660277
0.03562573287939928 0.0006138409076660277
0.03562573287939928 0.0006138409076660277
0.03562573287939928 0.0006138409076660277
0.03562573287939928 0.0006138409076660277
0.03562573287939928 0.0006138409076660277
0.03562573287939928 0.0006138409076660277
0.03562573287939928 0.0006138409076660277
0.03562573287939928 0.0006138409076660277
0.03562573287939928 0.0006138409076660277
0.03562573287939928 0.0006138409076660277
0.03562573287939928 0.0006138409076660277
0.03562573287939928 0.0006138409076660277
0.03562573287939928 0.0006138409076660277
0.03562573287939928 0.0006138409076660277
0.03562573287939928 0.0006138409076660277
0.03562573287939928 0.0006138409076660277
0.03562573287939928 0.0006138409076660277
0.03562573287939928 0.0006138409076660277
0.03562573287939928 0.0006138409076660277
0.03562573287939928 0.0006138409076660277
0.03562573287939928 0.0006138409076660277
0.03562573287939928 0.0006138409076660277
0.03562573287939928 0.0006138409076660277
0.03562573287939928 0.0006138409076660277
0.03562573287939928 0.0006138409076660277
0.03562573287939928 0.0006138409076660277
0.03562573287939928 0.0006138409076660277
0.03562573287939928 0.0006138409076660277
0.03563152848097434 0.0006186182783292258
0.03563152848097434 0.0006186182783292258
0.03563152848097434 0.0006186182783292258
0.03563152848097434 0.0006186182783292258
0.03563152848097434 0.0006186182783292258
0.03563152848097434 0.0006186182783292258
0.03563152848097434 0.0006186182783292258
0.03563152848097434 0.0006186182783292258
0.03563152848097434 0.0006186182783292258
0.03563152848097434 0.0006186182783292258
0.03563152848097434 0.0006186182783292258
0.03563152848097434 0.0006186182783292258
0.03563152848097434 0.0006186182783292258
0.03563152848097434 0.0006186182783292258
0.03563152848097434 0.0006186182783292258
0.03563152848097434 0.0006186182783292258
0.03563152848097434 0.0006186182783292258
0.03563152848097434 0.0006186182783292258
0.03563152848097434 0.0006186182783292258
0.035631855273697985 0.0006192100651790371
0.035631855273697985 0.0006192100651790371
0.035631855273697985 0.0006192100651790371
0.035636663014996975 0.0006279167351552105
0.035636663014996975 0.0006279167351552105
0.035637244423681894 0.0006289695787095247
0.035637244423681894 0.0006289695787095247
0.03563968024879435 0.0006294806302640407
0.03563968024879435 0.0006294806302640407
0.03565404604211016 0.0006306313184717689
0.03565404604211016 0.0006306313184717689
0.035654712594193144 0.0006320222636937012
0.035654712594193144 0.0006320222636937012
0.035654712594193144 0.0006320222636937012
0.035654712594193144 0.0006320222636937012
0.035654712594193144 0.0006320222636937012
0.035654712594193144 0.0006320222636937012
0.035654712594193144 0.0006320222636937012
0.03565612835423797 0.0006349762926881004
0.035656128644408466 0.0006349772679732161
0.035656128644408466 0.0006349772679732161
0.035656128644408466 0.0006349772679732161
0.035656128644408466 0.0006349772679732161
0.035656128644408466 0.0006349772679732161
0.035656128644408466 0.0006349772679732161
0.035656128644408466 0.0006349772679732161
0.035656128644408466 0.0006349772679732161
0.035656128644408466 0.0006349772679732161
0.035656684754137635 0.000635849527459664
0.035656704971881226 0.0006361799189433228
0.035657410043951204 0.0006376513006474417
0.035657410043951204 0.0006376513006474417
0.035657410043951204 0.0006376513006474417
0.035657410043951204 0.0006376513006474417
0.035657410043951204 0.0006376513006474417
0.035657410043951204 0.0006376513006474417
0.035657410043951204 0.0006376513006474417
0.035657410043951204 0.0006376513006474417
0.035657410043951204 0.0006376513006474417
0.035657410043951204 0.0006376513006474417
0.035657410043951204 0.0006376513006474417
0.035657410043951204 0.0006376513006474417
0.035657410043951204 0.0006376513006474417
0.035657410043951204 0.0006376513006474417
0.035657410043951204 0.0006376513006474417
0.035657410043951204 0.0006376513006474417
0.035657410043951204 0.0006376513006474417
0.035657410043951204 0.0006376513006474417
0.035657410043951204 0.0006376513006474417
0.035657410043951204 0.0006376513006474417
0.035657410043951204 0.0006376513006474417
0.035657702489063206 0.000637989606661552
0.035657702489063206 0.000637989606661552
0.035657702489063206 0.000637989606661552
0.035657702489063206 0.000637989606661552
0.035657702489063206 0.000637989606661552
0.035657702489063206 0.000637989606661552
0.035657702489063206 0.000637989606661552
0.035657702489063206 0.000637989606661552
0.035657702489063206 0.000637989606661552
0.035657702489063206 0.000637989606661552
0.035657702489063206 0.000637989606661552
0.035657702489063206 0.000637989606661552
0.03565779800390127 0.0006384609032414653
0.03565779800390127 0.0006384609032414653
0.03565779800390127 0.0006384609032414653
0.03565779800390127 0.0006384609032414653
0.03565779800390127 0.0006384609032414653
0.03565805799111808 0.0006390034109338773
0.035659258279633343 0.0006415078886151615
0.03565925851738594 0.0006415086877197403
0.03565925851738594 0.0006415086877197403
0.03565925851738594 0.0006415086877197403
0.03565925851738594 0.0006415086877197403
0.03565925851738594 0.0006415086877197403
0.03565925851738594 0.0006415086877197403
0.03565925851738594 0.0006415086877197403
0.03565925851738594 0.0006415086877197403
0.03565925851738594 0.0006415086877197403
0.03565925851738594 0.0006415086877197403
0.03565925851738594 0.0006415086877197403
0.03565925851738594 0.0006415086877197403
0.03565925851738594 0.0006415086877197403
0.03565925851738594 0.0006415086877197403
0.03565925851738594 0.0006415086877197403
0.035674987573156375 0.0006443805289872691
0.0356959877837693 0.000644548943650901
0.03569708643530847 0.0006447495375628864
0.035697149514839974 0.0006479942167071233
0.03569812048755634 0.000648112927412358
0.03570427709379789 0.0006631565097200366
0.035706588502772196 0.0006965582681529209
0.03570693910566185 0.0006975572770853512
0.03570693910566185 0.0006975572770853512
0.035708761919085605 0.000702749968097143
0.035708761919085605 0.000702749968097143
0.035708761919085605 0.000702749968097143
0.035708761919085605 0.000702749968097143
0.035708761919085605 0.000702749968097143
0.035708761919085605 0.000702749968097143
0.035708761919085605 0.000702749968097143
0.035708761919085605 0.000702749968097143
0.035708761919085605 0.000702749968097143
0.035708761919085605 0.000702749968097143
0.035708761919085605 0.000702749968097143
0.03575668631977909 0.0007115000973891936
0.03578982254531743 0.0007395262662694915
0.03583962396559019 0.0007483100504951894
0.03590509946337435 0.0007568294321337555
0.035905781146469806 0.0007910874178286266
0.03606748000735459 0.000804102493699147
0.03613319048181829 0.0008116013676438185
0.03618130885996068 0.0008186784095488122
0.036343596985262044 0.0008398830109228655
0.036522578397224253 0.0008484249465801246
0.03700245536447643 0.0008950414192738508
0.03753336677173 0.0009252882577352545
0.038258893940686475 0.0009764528908833049
0.04145332161547673 0.0009884447715680375
0.041574972447521744 0.001034647682771092
0.04220144675634964 0.0010436143662262128
0.04386084251468141 0.0010461073155550915
0.04423734430198708 0.0010951320797973365
0.04679312376142828 0.0011462250546134221
0.050251526683415676 0.0011582033646630433
