0.03557284008810015 0.0006101001020459684
0.03557284008810015 0.0006101001020459684
0.03557962481272638 0.0006394236423932298
0.035608330854653154 0.0006660622446201438
0.035647945151549995 0.0006704138836140521
0.035648164182280964 0.0006704226840903924
0.035648164182280964 0.0006704226840903924
0.035650998438259605 0.0006710326945051294
0.035656408223803164 0.0006717959740154479
0.035656408223803164 0.0006717959740154479
0.035663739868767995 0.0006737747562144173
0.035691837854621336 0.0006844999126488086
0.03570592488448246 0.00069736156042693
0.03570592488448246 0.00069736156042693
0.03570592488448246 0.00069736156042693
0.03570592488448246 0.00069736156042693
0.03570592488448246 0.00069736156042693
0.03570592488448246 0.00069736156042693
0.03570592488448246 0.00069736156042693
0.03570592488448246 0.00069736156042693
0.03570592488448246 0.00069736156042693
0.03570592488448246 0.00069736156042693
0.03570592488448246 0.00069736156042693
0.03570592488448246 0.00069736156042693
0.03570592488448246 0.00069736156042693
0.03570592488448246 0.00069736156042693
0.03570592488448246 0.00069736156042693
0.03570592488448246 0.00069736156042693
0.035706230065755 0.0006973876214857128
0.035714166410406624 0.0007358193195892469
0.035744397490386125 0.0007409843760158804
0.035744397490386125 0.0007409843760158804
0.035777366215317456 0.0007453861170977116
0.035777366215317456 0.0007453861170977116
0.035777366215317456 0.0007453861170977116
0.035777366215317456 0.0007453861170977116
0.03579104141450813 0.0007541223821729514
0.03582594078983 0.0007618705840468212
0.03583332120753699 0.0007635878341609894
0.03585070469892365 0.0007732082145626358
0.03585070469892365 0.0007732082145626358
0.03585516427036127 0.0007916965967737332
0.03590396661215909 0.0007975931140504876
0.03590661054085834 0.000807590673881411
0.03595969990362822 0.0008133371425393829
0.03600388935119715 0.0008133749702452582
0.03601799626080482 0.0008183193003009023
0.03604617785253167 0.0008232506473032472
0.03608136328671264 0.0008333341575763267
0.036108781630091416 0.0008390245212073733
0.036151353070683345 0.0008501043980771671
0.03620566731640517 0.0008546971120457997
0.03635291596416855 0.000868022388908607
0.03642710187403591 0.0008825250304631563
0.036587636169451626 0.0009194895570312436
0.03679695771056022 0.0009285622787612045
0.03703877326317758 0.0009476003937767778
0.037046998612074764 0.0009624076450408868
0.0376538675791109 0.0009841561192611421
0.03986985779287994 0.0010042168146286495
0.04083772385838942 0.0010459554961801659
0.042403341361616234 0.001058137398184327
0.043294685690514687 0.001066433479856459
0.04347046626095018 0.0011072453903634197
0.04417431260653827 0.00113292354928263
0.044970750845224124 0.0011587962883094997
0.046406666922542625 0.0011992654177024314
