0.03928071819245815 0.0012707904243143275
0.056769189424812794 0.0016643804556224495
0.05384551826864481 0.0016111127915792167
0.03850188571959734 0.0012350435135886073
0.05386131443083286 0.001611358136869967
0.053800263442099094 0.001610406907275319
0.03906754869967699 0.0012636762694455683
0.053803096525371075 0.0016104477690532804
0.03926520701497793 0.001270070075406693
0.03932613413780928 0.0012728794245049357
0.048545580357313156 0.0013839438324794173
0.03806253522634506 0.0012206203828100115
0.03926734905689955 0.0012701804807875305
0.04992753267288208 0.00143009950988926
0.03804512321949005 0.001219871424837038
0.05630707833915949 0.0016494491137564182
0.056752972304821014 0.001664105075178668
0.039068703539669514 0.0012637204345082864
0.037440513260662556 0.0011633040267042816
0.05379287153482437 0.0016102924710139632
0.03906265180557966 0.0012634606537176296
0.03926992882043123 0.0012702971725957468
0.054044121876358986 0.0016177660727407783
0.056733133271336555 0.0016637610387988389
0.053831654600799084 0.0016108936397358775
0.03927543107420206 0.0012705448898486793
0.03805023152381182 0.0012200905766803771
0.053801070898771286 0.0016104212845675647
0.039063796401023865 0.0012635069142561406
0.03908491972833872 0.0012644146772800013
0.05629361420869827 0.0016492405557073653
0.056743756867945194 0.0016639477107673883
0.03906379733234644 0.0012635109742404893
0.039072342216968536 0.0012638739281101152
0.03907056897878647 0.0012637998879654333
0.05677455011755228 0.001664470910327509
0.053458865731954575 0.001513205876108259
0.05382595397531986 0.0016108091222122312
0.038061171770095825 0.0012205567909404635
0.05198577232658863 0.0014648740034317598
0.05633072555065155 0.0016498194017913193
0.054011051543056965 0.0016172007308341563
0.048479095101356506 0.00138237199280411
0.05381107237190008 0.0016105748945847154
0.03849957976490259 0.0012349422613624483
0.03906963672488928 0.0012637607869692147
0.04999011941254139 0.0014315965527202934
0.05218156520277262 0.0015100757300388068
0.05404298100620508 0.001617751899175346
0.05401776824146509 0.001617314585018903
0.039072392508387566 0.0012638811458600685
0.053796266205608845 0.0016103438683785498
0.05380732286721468 0.0016105120885185897
0.05403224751353264 0.0016175642085727304
0.04851055797189474 0.001383147231535986
0.03926731087267399 0.0012701784871751443
0.039325138088315725 0.001272834328119643
0.05198776349425316 0.0014649734366685152
0.03850523103028536 0.0012351999466773123
0.05377549212425947 0.0016099996282719076
0.03906823694705963 0.0012636982719413936
0.05674388259649277 0.0016639486129861325
0.03806565888226032 0.001220749574713409
0.03849286027252674 0.0012346327712293714
0.03849886078387499 0.0012349073367659003
0.05199216399341822 0.0014650251832790673
0.05381732061505318 0.0016106672119349241
0.03849414084106684 0.0012346929870545864
0.0390706667676568 0.0012638095940928906
0.048450239934027195 0.0013816881109960377
0.041742220520973206 0.0013475627347361296
0.036731887608766556 0.0011388461862225085
0.05378992762416601 0.0016102436347864568
0.03850242868065834 0.001235077012097463
0.03906360920518637 0.0012635026359930634
0.03849450219422579 0.0012347095762379467
0.03927667625248432 0.0012706076668109745
0.03926276881247759 0.0012699698709184304
0.039270736277103424 0.0012703343527391553
0.039068516343832016 0.0012637203908525407
0.03804330341517925 0.0012197943578939885
0.038500563241541386 0.0012349820171948522
0.05399841628968716 0.0016169857990462333
0.03927195072174072 0.001270397042389959
0.05674152448773384 0.0016638980596326292
0.03849026560783386 0.001234514027601108
0.05675320792943239 0.0016641108668409288
0.053432172164320946 0.001512531569460407
0.039277637377381325 0.0012706523993983865
0.037433551624417305 0.0011630690860329196
0.038058267906308174 0.0012204319355078042
0.05673084035515785 0.0016637271037325263
0.03802753146737814 0.0012191175483167171
0.056753361597657204 0.0016641295806039125
0.056278702802956104 0.0016490060952492058
0.038056415505707264 0.001220356411067769
0.054082274436950684 0.0016184238775167614
0.053434740751981735 0.0015126034995773807
0.05380469933152199 0.0016104750684462488
0.05382328014820814 0.0016107622650451958
0.03849716391414404 0.0012348290474619716
0.03849808871746063 0.0012348729651421309
0.05675021093338728 0.0016640539688523859
0.0392781738191843 0.001270677224965766
0.03743440005928278 0.0011630982189672068
0.039331686682999134 0.0012731344468193129
0.048521459102630615 0.0013833693519700319
0.0390698267146945 0.0012637736363103613
0.048475190065801144 0.0013822807231917977
0.0562985735014081 0.001649317389819771
0.0392713313922286 0.00127036077901721
0.05671876575797796 0.0016635171486996114
0.038047139532864094 0.0012199576303828508
0.03931539133191109 0.001272387642529793
0.05403800401836634 0.001617663016077131
0.04993306379765272 0.001430241420166567
0.038040295243263245 0.0012196650495752692
0.039264517836272717 0.0012700494262389839
0.05629855114966631 0.0016493168659508228
0.0384940542280674 0.0012346863513812423
0.039278456941246986 0.0012706846900982782
0.03805486299097538 0.0012202943908050656
0.037438915111124516 0.001163262189948
0.03926872182637453 0.0012702347012236714
0.04991285130381584 0.0014297630405053496
0.03907780349254608 0.0012641086505027488
0.05382885318249464 0.0016108514973893762
0.0498946076259017 0.0014293527055997401
0.056279126554727554 0.0016490139823872596
0.04843895696103573 0.0013814569101668894
0.042051542550325394 0.0013666592712979764
0.038490189239382744 0.0012345104478299618
0.04852432198822498 0.001383453025482595
0.038490304723381996 0.0012345164432190359
0.03907219227403402 0.0012638668849831447
0.038501057773828506 0.0012350068718660623
0.05197904258966446 0.0014647071075160056
0.03805125132203102 0.0012201351637486368
0.05670997966080904 0.001663367060245946
0.03927019238471985 0.0012703078100457788
0.03848742041736841 0.0012343834969215095
0.03927215375006199 0.0012704075197689235
0.03908959683030844 0.0012646144459722564
0.039049954153597355 0.0012629163829842582
0.05201975628733635 0.0014656834391644225
0.056290265172719955 0.0016491827846039087
0.038047172129154205 0.001219960453454405
0.03848622739315033 0.0012343289563432336
0.05630637891590595 0.0016494366864208132
0.034320239908993244 0.0009534931159578264
0.04996821749955416 0.0014310951810330153
0.03805337008088827 0.001220226171426475
0.053470054641366005 0.001513435214292258
0.05344694387167692 0.0015129015664570034
0.05403123050928116 0.0016175461059901863
0.03806054871529341 0.0012205347593408078
0.05629163235425949 0.0016492160502821207
0.05380839295685291 0.0016105317627079785
0.053802384063601494 0.0016104374662972987
0.03927171416580677 0.0012703856773441657
0.03849910572171211 0.0012349184544291347
0.05349033325910568 0.0015139058523345739
0.0537818456068635 0.0016101211658678949
0.056734408251941204 0.0016637855442240834
0.05674248468130827 0.0016639222449157387
0.05404395330697298 0.0016177638026420027
0.039061134681105614 0.0012633949518203735
0.041739980690181255 0.0013474381703417748
0.03907906822860241 0.0012641631183214486
0.04997294023633003 0.001431187120033428
0.05672631040215492 0.0016636464570183307
0.054016731679439545 0.001617302099475637
0.051974489353597164 0.0014646097406512126
0.03805835824459791 0.0012204385711811483
0.03849609289318323 0.0012347829178906977
0.038045347668230534 0.0012198904005344957
0.04994741640985012 0.0014305718359537423
0.03927599545568228 0.0012705782864941284
0.0540455412119627 0.0016177982033696026
0.04997062869369984 0.001431136071914807
0.04855219926685095 0.0013840979372616857
0.054047951474785805 0.001617833157069981
0.03668754827231169 0.0011373041197657585
0.056746737100183964 0.0016639972454868257
0.03927995916455984 0.0012707580608548597
0.039269364438951015 0.0012702718086075038
0.03906663414090872 0.0012636287283385172
0.0390715217217803 0.0012638430343940854
0.05404460150748491 0.0016177751531358808
0.04848030861467123 0.0013824247871525586
0.03805367648601532 0.0012202372017782182
0.05402831267565489 0.0016175036726053804
0.054012224078178406 0.0016172248870134354
0.038503254763782024 0.0012351111799944192
0.03850159980356693 0.0012350353063084185
0.03927865903824568 0.0012706986599368975
0.05673156585544348 0.0016637366497889161
0.052009726874530315 0.0014654164551757276
0.05630068760365248 0.0016493402072228491
0.05404505133628845 0.0016177846700884402
0.05674794130027294 0.0016640160756651312
0.03849359229207039 0.001234665687661618
0.0567217580974102 0.0016635683423373848
0.03926555346697569 0.0012700910883722827
0.0485343961045146 0.0013836844300385565
0.05377157963812351 0.0016099573113024235
0.03909413143992424 0.001264809092390351
0.05401922110468149 0.001617341215023771
0.056761608459055424 0.00166424922645092
0.05381439533084631 0.0016106183174997568
0.048538665287196636 0.0013837825099471956
0.05382970441132784 0.0016108669224195182
0.03906844276934862 0.0012637077015824616
0.039276860654354095 0.0012706100096693262
0.05218131933361292 0.0015100748278200626
0.056762099266052246 0.0016642588889226317
0.03927068505436182 0.0012703314278041944
0.05402612593024969 0.001617465284653008
0.0384932579472661 0.0012346511939540505
0.03927146177738905 0.0012703678221441805
0.05164937861263752 0.001440168562112376
0.038494255393743515 0.0012346983421593904
0.03847075905650854 0.0012336231011431664
0.03744565974920988 0.0011635056871455163
0.03806445375084877 0.0012206997780594975
0.04855611175298691 0.0013842028565704823
0.03906400501728058 0.0012635154416784644
0.053837948478758335 0.0016109960270114243
0.039281291887164116 0.001270818494958803
0.052001711912453175 0.0014652396785095334
0.03849727287888527 0.001234836207004264
0.053799561224877834 0.0016103977104648948
0.039064280688762665 0.0012635284074349329
0.052209628745913506 0.0015106552746146917
0.03906829934567213 0.0012637008039746433
0.05204011779278517 0.0014665580092696473
0.03917344240471721 0.0012682043452514336
0.05382893793284893 0.0016108524287119508
0.05403768550604582 0.0016176585340872407
0.03805708605796099 0.0012203946243971586
0.04997629392892122 0.0014313138381112367
0.03907447960227728 0.001263966114493087
0.05402661673724651 0.0016174691263586283
0.039268115535378456 0.0012702191452262923
0.053463855758309364 0.001513288778369315
0.05398669932037592 0.0016167840221896768
0.056262568570673466 0.001648755045607686
0.05631481297314167 0.0016495691961608827
0.048508851788938046 0.0013830928364768624
0.039087106473743916 0.0012645098759094253
0.03928104508668184 0.0012708068825304508
0.03929003328084946 0.0012712195893982425
0.03932254575192928 0.0012727155844913796
0.05673081800341606 0.0016637215157970786
0.04849728383123875 0.001382838236168027
0.038506487384438515 0.001235250529134646
0.049963757395744324 0.0014309691323433071
0.05400985851883888 0.0016171815805137157
0.053783698938786983 0.001610131876077503
0.03805289138108492 0.0012202173820696771
0.03849292453378439 0.0012346328585408628
0.05398577079176903 0.0016167724097613245
0.05345590226352215 0.001513139228336513
0.03674010094255209 0.0011391344014555216
0.03805407602339983 0.0012202556245028973
0.056733966805040836 0.0016637772205285728
0.03906136192381382 0.0012634025188162923
0.03907035104930401 0.0012637959298444912
0.053847101517021656 0.001611140847671777
0.03907850198447704 0.0012641414068639278
0.04852322023361921 0.0013834115525241941
0.056724236346781254 0.0016636107175145298
0.039077671244740486 0.0012641029752558097
0.03907843120396137 0.0012641346111195162
0.05675292108207941 0.0016641017864458263
0.05626750364899635 0.0016488259425386786
0.048499006778001785 0.0013829065137542784
0.05402848217636347 0.001617504982277751
0.038495900109410286 0.0012347722076810896
0.05199030414223671 0.0014649879594799131
0.05671067349612713 0.00166337814880535
0.053443051874637604 0.0015128745144465938
0.03907117806375027 0.0012638238840736449
0.052033147774636745 0.0014659713342553005
0.056288156658411026 0.00164915356435813
0.05397043563425541 0.0016165047127287835
0.03927627205848694 0.0012705884146271273
0.0540336724370718 0.001617588975932449
0.04173766542226076 0.001347286975942552
0.039068931713700294 0.0012637290201382712
0.04851909168064594 0.0013833163538947701
0.05631426442414522 0.0016495679738000035
0.0562998503446579 0.0016493320581503212
0.054023340344429016 0.0016174097545444965
0.03849868290126324 0.0012348996824584901
0.0499378927052021 0.001430360134691
0.03803585283458233 0.00121947712614201
0.039277177304029465 0.0012706317502306774
0.051966031081974506 0.0014643828908447176
0.03850689437240362 0.001235277159139514
0.04991516005247831 0.0014298245077952743
0.038494289852678776 0.0012347004085313529
0.05379825551062822 0.001610378734767437
0.038065165281295776 0.0012207314430270344
0.053803895600140095 0.0016104597598314285
0.05380863416939974 0.0016105363611131907
0.05628224089741707 0.001649065234232694
0.039096107706427574 0.0012648939446080476
0.039327794685959816 0.0012729567242786288
0.03926915116608143 0.0012702643580269068
0.052001881413161755 0.001465254186769016
0.05345307569950819 0.0015130241954466328
0.05381688196212053 0.0016106604598462582
0.052186728455126286 0.0015102004690561444
0.05378163140267134 0.0016101200599223375
0.04998132772743702 0.0014313913707155734
0.03927023895084858 0.0012703168613370508
0.054032520391047 0.0016175696800928563
0.056305441074073315 0.0016494267620146275
0.05382281914353371 0.0016107503324747086
0.0367435272783041 0.0011392387968953699
0.053980124182999134 0.0016167282301466912
0.05630149785429239 0.0016493625298608094
0.05219022370874882 0.0015102580946404487
0.05391185265034437 0.001615639601368457
0.04852185398340225 0.0013833862030878663
0.039281951263546944 0.0012708472058875486
0.053951152600347996 0.0016161794192157686
0.048481388948857784 0.0013824474881403148
0.039263431914150715 0.001269998145289719
0.05405817832797766 0.0016180097591131926
0.03907992038875818 0.0012642053625313565
0.0384959215298295 0.0012347777665127069
0.05344974435865879 0.0015129724924918264
0.056741490960121155 0.0016638967499602586
0.05198513716459274 0.0014648640499217436
0.05628612916916609 0.001649122015805915
0.05383293330669403 0.0016109129646793008
0.05631326511502266 0.0016495378513354808
0.039276622235774994 0.0012706062843790278
0.0384891415014863 0.0012344632705207914
0.053434012457728386 0.0015125795762287453
0.053465940058231354 0.00151336046110373
0.039267183281481266 0.0012701725790975615
0.05386565998196602 0.0016114241443574429
0.05380657594650984 0.00161050382303074
0.053424956277012825 0.0015123629273148254
0.038065437227487564 0.001220739388372749
0.053808657452464104 0.0016105376416817307
0.03805601689964533 0.0012203392398077995
0.039272284135222435 0.0012704130494967103
0.05001113377511501 0.0014320747868623585
0.05382129456847906 0.0016107336268760264
0.05385361425578594 0.0016112353187054396
0.039294869638979435 0.0012714436743408442
0.05679974518716335 0.0016648988530505449
0.05195102095603943 0.0014640431618317962
0.03913605026900768 0.0012666012917179614
0.0390830896794796 0.0012643349473364651
0.052225581370294094 0.0015109811211004853
0.048521632328629494 0.0013833754637744278
0.0392809147015214 0.001270802109502256
0.04845700412988663 0.0013818670704495162
0.04174316115677357 0.0013476403837557882
0.05346429627388716 0.0015133156557567418
0.05382388271391392 0.0016107867704704404
0.03805256821215153 0.0012201950012240559
0.04849586635828018 0.0013827804650645703
0.03849564678966999 0.001234760566148907
0.05219478718936443 0.0015103427576832473
0.05674771126359701 0.001664011215325445
0.038494618609547615 0.0012347153387963772
0.03926924895495176 0.0012702674430329353
0.03907300718128681 0.0012639045744435862
0.05201335158199072 0.0014655015984317288
0.0538370730355382 0.0016109792049974203
0.03933229437097907 0.0012731622700812295
0.056361046619713306 0.0016502926009707153
0.0390742551535368 0.001263956815819256
0.04996741749346256 0.00143106107134372
0.03660829085856676 0.0011182389862369746
0.05201933905482292 0.0014656647254014388
0.05665114428848028 0.0016623637347947806
0.04848766699433327 0.0013825788046233356
0.039060999639332294 0.0012633874284802005
0.053838049061596394 0.0016109966090880334
0.0534357912838459 0.001512626840849407
0.05674770846962929 0.001664010836975649
0.04852248914539814 0.0013834059936925769
0.039279852993786335 0.001270748529350385
0.04225710406899452 0.0013734488748013973
0.052198246121406555 0.0015104185149539262
0.05399742256850004 0.001616982597624883
0.037428536452353 0.0011628906067926437
0.05346285365521908 0.0015132638363866135
0.038505155593156815 0.0012351962504908442
0.038059416227042675 0.0012204849044792354
0.039272869005799294 0.0012704396940534934
0.038505157455801964 0.001235197822097689
0.05383588466793299 0.001610961218830198
0.03850261028856039 0.0012350774777587503
0.053820651955902576 0.0016107202391140163
0.03927617520093918 0.0012705838598776609
0.03846248518675566 0.0012332398619037122
0.03928438015282154 0.0012709609291050583
0.05630655214190483 0.0016494416340719908
0.039280133321881294 0.0012707687565125525
0.03905992489308119 0.0012633504229597747
0.0484766811132431 0.0013823302288074046
0.03926984965801239 0.0012702917883871123
0.03927499242126942 0.0012705302360700443
0.04852685797959566 0.0013834955170750618
0.038067640736699104 0.0012208343541715294
0.05221052933484316 0.0015106722130440176
0.056718344800174236 0.001663509348873049
0.053811488673090935 0.0016105752438306808
0.03907533083111048 0.0012640084605664015
0.03906310722231865 0.0012634848826564848
0.03805247321724892 0.0012201891804579645
0.038060734048485756 0.0012205445091240108
0.04846054967492819 0.001381930778734386
0.03907716739922762 0.001264082413399592
0.03907463140785694 0.0012639758788282052
0.056277462281286716 0.0016489936970174313
0.042256115935742855 0.0013733101077377796
0.056272164918482304 0.0016489079862367362
0.03850067872554064 0.0012349908938631415
0.05674959532916546 0.001664045761572197
0.051998138427734375 0.0014651809906354174
0.05401782877743244 0.0016173222393263131
0.033978916704654694 0.0009065321646630764
0.05408099666237831 0.001618396257981658
0.05381009355187416 0.0016105582471936941
0.03926949109882116 0.0012702799722319469
0.039265687577426434 0.001270105000003241
0.03906303085386753 0.0012634801387321204
0.05380737595260143 0.001610519364476204
0.05670549161732197 0.0016632912156637758
0.048503934405744076 0.0013829866948071867
0.03907624538987875 0.0012640426284633577
0.05218466743826866 0.001510142523329705
0.05381842330098152 0.001610681414604187
0.03927667625248432 0.001270607768674381
0.03907857183367014 0.0012641443754546344
0.03907325863838196 0.0012639153719646856
0.05220650788396597 0.0015105846687220037
0.05384231545031071 0.0016110623255372047
0.05216843541711569 0.0015098081203177571
0.04993147403001785 0.0014301868213806301
0.03925825376063585 0.001269765678443946
0.03805468510836363 0.0012202809448353946
0.051916562020778656 0.0014632249949499965
0.03386670723557472 0.0008992150251287967
0.038489880971610546 0.0012344976421445608
0.056730167008936405 0.0016637154330965132
0.03909208066761494 0.0012647219555219635
0.038499956019222736 0.0012349581520538777
0.0380537835881114 0.0012202435173094273
0.05628410633653402 0.0016490982670802623
0.051981001161038876 0.001464808825403452
0.0538214948028326 0.0016107356641441584
0.04225722048431635 0.0013734603708144277
0.03806489706039429 0.001220721227582544
0.05634358245879412 0.0016500216152053326
0.03805167227983475 0.001220155245391652
0.05199280474334955 0.00146515374945011
0.037426543422043324 0.0011628217616816983
0.05671628750860691 0.0016634747153148055
0.0367431016638875 0.0011392297747079283
0.03804590925574303 0.0012199069606140256
0.051948629319667816 0.001463975611841306
0.05000703688710928 0.0014319813635665923
0.0339290127158165 0.0009031188819790259
0.03927390277385712 0.001270482229301706
0.0538018262013793 0.0016104241367429495
0.05626772437244654 0.0016488271648995578
0.039271232672035694 0.0012703549873549491
0.041747148148715496 0.0013478741748258471
0.052002573385834694 0.0014653109246864915
0.039076970890164375 0.0012640739150810987
0.03926065471023321 0.001269870510441251
0.03906749002635479 0.001263668789761141
0.04225711338222027 0.001373451406834647
0.053458002395927906 0.0015131691470742226
0.036728077568113804 0.0011387223203200847
0.05404739920049906 0.001617830799659714
0.03907630033791065 0.0012640566856134683
0.03906467463821173 0.0012635466264327988
0.05675341468304396 0.0016641328111290932
0.05380965583026409 0.0016105538816191256
0.052183859050273895 0.001510117290308699
0.05674885120242834 0.0016640304820612073
0.05382116790860891 0.0016107332194224
0.0390787897631526 0.0012641522916965187
0.05672319047152996 0.001663590461248532
0.048475513234734535 0.0013822870096191764
0.038500286638736725 0.001234975439729169
0.05402958858758211 0.0016175169148482382
0.05628955643624067 0.0016491796704940498
0.039281644858419895 0.0012708362482953817
