0.04176073335111141 0.0013488183030858636
0.038129487074911594 0.0012235274771228433
0.041668010875582695 0.0013100666692480445
0.03816421702504158 0.0012250210565980524
0.041766464710235596 0.0013491770077962428
0.054026342928409576 0.00161386450054124
0.03899398073554039 0.0012605621886905283
0.03810795396566391 0.0012226052058394998
0.05405051540583372 0.0016142836539074779
0.03675682656466961 0.0011398750357329845
0.03814908675849438 0.0012243649689480662
0.04202273767441511 0.0013650561159010977
0.03898882493376732 0.001260337230633013
0.05609709396958351 0.0016461294144392014
0.05400118324905634 0.001613489119336009
0.05600518826395273 0.001644704636419192
0.03814377635717392 0.0012241422955412418
0.0368120176717639 0.001141779008321464
0.05407431349158287 0.0016146331327036023
0.05176320020109415 0.0014597886911360547
0.052428118884563446 0.001515277399448678
0.05164812784641981 0.001457129663322121
0.05605595838278532 0.0016455505101475865
0.037380944937467575 0.001161443447927013
0.038135395385324955 0.0012237817281857133
0.03900125529617071 0.0012608621618710458
0.03739583306014538 0.0011898308293893933
0.04166846442967653 0.0013101031072437763
0.03899337071925402 0.0012605274678207934
0.05425169598311186 0.0016213799244724214
0.0381334163248539 0.001223694154759869
0.03676930721849203 0.0011402358068153262
0.053991916589438915 0.001613339059986174
0.0417642816901207 0.001349074940662831
0.038141146302223206 0.0012240311480127275
0.04133006837219 0.0012827272585127503
0.04176647029817104 0.0013491942372638732
0.05399436969310045 0.0016133693279698491
0.056093890219926834 0.0016460753395222127
0.03899043705314398 0.0012604041694430634
0.05398013815283775 0.0016131567535921931
0.054008444771170616 0.0016135971527546644
0.03556013200432062 0.0009258809150196612
0.05602571461349726 0.001644997886614874
0.037324090488255024 0.001159438761533238
0.053957090713083744 0.001612790278159082
0.03897096682339907 0.001259578566532582
0.051720159128308296 0.0014588902122341096
0.0517251081764698 0.0014589670608984306
0.056078397668898106 0.0016458281315863132
0.04883061349391937 0.0013909482513554394
0.0368202980607748 0.0011420788941904902
0.0381433442234993 0.001224126375745982
0.038164894096553326 0.0012250277504790574
0.05606178194284439 0.0016455717850476503
0.05174958240240812 0.001459463033825159
0.05161370988935232 0.0014563664008164778
0.036799248307943344 0.0011413303145673126
0.056069216690957546 0.0016457017627544701
0.05167530383914709 0.0014579824346583337
0.048660910688340664 0.0013869302347302437
0.0560943353921175 0.0016460903862025589
0.05608034413307905 0.001645861630095169
0.05606903415173292 0.0016456934390589595
0.04176889546215534 0.0013494130107574165
0.05426119826734066 0.0016215570794884115
0.056087594479322433 0.001645984302740544
0.03675561398267746 0.0011398325150366873
0.03816518932580948 0.001225051295477897
0.03813698887825012 0.0012238409835845232
0.05602313671261072 0.001644973293878138
0.0420268913730979 0.0013652657507918775
0.05602388270199299 0.0016449909890070558
0.038130766712129116 0.001223571423906833
0.038107478991150856 0.0012225750251673162
0.037361277267336845 0.0011607245542109013
0.05427752062678337 0.0016218019591178745
0.0389991719275713 0.0012607756652869284
0.041754902340471745 0.0013484578230418265
0.038156043738126755 0.0012246843543834984
0.058661471121013165 0.0016900267219170928
0.05394928250461817 0.0016126689151860774
0.03896234463900328 0.0012591951963258907
0.036793945357203484 0.0011411023151595145
0.05402222275733948 0.0016138246282935143
0.03739420883357525 0.0011619005526881665
0.05406447593122721 0.0016145114204846323
0.03811607137322426 0.001222947146743536
0.03813405614346266 0.0012237268965691328
0.03897559363394976 0.0012597806635312736
0.04176187235862017 0.0013488778786268085
0.03814659174531698 0.0012242632801644504
0.038986471481621265 0.0012602517381310463
0.05608053505420685 0.0016458703903481364
0.03899114113301039 0.001260436256416142
0.04875837452709675 0.0013892055430915207
0.048752808943390846 0.0013891234702896327
0.04176290240138769 0.0013489568082150072
0.051721565425395966 0.0014589151687687263
0.05610527656972408 0.0016462519997730851
0.03813360072672367 0.0012236953189130872
0.03897311259061098 0.0012596808664966375
0.048856984823942184 0.0013914790179114789
0.038145605474710464 0.0012242111843079329
0.053985849022865295 0.0016132458695210516
0.037369225174188614 0.0011609431530814618
0.03680237475782633 0.0011414218752179295
0.03815146628767252 0.001224480161909014
0.03811197727918625 0.001222780381795019
0.052415293641388416 0.0015150992257986218
0.03612248692661524 0.0010381363390479237
0.03814977407455444 0.0012243819946888834
0.042027879506349564 0.0013652912166435272
0.05602258536964655 0.0016449511458631605
0.056034134700894356 0.0016451154660899192
0.054070803336799145 0.0016146060079336166
0.04176839254796505 0.0013492855650838464
0.04176739789545536 0.0013492849247995764
0.05424178019165993 0.0016212115297093987
0.03813840635120869 0.0012239055358804762
0.03898563515394926 0.0012601936614373699
0.038994804956018925 0.0012605881202034652
0.056091976352036 0.001646053249714896
0.03739521652460098 0.0011619139986578375
0.03811962530016899 0.001223103143274784
0.053987142629921436 0.0016132542514242232
0.03812448773533106 0.0012232967710588127
0.0390011016279459 0.001260851728147827
0.041770617477595806 0.001349476631730795
0.041770617477595806 0.001349476631730795
0.05609531607478857 0.0016460974584333599
0.03903364483267069 0.0012622428184840828
0.03808306436985731 0.0012215202732477337
0.03900248184800148 0.0012609155382961035
0.03814217168837786 0.0012240709329489619
0.03815671894699335 0.0012246935220900923
0.05610849428921938 0.0016463100910186768
0.05600740108639002 0.00164473764016293
0.03898943308740854 0.0012603601644514129
0.038147988729178905 0.0012243316159583628
0.05021718982607126 0.0014374903112184256
0.038994885981082916 0.0012606083473656327
0.03679896518588066 0.0011413191386964172
0.0381519990041852 0.0012245081888977438
0.04166110046207905 0.0013095307222101837
0.05238875932991505 0.0015145217766985297
0.03814403805881739 0.001224183855811134
0.04176040180027485 0.0013487805263139307
0.05414068233221769 0.0016156453639268875
0.05608845129609108 0.0016459892212878913
0.036332025192677975 0.001083865121472627
0.0560386348515749 0.0016452235577162355
0.038142804987728596 0.0012240957585163414
0.04177428223192692 0.0013496400497388095
0.04875739477574825 0.0013891241105739027
0.0389789380133152 0.0012599263282027096
0.04177289456129074 0.0013495818129740655
0.036763125099241734 0.0011400870571378618
0.05604898277670145 0.0016453624702990055
0.03822947386652231 0.0012278069334570318
0.037397317588329315 0.001189897971926257
0.03814749978482723 0.001224305626237765
0.05398984719067812 0.0016133079188875854
0.03900005295872688 0.0012608201359398663
0.03816184867173433 0.001224917417857796
0.0389862135052681 0.0012602331989910454
0.0517301419749856 0.0014590950158890337
0.03813762590289116 0.0012238716590218246
0.038139418698847294 0.00122394974459894
0.05404359567910433 0.0016141822561621666
0.0416593411937356 0.0013094078458379954
0.038965010084211826 0.0012593073188327253
0.05397788155823946 0.0016131149022839963
0.03679603897035122 0.0011412044987082481
0.05395992938429117 0.0016128358547575772
0.0381260858848691 0.0012233674933668226
0.03899773582816124 0.0012607203680090606
0.03902896586805582 0.0012620591587619856
0.03679818753153086 0.0011412666353862733
0.03814711980521679 0.0012242761149536818
0.03815467841923237 0.0012246253609191626
0.05399511940777302 0.0016134207253344357
0.03902837913483381 0.001262033882085234
0.05240393429994583 0.0015147934900596738
0.053991141729056835 0.001613330328837037
0.038992103189229965 0.0012604816438397393
0.03815711475908756 0.0012247230624780059
0.054009574465453625 0.001613612927030772
0.05602590460330248 0.001645064476178959
0.05611390992999077 0.001646399119636044
0.03813124820590019 0.0012235990434419364
0.04165319725871086 0.0013088973646517843
0.03822687081992626 0.001227687462233007
0.05409758631139994 0.0016150727751664817
0.050244126468896866 0.0014378681662492454
0.038136024959385395 0.0012238012859597802
0.03816552460193634 0.0012250574945937842
0.038166437298059464 0.0012251009175088257
0.051605324260890484 0.0014561450079781935
0.03678956814110279 0.0011409658181946725
0.04889761470258236 0.001392396487062797
0.03812916483730078 0.001223513827426359
0.05607315618544817 0.0016457635792903602
0.03813062887638807 0.00122356868814677
0.05401950981467962 0.001613772357814014
0.052395906299352646 0.0015146945079322904
0.038139221258461475 0.0012239385687280446
0.05398490559309721 0.0016132349846884608
0.04202550835907459 0.0013651519548147917
0.03680055122822523 0.001141387881943956
0.03898514900356531 0.001260179080418311
0.04165757168084383 0.001309247629251331
0.04874849505722523 0.0013890508271288127
0.03739749453961849 0.001189902308396995
0.03813330829143524 0.0012236737238708884
0.038149453699588776 0.0012243794044479728
0.03899150248616934 0.001260448421817273
0.036799666471779346 0.001141351938713342
0.05403196532279253 0.0016139805084094405
0.03818285930901766 0.0012258158531039953
0.03812531568109989 0.001223346102051437
0.03812359180301428 0.001223273458890617
0.056012905202805996 0.0016448185197077692
0.0381453325971961 0.0012242071970831603
0.056049869395792484 0.0016453971329610795
0.03814591374248266 0.0012242343509569764
0.05600190721452236 0.001644655887503177
0.05400336906313896 0.0016135154874064028
0.03897159360349178 0.001259608005057089
0.03899706061929464 0.0012606793752638623
0.05107513442635536 0.0014436297642532736
0.05429045669734478 0.001622053183382377
0.03894429840147495 0.001258339048945345
0.03813245892524719 0.0012236527691129595
0.054019806906580925 0.0016137738712131977
0.04904923029243946 0.0013960932556074113
0.04201840981841087 0.0013645244762301445
0.038133167661726475 0.0012236735201440752
0.042028073221445084 0.0013653032365255058
0.056086596101522446 0.0016459700418636203
0.03813915327191353 0.0012239317875355482
0.038153559900820255 0.0012245809193700552
0.03897521644830704 0.0012597709719557315
0.038137007504701614 0.0012238429917488247
0.03813757374882698 0.0012238695926498622
0.0389961889013648 0.0012606438540387899
0.05400001350790262 0.0016134516918100417
0.054042438976466656 0.0016141280648298562
0.05027248617261648 0.0014385590911842883
0.03812279086560011 0.0012232292792759836
0.038152349181473255 0.00122451686183922
0.03812257293611765 0.0012232203444000334
0.04177271015942097 0.0013495503517333418
0.03739664610475302 0.001189852540846914
0.03899371903389692 0.0012605543452082202
0.03813204448670149 0.0012236333568580449
0.038298020139336586 0.0012307314318604767
0.041660488583147526 0.0013094746100250632
0.04176424629986286 0.0013490291603375226
0.03815408330410719 0.0012245918333064765
0.053985048085451126 0.0016132363234646618
0.048794020898640156 0.001390239835018292
0.03898946847766638 0.0012603770446730778
0.03810269571840763 0.0012223770609125495
0.051649900153279305 0.0014574401284335181
0.0420185336843133 0.0013648178428411484
0.03900309931486845 0.001260945908143185
0.05406872555613518 0.0016145435511134565
0.038133650086820126 0.0012237010232638568
0.05410438869148493 0.0016151859308592975
0.04875959176570177 0.0013892159331589937
0.041664548218250275 0.001309799263253808
0.04871702939271927 0.0013888638641219586
0.05396541766822338 0.0016129305586218834
0.03815198130905628 0.0012245033867657185
0.052453262731432915 0.001516052259830758
0.03814617358148098 0.0012242354569025338
0.038129634223878384 0.0012235329195391387
0.038958062417805195 0.0012590296246344224
0.05024359188973904 0.0014378659252543002
0.038989244028925896 0.0012603582435986027
0.04202662408351898 0.0013652317866217345
0.0539504149928689 0.001612691965419799
0.03679077606648207 0.0011410289735067636
0.03905075415968895 0.0012629939592443407
0.03898123186081648 0.0012600173067767173
0.039006419479846954 0.001261084427824244
0.03813990671187639 0.0012239674688316882
0.038997103460133076 0.0012606874079210684
0.049071104265749454 0.0013966338010504842
0.0417672349140048 0.001349279162241146
0.038131505250930786 0.0012236138863954693
0.03738255240023136 0.0011614495306275785
0.0539906183257699 0.0016133206081576645
0.03899464476853609 0.0012605803640326485
0.03737919498234987 0.0011613501701503992
0.05406109057366848 0.0016144267283380032
0.038114143535494804 0.0012228760751895607
0.03899763897061348 0.0012607105600181967
0.05865662544965744 0.0016899312904570252
0.03810462728142738 0.001222455408424139
0.054100124165415764 0.001615104905795306
0.03813949879258871 0.0012239542847964913
0.05398589465767145 0.0016132481396198273
0.05607078783214092 0.0016457300225738436
0.04132773354649544 0.001282479614019394
0.04878724925220013 0.0013899742043577135
0.03814748860895634 0.001224305189680308
0.03814186900854111 0.0012240568466950208
0.05402043554931879 0.0016137785860337317
0.05601068213582039 0.001644786330871284
0.03899715840816498 0.0012606888922164217
0.03898757416754961 0.0012602843344211578
0.03681204281747341 0.0011418225185479969
0.036798546090722084 0.001141300395829603
0.038984017446637154 0.0012601493945112452
0.0389815391972661 0.0012600258341990411
0.03899817634373903 0.0012607343815034255
0.03738688863813877 0.001161590829724446
0.03814316913485527 0.0012241203512530774
0.03813973441720009 0.0012239633360877633
0.049323306418955326 0.0014024291886016726
0.03814127016812563 0.0012240399955771863
0.04176593106240034 0.001349173195194453
0.036800166592001915 0.0011413709435146302
0.041808235459029675 0.001351723331026733
0.04884258657693863 0.0013912985159549862
0.048862433061003685 0.0013916483148932457
0.03739599324762821 0.0011898484081029892
0.03809392172843218 0.0012219876516610384
0.05024549178779125 0.0014379087660927325
0.038254592567682266 0.0012288810103200376
0.04888003412634134 0.0013922281505074352
0.038993241265416145 0.001260521778021939
0.05403568968176842 0.0016139866202138364
0.05291126389056444 0.0015252901648636907
0.05398862436413765 0.0016132728196680546
0.04176648519933224 0.0013492082944139838
0.05606548208743334 0.0016456437297165394
0.05173810850828886 0.0014592665247619152
0.0381327411159873 0.0012236631009727716
0.054282134398818016 0.0016218798118643463
0.05429574381560087 0.0016221098194364458
0.03680294379591942 0.0011414574400987476
0.03815676085650921 0.0012247131380718201
0.038987371139228344 0.0012602802162291482
0.03813092038035393 0.0012235830654390156
0.03811834845691919 0.001223038911120966
0.048768932931125164 0.0013896059826947749
0.038124640472233295 0.0012233005254529417
0.038124654442071915 0.0012233167653903365
0.038157302886247635 0.001224740088218823
0.038979288190603256 0.0012599429464899004
0.041764155961573124 0.0013490160054061562
0.05396421533077955 0.0016129065188579261
0.05396141670644283 0.0016128778806887567
0.054229626432061195 0.0016210176690947264
0.05394464451819658 0.0016126009868457913
0.05384361930191517 0.0015624584921170026
0.05242874380201101 0.0015153898566495627
0.054001759737730026 0.001613492495380342
0.0542319705709815 0.0016210425237659365
0.03816033061593771 0.0012248447455931455
0.04880691319704056 0.001390481775160879
0.03814573399722576 0.0012242341763339937
0.05607416946440935 0.0016457658202853054
0.0373972374945879 0.0011898889497388154
0.038121375255286694 0.0012231740693096071
0.038995265029370785 0.001260625256691128
0.054012563079595566 0.0016136806807480752
0.03898759372532368 0.0012603009381564334
0.05398724880069494 0.0016132672317326069
0.05613102111965418 0.0016466332017444074
0.03810668084770441 0.001222537219291553
0.04202633257955313 0.0013651990448124707
0.0367963807657361 0.0011412223684601486
0.04202983342111111 0.0013654084468726069
0.05171536561101675 0.001458797778468579
0.05403347034007311 0.0016139833023771644
0.05605375301092863 0.001645454321987927
0.038127205334603786 0.00122342849499546
0.03898827079683542 0.0012603115319507197
0.04201661888509989 0.0013644132704939693
0.038168746046721935 0.0012251990265212953
0.050227400846779346 0.0014375237515196204
0.05401416588574648 0.0016136813792400062
0.04176395758986473 0.0013489997654687613
0.03813381865620613 0.0012237033806741238
0.058660163544118404 0.0016899988695513457
0.054000817239284515 0.0016134814359247684
0.03814844787120819 0.0012243625824339688
0.03815796412527561 0.0012247665436007082
0.054029982537031174 0.0016139412764459848
0.03896681219339371 0.0012593898427439854
0.05609277915209532 0.0016460701008327305
0.041783141903579235 0.0013502291985787451
0.03900107368826866 0.0012608483229996637
0.05604154895991087 0.0016452471318189055
0.038152639754116535 0.0012245401740074158
0.05402253195643425 0.0016138253267854452
0.050255791284143925 0.0014381968940142542
0.038136374205350876 0.0012238168565090746
0.03681394923478365 0.001141894026659429
0.03899106103926897 0.0012604287767317146
0.03899426478892565 0.001260573699255474
0.03817300871014595 0.0012253173044882715
0.05604965053498745 0.0016453638672828674
0.054014584980905056 0.0016137134516611695
0.053963277488946915 0.0016128912102431059
0.038140011951327324 0.0012239804782439023
0.03580894321203232 0.000969087181147188
0.05166351515799761 0.001457513979403302
0.03814182989299297 0.0012240534997545183
0.05422685667872429 0.0016209353925660253
0.038144600577652454 0.001224184554303065
0.05408883094787598 0.0016148576396517456
0.05028371047228575 0.0014390454452950507
0.03898079413920641 0.0012599870970007032
0.03899246081709862 0.0012604935909621418
0.053984551690518856 0.0016132345772348344
0.039009883999824524 0.0012612325372174382
0.03814264666289091 0.001224093313794583
0.05024602264165878 0.0014380040811374784
0.038118467666208744 0.0012230536376591772
0.05402977950870991 0.001613935164641589
0.04885740019381046 0.0013916116440668702
0.0381527841091156 0.0012245751277077943
0.054027372039854527 0.0016138958744704723
0.037374273873865604 0.0011612712260102853
0.05426696687936783 0.0016216672083828598
0.054264853708446026 0.0016216293442994356
0.038132610730826855 0.0012236547481734306
0.04881795309484005 0.0013907962711527944
0.04201851971447468 0.001364808704238385
0.05402154475450516 0.0016137973289005458
0.05604288820177317 0.001645285723498091
0.03814360313117504 0.001224126695888117
0.03581036254763603 0.0009691770828794688
0.038162942975759506 0.0012249967840034515
0.05599846504628658 0.0016445954097434878
0.03817011043429375 0.0012252552842255682
0.05244032107293606 0.0015156625013332814
0.03897470887750387 0.0012597664026543498
0.037365526892244816 0.0011608056374825537
0.05405500624328852 0.001614325272385031
0.056051735766232014 0.0016454046999569982
0.03815654572099447 0.0012246876722201705
0.03739832155406475 0.0011899263190571219
0.05609751306474209 0.0016461319173686206
0.03813224472105503 0.0012236363254487514
0.03814006317406893 0.0012239891802892089
0.048676553182303905 0.0013872809067834169
0.04868940357118845 0.0013876176089979708
0.05599104426801205 0.0016444851935375482
0.04176276922225952 0.0013489493285305798
0.048829756677150726 0.0013908671389799565
0.03806870710104704 0.0012209269625600427
0.05425236467272043 0.0016214310307987034
0.03816801216453314 0.0012251819425728172
0.04875755961984396 0.0013891326379962265
0.038994623348116875 0.0012605751253431663
0.03901445120573044 0.0012614203296834603
0.04176532197743654 0.0013491407735273242
0.05405103787779808 0.0016143083339557052
0.04876358341425657 0.0013892723945900798
0.03814027179032564 0.0012239936622790992
0.05600298661738634 0.0016446722438558936
0.042018054984509945 0.0013644971477333456
0.03814773540943861 0.0012243103992659599
0.05148774664849043 0.0014533719222526997
0.03816148918122053 0.001224893843755126
0.05170807708054781 0.0014586044562747702
0.05408091377466917 0.001614781387615949
0.054001872427761555 0.0016135003534145653
0.03814681526273489 0.0012242751545272768
0.03897971007972956 0.0012599644978763536
0.03813776094466448 0.0012238778581377119
0.03834713064134121 0.001232833950780332
0.05609610956162214 0.0016461122722830623
0.054041292518377304 0.0016141115920618176
0.038984620943665504 0.0012601542548509315
0.0390038825571537 0.0012609784171218053
0.04133747797459364 0.0012834368972107768
0.04202339891344309 0.0013650639448314905
0.056144386529922485 0.001646879652980715
0.03899248130619526 0.0012605033261934295
0.03813853673636913 0.0012239104835316539
0.03680010885000229 0.0011413695756345987
0.03738943953067064 0.0011618259886745363
0.03682135045528412 0.0011421322997193784
0.038113621063530445 0.0012228300620336086
0.056074715219438076 0.0016457930614706129
0.050275919027626514 0.0014385812683030963
0.04176532570272684 0.0013491444115061313
0.05607066582888365 0.001645714684855193
0.038990117609500885 0.0012603875220520422
0.05177544057369232 0.0014601759758079425
0.038121527060866356 0.0012231769505888224
0.0389568442478776 0.0012589544930960983
0.03679083660244942 0.0011410322913434356
