0.0329321291340739 0.0007720186524581417
0.03322193819289289 0.0008408048931248429
0.03322193819289289 0.0008408048931248429
0.033221938192892896 0.0008408048931248429
0.033221938192892896 0.0008408048931248429
0.033221938192892896 0.0008408048931248429
0.033221938192892896 0.0008408048931248429
0.033749186972839657 0.0009211986447967165
0.03512810458946878 0.0009720086526110155
0.03512810458946878 0.0009720086526110155
0.03512810458946878 0.0009720086526110155
0.03534032120850972 0.0010059277665037069
0.03534032120850972 0.0010059277665037069
0.03534032120850972 0.0010059277665037069
0.03534032120850972 0.0010059277665037069
0.03534032120850972 0.0010059277665037069
0.03534032120850972 0.0010059277665037069
0.03534032120850972 0.0010059277665037069
0.03534032120850972 0.0010059277665037069
0.03534032120850972 0.0010059277665037069
0.03534032120850972 0.0010059277665037069
0.03534032120850972 0.0010059277665037069
0.03534032120850972 0.0010059277665037069
0.03534032120850972 0.0010059277665037069
0.03534032120850972 0.0010059277665037069
0.03534032120850972 0.0010059277665037069
0.03534032120850972 0.0010059277665037069
0.03534032120850972 0.0010059277665037069
0.03534032120850972 0.0010059277665037069
0.03534032120850972 0.0010059277665037069
0.03534032120850972 0.0010059277665037069
0.03534032120850972 0.0010059277665037069
0.03534032120850972 0.0010059277665037069
0.03534032120850972 0.0010059277665037069
0.03534032120850972 0.0010059277665037069
0.03534032120850972 0.0010059277665037069
0.03534032120850972 0.0010059277665037069
0.03534032120850972 0.0010059277665037069
0.03534032120850972 0.0010059277665037069
0.03534032120850972 0.0010059277665037069
0.03534032120850972 0.0010059277665037069
0.03534032120850972 0.0010059277665037069
0.03534032120850972 0.0010059277665037069
0.03534032120850972 0.0010059277665037069
0.03534032120850972 0.0010059277665037069
0.03534032120850972 0.0010059277665037069
0.03534032120850972 0.0010059277665037069
0.03534032120850972 0.0010059277665037069
0.03534032120850972 0.0010059277665037069
0.03534032120850972 0.0010059277665037069
0.03534032120850972 0.0010059277665037069
0.03534032120850972 0.0010059277665037069
0.03534032120850972 0.0010059277665037069
0.03534032120850972 0.0010059277665037069
0.03534032120850972 0.0010059277665037069
0.03534032120850972 0.0010059277665037069
0.03534032120850972 0.0010059277665037069
0.03534032120850972 0.0010059277665037069
0.03534032120850972 0.0010059277665037069
0.03534032120850972 0.0010059277665037069
0.03534032120850972 0.0010059277665037069
0.03534032120850972 0.0010059277665037069
0.03534032120850972 0.0010059277665037069
0.03534032120850972 0.0010059277665037069
0.03534032120850972 0.0010059277665037069
0.03534032120850972 0.0010059277665037069
0.03534032120850972 0.0010059277665037069
0.03534032120850972 0.0010059277665037069
0.03534032120850972 0.0010059277665037069
0.03534032120850972 0.0010059277665037069
0.03534032120850972 0.0010059277665037069
0.03534032120850972 0.0010059277665037069
0.03534032120850972 0.0010059277665037069
0.03534032120850972 0.0010059277665037069
0.03534032120850972 0.0010059277665037069
0.03534032120850972 0.0010059277665037069
0.03534032120850972 0.0010059277665037069
0.03534032120850972 0.0010059277665037069
0.03534032120850972 0.0010059277665037069
0.03534032120850972 0.0010059277665037069
0.03534032120850972 0.0010059277665037069
0.03534032120850972 0.0010059277665037069
0.03534032120850972 0.0010059277665037069
0.03534032120850972 0.0010059277665037069
0.03534032120850972 0.0010059277665037069
0.03534032120850972 0.0010059277665037069
0.03534032120850972 0.0010059277665037069
0.03534032120850972 0.0010059277665037069
0.03534032120850972 0.0010059277665037069
0.03534032120850972 0.0010059277665037069
0.03534032120850972 0.0010059277665037069
0.03534032120850972 0.0010059277665037069
0.03534032120850972 0.0010059277665037069
0.03534032120850972 0.0010059277665037069
0.03534032120850972 0.0010059277665037069
0.03534032120850972 0.0010059277665037069
0.03534032120850972 0.0010059277665037069
0.03534032120850972 0.0010059277665037069
0.03534032120850972 0.0010059277665037069
0.03534032120850972 0.0010059277665037069
0.03534032120850972 0.0010059277665037069
0.03534032120850972 0.0010059277665037069
0.03534032120850972 0.0010059277665037069
0.03534032120850972 0.0010059277665037069
0.03534032120850972 0.0010059277665037069
0.03534032120850972 0.0010059277665037069
0.03534032120850972 0.0010059277665037069
0.03534032120850972 0.0010059277665037069
0.03534032120850972 0.0010059277665037069
0.03534032120850972 0.0010059277665037069
0.03534032120850972 0.0010059277665037069
0.03534032120850972 0.0010059277665037069
0.03534032120850972 0.0010059277665037069
0.03534032120850972 0.0010059277665037069
0.03534032120850972 0.0010059277665037069
0.03534032120850972 0.0010059277665037069
0.03534032120850972 0.0010059277665037069
0.03534032120850972 0.0010059277665037069
0.03534032120850972 0.0010059277665037069
0.03534032120850972 0.0010059277665037069
0.03534032120850972 0.0010059277665037069
0.03534032120850972 0.0010059277665037069
0.03534032120850972 0.0010059277665037069
0.03534032120850972 0.0010059277665037069
0.03534032120850972 0.0010059277665037069
0.03534032120850972 0.0010059277665037069
0.03534032120850972 0.0010059277665037069
0.03534032120850972 0.0010059277665037069
0.03534032120850972 0.0010059277665037069
0.03534032120850972 0.0010059277665037069
0.03534032120850972 0.0010059277665037069
0.03534032120850972 0.0010059277665037069
0.03534032120850972 0.0010059277665037069
0.03534032120850972 0.0010059277665037069
0.03534032120850972 0.0010059277665037069
0.03534032120850972 0.0010059277665037069
0.03534032120850972 0.0010059277665037069
0.03534032120850972 0.0010059277665037069
0.03534032120850972 0.0010059277665037069
0.03534032120850972 0.0010059277665037069
0.03534032120850972 0.0010059277665037069
0.03534032120850972 0.0010059277665037069
0.03534032120850972 0.0010059277665037069
0.03534032120850972 0.0010059277665037069
0.03534032120850972 0.0010059277665037069
0.03534032120850972 0.0010059277665037069
0.03534032120850972 0.0010059277665037069
0.03534032120850972 0.0010059277665037069
0.03534032120850972 0.0010059277665037069
0.03534032120850972 0.0010059277665037069
0.03534032120850972 0.0010059277665037069
0.03534032120850972 0.0010059277665037069
0.03534032120850972 0.0010059277665037069
0.03534032120850972 0.0010059277665037069
0.03534032120850972 0.0010059277665037069
0.03534032120850972 0.0010059277665037069
0.03534032120850972 0.0010059277665037069
0.03534032120850972 0.0010059277665037069
0.03534032120850972 0.0010059277665037069
0.03534032120850972 0.0010059277665037069
0.03534032120850972 0.0010059277665037069
0.03534032120850972 0.0010059277665037069
0.03534032120850972 0.0010059277665037069
0.03534032120850972 0.0010059277665037069
0.03534032120850972 0.0010059277665037069
0.03534032120850972 0.0010059277665037069
0.03534032120850972 0.0010059277665037069
0.03534032120850972 0.0010059277665037069
0.03534032120850972 0.0010059277665037069
0.03534032120850972 0.0010059277665037069
0.03534032120850972 0.0010059277665037069
0.03534032120850972 0.0010059277665037069
0.03534032120850972 0.0010059277665037069
0.03534032120850972 0.0010059277665037069
0.03534032120850972 0.0010059277665037069
0.03534032120850972 0.0010059277665037069
0.03534032120850972 0.0010059277665037069
0.03534032120850972 0.0010059277665037069
0.03534032120850972 0.0010059277665037069
0.03534032120850972 0.0010059277665037069
0.03534032120850972 0.0010059277665037069
0.03534032120850972 0.0010059277665037069
0.03534032120850972 0.0010059277665037069
0.03534032120850972 0.0010059277665037069
0.03578710776626426 0.0010763217228251677
0.03578710776626426 0.0010763217228251677
0.03578710776626426 0.0010763217228251677
0.03578710776626426 0.0010763217228251677
0.03578710776626426 0.0010763217228251677
0.03578710776626426 0.0010763217228251677
0.03578710776626426 0.0010763217228251677
0.03578710776626426 0.0010763217228251677
0.03578710776626426 0.0010763217228251677
0.03578710776626426 0.0010763217228251677
0.03578710776626426 0.0010763217228251677
0.03578710776626426 0.0010763217228251677
0.03578710776626426 0.0010763217228251677
0.03578710776626426 0.0010763217228251677
0.03578710776626426 0.0010763217228251677
0.03578710776626426 0.0010763217228251677
0.03578710776626426 0.0010763217228251677
0.03578710776626426 0.0010763217228251677
0.03578710776626426 0.0010763217228251677
0.03578710776626426 0.0010763217228251677
0.03578710776626426 0.0010763217228251677
0.03578710776626426 0.0010763217228251677
0.03578710776626426 0.0010763217228251677
0.03578710776626426 0.0010763217228251677
0.03578710776626426 0.0010763217228251677
0.03578710776626426 0.0010763217228251677
0.03578710776626426 0.0010763217228251677
0.03578710776626426 0.0010763217228251677
0.03578710776626426 0.0010763217228251677
0.03578710776626426 0.0010763217228251677
0.03578710776626426 0.0010763217228251677
0.03578710776626426 0.0010763217228251677
0.03578710776626426 0.0010763217228251677
0.03578710776626426 0.0010763217228251677
0.03578710776626426 0.0010763217228251677
0.03578710776626426 0.0010763217228251677
0.03578710776626426 0.0010763217228251677
0.03578710776626426 0.0010763217228251677
0.03578710776626426 0.0010763217228251677
0.03578710776626426 0.0010763217228251677
0.03578710776626426 0.0010763217228251677
0.03578710776626426 0.0010763217228251677
0.03578710776626426 0.0010763217228251677
0.03578710776626426 0.0010763217228251677
0.03578710776626426 0.0010763217228251677
0.03578710776626426 0.0010763217228251677
0.03578710776626426 0.0010763217228251677
0.03578710776626426 0.0010763217228251677
0.03578710776626426 0.0010763217228251677
0.03578710776626426 0.0010763217228251677
0.03578710776626426 0.0010763217228251677
0.03578710776626426 0.0010763217228251677
0.03578710776626426 0.0010763217228251677
0.03578710776626426 0.0010763217228251677
0.03578710776626426 0.0010763217228251677
0.03578710776626426 0.0010763217228251677
0.03578710776626426 0.0010763217228251677
0.03578710776626426 0.0010763217228251677
0.03578710776626426 0.0010763217228251677
0.03578710776626426 0.0010763217228251677
0.03578710776626426 0.0010763217228251677
0.03578710776626426 0.0010763217228251677
0.03578710776626426 0.0010763217228251677
0.03578710776626426 0.0010763217228251677
0.03578710776626426 0.0010763217228251677
0.03578710776626426 0.0010763217228251677
0.03578710776626426 0.0010763217228251677
0.03578710776626426 0.0010763217228251677
0.03578710776626426 0.0010763217228251677
0.03578710776626426 0.0010763217228251677
0.03578710776626426 0.0010763217228251677
0.03578710776626426 0.0010763217228251677
0.03578710776626426 0.0010763217228251677
0.03578710776626426 0.0010763217228251677
0.03578710776626426 0.0010763217228251677
0.03578710776626426 0.0010763217228251677
0.03578710776626426 0.0010763217228251677
0.03578710776626426 0.0010763217228251677
0.03578710776626426 0.0010763217228251677
0.03578710776626426 0.0010763217228251677
0.03578710776626426 0.0010763217228251677
0.03578710776626426 0.0010763217228251677
0.03578710776626426 0.0010763217228251677
0.03578710776626426 0.0010763217228251677
0.03578710776626426 0.0010763217228251677
0.03578710776626426 0.0010763217228251677
0.03578710776626426 0.0010763217228251677
0.03578710776626426 0.0010763217228251677
0.03578710776626426 0.0010763217228251677
0.03578710776626426 0.0010763217228251677
0.03578710776626426 0.0010763217228251677
0.03578710776626426 0.0010763217228251677
0.03578710776626426 0.0010763217228251677
0.03578710776626426 0.0010763217228251677
0.03578710776626426 0.0010763217228251677
0.03578710776626426 0.0010763217228251677
0.03578710776626426 0.0010763217228251677
0.03578710776626426 0.0010763217228251677
0.03578710776626426 0.0010763217228251677
0.037274989319711856 0.001125278727540798
0.038242933662608336 0.0011921890591722992
0.038242933662608336 0.0011921890591722992
0.038242933662608336 0.0011921890591722992
0.038242933662608336 0.0011921890591722992
0.038242933662608336 0.0011921890591722992
0.038242933662608336 0.0011921890591722992
0.038242933662608336 0.0011921890591722992
0.038242933662608336 0.0011921890591722992
0.038242933662608336 0.0011921890591722992
0.03973081521605594 0.0012411460638879295
0.04210617889020779 0.0013470136048846482
0.04855836668129922 0.0013668072667771451
0.04855836668129922 0.0013668072667771451
0.049085615461245985 0.0014472010184490187
0.049085615461245985 0.0014472010184490187
0.049085615461245985 0.0014472010184490187
0.051020283572448116 0.0015665519794861096
0.061125080166133036 0.0016261853634602919
