0.03156256590346727 0.0006136854280303675
0.032797504954811006 0.0007729666653394599
0.032797504954811006 0.0007729666653394599
0.032797504954811006 0.0007729666653394599
0.032797504954811006 0.0007729666653394599
0.03279750495481101 0.0007729666653394599
0.03279750495481101 0.0007729666653394599
0.033749186972839657 0.0009211986447967164
0.033749186972839657 0.0009211986447967165
0.033749186972839657 0.0009211986447967165
0.033749186972839657 0.0009211986447967165
0.033749186972839657 0.0009211986447967165
0.0341959735305942 0.000991592601118177
0.0341959735305942 0.000991592601118177
0.0341959735305942 0.000991592601118177
0.0341959735305942 0.000991592601118177
0.0341959735305942 0.000991592601118177
0.0341959735305942 0.000991592601118177
0.0341959735305942 0.000991592601118177
0.0341959735305942 0.000991592601118177
0.0341959735305942 0.000991592601118177
0.0341959735305942 0.000991592601118177
0.0341959735305942 0.000991592601118177
0.0341959735305942 0.000991592601118177
0.0341959735305942 0.000991592601118177
0.0341959735305942 0.000991592601118177
0.0341959735305942 0.000991592601118177
0.0341959735305942 0.000991592601118177
0.0341959735305942 0.000991592601118177
0.0341959735305942 0.000991592601118177
0.0341959735305942 0.000991592601118177
0.0341959735305942 0.000991592601118177
0.0341959735305942 0.000991592601118177
0.0341959735305942 0.000991592601118177
0.0341959735305942 0.000991592601118177
0.0341959735305942 0.000991592601118177
0.0341959735305942 0.000991592601118177
0.0341959735305942 0.000991592601118177
0.0341959735305942 0.000991592601118177
0.0341959735305942 0.000991592601118177
0.0341959735305942 0.000991592601118177
0.0341959735305942 0.000991592601118177
0.0341959735305942 0.000991592601118177
0.0341959735305942 0.000991592601118177
0.0341959735305942 0.000991592601118177
0.0341959735305942 0.000991592601118177
0.0341959735305942 0.000991592601118177
0.0341959735305942 0.000991592601118177
0.0341959735305942 0.000991592601118177
0.0341959735305942 0.000991592601118177
0.0341959735305942 0.000991592601118177
0.0341959735305942 0.000991592601118177
0.0341959735305942 0.000991592601118177
0.0341959735305942 0.000991592601118177
0.0341959735305942 0.000991592601118177
0.0341959735305942 0.000991592601118177
0.0341959735305942 0.000991592601118177
0.0341959735305942 0.000991592601118177
0.0341959735305942 0.000991592601118177
0.0341959735305942 0.000991592601118177
0.0341959735305942 0.000991592601118177
0.0341959735305942 0.000991592601118177
0.0341959735305942 0.000991592601118177
0.0341959735305942 0.000991592601118177
0.0341959735305942 0.000991592601118177
0.0341959735305942 0.000991592601118177
0.0341959735305942 0.000991592601118177
0.0341959735305942 0.000991592601118177
0.0341959735305942 0.000991592601118177
0.0341959735305942 0.000991592601118177
0.0341959735305942 0.000991592601118177
0.0341959735305942 0.000991592601118177
0.0341959735305942 0.000991592601118177
0.0341959735305942 0.000991592601118177
0.0341959735305942 0.000991592601118177
0.0341959735305942 0.000991592601118177
0.0341959735305942 0.000991592601118177
0.0341959735305942 0.000991592601118177
0.0341959735305942 0.000991592601118177
0.0341959735305942 0.000991592601118177
0.0341959735305942 0.000991592601118177
0.0341959735305942 0.000991592601118177
0.0341959735305942 0.000991592601118177
0.0341959735305942 0.000991592601118177
0.0341959735305942 0.000991592601118177
0.0341959735305942 0.000991592601118177
0.0341959735305942 0.000991592601118177
0.0341959735305942 0.000991592601118177
0.0341959735305942 0.000991592601118177
0.0341959735305942 0.000991592601118177
0.0341959735305942 0.000991592601118177
0.0341959735305942 0.000991592601118177
0.0341959735305942 0.000991592601118177
0.0341959735305942 0.000991592601118177
0.0341959735305942 0.000991592601118177
0.0341959735305942 0.000991592601118177
0.0341959735305942 0.000991592601118177
0.0341959735305942 0.000991592601118177
0.0341959735305942 0.000991592601118177
0.0341959735305942 0.000991592601118177
0.0341959735305942 0.000991592601118177
0.0341959735305942 0.000991592601118177
0.0341959735305942 0.000991592601118177
0.0341959735305942 0.000991592601118177
0.0341959735305942 0.000991592601118177
0.0341959735305942 0.000991592601118177
0.0341959735305942 0.000991592601118177
0.0341959735305942 0.000991592601118177
0.0341959735305942 0.000991592601118177
0.0341959735305942 0.000991592601118177
0.0341959735305942 0.000991592601118177
0.0341959735305942 0.000991592601118177
0.0341959735305942 0.000991592601118177
0.0341959735305942 0.000991592601118177
0.0341959735305942 0.000991592601118177
0.0341959735305942 0.000991592601118177
0.0341959735305942 0.000991592601118177
0.0341959735305942 0.000991592601118177
0.0341959735305942 0.000991592601118177
0.0341959735305942 0.000991592601118177
0.0341959735305942 0.000991592601118177
0.0341959735305942 0.000991592601118177
0.0341959735305942 0.000991592601118177
0.0341959735305942 0.000991592601118177
0.0341959735305942 0.000991592601118177
0.0341959735305942 0.000991592601118177
0.0341959735305942 0.000991592601118177
0.0341959735305942 0.000991592601118177
0.0341959735305942 0.000991592601118177
0.0341959735305942 0.000991592601118177
0.0341959735305942 0.000991592601118177
0.0341959735305942 0.000991592601118177
0.0341959735305942 0.000991592601118177
0.0341959735305942 0.000991592601118177
0.0341959735305942 0.000991592601118177
0.0341959735305942 0.000991592601118177
0.0341959735305942 0.000991592601118177
0.0341959735305942 0.000991592601118177
0.0341959735305942 0.000991592601118177
0.0341959735305942 0.000991592601118177
0.0341959735305942 0.000991592601118177
0.0341959735305942 0.000991592601118177
0.0341959735305942 0.000991592601118177
0.0341959735305942 0.000991592601118177
0.0341959735305942 0.000991592601118177
0.0341959735305942 0.000991592601118177
0.0341959735305942 0.000991592601118177
0.0341959735305942 0.000991592601118177
0.0341959735305942 0.000991592601118177
0.0341959735305942 0.000991592601118177
0.0341959735305942 0.000991592601118177
0.0341959735305942 0.000991592601118177
0.0341959735305942 0.000991592601118177
0.0341959735305942 0.000991592601118177
0.0341959735305942 0.000991592601118177
0.0341959735305942 0.000991592601118177
0.0341959735305942 0.000991592601118177
0.0341959735305942 0.000991592601118177
0.0341959735305942 0.000991592601118177
0.0341959735305942 0.000991592601118177
0.0341959735305942 0.000991592601118177
0.0341959735305942 0.000991592601118177
0.0341959735305942 0.000991592601118177
0.0341959735305942 0.000991592601118177
0.0341959735305942 0.000991592601118177
0.0341959735305942 0.000991592601118177
0.0341959735305942 0.000991592601118177
0.0341959735305942 0.000991592601118177
0.0341959735305942 0.000991592601118177
0.0341959735305942 0.000991592601118177
0.0341959735305942 0.000991592601118177
0.0341959735305942 0.000991592601118177
0.0341959735305942 0.000991592601118177
0.0341959735305942 0.000991592601118177
0.0341959735305942 0.000991592601118177
0.0341959735305942 0.000991592601118177
0.0341959735305942 0.000991592601118177
0.0341959735305942 0.000991592601118177
0.0341959735305942 0.000991592601118177
0.0341959735305942 0.000991592601118177
0.0341959735305942 0.000991592601118177
0.0341959735305942 0.000991592601118177
0.0341959735305942 0.000991592601118177
0.0341959735305942 0.000991592601118177
0.0341959735305942 0.000991592601118177
0.0341959735305942 0.000991592601118177
0.0341959735305942 0.000991592601118177
0.0341959735305942 0.000991592601118177
0.0341959735305942 0.000991592601118177
0.0341959735305942 0.000991592601118177
0.0341959735305942 0.000991592601118177
0.0341959735305942 0.000991592601118177
0.0341959735305942 0.000991592601118177
0.0341959735305942 0.000991592601118177
0.0341959735305942 0.000991592601118177
0.0341959735305942 0.000991592601118177
0.0341959735305942 0.000991592601118177
0.0341959735305942 0.000991592601118177
0.0341959735305942 0.000991592601118177
0.0341959735305942 0.000991592601118177
0.0341959735305942 0.000991592601118177
0.0341959735305942 0.000991592601118177
0.0341959735305942 0.000991592601118177
0.0341959735305942 0.000991592601118177
0.0341959735305942 0.000991592601118177
0.0341959735305942 0.000991592601118177
0.0341959735305942 0.000991592601118177
0.0341959735305942 0.000991592601118177
0.0341959735305942 0.000991592601118177
0.0341959735305942 0.000991592601118177
0.0341959735305942 0.000991592601118177
0.0341959735305942 0.000991592601118177
0.0341959735305942 0.000991592601118177
0.0341959735305942 0.000991592601118177
0.0341959735305942 0.000991592601118177
0.0341959735305942 0.000991592601118177
0.0341959735305942 0.000991592601118177
0.0341959735305942 0.000991592601118177
0.0341959735305942 0.000991592601118177
0.0341959735305942 0.000991592601118177
0.0341959735305942 0.000991592601118177
0.0341959735305942 0.000991592601118177
0.0341959735305942 0.000991592601118177
0.0341959735305942 0.000991592601118177
0.0341959735305942 0.000991592601118177
0.0341959735305942 0.000991592601118177
0.0341959735305942 0.000991592601118177
0.0341959735305942 0.000991592601118177
0.0341959735305942 0.000991592601118177
0.0341959735305942 0.000991592601118177
0.0341959735305942 0.000991592601118177
0.0341959735305942 0.000991592601118177
0.0341959735305942 0.000991592601118177
0.0341959735305942 0.000991592601118177
0.0341959735305942 0.000991592601118177
0.0341959735305942 0.000991592601118177
0.0341959735305942 0.000991592601118177
0.0341959735305942 0.000991592601118177
0.0341959735305942 0.000991592601118177
0.0341959735305942 0.000991592601118177
0.0341959735305942 0.000991592601118177
0.0341959735305942 0.000991592601118177
0.0341959735305942 0.000991592601118177
0.0341959735305942 0.000991592601118177
0.0341959735305942 0.000991592601118177
0.0341959735305942 0.000991592601118177
0.0341959735305942 0.000991592601118177
0.0341959735305942 0.000991592601118177
0.0341959735305942 0.000991592601118177
0.0341959735305942 0.000991592601118177
0.0341959735305942 0.000991592601118177
0.0341959735305942 0.000991592601118177
0.0341959735305942 0.000991592601118177
0.0341959735305942 0.000991592601118177
0.0341959735305942 0.000991592601118177
0.0341959735305942 0.000991592601118177
0.0341959735305942 0.000991592601118177
0.0341959735305942 0.000991592601118177
0.0341959735305942 0.000991592601118177
0.0341959735305942 0.000991592601118177
0.0341959735305942 0.000991592601118177
0.0341959735305942 0.000991592601118177
0.0341959735305942 0.000991592601118177
0.0341959735305942 0.000991592601118177
0.0341959735305942 0.000991592601118177
0.0341959735305942 0.000991592601118177
0.0341959735305942 0.000991592601118177
0.0341959735305942 0.000991592601118177
0.0341959735305942 0.000991592601118177
0.0341959735305942 0.000991592601118177
0.0341959735305942 0.000991592601118177
0.0341959735305942 0.000991592601118177
0.0341959735305942 0.000991592601118177
0.0341959735305942 0.000991592601118177
0.0341959735305942 0.000991592601118177
0.0341959735305942 0.000991592601118177
0.0341959735305942 0.000991592601118177
0.0341959735305942 0.000991592601118177
0.0341959735305942 0.000991592601118177
0.0341959735305942 0.000991592601118177
0.0341959735305942 0.000991592601118177
0.0341959735305942 0.000991592601118177
0.0341959735305942 0.000991592601118177
0.0341959735305942 0.000991592601118177
0.0341959735305942 0.000991592601118177
0.0341959735305942 0.000991592601118177
0.0341959735305942 0.000991592601118177
0.0341959735305942 0.000991592601118177
0.0341959735305942 0.000991592601118177
0.0341959735305942 0.000991592601118177
0.0341959735305942 0.000991592601118177
0.0341959735305942 0.000991592601118177
0.0341959735305942 0.000991592601118177
0.0341959735305942 0.000991592601118177
0.0341959735305942 0.000991592601118177
0.0341959735305942 0.000991592601118177
0.0341959735305942 0.000991592601118177
0.0341959735305942 0.000991592601118177
0.0341959735305942 0.000991592601118177
0.0341959735305942 0.000991592601118177
0.0341959735305942 0.000991592601118177
0.0341959735305942 0.000991592601118177
0.0341959735305942 0.000991592601118177
0.0341959735305942 0.000991592601118177
0.0341959735305942 0.000991592601118177
0.0341959735305942 0.000991592601118177
0.0341959735305942 0.000991592601118177
0.0341959735305942 0.000991592601118177
0.0341959735305942 0.000991592601118177
0.0341959735305942 0.000991592601118177
0.0341959735305942 0.000991592601118177
0.0341959735305942 0.000991592601118177
0.0341959735305942 0.000991592601118177
0.0341959735305942 0.000991592601118177
0.0341959735305942 0.000991592601118177
0.0341959735305942 0.000991592601118177
0.0341959735305942 0.000991592601118177
0.0341959735305942 0.000991592601118177
0.0341959735305942 0.000991592601118177
0.0341959735305942 0.000991592601118177
0.0341959735305942 0.000991592601118177
0.0341959735305942 0.000991592601118177
0.0341959735305942 0.000991592601118177
0.0341959735305942 0.000991592601118177
0.0341959735305942 0.000991592601118177
0.0341959735305942 0.000991592601118177
0.0341959735305942 0.000991592601118177
0.0341959735305942 0.000991592601118177
0.0341959735305942 0.000991592601118177
0.0341959735305942 0.000991592601118177
0.0341959735305942 0.000991592601118177
0.0341959735305942 0.000991592601118177
0.0341959735305942 0.000991592601118177
0.0341959735305942 0.000991592601118177
0.0341959735305942 0.000991592601118177
0.0341959735305942 0.000991592601118177
0.0341959735305942 0.000991592601118177
0.0341959735305942 0.000991592601118177
0.0341959735305942 0.000991592601118177
0.0341959735305942 0.000991592601118177
0.0341959735305942 0.000991592601118177
0.0341959735305942 0.000991592601118177
0.0341959735305942 0.000991592601118177
0.0341959735305942 0.000991592601118177
0.0341959735305942 0.000991592601118177
0.0341959735305942 0.000991592601118177
0.0341959735305942 0.000991592601118177
0.0341959735305942 0.000991592601118177
0.0341959735305942 0.000991592601118177
0.0341959735305942 0.000991592601118177
0.0341959735305942 0.000991592601118177
0.0341959735305942 0.000991592601118177
0.0341959735305942 0.000991592601118177
0.0341959735305942 0.000991592601118177
0.0341959735305942 0.000991592601118177
0.0341959735305942 0.000991592601118177
0.0341959735305942 0.000991592601118177
0.0341959735305942 0.000991592601118177
0.0341959735305942 0.000991592601118177
0.0341959735305942 0.000991592601118177
0.0341959735305942 0.000991592601118177
0.0341959735305942 0.000991592601118177
0.0341959735305942 0.000991592601118177
0.0341959735305942 0.000991592601118177
0.0341959735305942 0.000991592601118177
0.0341959735305942 0.000991592601118177
0.0341959735305942 0.000991592601118177
0.0341959735305942 0.000991592601118177
0.0341959735305942 0.000991592601118177
0.0341959735305942 0.000991592601118177
0.0341959735305942 0.000991592601118177
0.0341959735305942 0.000991592601118177
0.0341959735305942 0.000991592601118177
0.0341959735305942 0.000991592601118177
0.0341959735305942 0.000991592601118177
0.0341959735305942 0.000991592601118177
0.0341959735305942 0.000991592601118177
0.0341959735305942 0.000991592601118177
0.0341959735305942 0.000991592601118177
0.0341959735305942 0.000991592601118177
0.0341959735305942 0.000991592601118177
0.0341959735305942 0.000991592601118177
0.0341959735305942 0.000991592601118177
0.0341959735305942 0.000991592601118177
0.0341959735305942 0.000991592601118177
0.0341959735305942 0.000991592601118177
0.0341959735305942 0.000991592601118177
0.0341959735305942 0.000991592601118177
0.0341959735305942 0.000991592601118177
0.0341959735305942 0.000991592601118177
0.0341959735305942 0.000991592601118177
0.0341959735305942 0.000991592601118177
0.0341959735305942 0.000991592601118177
0.0341959735305942 0.000991592601118177
0.0341959735305942 0.000991592601118177
0.0341959735305942 0.000991592601118177
0.0341959735305942 0.000991592601118177
0.0341959735305942 0.000991592601118177
0.0341959735305942 0.000991592601118177
0.0341959735305942 0.000991592601118177
0.0341959735305942 0.000991592601118177
0.0341959735305942 0.000991592601118177
0.0341959735305942 0.000991592601118177
0.0341959735305942 0.000991592601118177
0.0341959735305942 0.000991592601118177
0.0341959735305942 0.000991592601118177
0.0341959735305942 0.000991592601118177
0.0341959735305942 0.000991592601118177
0.0341959735305942 0.000991592601118177
0.0341959735305942 0.000991592601118177
0.0341959735305942 0.000991592601118177
0.0341959735305942 0.000991592601118177
0.0341959735305942 0.000991592601118177
0.0341959735305942 0.000991592601118177
0.0341959735305942 0.000991592601118177
0.0341959735305942 0.000991592601118177
0.0341959735305942 0.000991592601118177
0.0341959735305942 0.000991592601118177
0.0341959735305942 0.000991592601118177
0.0341959735305942 0.000991592601118177
0.0341959735305942 0.000991592601118177
0.0341959735305942 0.000991592601118177
0.0341959735305942 0.000991592601118177
0.0341959735305942 0.000991592601118177
0.0341959735305942 0.000991592601118177
0.0341959735305942 0.000991592601118177
0.0341959735305942 0.000991592601118177
0.0341959735305942 0.000991592601118177
0.0341959735305942 0.000991592601118177
0.0341959735305942 0.000991592601118177
0.0341959735305942 0.000991592601118177
0.0341959735305942 0.000991592601118177
0.0341959735305942 0.000991592601118177
0.0341959735305942 0.000991592601118177
0.0341959735305942 0.000991592601118177
0.0341959735305942 0.000991592601118177
0.0341959735305942 0.000991592601118177
0.0341959735305942 0.000991592601118177
0.0341959735305942 0.000991592601118177
0.0341959735305942 0.000991592601118177
0.0341959735305942 0.000991592601118177
0.0341959735305942 0.000991592601118177
0.0341959735305942 0.000991592601118177
0.0341959735305942 0.000991592601118177
0.0341959735305942 0.000991592601118177
0.0341959735305942 0.000991592601118177
0.0341959735305942 0.000991592601118177
0.0341959735305942 0.000991592601118177
0.0341959735305942 0.000991592601118177
0.0341959735305942 0.000991592601118177
0.035574891147223314 0.001042402608932476
0.035574891147223314 0.001042402608932476
0.035574891147223314 0.001042402608932476
0.035574891147223314 0.001042402608932476
0.035574891147223314 0.001042402608932476
0.035574891147223314 0.001042402608932476
0.035574891147223314 0.001042402608932476
0.035574891147223314 0.001042402608932476
0.035574891147223314 0.001042402608932476
0.03578710776626426 0.0010763217228251677
0.03706277270067091 0.0010913596136481064
0.038242933662608336 0.0011921890591722992
0.038242933662608336 0.0011921890591722992
0.038242933662608336 0.0011921890591722992
0.038242933662608336 0.0011921890591722992
0.038242933662608336 0.0011921890591722992
0.038242933662608336 0.0011921890591722992
0.038242933662608336 0.0011921890591722992
0.038242933662608336 0.0011921890591722992
0.038242933662608336 0.0011921890591722992
0.038242933662608336 0.0011921890591722992
0.040177601773810474 0.00131154002020939
0.040177601773810474 0.00131154002020939
0.040177601773810474 0.00131154002020939
0.040177601773810474 0.00131154002020939
0.040177601773810474 0.00131154002020939
0.040177601773810474 0.00131154002020939
0.04531200113504674 0.001316459370644873
0.04531200113504674 0.001316459370644873
0.04531200113504674 0.001316459370644873
0.05588133712786949 0.0015016165196716162
0.05732756683413005 0.001551952521045256
