0.03584129850136801 0.0006396166630601244
0.035868249508352955 0.0007320360910798295
0.036142194804228624 0.0007770692064522218
0.03620021923138057 0.0007857241196375022
0.03627195893717433 0.0007920107892156144
0.03627195893717433 0.0007920107892156144
0.03629681497468032 0.0008328905731008948
0.03629681497468032 0.0008328905731008948
0.03639519564580005 0.000839241860552619
0.03647601508282971 0.0008558682505692779
0.03647601508282971 0.0008558682505692779
0.03657070210460217 0.0009102748466310216
0.03661433441210176 0.0009127349302881359
0.036718446884120313 0.0009421509601199969
0.03690321250044794 0.0009484446276441847
0.03697336672892515 0.0009506767673332375
0.037060654800795 0.0009512044322560675
0.037060654800795 0.0009512044322560675
0.037060654800795 0.0009512044322560675
0.037078858001518875 0.0009909265034916703
0.037078858001518875 0.0009909265034916703
0.037078858001518875 0.0009909265034916703
0.03723069068844279 0.0009961940989731588
0.037268989579162325 0.0009977110823364101
0.037268989579162325 0.0009977110823364101
0.037334418538498185 0.0010009599684420972
0.03734444555597393 0.0010053291688384863
0.037364630403846466 0.001007558743029209
0.03741259279654232 0.0010122982020746348
0.03741259279654232 0.0010122982020746348
0.037533726495025094 0.001020716667127131
0.037577945750510766 0.0010252787627315658
0.037577945750510766 0.0010252787627315658
0.03775512408537447 0.0010278748604860154
0.03775609277219087 0.0010279266259089787
0.03775609277219087 0.0010279266259089787
0.03775609277219087 0.0010279266259089787
0.03775609277219087 0.0010279266259089787
0.03775609277219087 0.0010279266259089787
0.03775609277219087 0.0010279266259089787
0.0377759207776141 0.001029861569030731
0.0377759207776141 0.001029861569030731
0.0377759207776141 0.001029861569030731
0.0377759207776141 0.001029861569030731
0.0377759207776141 0.001029861569030731
0.0377759207776141 0.001029861569030731
0.0377759207776141 0.001029861569030731
0.0377759207776141 0.001029861569030731
0.0377759207776141 0.001029861569030731
0.0377759207776141 0.001029861569030731
0.0377759207776141 0.001029861569030731
0.0377759207776141 0.001029861569030731
0.03778623178420493 0.0010298710906419645
0.03779006367876043 0.0010302734478461872
0.03781018059971025 0.0010321026059176852
0.03782784753875244 0.0010379794037410827
0.03798476788178122 0.0010420832979686977
0.03799792634374874 0.0010428454995955508
0.03799792634374874 0.0010428454995955508
0.0380441497624681 0.0010431927277727779
0.03805843846264445 0.0010454265144314212
0.03805843846264445 0.0010454265144314212
0.03805843846264445 0.0010454265144314212
0.03809050396648461 0.00105043939130593
0.038108223400427535 0.0010515984721958013
0.03811788557331453 0.0010546826916186555
0.03811788557331453 0.0010546826916186555
0.03811788557331453 0.0010546826916186555
0.03811788557331453 0.0010546826916186555
0.03811788557331453 0.0010546826916186555
0.03811788557331453 0.0010546826916186555
0.03814683841347458 0.0010578160727821475
0.03814683841347458 0.0010578160727821475
0.03814683841347458 0.0010578160727821475
0.03818509675856949 0.001065505861747484
0.038400597690052954 0.0010707075771194386
0.03846179403511464 0.0010715838778064524
0.038736494497302966 0.0010718326681060934
0.038736494497302966 0.0010718326681060934
0.038736494497302966 0.0010718326681060934
0.038736494497302966 0.0010718326681060934
0.03874882884545292 0.0010740183469483333
0.038959126895337114 0.0010770493807717022
0.03911760494705719 0.001085697795571726
0.039360451677063646 0.0010964335971272937
0.039529038333037864 0.001098987401331901
0.039529038333037864 0.001098987401331901
0.039529038333037864 0.001098987401331901
0.03971555953733437 0.0011068219108760218
0.03983608784133806 0.0011091332403945656
0.039892513931969215 0.0011153637811138518
0.03993558472299373 0.0011180568282945307
0.0400828214002906 0.0011199625479092368
0.0400828214002906 0.0011199625479092368
0.0400828214002906 0.0011199625479092368
0.0400828214002906 0.0011199625479092368
0.040237953971034635 0.0011220307346618502
0.040237953971034635 0.0011220307346618502
0.04034509810171162 0.0011233309344442332
0.040426033920299906 0.001124370382935291
0.04049421113631074 0.0011251774306252097
0.04057306671131081 0.0011258249991863546
0.04063216057488938 0.0011266377868365347
0.04066719059283272 0.0011276184301343998
0.04075432332576254 0.001128586562286911
0.04075432332576254 0.001128586562286911
0.04076119121905482 0.0011286747657726348
0.04083724206585604 0.0011322230096577361
0.04083724206585604 0.0011322230096577361
0.04099017321883759 0.0011323651528964062
0.04100054784648475 0.0011345053641324244
0.04100054784648475 0.0011345053641324244
0.0410317708794521 0.00113508617963106
0.0410317708794521 0.00113508617963106
0.0410317708794521 0.00113508617963106
0.0410317708794521 0.00113508617963106
0.0410317708794521 0.00113508617963106
0.0410317708794521 0.00113508617963106
0.0410317708794521 0.00113508617963106
0.0410317708794521 0.00113508617963106
0.0410317708794521 0.00113508617963106
0.0410317708794521 0.00113508617963106
0.0410317708794521 0.00113508617963106
0.0410317708794521 0.00113508617963106
0.0410317708794521 0.00113508617963106
0.0410317708794521 0.00113508617963106
0.041067372145197 0.0011357484396663778
0.041067372145197 0.0011357484396663778
0.041067372145197 0.0011357484396663778
0.041067372145197 0.0011357484396663778
0.041067372145197 0.0011357484396663778
0.041067372145197 0.0011357484396663778
0.041067372145197 0.0011357484396663778
0.041067372145197 0.0011357484396663778
0.041067372145197 0.0011357484396663778
0.041067372145197 0.0011357484396663778
0.041067372145197 0.0011357484396663778
0.041067372145197 0.0011357484396663778
0.041067372145197 0.0011357484396663778
0.041067372145197 0.0011357484396663778
0.041067372145197 0.0011357484396663778
0.041067372145197 0.0011357484396663778
0.041067372145197 0.0011357484396663778
0.041067372145197 0.0011357484396663778
0.041067372145197 0.0011357484396663778
0.041067372145197 0.0011357484396663778
0.041067372145197 0.0011357484396663778
0.041067372145197 0.0011357484396663778
0.041067372145197 0.0011357484396663778
0.041067372145197 0.0011357484396663778
0.041067372145197 0.0011357484396663778
0.041068289570504304 0.001135840397723006
0.041068289570504304 0.001135840397723006
0.041068289570504304 0.001135840397723006
0.041068289570504304 0.001135840397723006
0.041068289570504304 0.001135840397723006
0.041068289570504304 0.001135840397723006
0.04108373426925826 0.0011360528103293852
0.041085225372259795 0.0011360805480489804
0.041085225372259795 0.0011360805480489804
0.041085225372259795 0.0011360805480489804
0.04108717780157868 0.0011370439865725213
0.04116133293899377 0.0011375580584839166
0.04116133293899377 0.0011375580584839166
0.04117374944294636 0.0011387921811453702
0.04117537249360466 0.001141113357800859
0.04117537249360466 0.001141113357800859
0.04117537249360466 0.001141113357800859
0.04117537249360466 0.001141113357800859
0.04117537249360466 0.001141113357800859
0.04117537249360466 0.001141113357800859
0.04117605644569783 0.00114209187855059
0.04117605644569783 0.00114209187855059
0.04117605644569783 0.00114209187855059
0.04117605644569783 0.00114209187855059
0.04117605644569783 0.00114209187855059
0.04119997805320252 0.0011444225866142049
0.04149642003870587 0.0011481740677210437
0.04154066316892557 0.001148971837775821
0.04154066316892557 0.001148971837775821
0.04162582655624285 0.0011521099229930209
0.04167697229883226 0.001157337391986971
0.04167697229883226 0.001157337391986971
0.04167697229883226 0.001157337391986971
0.04167697229883226 0.001157337391986971
0.04167697229883226 0.001157337391986971
0.04167697229883226 0.001157337391986971
0.04167697229883226 0.001157337391986971
0.04167697229883226 0.001157337391986971
0.04167697229883226 0.001157337391986971
0.04167697229883226 0.001157337391986971
0.041832535166690166 0.0011610264886226548
0.04197197683741001 0.0011643033558698653
0.04197197683741001 0.0011643033558698653
0.04202651308117654 0.0011654478531620922
0.04205777359546727 0.00116628618964693
0.04205777359546727 0.00116628618964693
0.04205777359546727 0.00116628618964693
0.04205777359546727 0.00116628618964693
0.04205777359546727 0.00116628618964693
0.04205777359546727 0.00116628618964693
0.04206783745901695 0.0011665560722179944
0.04206783745901695 0.0011665560722179944
0.04206783745901695 0.0011665560722179944
0.04206783745901695 0.0011665560722179944
0.04206783745901695 0.0011665560722179944
0.04206783745901695 0.0011665560722179944
0.04206783745901695 0.0011665560722179944
0.04206783745901695 0.0011665560722179944
0.04206783745901695 0.0011665560722179944
0.04207257637852787 0.0011666674364181817
0.04207257637852787 0.0011666674364181817
0.04208222371155382 0.0011667480135778084
0.0421788044180204 0.0011670890125191839
0.04221843137855979 0.0011679401701562423
0.04221843137855979 0.0011679401701562423
0.04221843137855979 0.0011679401701562423
0.042305967580751655 0.0011721187269159866
0.04233611645739028 0.001172469755587745
0.042444153654025076 0.0011744112154683242
0.042444153654025076 0.0011744112154683242
0.04249667299851309 0.0011766002878016387
0.04249667299851309 0.0011766002878016387
0.04255779463508959 0.001180064605872767
0.042584152308915824 0.0011825777697746305
0.04258972025535172 0.0011829025420711725
0.04258972025535172 0.0011829025420711725
0.04258972025535172 0.0011829025420711725
0.04260762795731043 0.0011843557884787083
0.04260762795731043 0.0011843557884787083
0.04266830221434578 0.0011864304765301966
0.042809845299335486 0.0011874811789175925
0.042816610862132246 0.0011878407569115102
0.042816610862132246 0.0011878407569115102
0.042816610862132246 0.0011878407569115102
0.042816610862132246 0.0011878407569115102
0.042816610862132246 0.0011878407569115102
0.042816610862132246 0.0011878407569115102
0.042816610862132246 0.0011878407569115102
0.04294175809368143 0.0011919319178866313
0.04294175809368143 0.0011919319178866313
0.04294175809368143 0.0011919319178866313
0.042948909059742635 0.001193922179074952
0.042948909059742635 0.001193922179074952
0.04301418359721226 0.0011984578142592425
0.04318141855821915 0.0012009471469101285
0.04318459397063293 0.001205021597724709
0.043288092520305896 0.001211686976147646
0.043288092520305896 0.001211686976147646
0.043288092520305896 0.001211686976147646
0.043288092520305896 0.001211686976147646
0.043776560775128745 0.001212214479714059
0.04378984611060218 0.0012124715954779553
0.04378984611060218 0.0012124715954779553
0.04383952089123973 0.0012179354840217548
0.04383952089123973 0.0012179354840217548
0.04390493442569061 0.0012185542166177703
0.0440966277875457 0.0012208447222959915
0.04419150674723981 0.0012277272676046386
0.04419150674723981 0.0012277272676046386
0.04419150674723981 0.0012277272676046386
0.04419150674723981 0.0012277272676046386
0.044220867428168165 0.0012323090322262499
0.04455930537082307 0.0012324062334036232
0.04455930537082307 0.0012324062334036232
0.04456691905321972 0.0012333356253286048
0.04456691905321972 0.0012333356253286048
0.04461363621610689 0.001233767405115133
0.044655658543693404 0.001240675919914037
0.044655658543693404 0.001240675919914037
0.044655658543693404 0.001240675919914037
0.04478861532138626 0.001247406079471578
0.045000067622011856 0.0012530731502874602
0.04515894852865262 0.0012552394320733266
0.04520684333755498 0.0012561879891048642
0.04525449077857334 0.0012569372472968701
0.04525449077857334 0.0012569372472968701
0.04530533239539788 0.0012578738639474145
0.04532015974784046 0.0012594390115633416
0.04532015974784046 0.0012594390115633416
0.04532015974784046 0.0012594390115633416
0.04532015974784046 0.0012594390115633416
0.04532015974784046 0.0012594390115633416
0.04551758760643065 0.0012605621023792364
0.04551758760643065 0.0012605621023792364
0.04551758760643065 0.0012605621023792364
0.0456608997251511 0.001265279919214055
0.0456608997251511 0.001265279919214055
0.0456608997251511 0.001265279919214055
0.0456608997251511 0.001265279919214055
0.04575102326257114 0.0012656413924646353
0.04587967048094606 0.0012681897411294923
0.04589039967986563 0.0012752612162380567
0.0460094632643621 0.0012778267785408224
0.0460094632643621 0.0012778267785408224
0.0460094632643621 0.0012778267785408224
0.0460094632643621 0.0012778267785408224
0.0460094632643621 0.0012778267785408224
0.0460094632643621 0.0012778267785408224
0.046163625705283054 0.001280541289858631
0.046163625705283054 0.001280541289858631
0.04627130728920541 0.0012907773257529011
0.04631329869412464 0.0012919543785526366
0.04631329869412464 0.0012919543785526366
0.04631329869412464 0.0012919543785526366
0.04631329869412464 0.0012919543785526366
0.04658809307323548 0.0012928233693022613
0.04668346270953142 0.0012970066323521319
0.046829492990548637 0.0012984103513463325
0.04702895008307589 0.0012987479298865274
0.04725374112907428 0.0012994148361677425
0.04725374112907428 0.0012994148361677425
0.04725374112907428 0.0012994148361677425
0.04725374112907428 0.0012994148361677425
0.04725374112907428 0.0012994148361677425
0.04725374112907428 0.0012994148361677425
0.04725374112907428 0.0012994148361677425
0.04725374112907428 0.0012994148361677425
0.04725374112907428 0.0012994148361677425
0.04725374112907428 0.0012994148361677425
0.04725374112907428 0.0012994148361677425
0.04725374112907428 0.0012994148361677425
0.04725374112907428 0.0012994148361677425
0.04725374112907428 0.0012994148361677425
0.04725374112907428 0.0012994148361677425
0.04725374112907428 0.0012994148361677425
0.04725374112907428 0.0012994148361677425
0.04725374112907428 0.0012994148361677425
0.04725374112907428 0.0012994148361677425
0.04725374112907428 0.0012994148361677425
0.04726200078949115 0.0013004164947063447
0.04729609253152456 0.0013022411469602673
0.04731180563402153 0.0013022451153753127
0.047333320864666156 0.0013030672705533197
0.047356650412431464 0.0013041380160367546
0.04799199436713484 0.0013188935670180497
0.048467983217420005 0.0013213394923328025
0.048467983217420005 0.0013213394923328025
0.048949681565319134 0.0013246544905920915
0.049168879121280526 0.0013266811536968353
0.04947359654602084 0.0013279930410003541
0.049487851224673134 0.001328068644036326
0.049487851224673134 0.001328068644036326
0.049487851224673134 0.001328068644036326
0.04949063427788369 0.0013285586672273073
0.04949063427788369 0.0013285586672273073
0.04949063427788369 0.0013285586672273073
0.049515788907536655 0.0013291630609015457
0.04953421853075315 0.0013292608057613794
0.04953732139188996 0.0013292772651188254
0.04954170655067144 0.001329333927159903
0.04955406190189785 0.0013293660451057486
0.04955406190189785 0.0013293660451057486
0.04961205815832032 0.0013296736283262228
0.04961205815832032 0.0013296736283262228
0.04961205815832032 0.0013296736283262228
0.04961205815832032 0.0013296736283262228
0.04961205815832032 0.0013296736283262228
0.04961205815832032 0.0013296736283262228
0.04961205815832032 0.0013296736283262228
0.04961205815832032 0.0013296736283262228
0.04961586722841444 0.0013296938297343624
0.04961586722841444 0.0013296938297343624
0.04961586722841444 0.0013296938297343624
0.04964096099515407 0.001329735642089457
0.049680183027380954 0.0013298010074552786
0.04969615101482339 0.0013301196148987646
0.04969615101482339 0.0013301196148987646
0.04975425822487108 0.001330427786561933
0.04980551214342696 0.001335145608709023
0.05079040246116935 0.0013351549379919244
0.05080625460109923 0.0013352413981296003
