0.0357844432156134 0.0005902781081867822
0.0360039142225608 0.0006287992395806997
0.0360039142225608 0.0006287992395806997
0.03603204418614236 0.0006868253366338342
0.036148168043078494 0.0008082191878480335
0.036227413187147076 0.0008265832988082289
0.03625367997917926 0.0008377224665222136
0.03625367997917926 0.0008377224665222136
0.03626870002570802 0.0008377749959105948
0.03626870002570802 0.0008377749959105948
0.03626870002570802 0.0008377749959105948
0.03631734668929691 0.000853829196124255
0.03633840447382937 0.0008696876989947456
0.03638205094572004 0.0008702062082523217
0.03638594583053788 0.0008715883734686158
0.03638696791092469 0.0008720435853289223
0.03639749814215658 0.0008740216685623733
0.036434581173132294 0.0008892959014336739
0.03649757017856911 0.000897912370051107
0.036560839020335786 0.0008992653356457309
0.03656455380950534 0.0009155471361088194
0.03661693585300361 0.0009217091551073314
0.03663660006809706 0.0009282258033316822
0.03663660006809706 0.0009282258033316822
0.03663660006809706 0.0009282258033316822
0.036637798284618855 0.0009412774873415302
0.0366437087201915 0.0009440809857992343
0.0366437087201915 0.0009440809857992343
0.0366437087201915 0.0009440809857992343
0.03665566399764729 0.0009459918277468367
0.03666563609627774 0.0009483587074404569
0.03666563609627774 0.0009483587074404569
0.03667020460684407 0.0009494430443779754
0.03673262120901257 0.0009495591694218947
0.03690041487386575 0.0009633497792398204
0.03712004846462083 0.0009783915678950588
0.03733823600156454 0.0009968029575145472
0.03752289311360012 0.001006133803552572
0.03752289311360012 0.001006133803552572
0.037553546985269026 0.00102176853729175
0.03776280323193773 0.0010222341829851417
0.037984718488102726 0.0010291412850802321
0.038041906104315557 0.0010372400366241393
0.03812102224807369 0.0010394091670210678
0.03812829347806719 0.0010453413539602435
0.038572469480933944 0.0010472357184135787
0.038572469480933944 0.0010472357184135787
0.03871258936603959 0.0010490973473028368
0.03871760051871455 0.0010700110853833547
0.03871760051871455 0.0010700110853833547
0.03871760051871455 0.0010700110853833547
0.039038240538045894 0.0010804080969973179
0.03908061388937206 0.0010863633661527218
0.03908061388937206 0.0010863633661527218
0.03953857613382583 0.001098556246804446
0.039685056802821056 0.0011036136542003428
0.039685056802821056 0.0011036136542003428
0.039735239604567006 0.0011048245884499545
0.039887308022229444 0.0011066601667624031
0.039887308022229444 0.0011066601667624031
0.03990465262245102 0.001108989943287348
0.04014867521868885 0.0011101374479655125
0.04014867521868885 0.0011101374479655125
0.040234620277235414 0.0011104101696958312
0.040234620277235414 0.0011104101696958312
0.040234620277235414 0.0011104101696958312
0.04024346955738732 0.0011209776705183808
0.04041252159581214 0.0011231487844864103
0.04041252159581214 0.0011231487844864103
0.04041252159581214 0.0011231487844864103
0.04041252159581214 0.0011231487844864103
0.04041252159581214 0.0011231487844864103
0.04053943052311643 0.0011259913783468398
0.04053943052311643 0.0011259913783468398
0.04055131817450599 0.0011307182506280322
0.04067960788206672 0.00113502685674419
0.04095095268135421 0.0011368985590977695
0.04095404236677748 0.0011439937262892987
0.04095404236677748 0.0011439937262892987
0.04095404236677748 0.0011439937262892987
0.04095404236677748 0.0011439937262892987
0.04095404236677748 0.0011439937262892987
0.04095404236677748 0.0011439937262892987
0.04095404236677748 0.0011439937262892987
0.04098289240425308 0.0011447913500509733
0.04098603761777954 0.0011452259760893688
0.04098603761777954 0.0011452259760893688
0.0409967485023435 0.0011477682067786794
0.041007261933672025 0.0011502636023812726
0.04101750230482191 0.0011507782768482872
0.04138669047041396 0.001160230194717225
0.04138669047041396 0.001160230194717225
0.04138669047041396 0.001160230194717225
0.04162537553551159 0.0011616895013896247
0.04162537553551159 0.0011616895013896247
0.04162537553551159 0.0011616895013896247
0.04176716769998271 0.0011690419960628574
0.041856920585854225 0.0011691530576343537
0.041856920585854225 0.0011691530576343537
0.041856920585854225 0.0011691530576343537
0.041917377223696345 0.0011715481026472391
0.04192095446005326 0.0011723653033519903
0.04195776736812657 0.0011732611986686344
0.04201060344258794 0.0011739746617596527
0.04201060344258794 0.0011739746617596527
0.042150488592618884 0.0011773824672161612
0.04217729198403414 0.0011784242583684022
0.042222278273847905 0.0011788139132538741
0.04231129389506616 0.0011815758844599747
0.042332206587722146 0.0011836225620911805
0.042437066227693984 0.0011857247600316682
0.042522389920790944 0.00118589360185026
0.042589393419940454 0.0011888101099982304
0.042589393419940454 0.0011888101099982304
0.04259689335322007 0.0011891187225622725
0.04269200290238325 0.0011905298813265552
0.04270135942346519 0.001190925216435539
0.04270135942346519 0.001190925216435539
0.04270135942346519 0.001190925216435539
0.04270135942346519 0.001190925216435539
0.04274986399947444 0.0011910577413602672
0.04277495492320829 0.0011924760181406832
0.042793181767492125 0.001193503707428881
0.04282438390556459 0.00119364338688165
0.04282438390556459 0.00119364338688165
0.04282662855740856 0.001194010370024598
0.04282662855740856 0.001194010370024598
0.04282662855740856 0.001194010370024598
0.04282662855740856 0.001194010370024598
0.04282662855740856 0.001194010370024598
0.04282662855740856 0.001194010370024598
0.04282662855740856 0.001194010370024598
0.04282662855740856 0.001194010370024598
0.04282662855740856 0.001194010370024598
0.04282662855740856 0.001194010370024598
0.042839559277208214 0.0011961177474887209
0.042839559277208214 0.0011961177474887209
0.042839559277208214 0.0011961177474887209
0.04295177424391026 0.0011966395146273282
0.04299403133129716 0.0011973862078860753
0.042998478762064404 0.0011990408578765109
0.042998478762064404 0.0011990408578765109
0.042998478762064404 0.0011990408578765109
0.042998478762064404 0.0011990408578765109
0.043041390048692514 0.001199591962108394
0.04306727643402316 0.0012021152817175296
0.04306727643402316 0.0012021152817175296
0.04317773719204387 0.0012021310702049418
0.043195170462375906 0.0012030868946642799
0.043230445874329136 0.0012031936689230651
0.043317064913043414 0.00120589915692579
0.04338304216965734 0.0012063177672048103
0.04338518183053418 0.0012074976794987236
0.043438821531543784 0.0012080895378468398
0.043438821531543784 0.0012080895378468398
0.043447443933428004 0.001208297303818733
0.043447443933428004 0.001208297303818733
0.043447443933428004 0.001208297303818733
0.043447443933428004 0.001208297303818733
0.043447443933428004 0.001208297303818733
0.043447443933428004 0.001208297303818733
0.043447443933428004 0.001208297303818733
0.043447443933428004 0.001208297303818733
0.043447443933428004 0.001208297303818733
0.043447443933428004 0.001208297303818733
0.043447443933428004 0.001208297303818733
0.043447443933428004 0.001208297303818733
0.043447443933428004 0.001208297303818733
0.043447443933428004 0.001208297303818733
0.043447443933428004 0.001208297303818733
0.043447443933428004 0.001208297303818733
0.043447443933428004 0.001208297303818733
0.043447443933428004 0.001208297303818733
0.043447443933428004 0.001208297303818733
0.043447443933428004 0.001208297303818733
0.043447443933428004 0.001208297303818733
0.043447443933428004 0.001208297303818733
0.043447443933428004 0.001208297303818733
0.043447443933428004 0.001208297303818733
0.043447443933428004 0.001208297303818733
0.043447443933428004 0.001208297303818733
0.043447443933428004 0.001208297303818733
0.043447443933428004 0.001208297303818733
0.043447443933428004 0.001208297303818733
0.043447443933428004 0.001208297303818733
0.043447443933428004 0.001208297303818733
0.043447443933428004 0.001208297303818733
0.043447443933428004 0.001208297303818733
0.043447443933428004 0.001208297303818733
0.043447443933428004 0.001208297303818733
0.043447443933428004 0.001208297303818733
0.043447443933428004 0.001208297303818733
0.043447443933428004 0.001208297303818733
0.043447443933428004 0.001208297303818733
0.043447443933428004 0.001208297303818733
0.043447443933428004 0.001208297303818733
0.043447443933428004 0.001208297303818733
0.043447443933428004 0.001208297303818733
0.043447443933428004 0.001208297303818733
0.043447443933428004 0.001208297303818733
0.043447443933428004 0.001208297303818733
0.043447443933428004 0.001208297303818733
0.043447443933428004 0.001208297303818733
0.043447443933428004 0.001208297303818733
0.043447443933428004 0.001208297303818733
0.043447443933428004 0.001208297303818733
0.043447443933428004 0.001208297303818733
0.043447443933428004 0.001208297303818733
0.043447443933428004 0.001208297303818733
0.043447443933428004 0.001208297303818733
0.043447443933428004 0.001208297303818733
0.043447443933428004 0.001208297303818733
0.043447443933428004 0.001208297303818733
0.043447443933428004 0.001208297303818733
0.043447443933428004 0.001208297303818733
0.04347325749513112 0.0012086288241298778
0.04353158463619655 0.0012090500062839993
0.04353158463619655 0.0012090500062839993
0.04353158463619655 0.0012090500062839993
0.04356595248849848 0.0012093574526894973
0.04356595248849848 0.0012093574526894973
0.043585614435934034 0.0012166366134616074
0.04380787883528051 0.001216769496168877
0.04380787883528051 0.001216769496168877
0.043867180763117894 0.0012206319026516089
0.043929181505194564 0.001222997053958023
0.04411290404343421 0.0012235370468064333
0.04414217834211327 0.0012266472384357514
0.044219180983761035 0.0012290727503992442
0.0442266489560569 0.0012312747791614238
0.04424042798305563 0.0012357219637056497
0.04424042798305563 0.0012357219637056497
0.04424042798305563 0.0012357219637056497
0.044441488633760996 0.0012359040541050673
0.044525204017982496 0.001236310658395375
0.04457451137683621 0.0012370575819263688
0.04460114866669298 0.0012395125536033644
0.04460114866669298 0.0012395125536033644
0.04460114866669298 0.0012395125536033644
0.04463652811841625 0.0012407631298652674
0.044823523238397375 0.0012408104762584179
0.044823523238397375 0.0012408104762584179
0.044823523238397375 0.0012408104762584179
0.04483727759803176 0.001240985176843272
0.04483727759803176 0.001240985176843272
0.04485590963084848 0.001242096585318505
0.04485590963084848 0.001242096585318505
0.04485590963084848 0.001242096585318505
0.04485590963084848 0.001242096585318505
0.04485590963084848 0.001242096585318505
0.04485590963084848 0.001242096585318505
0.04485590963084848 0.001242096585318505
0.04492006658611733 0.0012425209204722884
0.04492006658611733 0.0012425209204722884
0.044927335323911854 0.0012457464331195817
0.0449765884842831 0.0012466319931059414
0.04511751946438475 0.0012517310804128696
0.04511751946438475 0.0012517310804128696
0.04511751946438475 0.0012517310804128696
0.04511751946438475 0.0012517310804128696
0.04511751946438475 0.0012517310804128696
0.04511751946438475 0.0012517310804128696
0.04511751946438475 0.0012517310804128696
0.04511751946438475 0.0012517310804128696
0.04511751946438475 0.0012517310804128696
0.04511751946438475 0.0012517310804128696
0.04511751946438475 0.0012517310804128696
0.04511751946438475 0.0012517310804128696
0.04511751946438475 0.0012517310804128696
0.04511751946438475 0.0012517310804128696
0.04511751946438475 0.0012517310804128696
0.04511751946438475 0.0012517310804128696
0.04511751946438475 0.0012517310804128696
0.04511751946438475 0.0012517310804128696
0.04511751946438475 0.0012517310804128696
0.04511751946438475 0.0012517310804128696
0.04511751946438475 0.0012517310804128696
0.04511751946438475 0.0012517310804128696
0.04511751946438475 0.0012517310804128696
0.04525892544056732 0.001253723691089572
0.04535856856166148 0.0012571338183146475
0.04535856856166148 0.0012571338183146475
0.04535856856166148 0.0012571338183146475
0.04535856856166148 0.0012571338183146475
0.04535856856166148 0.0012571338183146475
0.04535856856166148 0.0012571338183146475
0.04535856856166148 0.0012571338183146475
0.04535856856166148 0.0012571338183146475
0.04535856856166148 0.0012571338183146475
0.04535856856166148 0.0012571338183146475
0.04535856856166148 0.0012571338183146475
0.04535856856166148 0.0012571338183146475
0.04535856856166148 0.0012571338183146475
0.04535856856166148 0.0012571338183146475
0.04535856856166148 0.0012571338183146475
0.045446025705255313 0.0012582778273464228
0.045446025705255313 0.0012582778273464228
0.04547015231086552 0.0012591156081547428
0.04551651588516642 0.001269593452828561
0.04568412636478337 0.0012707636070089048
0.04592385994965964 0.0012725864426182264
0.045953646020130245 0.0012726068733744838
0.04601765163906247 0.0012733658497634385
0.046292235219804925 0.0012739363571616818
0.046306540760379246 0.0012839862413696248
0.0465692796148261 0.001290137159706538
0.0465692796148261 0.001290137159706538
0.04659738838691406 0.0012935744327526395
0.046628882191989136 0.0012940495761683865
0.04663601643038561 0.0012941572058880722
0.04663601643038561 0.0012941572058880722
0.04663601643038561 0.0012941572058880722
0.04663601643038561 0.0012941572058880722
0.04663601643038561 0.0012941572058880722
0.04663601643038561 0.0012941572058880722
0.04663601643038561 0.0012941572058880722
0.04663601643038561 0.0012941572058880722
0.04663601643038561 0.0012941572058880722
0.04663601643038561 0.0012941572058880722
0.04663601643038561 0.0012941572058880722
0.04663601643038561 0.0012941572058880722
0.04663601643038561 0.0012941572058880722
0.04663601643038561 0.0012941572058880722
0.046670823926742884 0.0012946823376662358
0.0467137808371132 0.001296891718077363
0.046723567898574014 0.0012970174120710085
0.04674901009159937 0.001297344162941151
0.04677335484687727 0.001297648910642306
0.0468291067397429 0.0012983767069500922
0.04688368423216367 0.0012990737659109581
0.04691018063571949 0.0012994182378948448
0.04691018063571949 0.0012994182378948448
0.04691063368335003 0.0012994240048044424
0.046912967491209594 0.001299453719984512
0.04692800994495168 0.0012996452767278074
0.0469487279592713 0.0012999091142792585
0.0469487279592713 0.0012999091142792585
0.04694913256950157 0.0012999142677007577
0.046962910732447356 0.00130008972471411
0.046962910732447356 0.00130008972471411
0.046962910732447356 0.00130008972471411
0.046962910732447356 0.00130008972471411
0.046962910732447356 0.00130008972471411
0.04696647193851298 0.0013001369979625255
0.0469774963274367 0.001300284207486014
0.04698206030617143 0.0013003424785957049
0.0469963646863906 0.001300515737184231
0.0469963646863906 0.001300515737184231
0.04701965679317018 0.0013008123586858871
0.04703388598104131 0.00130099355663149
0.04705188086855242 0.001301233894058727
0.04705188086855242 0.001301233894058727
0.04705188086855242 0.001301233894058727
0.04705188086855242 0.001301233894058727
0.047101134145116505 0.0013018664476659822
0.04719604230566444 0.001303085341179279
0.04719873322625264 0.001303123318082681
0.04719990567262806 0.0013031349579130165
0.04719990567262806 0.0013031349579130165
0.04719990567262806 0.0013031349579130165
0.04719990567262806 0.0013031349579130165
0.04719990567262806 0.0013031349579130165
0.047208312360213035 0.0013032471660716976
0.04721071740261083 0.0013032743096591285
0.04721071740261083 0.0013032743096591285
0.04721071740261083 0.0013032743096591285
0.047264292425081345 0.0013039618688388472
0.0473063270712686 0.001304501714488321
0.0473063270712686 0.001304501714488321
0.04732251117631824 0.0013047132832106909
0.04733791727679967 0.0013049074235062096
0.04734891881904419 0.0013049564776756873
0.047364612791911655 0.0013052530615100526
0.04740948645320642 0.0013058265773953012
0.04742061112962693 0.0013059694502088528
0.04742061112962693 0.0013059694502088528
0.0474226947182705 0.0013059962094745196
0.04742745746537213 0.0013060547835029325
0.04742745746537213 0.0013060547835029325
0.04742745746537213 0.0013060547835029325
0.04742745746537213 0.0013060547835029325
0.047439748348221775 0.0013062152270890825
0.047471830465146955 0.0013066284730987377
0.047471830465146955 0.0013066284730987377
0.04748948626495575 0.0013068540048688005
0.047513259609305664 0.0013071567295954893
0.047513259609305664 0.0013071567295954893
0.04754561956052886 0.0013075761371267177
0.04755968228278624 0.0013077538317552784
0.04756714941369819 0.0013078519209386793
0.047581812037753704 0.0013080397331025353
0.0475825477369021 0.0013091239278358985
0.0475825477369021 0.0013091239278358985
0.04763051648294075 0.001309222208518445
0.04774438575591096 0.0013101276468219709
0.04774543675354148 0.0013101411446517352
0.04774543675354148 0.0013101411446517352
0.04776655335665198 0.0013111272575624937
0.047791605678379034 0.0013116648155444082
0.04789070515455902 0.0013120116172647626
0.04794073009939627 0.001312647917481944
0.04795587594036389 0.0013128420931122814
0.04795587594036389 0.0013128420931122814
0.0479854163557638 0.00131322439179508
0.0479854163557638 0.00131322439179508
0.0479854163557638 0.00131322439179508
0.0479854163557638 0.00131322439179508
0.04801112886927847 0.0013135456342132077
0.04801843650797213 0.001313647249725697
0.04801843650797213 0.001313647249725697
0.0480479952830218 0.0013140268637524093
0.0480479952830218 0.0013140268637524093
0.0480479952830218 0.0013140268637524093
0.0480479952830218 0.0013140268637524093
0.048048211859392176 0.0013140402244925763
0.048048211859392176 0.0013140402244925763
0.04806626040155315 0.0013140659374119101
0.04806626040155315 0.0013140659374119101
0.04806626040155315 0.0013140659374119101
0.04806626040155315 0.0013140659374119101
0.04806814927138045 0.0013141131819647467
0.04814183776934235 0.0013169678657507543
0.04851582940945359 0.0013226310680702917
0.04854779925012925 0.0013231175006007127
0.04916074101665249 0.001332238072134751
0.04916074101665249 0.001332238072134751
0.04916074101665249 0.001332238072134751
0.049739320752434396 0.001337565765413219
0.04981668582244616 0.0013385509740146608
0.04994634249645609 0.001341573153106873
0.04994634249645609 0.001341573153106873
0.04994634249645609 0.001341573153106873
0.05032093478822044 0.0013417936801245313
0.05033157753769276 0.0013440256265702451
0.05033157753769276 0.0013440256265702451
0.05033157753769276 0.0013440256265702451
0.05033157753769276 0.0013440256265702451
0.05086917250383716 0.0013484179702317363
0.05102434524893513 0.0013508519305537705
0.05102434524893513 0.0013508519305537705
0.05102434524893513 0.0013508519305537705
0.05102434524893513 0.0013508519305537705
0.05102434524893513 0.0013508519305537705
0.05102434524893513 0.0013508519305537705
