0.035701892451766234 0.000671193740705749
0.03571089143613684 0.0006722737936048125
0.03571089143613684 0.0006722737936048125
0.035711325502649854 0.000674567152141688
0.03572238227654223 0.0007057694378507493
0.035723923190652845 0.0007100852721548404
0.035739698215525015 0.0007107965137152031
0.03579121750148967 0.0007285626878509414
0.035811288423796286 0.0007313822516525486
0.035811288423796286 0.0007313822516525486
0.035811288423796286 0.0007313822516525486
0.035811288423796286 0.0007313822516525486
0.035811288423796286 0.0007313822516525486
0.035811288423796286 0.0007313822516525486
0.035811288423796286 0.0007313822516525486
0.035822680839000615 0.0007338943598309242
0.03582615146733566 0.0007538862722309739
0.035833306407271975 0.0007587443294194909
0.03585771851705305 0.0007609389514982264
0.03587116399621808 0.0007651644947319677
0.035872484018736064 0.0007656385865743211
0.035887428604854554 0.0007794415937412703
0.035919425052013135 0.0007835372030789784
0.035944095399208995 0.000785388681932633
0.03595175259327674 0.0008000654103151646
0.03597007863334396 0.0008083155866091152
0.03597007863334396 0.0008083155866091152
0.035975978845422835 0.0008083660253481552
0.03601807815722173 0.0008087259342576365
0.036034987087840295 0.0008294718841482932
0.036167190907027316 0.0008433095449406821
0.036283896350901026 0.0008486941353852449
0.03632113768896236 0.0008632615669056899
0.03632113768896236 0.0008632615669056899
0.03632113768896236 0.0008632615669056899
0.03638566095122639 0.0008691598354796667
0.03638566095122639 0.0008691598354796667
0.03638566095122639 0.0008691598354796667
0.03640509535752097 0.0008720585412625391
0.03640509535752097 0.0008720585412625391
0.03640509535752097 0.0008720585412625391
0.03640509535752097 0.0008720585412625391
0.03640509535752097 0.0008720585412625391
0.03640509535752097 0.0008720585412625391
0.03640509535752097 0.0008720585412625391
0.03640509535752097 0.0008720585412625391
0.03640509535752097 0.0008720585412625391
0.03640509535752097 0.0008720585412625391
0.03640509535752097 0.0008720585412625391
0.03640509535752097 0.0008720585412625391
0.03643305530774612 0.0008731587538612541
0.03643310830756048 0.0008738525726292429
0.03643310830756048 0.0008738525726292429
0.03645310150569993 0.0008751329927515495
0.03648205798629922 0.0008952048169413668
0.03648205798629922 0.0008952048169413668
0.03648205798629922 0.0008952048169413668
0.03648205798629922 0.0008952048169413668
0.03648205798629922 0.0008952048169413668
0.03648205798629922 0.0008952048169413668
0.03648205798629922 0.0008952048169413668
0.03648205798629922 0.0008952048169413668
0.03648205798629922 0.0008952048169413668
0.03648205798629922 0.0008952048169413668
0.03648205798629922 0.0008952048169413668
0.03648205798629922 0.0008952048169413668
0.03648205798629922 0.0008952048169413668
0.03648205798629922 0.0008952048169413668
0.03648205798629922 0.0008952048169413668
0.03648205798629922 0.0008952048169413668
0.03648205798629922 0.0008952048169413668
0.03648205798629922 0.0008952048169413668
0.03648205798629922 0.0008952048169413668
0.03649892104169074 0.0008981345191016822
0.036524942321712536 0.0009026553250009727
0.03654530576407573 0.0009238926062758668
0.03672341378893493 0.0009335380567159142
0.036811645638252816 0.0009458048120916849
0.03685837243537558 0.0009518923712927221
0.03691056993420784 0.000955880407092318
0.03691056993420784 0.000955880407092318
0.03691056993420784 0.000955880407092318
0.03692228928376719 0.0009571059392553312
0.03692228928376719 0.0009571059392553312
0.036934134883666384 0.0009753513204071992
0.03703394456586222 0.0009824448499368603
0.03703394456586222 0.0009824448499368603
0.03703394456586222 0.0009824448499368603
0.03703394456586222 0.0009824448499368603
0.03703394456586222 0.0009824448499368603
0.03703394456586222 0.0009824448499368603
0.03711894727086054 0.00098664995515683
0.03717859929272761 0.000988200130762803
0.03720754938718564 0.000991025265462434
0.03720754938718564 0.000991025265462434
0.03723787354268025 0.000991982673542748
0.03723835383491207 0.000992024519950238
0.03724495883377647 0.0009925997745580957
0.03724495883377647 0.0009925997745580957
0.037247813460341075 0.0010038772277849758
0.03726528484736727 0.0010060108532621243
0.03727510308284104 0.0010077970419036892
0.03740825264670472 0.0010091055442831964
0.037408753138060594 0.0010093507405370408
0.03740879299266224 0.0010099342023536532
0.03740924701602577 0.0010099843975699297
0.03740926412712883 0.0010100063680528605
0.03740928280555052 0.0010100304833518944
0.03740928280555052 0.0010100304833518944
0.03740929369446756 0.0010100437992338594
0.03740933378324715 0.0010100962209845744
0.03740933378324715 0.0010100962209845744
0.037409433155350655 0.001010223623642798
0.03740945213270282 0.001010247375475069
0.03740945213270282 0.001010247375475069
0.03740947776814786 0.001010280447682364
0.03740947776814786 0.001010280447682364
0.037409481446941756 0.0010102849873395328
0.037409481446941756 0.0010102849873395328
0.037409481446941756 0.0010102849873395328
0.03740958756977307 0.0010104206425222723
0.03740976358345133 0.0010106459234288598
0.03740976358345133 0.0010106459234288598
0.03740976358345133 0.0010106459234288598
0.0374097797191202 0.001010667368555775
0.03740985887103264 0.0010107678926527552
0.03740985887103264 0.0010107678926527552
0.03740985887103264 0.0010107678926527552
0.03740985887103264 0.0010107678926527552
0.03740985887103264 0.0010107678926527552
0.03740985887103264 0.0010107678926527552
0.03743510007423707 0.0010148349304450778
0.03745877308527023 0.0010191571943497881
0.037542406415644686 0.0010236141281925821
0.037542406415644686 0.0010236141281925821
0.037542406415644686 0.0010236141281925821
0.037542406415644686 0.0010236141281925821
0.037542406415644686 0.0010236141281925821
0.037542406415644686 0.0010236141281925821
0.037542406415644686 0.0010236141281925821
0.0376488982070004 0.0010263359468756733
0.0376488982070004 0.0010263359468756733
0.0376488982070004 0.0010263359468756733
0.0376488982070004 0.0010263359468756733
0.0376488982070004 0.0010263359468756733
0.0376488982070004 0.0010263359468756733
0.0376488982070004 0.0010263359468756733
0.0376488982070004 0.0010263359468756733
0.037770706231764775 0.0010351800572778367
0.03783100190577947 0.0010405047245565485
0.03787193889675848 0.0010424352589954997
0.037891857964197626 0.0010464434465378932
0.03793084879543333 0.0010500052593809556
0.037931153428295145 0.0010502215171645482
0.037931153428295145 0.0010502215171645482
0.037931237977509566 0.0010502813936620608
0.037931237977509566 0.0010502813936620608
0.037931237977509566 0.0010502813936620608
0.037931237977509566 0.0010502813936620608
0.03793162276205339 0.0010505542978832912
0.03793162276205339 0.0010505542978832912
0.03793162276205339 0.0010505542978832912
0.03793162276205339 0.0010505542978832912
0.03793162276205339 0.0010505542978832912
0.037932777946572 0.0010513739165700312
0.037932777946572 0.0010513739165700312
0.037932777946572 0.0010513739165700312
0.03793290748116919 0.0010514660418813253
0.03796303804685856 0.0010518421422989691
0.037963125404107935 0.0010518570677342791
0.0379638747335483 0.001051984551232694
0.0379651276269717 0.0010521976886743412
0.0379651276269717 0.0010521976886743412
0.037965987260941345 0.0010523570246061763
0.037968963899317296 0.00105268270715297
0.037968963899317296 0.00105268270715297
0.037973584232720146 0.001053460603413344
0.037973584232720146 0.001053460603413344
0.037973584232720146 0.001053460603413344
0.037973584232720146 0.001053460603413344
0.0379779764067192 0.001053729020119696
0.03799988596600874 0.001057417551140141
0.03825342299610006 0.0010622145673816637
0.03825342299610006 0.0010622145673816637
0.03833586323908886 0.0010663824591529093
0.038335970874504105 0.0010663983294050884
0.03833758156525709 0.0010666355452702031
0.03833758156525709 0.0010666355452702031
0.03833758156525709 0.0010666355452702031
0.03833758156525709 0.0010666355452702031
0.03833758156525709 0.0010666355452702031
0.03833758156525709 0.0010666355452702031
0.03833758156525709 0.0010666355452702031
0.03833758156525709 0.0010666355452702031
0.03833758156525709 0.0010666355452702031
0.03833758156525709 0.0010666355452702031
0.03833758156525709 0.0010666355452702031
0.03833758156525709 0.0010666355452702031
0.03833758156525709 0.0010666355452702031
0.03833758156525709 0.0010666355452702031
0.03833758156525709 0.0010666355452702031
0.03833758156525709 0.0010666355452702031
0.03833758156525709 0.0010666355452702031
0.03833758156525709 0.0010666355452702031
0.03833758156525709 0.0010666355452702031
0.03833758156525709 0.0010666355452702031
0.03833758156525709 0.0010666355452702031
0.03833758156525709 0.0010666355452702031
0.03833758156525709 0.0010666355452702031
0.03833758156525709 0.0010666355452702031
0.03833758156525709 0.0010666355452702031
0.03834121838022794 0.0010671712488456169
0.03834121838022794 0.0010671712488456169
0.03834121838022794 0.0010671712488456169
0.03834521934607084 0.001067760499830321
0.03834521934607084 0.001067760499830321
0.03834521934607084 0.001067760499830321
0.03834521934607084 0.001067760499830321
0.03834521934607084 0.001067760499830321
0.03834549769771345 0.0010678014961777367
0.03834549769771345 0.0010678014961777367
0.03835026047548368 0.0010685030006593486
0.03835026047548368 0.0010685030006593486
0.03836849144275238 0.0010711881094343438
0.03836849144275238 0.0010711881094343438
0.03836849144275238 0.0010711881094343438
0.03836849144275238 0.0010711881094343438
0.03836849144275238 0.0010711881094343438
0.03836849144275238 0.0010711881094343438
0.03836849144275238 0.0010711881094343438
0.03836849144275238 0.0010711881094343438
0.038424515305358384 0.0010746122694250963
0.038908037926069186 0.0010853555833650861
0.03906585456062482 0.0010885532470043078
0.03922458179919118 0.0010912148525039653
0.03922458179919118 0.0010912148525039653
0.0397131987419989 0.0010988953288567503
0.03981209909849916 0.0011015722553551488
0.03981209909849916 0.0011015722553551488
0.039819165710935134 0.0011027999729448209
0.039819165710935134 0.0011027999729448209
0.039819165710935134 0.0011027999729448209
0.039819165710935134 0.0011027999729448209
0.039819165710935134 0.0011027999729448209
0.039819165710935134 0.0011027999729448209
0.039819165710935134 0.0011027999729448209
0.039819165710935134 0.0011027999729448209
0.039819165710935134 0.0011027999729448209
0.039819165710935134 0.0011027999729448209
0.039819165710935134 0.0011027999729448209
0.039819165710935134 0.0011027999729448209
0.03985036242280286 0.0011040395561711235
0.03985036242280286 0.0011040395561711235
0.03985036242280286 0.0011040395561711235
0.03985036242280286 0.0011040395561711235
0.03985036242280286 0.0011040395561711235
0.03985036242280286 0.0011040395561711235
0.03985036242280286 0.0011040395561711235
0.03985036242280286 0.0011040395561711235
0.03985036242280286 0.0011040395561711235
0.03985036242280286 0.0011040395561711235
0.03985036242280286 0.0011040395561711235
0.03985036242280286 0.0011040395561711235
0.03985036242280286 0.0011040395561711235
0.03985036242280286 0.0011040395561711235
0.03985036242280286 0.0011040395561711235
0.03985036242280286 0.0011040395561711235
0.03985036242280286 0.0011040395561711235
0.03985036242280286 0.0011040395561711235
0.03985036242280286 0.0011040395561711235
0.04005497638100282 0.0011182486683480493
0.04021365650530938 0.0011214082262221998
0.040372602765445936 0.0011305428146189092
0.040372602765445936 0.0011305428146189092
0.04039386554798227 0.0011322835144537242
0.040428127340229936 0.0011325629748507105
0.040428127340229936 0.0011325629748507105
0.040428127340229936 0.0011325629748507105
0.040428127340229936 0.0011325629748507105
0.040428127340229936 0.0011325629748507105
0.040428127340229936 0.0011325629748507105
0.040428127340229936 0.0011325629748507105
0.040428127340229936 0.0011325629748507105
0.040428127340229936 0.0011325629748507105
0.040566832972460026 0.0011381413659303497
0.040566832972460026 0.0011381413659303497
0.040566832972460026 0.0011381413659303497
0.040566832972460026 0.0011381413659303497
0.04068872098601119 0.0011384009097957248
0.04068872098601119 0.0011384009097957248
0.04068872098601119 0.0011384009097957248
0.040813742476718304 0.0011405575349577965
0.04087888292806918 0.0011463466483507055
0.0411887265376875 0.0011510232700868374
0.04148335931550823 0.001153814453870418
0.04163191855070221 0.001159487513388787
0.04163191855070221 0.001159487513388787
0.04196797324682243 0.0011616159203475215
0.04202441967719382 0.001161762164370751
0.04203360513463812 0.001173177288378548
0.042101211601052 0.0011734206994623239
0.0423168332173304 0.00118111640498228
0.0423168332173304 0.00118111640498228
0.0423168332173304 0.00118111640498228
0.0423168332173304 0.00118111640498228
0.0423168332173304 0.00118111640498228
0.04260256471591563 0.0011874773926684138
0.042662668417567884 0.001190549139320938
0.04281068765485112 0.0011961714056808116
0.04296180648296111 0.0011980720559719475
0.04316454123295517 0.0011988349879805233
0.04317004869438562 0.0012038841837451048
0.0433548845532772 0.0012142313119962427
0.04361039638525899 0.0012161247564365753
0.04388899161292409 0.0012224953321480516
0.04412304276645709 0.0012229796922043211
0.04414116540055686 0.0012230918600333908
0.044373812349635555 0.0012249781697247395
0.044378316005580384 0.0012261196002734268
0.04441042038271209 0.001227011204342219
0.04441042038271209 0.001227011204342219
0.04441042038271209 0.001227011204342219
0.04441042038271209 0.001227011204342219
0.04441042038271209 0.001227011204342219
0.044483438271131326 0.0012297383838048414
0.044483438271131326 0.0012297383838048414
0.044483438271131326 0.0012297383838048414
0.044483438271131326 0.0012297383838048414
0.044483438271131326 0.0012297383838048414
0.0445083322984661 0.0012405582482475767
0.04481457222684873 0.001245097174580829
0.04481478546365275 0.0012451794315154836
0.04486062636916947 0.001252015414957022
0.044877285846498985 0.0012528880025868415
0.04530920591976098 0.0012600792150880456
0.04535331467321041 0.0012637279934574427
0.04552178893297723 0.0012678599312144002
0.04557922318652384 0.0012701271380255454
0.04557922318652384 0.0012701271380255454
0.04597595254274976 0.0012789649566964307
0.046132748020042885 0.0012881536266887888
0.04745343764944998 0.0012884468491704225
0.047514617606512044 0.0012925577209071304
0.04753929289667831 0.0012939080950134698
0.04756349441784129 0.0012948637560650583
0.04756349441784129 0.0012948637560650583
0.04756349441784129 0.0012948637560650583
0.04756349441784129 0.0012948637560650583
0.04756349441784129 0.0012948637560650583
0.04756349441784129 0.0012948637560650583
0.047598060489939684 0.0013020737953447486
0.047598060489939684 0.0013020737953447486
0.047598060489939684 0.0013020737953447486
0.04761635184889555 0.0013029233608890369
0.047617457694236684 0.001303091959537374
0.047638086877586416 0.0013033667768708832
0.04769594200236915 0.0013052356829267768
0.047697609406588876 0.0013052895490020162
0.0477052745981002 0.0013055371607450124
0.047831538224526876 0.0013090764324826855
0.047831538224526876 0.0013090764324826855
0.0479927769978685 0.0013136949567401077
0.04819358128055573 0.0013164928346848352
0.04862887911127235 0.0013217141107969572
0.048801258768888786 0.0013299478734872196
0.04915279511355633 0.001330488113992314
0.04915279511355633 0.001330488113992314
0.04915279511355633 0.001330488113992314
0.05088947959655044 0.0013419589729548147
