0.03587873110981127 0.000715642148099231
0.0359420700133212 0.0007170449918918128
0.0359420700133212 0.0007170449918918128
0.0359420700133212 0.0007170449918918128
0.035954534317727146 0.0007270032066575877
0.035971574379907195 0.0007276868925691631
0.03608776320640677 0.0007563835473079423
0.03608776320640677 0.0007563835473079423
0.0361214854608262 0.0007867307020081757
0.03612441921755268 0.0007873262122808714
0.03612441921755268 0.0007873262122808714
0.03612441921755268 0.0007873262122808714
0.03612599477735845 0.0007874309909530403
0.036133627910841695 0.000791921875474596
0.03615771502667499 0.0007935904920217406
0.03615771502667499 0.0007935904920217406
0.03615771502667499 0.0007935904920217406
0.03619637788800294 0.0007996347495646536
0.03620019368170958 0.0008002312817172534
0.03620019368170958 0.0008002312817172534
0.03620019368170958 0.0008002312817172534
0.03620019368170958 0.0008002312817172534
0.036219779543279554 0.0008024370253782963
0.036225321388523676 0.0008475996233487768
0.036456411782801616 0.0008822291107431599
0.03661021587210974 0.0008933120801017402
0.03661021587210974 0.0008933120801017402
0.03661021587210974 0.0008933120801017402
0.036774653755411 0.0009351228751555574
0.03693606339521116 0.0009549209844365593
0.03694768061991533 0.0009803958410713259
0.03694768061991533 0.0009803958410713259
0.03694768061991533 0.0009803958410713259
0.03694768061991533 0.0009803958410713259
0.03694768061991533 0.0009803958410713259
0.03694768061991533 0.0009803958410713259
0.03694768061991533 0.0009803958410713259
0.03694768061991533 0.0009803958410713259
0.0369580294777517 0.0009817570044382887
0.0369580294777517 0.0009817570044382887
0.0369580294777517 0.0009817570044382887
0.03719792280779151 0.0009965964934148179
0.0372886147403971 0.0010110920122158396
0.0372886147403971 0.0010110920122158396
0.0372886147403971 0.0010110920122158396
0.037407769547913805 0.0010129315821397484
0.037462178944310656 0.0010147349209004956
0.037462178944310656 0.0010147349209004956
0.03755242225859475 0.001029460838072422
0.03755242225859475 0.001029460838072422
0.03779005563957289 0.0010306439760239957
0.03779005563957289 0.0010306439760239957
0.03779005563957289 0.0010306439760239957
0.03779005563957289 0.0010306439760239957
0.03779005563957289 0.0010306439760239957
0.03779040925628549 0.0010307028649648362
0.03779040925628549 0.0010307028649648362
0.03779040925628549 0.0010307028649648362
0.03779040925628549 0.0010307028649648362
0.03779040925628549 0.0010307028649648362
0.03779040925628549 0.0010307028649648362
0.03779040925628549 0.0010307028649648362
0.03779040925628549 0.0010307028649648362
0.03779040925628549 0.0010307028649648362
0.03780777886924504 0.0010314314615874997
0.03785314367069149 0.0010390401601267846
0.037963853039419515 0.0010473715451857382
0.038307498958160664 0.0010558328990287497
0.03833967198529353 0.0010709035052520926
0.03833967198529353 0.0010709035052520926
0.03877267376016206 0.0010754073423820012
0.03882724845900794 0.0010889190983970004
0.03882724845900794 0.0010889190983970004
0.03896224182937141 0.0010890286169411316
0.03899647822922311 0.0010912406521163466
0.039045701202629624 0.001091569326916883
0.03916192432182507 0.001093405066925952
0.03921787148018041 0.0010945172276113518
0.03921787148018041 0.0010945172276113518
0.039234875902842255 0.0010949607865774465
0.039234875902842255 0.0010949607865774465
0.039234875902842255 0.0010949607865774465
0.039234875902842255 0.0010949607865774465
0.03929629603821755 0.0010958911982939762
0.03930041615997796 0.0010960867930003403
0.03938140568572994 0.0010973590458616396
0.03938140568572994 0.0010973590458616396
0.039495831465852275 0.0011025984104090728
0.039495831465852275 0.0011025984104090728
0.03954186666951989 0.0011062286503430998
0.03954186666951989 0.0011062286503430998
0.03954186666951989 0.0011062286503430998
0.03954186666951989 0.0011062286503430998
0.0395580896991216 0.0011070147296066808
0.039947160508438585 0.001108199994996231
0.039947160508438585 0.001108199994996231
0.03996055052684856 0.0011106115179030695
0.04000157808663489 0.001118258023700933
0.04005976734400333 0.0011222596580842761
0.04005976734400333 0.0011222596580842761
0.04005976734400333 0.0011222596580842761
0.04005976734400333 0.0011222596580842761
0.04005976734400333 0.0011222596580842761
0.04005976734400333 0.0011222596580842761
0.04007920390721648 0.0011226524815817263
0.04007920390721648 0.0011226524815817263
0.04007920390721648 0.0011226524815817263
0.04007920390721648 0.0011226524815817263
0.04007920390721648 0.0011226524815817263
0.040139746949752135 0.0011227400798853298
0.04024406670633463 0.0011227947229156359
0.04032383310890168 0.0011230262871469408
0.04032395987497667 0.0011233395698671883
0.04044113015194392 0.0011318835043823967
0.04044187824700395 0.0011350655074208733
0.04044187824700395 0.0011350655074208733
0.040954856212756394 0.0011370469633414809
0.040954856212756394 0.0011370469633414809
0.040954856212756394 0.0011370469633414809
0.040954856212756394 0.0011370469633414809
0.04104030209297737 0.0011404013170337745
0.04104030209297737 0.0011404013170337745
0.041130112607984014 0.0011510943837166065
0.04114532463866045 0.001151479301382257
0.04114532463866045 0.001151479301382257
0.04114532463866045 0.001151479301382257
0.04114532463866045 0.001151479301382257
0.04114645745905277 0.0011514895969422748
0.041172483503090405 0.0011515774813482425
0.04118884049488911 0.0011527145058465673
0.04118884049488911 0.0011527145058465673
0.04118884049488911 0.0011527145058465673
0.04118884049488911 0.0011527145058465673
0.0412849137636287 0.001152746072012937
0.04128603027111875 0.0011527572618868329
0.04130490879728035 0.0011529287863789306
0.04130490879728035 0.0011529287863789306
0.04130490879728035 0.0011529287863789306
0.04130490879728035 0.0011529287863789306
0.04130490879728035 0.0011529287863789306
0.04130490879728035 0.0011529287863789306
0.04130490879728035 0.0011529287863789306
0.04130490879728035 0.0011529287863789306
0.04130490879728035 0.0011529287863789306
0.04130490879728035 0.0011529287863789306
0.04130490879728035 0.0011529287863789306
0.04130490879728035 0.0011529287863789306
0.04130490879728035 0.0011529287863789306
0.04130817768268647 0.00115825818983495
0.04160954332790278 0.0011587367372177496
0.04160954332790278 0.0011587367372177496
0.04165346737166734 0.0011672848765953547
0.04165346737166734 0.0011672848765953547
0.04165346737166734 0.0011672848765953547
0.041798240142069086 0.0011681425881464114
0.04186077332534465 0.0011725845805777182
0.041933744109042013 0.0011759151340045148
0.041933744109042013 0.0011759151340045148
0.04198883416294517 0.0011764066090160928
0.04198883416294517 0.0011764066090160928
0.04198883416294517 0.0011764066090160928
0.04198883416294517 0.0011764066090160928
0.04198883416294517 0.0011764066090160928
0.04198883416294517 0.0011764066090160928
0.04198883416294517 0.0011764066090160928
0.04201587160413821 0.0011773115712642114
0.04209761358226899 0.0011801250052898458
0.04209761358226899 0.0011801250052898458
0.042166563551249606 0.00118022291050969
0.042166563551249606 0.00118022291050969
0.042166563551249606 0.00118022291050969
0.04217933260316326 0.0011820859015891096
0.04218103935149583 0.0011823674114996854
0.04218103935149583 0.0011823674114996854
0.04218463782505405 0.00118305449373395
0.04218463782505405 0.00118305449373395
0.04218463782505405 0.00118305449373395
0.04218917212502246 0.0011836937060479879
0.04218917212502246 0.0011836937060479879
0.04218917212502246 0.0011836937060479879
0.04218917212502246 0.0011836937060479879
0.04218917212502246 0.0011836937060479879
0.04219079050531063 0.0011839868531898568
0.04219079050531063 0.0011839868531898568
0.04219079050531063 0.0011839868531898568
0.0421928841728209 0.0011843714134015513
0.0421928841728209 0.0011843714134015513
0.0421928841728209 0.0011843714134015513
0.0421928841728209 0.0011843714134015513
0.0421928841728209 0.0011843714134015513
0.0421928841728209 0.0011843714134015513
0.0421928841728209 0.0011843714134015513
0.0421928841728209 0.0011843714134015513
0.0421928841728209 0.0011843714134015513
0.0421928841728209 0.0011843714134015513
0.042192991446293855 0.001184389673945235
0.042192991446293855 0.001184389673945235
0.042192991446293855 0.001184389673945235
0.042192991446293855 0.001184389673945235
0.042192991446293855 0.001184389673945235
0.042192991446293855 0.001184389673945235
0.042200443952053086 0.0011856381191644306
0.042200443952053086 0.0011856381191644306
0.042595606528483 0.0011859311984498357
0.042595606528483 0.0011859311984498357
0.04260605155700778 0.0011879007126994088
0.04263489909720304 0.001192511448695369
0.04263489909720304 0.001192511448695369
0.04263489909720304 0.001192511448695369
0.04263489909720304 0.001192511448695369
0.04263489909720304 0.001192511448695369
0.042788610179857474 0.0011970782281876158
0.04296121758460665 0.0012007785519930563
0.043175388510347634 0.0012021662291738717
0.043237703129059245 0.0012041719397306624
0.04329236501034813 0.001204768147612948
0.04329236501034813 0.001204768147612948
0.04329236501034813 0.001204768147612948
0.04329236501034813 0.001204768147612948
0.04329236501034813 0.001204768147612948
0.04329236501034813 0.001204768147612948
0.04329236501034813 0.001204768147612948
0.04329236501034813 0.001204768147612948
0.04329236501034813 0.001204768147612948
0.04329236501034813 0.001204768147612948
0.04329236501034813 0.001204768147612948
0.0433486965233529 0.0012080572909310167
0.043420798856366155 0.0012082102448541707
0.043420798856366155 0.0012082102448541707
0.043420798856366155 0.0012082102448541707
0.043420798856366155 0.0012082102448541707
0.04342471316187632 0.0012141355720368344
0.04353438073430645 0.0012172430002161158
0.04353438073430645 0.0012172430002161158
0.04358706732972951 0.001219307329329637
0.04368913308339781 0.0012215072840328204
0.04368913308339781 0.0012215072840328204
0.04372455589213936 0.0012220969305913698
0.043731530958942354 0.001227662272445329
0.04376677971499783 0.0012316255531099663
0.04376677971499783 0.0012316255531099663
0.04376677971499783 0.0012316255531099663
0.043965327624261134 0.0012355057478589406
0.04407265464339871 0.0012370074658120632
0.04412042543161615 0.0012378473637944417
0.044121227710345566 0.0012379737677178718
0.044121227710345566 0.0012379737677178718
0.044121227710345566 0.0012379737677178718
0.044121227710345566 0.0012379737677178718
0.044121227710345566 0.0012379737677178718
0.044121227710345566 0.0012379737677178718
0.044121227710345566 0.0012379737677178718
0.044121227710345566 0.0012379737677178718
0.04412608327586191 0.0012387498835449953
0.04412608327586191 0.0012387498835449953
0.04412608327586191 0.0012387498835449953
0.04412608327586191 0.0012387498835449953
0.04412608327586191 0.0012387498835449953
0.04412608327586191 0.0012387498835449953
0.044422962617413665 0.0012388373460359887
0.044422962617413665 0.0012388373460359887
0.044422962617413665 0.0012388373460359887
0.04444294144272476 0.001240453261934384
0.04444294144272476 0.001240453261934384
0.04444294144272476 0.001240453261934384
0.04444294144272476 0.001240453261934384
0.04444294144272476 0.001240453261934384
0.04444294144272476 0.001240453261934384
0.04444294144272476 0.001240453261934384
0.04444294144272476 0.001240453261934384
0.04444294144272476 0.001240453261934384
0.04444294144272476 0.001240453261934384
0.04444294144272476 0.001240453261934384
0.04444294144272476 0.001240453261934384
0.04444432512955471 0.0012406744393799389
0.04444432512955471 0.0012406744393799389
0.04444443261982839 0.0012407255239192038
0.04444443261982839 0.0012407255239192038
0.04444443261982839 0.0012407255239192038
0.04444443261982839 0.0012407255239192038
0.04444443261982839 0.0012407255239192038
0.04444443261982839 0.0012407255239192038
0.04444443261982839 0.0012407255239192038
0.04444443261982839 0.0012407255239192038
0.04444443261982839 0.0012407255239192038
0.04444443261982839 0.0012407255239192038
0.04444443261982839 0.0012407255239192038
0.04444443261982839 0.0012407255239192038
0.04444443261982839 0.0012407255239192038
0.04444443261982839 0.0012407255239192038
0.04444443261982839 0.0012407255239192038
0.044450174419954476 0.0012420523943542996
0.044450174419954476 0.0012420523943542996
0.04446987611322311 0.0012420794014554985
0.04446987611322311 0.0012420794014554985
0.04447145334483883 0.0012423314943361154
0.04447145334483883 0.0012423314943361154
0.04447145334483883 0.0012423314943361154
0.04447145334483883 0.0012423314943361154
0.04447145334483883 0.0012423314943361154
0.04447145334483883 0.0012423314943361154
0.04447145334483883 0.0012423314943361154
0.04447145334483883 0.0012423314943361154
0.04447145334483883 0.0012423314943361154
0.04447145334483883 0.0012423314943361154
0.04447145334483883 0.0012423314943361154
0.04447145334483883 0.0012423314943361154
0.04447145334483883 0.0012423314943361154
0.04447145334483883 0.0012423314943361154
0.04447145334483883 0.0012423314943361154
0.04447145334483883 0.0012423314943361154
0.04447145334483883 0.0012423314943361154
0.04447145334483883 0.0012423314943361154
0.04447145334483883 0.0012423314943361154
0.04447145334483883 0.0012423314943361154
0.04447145334483883 0.0012423314943361154
0.04447145334483883 0.0012423314943361154
0.04447145334483883 0.0012423314943361154
0.04447145334483883 0.0012423314943361154
0.04447145334483883 0.0012423314943361154
0.04447145334483883 0.0012423314943361154
0.04447145334483883 0.0012423314943361154
0.04447145334483883 0.0012423314943361154
0.04447145334483883 0.0012423314943361154
0.04447145334483883 0.0012423314943361154
0.04447145334483883 0.0012423314943361154
0.04447145334483883 0.0012423314943361154
0.04447145334483883 0.0012423314943361154
0.04447145334483883 0.0012423314943361154
0.044471752335652745 0.001242379263474032
0.044471752335652745 0.001242379263474032
0.044471752335652745 0.001242379263474032
0.044471752335652745 0.001242379263474032
0.044471752335652745 0.001242379263474032
0.044471752335652745 0.001242379263474032
0.044471752335652745 0.001242379263474032
0.044471752335652745 0.001242379263474032
0.044471752335652745 0.001242379263474032
0.044471752335652745 0.001242379263474032
0.044471752335652745 0.001242379263474032
0.044471752335652745 0.001242379263474032
0.044471752335652745 0.001242379263474032
0.044471752335652745 0.001242379263474032
0.044471752335652745 0.001242379263474032
0.044471752335652745 0.001242379263474032
0.044501523446233364 0.0012428550197205578
0.044535197642357395 0.0012433931572390655
0.044535197642357395 0.0012433931572390655
0.044535197642357395 0.0012433931572390655
0.044535197642357395 0.0012433931572390655
0.044617013547604896 0.0012445364865147628
0.044668946970736124 0.001244617785510458
0.044668946970736124 0.001244617785510458
0.04471096014554968 0.0012451586702549432
0.04471096014554968 0.0012451586702549432
0.04471096014554968 0.0012451586702549432
0.04471096014554968 0.0012451586702549432
0.04471096014554968 0.0012451586702549432
0.04473916896137138 0.0012452963668710896
0.04473916896137138 0.0012452963668710896
0.044745531806352025 0.001246526561843328
0.044745531806352025 0.001246526561843328
0.044745531806352025 0.001246526561843328
0.044745531806352025 0.001246526561843328
0.044745531806352025 0.001246526561843328
0.0447485427203504 0.0012470078230839435
0.044796550705115096 0.0012473505927588621
0.04479944663443436 0.0012478134370842609
0.04479944663443436 0.0012478134370842609
0.044861137263958746 0.001248330594139296
0.04488227551071875 0.0012490681552070897
0.04492939176295136 0.0012493117308563137
0.04497429271241317 0.0012499486647683338
0.04498209327391982 0.0012506897253796666
0.04498209327391982 0.0012506897253796666
0.04498209327391982 0.0012506897253796666
0.04498209327391982 0.0012506897253796666
0.04498209327391982 0.0012506897253796666
0.04498209327391982 0.0012506897253796666
0.04499438523514505 0.0012509276427754234
0.04500626347084109 0.0012520288106503822
0.04509762623981159 0.001257284035832889
0.045176206287102394 0.001257794809963996
0.045194554239168294 0.0012581300893637136
0.04521785000801782 0.0012582973092693118
0.04521785000801782 0.0012582973092693118
0.04521785000801782 0.0012582973092693118
0.04524264280743903 0.0012590245953556642
0.04531588590456067 0.0012610615420945977
0.045347167270401834 0.0012623513467934883
0.04537115219435581 0.0012627778805008746
0.04537115219435581 0.0012627778805008746
0.04537115219435581 0.0012627778805008746
0.04537115219435581 0.0012627778805008746
0.04537115219435581 0.0012627778805008746
0.04547499107718528 0.001264150182068724
0.04547499107718528 0.001264150182068724
0.04547499107718528 0.001264150182068724
0.04564830803722004 0.0012659202834066745
0.04564830803722004 0.0012659202834066745
0.04564830803722004 0.0012659202834066745
0.045668809119466885 0.0012673198124885524
0.045700911236277605 0.0012710634244650746
0.04582514231950855 0.0012739036666586934
0.0459508144360252 0.0012745310141433906
0.046024244736777235 0.0012789929780482935
0.046024244736777235 0.0012789929780482935
0.046024244736777235 0.0012789929780482935
0.046024244736777235 0.0012789929780482935
0.046024244736777235 0.0012789929780482935
0.046248549051090944 0.0012828901903017048
0.046262871792387354 0.0012869849269305181
0.04661377101890326 0.0012905105922159528
0.04661377101890326 0.0012905105922159528
0.046717197840464936 0.0012919558988582934
0.046717197840464936 0.0012919558988582934
0.046717197840464936 0.0012919558988582934
0.04676236599393538 0.001292836227750149
0.04676236599393538 0.001292836227750149
0.04676236599393538 0.001292836227750149
0.04680679592985614 0.0012946495228863002
0.04680679592985614 0.0012946495228863002
0.046865836828218835 0.0012953081631251284
0.046865836828218835 0.0012953081631251284
0.04689876334969655 0.001295939504207981
0.04689876334969655 0.001295939504207981
0.04689876334969655 0.001295939504207981
0.04698970304264239 0.0012995239511399677
0.04698970304264239 0.0012995239511399677
0.04698970304264239 0.0012995239511399677
0.04698970304264239 0.0012995239511399677
0.04698970304264239 0.0012995239511399677
0.04698970304264239 0.0012995239511399677
0.047050309073723574 0.0013013696277748943
0.04712035876807388 0.0013023807537928173
0.04716107868165234 0.0013043298059623814
0.04716107868165234 0.0013043298059623814
0.04716378686212221 0.0013043708303402052
0.04719405822687745 0.0013045579206974744
0.047220018970629066 0.0013052226521781136
0.04743452716627881 0.001308330972967679
0.047513988858089724 0.0013118680918617668
0.04757101583340168 0.0013120454256253813
0.04757101583340168 0.0013120454256253813
0.04757101583340168 0.0013120454256253813
0.04757101583340168 0.0013120454256253813
0.04757101583340168 0.0013120454256253813
0.04757101583340168 0.0013120454256253813
0.04757101583340168 0.0013120454256253813
0.04757101583340168 0.0013120454256253813
0.047840025948454636 0.0013122115365824761
0.04786029691547901 0.0013146503159371238
0.04786029691547901 0.0013146503159371238
0.047903754276384825 0.001315580091731007
0.04792888693842033 0.0013159608092771754
0.04792888693842033 0.0013159608092771754
0.04792888693842033 0.0013159608092771754
0.04792888693842033 0.0013159608092771754
0.04795784419615006 0.0013163994630135387
0.04795784419615006 0.0013163994630135387
0.04795784419615006 0.0013163994630135387
0.04795784419615006 0.0013163994630135387
0.048048193692262355 0.0013175792195990773
0.04819883917156478 0.0013198612451616842
0.04822111904155193 0.0013201987477079117
0.04844168322248512 0.001322056843550007
0.04844168322248512 0.001322056843550007
0.048445844218839726 0.001322219318991312
0.04848361003428619 0.001324363930902837
0.04848361003428619 0.001324363930902837
0.04848361003428619 0.001324363930902837
0.04848361003428619 0.001324363930902837
0.04848361003428619 0.001324363930902837
0.04848361003428619 0.001324363930902837
0.04848361003428619 0.001324363930902837
0.04848361003428619 0.001324363930902837
0.04848361003428619 0.001324363930902837
0.04848361003428619 0.001324363930902837
0.04848361003428619 0.001324363930902837
0.04848361003428619 0.001324363930902837
0.04848361003428619 0.001324363930902837
0.04848361003428619 0.001324363930902837
0.04855486548680224 0.0013254433311269242
0.04859020744951043 0.001325978702401962
0.04859020744951043 0.001325978702401962
0.04859020744951043 0.001325978702401962
0.04901937882430795 0.001328168116198656
0.04901937882430795 0.001328168116198656
0.04901937882430795 0.001328168116198656
0.04905484066544385 0.0013285053600487992
0.04908065891135005 0.0013332193278023643
0.04908065891135005 0.0013332193278023643
0.04915508505083201 0.001334971595036821
0.04915508505083201 0.001334971595036821
0.049323701722541954 0.001337089903766914
0.04949446566994487 0.00133868813016915
0.05002668468978434 0.0013441785382389015
