0.05820413300834819 0.0007569745819839825
0.05837225687847319 0.0007794065826070957
0.05848871636371805 0.0007896949550852619
0.05851635518302007 0.0008337737498985935
0.05860303366236364 0.0008349535145918624
0.05862697100687719 0.0008765775545116402
0.058641110931199635 0.0008993949832418038
0.058681477961995535 0.0009283083880217744
0.058753970709207466 0.0009543794373698293
0.058868559631244856 0.0009696245638324778
0.059206379959045624 0.000976098353196415
0.059554262341728864 0.0010299511134163714
0.060534549317910955 0.0010343608182461434
0.0608834619672778 0.0010774181116817085
0.06175052613687837 0.0010794203590924895
0.06210348361294014 0.0011307246923161812
0.06224252449544088 0.0011651178143890716
0.0625606874492676 0.0011705906217742497
0.06274411845597654 0.001182980793953383
0.06579769479661028 0.0011951286196185793
0.06620743039820617 0.0013042124954450885
0.06694702953849734 0.0013764475355072766
