0.05809840451229 0.0008819182828693
0.05848628147615004 0.0009669437146187905
0.05896908325645345 0.0010153835262668317
0.059012375144934515 0.0010195445427519329
0.05976477828636592 0.0010405526388370834
0.059766079835099205 0.0010520896254907854
0.06017502352462983 0.0010889265914296887
0.06062008933045453 0.001146854700815565
0.06077409502185939 0.0011496000194000432
0.06135719437888271 0.0011885025633815013
0.06294747662698476 0.0012156203674395332
0.06525755643369849 0.001231329662041009
0.06713486221965534 0.0012430387251944662
0.06745238848893846 0.001252405692560166
0.06802886378681373 0.0012854123028123304
