0.05811969612015014 0.0007934918036645435
0.05847429396909137 0.0008448508965419276
0.0587087513974051 0.0009677498429711175
0.05916534400041316 0.001010182373092333
0.059700357832729326 0.0010231902856085741
0.05980551430217869 0.0010250548226254453
0.05988363094059313 0.0010627008468850254
0.060154087474533886 0.0010963169016553929
0.06022776610379476 0.0011798761288552633
0.06368942285118787 0.0011881961698165702
0.06384675928635021 0.0011944003401091442
0.0639435250521122 0.0012085700024244922
0.06427166830330897 0.001277644469049521
0.06522005415369014 0.0013499727470107992
0.06637184842936471 0.0013671206478426306
0.06852637181326572 0.001369083799454261
