0.057972013676059406 0.0006063113705798152
0.05812627031836021 0.0007068401201864026
0.05837675201180197 0.0007159774315823811
0.058382211742882016 0.0008245282245258608
0.058482423964039715 0.0008701958591225419
0.05868360230382271 0.0008892645227504565
0.05872149959145336 0.0008930831358382951
0.05890768309070302 0.0009199965078143826
0.058912034140899544 0.0009348981959523279
0.059117874201384736 0.0009497863431395541
0.059204630637848185 0.0009916280474266883
0.05936508759097944 0.0010712370432395804
0.059408410249628466 0.0011338122948404746
0.06114274218619113 0.001246108637995813
0.06581555168698634 0.0012858354734248093
0.06684379988126724 0.001308682866244939
0.06808452011749784 0.0013159822902381435
