0.058137875635895314 0.000572894296427875
0.05813929102102197 0.000767139185776947
0.05813929102102197 0.000767139185776947
0.05822247400673411 0.0008020247613669562
0.05827352184980712 0.0008063099193701862
0.05859152839808332 0.0008547561562457748
0.05866216104802076 0.0009253158483785165
0.05868355664759478 0.000961465432874117
0.0586863539261754 0.0010055485034169945
0.058887500605918464 0.0010385877139845324
0.059154578861888275 0.0010584787980763607
0.05992058610717915 0.001068656789392861
0.06000125657174875 0.001093938208133837
0.06012965388765867 0.0010999262145963014
0.060244591468745876 0.0011111907782323223
0.060460889417979446 0.0011643126223068341
0.06071672534702749 0.001202279107114291
0.06266539203953196 0.0012251254208763642
0.06384389474537905 0.0013128998065984933
0.06865577964826504 0.0013920354145919
0.06943995159186062 0.0014075886194797795
