31 23 25 20 38 24 13 55 1
0.05 0.15 0.14178444 0.05821556 0.15 0.099999994 0.055775143 0.14422485 0.15

13 38 23 31 55 25 1 2 24
0.05 0.15 0.13768098 0.062319025 0.14584653 0.054153472 0.15 0.099999994 0.15

38 2 55 31 25 20 23 1 24
0.15 0.099999994 0.107645646 0.09235436 0.13919689 0.060803115 0.1468385 0.053161502 0.15

55 25 20 23 38 31 60 13 1
0.15 0.099999994 0.052995797 0.1470042 0.14633706 0.05366294 0.05 0.15 0.15

1 31 13 20 38 25 24 23 55
0.14835313 0.051646873 0.13192298 0.06807703 0.15 0.099999994 0.05 0.15 0.15

25 60 23 38 1 24 31 55 13
0.14565334 0.054346666 0.15 0.099999994 0.14909714 0.05090286 0.05 0.15 0.15

31 25 23 1 38 20 2 24 55
0.07950153 0.12049847 0.15 0.099999994 0.14947724 0.05052276 0.05 0.15 0.15

60 13 55 23 31 25 20 38 1
0.05056753 0.14943248 0.15 0.099999994 0.05512804 0.14487197 0.05 0.15 0.15

60 55 1 25 13 20 23 31 38
0.05 0.15 0.15 0.099999994 0.14877793 0.05122207 0.14898966 0.05101034 0.15

31 55 1 20 25 13 38 60 23
0.05 0.15 0.15 0.099999994 0.05688997 0.14311004 0.14435628 0.055643722 0.15

37 38 1 24 25 31 55 23 9
0.09761183 0.10238817 0.0660752 0.13392481 0.06614874 0.13385126 0.1 0.15 0.15

38 25 23 24 60 1 55 20 13
0.14557095 0.054429054 0.14721677 0.052783236 0.05 0.15 0.15 0.099999994 0.15

23 60 20 31 38 25 24 55 48
0.14696153 0.053038478 0.05 0.15 0.15 0.099999994 0.12158047 0.07841954 0.15

31 13 38 1 60 23 25 20 55
0.050277505 0.1497225 0.1 0.15 0.05022953 0.14977047 0.1482265 0.051773503 0.15

20 55 23 31 60 38 1 13 25
0.05 0.15 0.14388248 0.05611752 0.050194327 0.14980568 0.15 0.099999994 0.15

31 38 23 25 55 24 20 13 1
0.053377807 0.1466222 0.15 0.099999994 0.14918622 0.05081378 0.052986335 0.14701366 0.15

33 55 13 60 38 25 20 23 1
0.05 0.15 0.1497549 0.050245106 0.15 0.099999994 0.054636143 0.14536387 0.15

25 55 38 20 31 23 13 60 1
0.05 0.15 0.15 0.099999994 0.053823765 0.14617623 0.1479493 0.05205071 0.15

55 25 24 31 23 20 1 51 48
0.05232803 0.14767197 0.15 0.099999994 0.14755374 0.05244626 0.14286332 0.057136685 0.15

1 20 31 38 60 13 23 25 55
0.149401 0.05059901 0.050756842 0.14924316 0.05 0.15 0.15 0.099999994 0.15

38 31 20 23 13 25 60 1 55
0.14362743 0.056372568 0.05 0.15 0.15 0.099999994 0.050142772 0.14985722 0.15

1 60 31 23 55 13 25 20 38
0.14606526 0.053934738 0.05 0.15 0.15 0.099999994 0.13791952 0.062080488 0.15

13 1 23 24 38 31 25 20 55
0.1 0.15 0.14927071 0.05072929 0.14567533 0.05432467 0.12110098 0.078899026 0.15

24 38 55 25 20 23 31 13 1
0.05 0.15 0.15 0.099999994 0.05356742 0.14643258 0.14765128 0.052348718 0.15

31 13 23 60 20 1 38 25 55
0.05 0.15 0.14962755 0.05037245 0.0506926 0.1493074 0.15000002 0.09999998 0.15

13 23 24 38 60 55 31 25 1
0.15 0.099999994 0.14624365 0.053756356 0.05 0.15 0.05334638 0.14665362 0.15

20 25 55 33 23 38 60 1 13
0.082277514 0.11772249 0.14843938 0.051560625 0.15 0.099999994 0.05 0.15 0.15

25 13 55 20 23 60 1 31 38
0.05 0.15 0.15 0.099999994 0.14351559 0.056484416 0.14998077 0.050019234 0.15

23 20 33 1 60 38 13 25 55
0.14534895 0.05465105 0.05 0.15 0.054863717 0.14513628 0.15 0.099999994 0.15

55 48 13 25 38 1 23 27 31
0.15 0.099999994 0.051518932 0.14848107 0.05 0.15 0.14712612 0.05287388 0.15

