0.03167781497766166 0.0005669826595594774
0.03167781497766166 0.0005669826595594774
0.03167781497766166 0.0005669826595594774
0.032797504954811006 0.0007729666653394599
0.032797504954811006 0.0007729666653394599
0.032797504954811006 0.0007729666653394599
0.032797504954811006 0.0007729666653394599
0.032797504954811006 0.0007729666653394599
0.032797504954811006 0.0007729666653394599
0.03279750495481101 0.0007729666653394599
0.033749186972839657 0.0009211986447967165
0.033749186972839657 0.0009211986447967165
0.033749186972839657 0.0009211986447967165
0.0341959735305942 0.000991592601118177
0.0341959735305942 0.000991592601118177
0.0341959735305942 0.000991592601118177
0.0341959735305942 0.000991592601118177
0.0341959735305942 0.000991592601118177
0.0341959735305942 0.000991592601118177
0.0341959735305942 0.000991592601118177
0.0341959735305942 0.000991592601118177
0.0341959735305942 0.000991592601118177
0.0341959735305942 0.000991592601118177
0.0341959735305942 0.000991592601118177
0.0341959735305942 0.000991592601118177
0.0341959735305942 0.000991592601118177
0.0341959735305942 0.000991592601118177
0.035574891147223314 0.001042402608932476
0.035574891147223314 0.001042402608932476
0.035574891147223314 0.001042402608932476
0.035574891147223314 0.001042402608932476
0.035574891147223314 0.001042402608932476
0.035574891147223314 0.001042402608932476
0.035574891147223314 0.001042402608932476
0.035574891147223314 0.001042402608932476
0.035574891147223314 0.001042402608932476
0.035574891147223314 0.001042402608932476
0.035574891147223314 0.001042402608932476
0.035574891147223314 0.001042402608932476
0.035574891147223314 0.001042402608932476
0.035574891147223314 0.001042402608932476
0.035574891147223314 0.001042402608932476
0.035574891147223314 0.001042402608932476
0.035574891147223314 0.001042402608932476
0.035574891147223314 0.001042402608932476
0.035574891147223314 0.001042402608932476
0.035574891147223314 0.001042402608932476
0.035574891147223314 0.001042402608932476
0.035574891147223314 0.001042402608932476
0.035574891147223314 0.001042402608932476
0.035574891147223314 0.001042402608932476
0.035574891147223314 0.001042402608932476
0.035574891147223314 0.001042402608932476
0.035574891147223314 0.001042402608932476
0.03578710776626426 0.0010763217228251677
0.03578710776626426 0.0010763217228251677
0.03578710776626426 0.0010763217228251677
0.03578710776626426 0.0010763217228251677
0.03578710776626426 0.0010763217228251677
0.03578710776626426 0.0010763217228251677
0.03578710776626426 0.0010763217228251677
0.03578710776626426 0.0010763217228251677
0.03578710776626426 0.0010763217228251677
0.03578710776626426 0.0010763217228251677
0.03578710776626426 0.0010763217228251677
0.03578710776626426 0.0010763217228251677
0.03578710776626426 0.0010763217228251677
0.03578710776626426 0.0010763217228251677
0.03578710776626426 0.0010763217228251677
0.03578710776626426 0.0010763217228251677
0.03578710776626426 0.0010763217228251677
0.03578710776626426 0.0010763217228251677
0.03578710776626426 0.0010763217228251677
0.03706277270067091 0.0010913596136481064
0.03706277270067091 0.0010913596136481064
0.037274989319711856 0.001125278727540798
0.037274989319711856 0.001125278727540798
0.037274989319711856 0.001125278727540798
0.037274989319711856 0.001125278727540798
0.037274989319711856 0.001125278727540798
0.038242933662608336 0.0011921890591722992
0.038242933662608336 0.0011921890591722992
0.038242933662608336 0.0011921890591722992
0.038242933662608336 0.0011921890591722992
0.038242933662608336 0.0011921890591722992
0.038242933662608336 0.0011921890591722992
0.038242933662608336 0.0011921890591722992
0.038242933662608336 0.0011921890591722992
0.038242933662608336 0.0011921890591722992
0.038242933662608336 0.0011921890591722992
0.038242933662608336 0.0011921890591722992
0.038242933662608336 0.0011921890591722992
0.038242933662608336 0.0011921890591722992
0.038242933662608336 0.0011921890591722992
0.038242933662608336 0.0011921890591722992
0.038242933662608336 0.0011921890591722992
0.038242933662608336 0.0011921890591722992
0.038242933662608336 0.0011921890591722992
0.038242933662608336 0.0011921890591722992
0.038242933662608336 0.0011921890591722992
0.038242933662608336 0.0011921890591722992
0.038242933662608336 0.0011921890591722992
0.038242933662608336 0.0011921890591722992
0.038242933662608336 0.0011921890591722992
0.038242933662608336 0.0011921890591722992
0.038242933662608336 0.0011921890591722992
0.038242933662608336 0.0011921890591722992
0.038242933662608336 0.0011921890591722992
0.038242933662608336 0.0011921890591722992
0.038242933662608336 0.0011921890591722992
0.038242933662608336 0.0011921890591722992
0.038242933662608336 0.0011921890591722992
0.038242933662608336 0.0011921890591722992
0.038242933662608336 0.0011921890591722992
0.038242933662608336 0.0011921890591722992
0.038242933662608336 0.0011921890591722992
0.038242933662608336 0.0011921890591722992
0.038242933662608336 0.0011921890591722992
0.038242933662608336 0.0011921890591722992
0.038242933662608336 0.0011921890591722992
0.038242933662608336 0.0011921890591722992
0.038242933662608336 0.0011921890591722992
0.038242933662608336 0.0011921890591722992
0.038242933662608336 0.0011921890591722992
0.038242933662608336 0.0011921890591722992
0.038242933662608336 0.0011921890591722992
0.038242933662608336 0.0011921890591722992
0.03973081521605594 0.0012411460638879295
0.040177601773810474 0.00131154002020939
0.040177601773810474 0.00131154002020939
0.040177601773810474 0.00131154002020939
0.040177601773810474 0.00131154002020939
0.040177601773810474 0.00131154002020939
0.040177601773810474 0.00131154002020939
0.040177601773810474 0.00131154002020939
0.040177601773810474 0.00131154002020939
0.040177601773810474 0.00131154002020939
0.040177601773810474 0.00131154002020939
0.040177601773810474 0.00131154002020939
0.040177601773810474 0.00131154002020939
0.040177601773810474 0.00131154002020939
0.040177601773810474 0.00131154002020939
0.040177601773810474 0.00131154002020939
0.040177601773810474 0.00131154002020939
0.040177601773810474 0.00131154002020939
0.040177601773810474 0.00131154002020939
0.040177601773810474 0.00131154002020939
0.040177601773810474 0.00131154002020939
0.040177601773810474 0.00131154002020939
0.040177601773810474 0.00131154002020939
0.040177601773810474 0.00131154002020939
0.040177601773810474 0.00131154002020939
0.040177601773810474 0.00131154002020939
0.040177601773810474 0.00131154002020939
0.040177601773810474 0.00131154002020939
0.040177601773810474 0.00131154002020939
0.040177601773810474 0.00131154002020939
0.040177601773810474 0.00131154002020939
0.040177601773810474 0.00131154002020939
0.040177601773810474 0.00131154002020939
0.040177601773810474 0.00131154002020939
0.040177601773810474 0.00131154002020939
0.040177601773810474 0.00131154002020939
0.040177601773810474 0.00131154002020939
0.040177601773810474 0.00131154002020939
0.040177601773810474 0.00131154002020939
0.040177601773810474 0.00131154002020939
0.040177601773810474 0.00131154002020939
0.040177601773810474 0.00131154002020939
0.040177601773810474 0.00131154002020939
0.040177601773810474 0.00131154002020939
0.040177601773810474 0.00131154002020939
0.040177601773810474 0.00131154002020939
0.040177601773810474 0.00131154002020939
0.040177601773810474 0.00131154002020939
0.040177601773810474 0.00131154002020939
0.040177601773810474 0.00131154002020939
0.040177601773810474 0.00131154002020939
0.040177601773810474 0.00131154002020939
0.040177601773810474 0.00131154002020939
0.040177601773810474 0.00131154002020939
0.040177601773810474 0.00131154002020939
0.040177601773810474 0.00131154002020939
0.040177601773810474 0.00131154002020939
0.040177601773810474 0.00131154002020939
0.040177601773810474 0.00131154002020939
0.040177601773810474 0.00131154002020939
0.040177601773810474 0.00131154002020939
0.040177601773810474 0.00131154002020939
0.040177601773810474 0.00131154002020939
0.040177601773810474 0.00131154002020939
0.040177601773810474 0.00131154002020939
0.040177601773810474 0.00131154002020939
0.040177601773810474 0.00131154002020939
0.040177601773810474 0.00131154002020939
0.040177601773810474 0.00131154002020939
0.040177601773810474 0.00131154002020939
0.040177601773810474 0.00131154002020939
0.040177601773810474 0.00131154002020939
0.041893962271166846 0.0013130944909919566
0.041893962271166846 0.0013130944909919566
0.041893962271166846 0.0013130944909919566
0.04210617889020779 0.0013470136048846482
0.044821007876001615 0.0013818798105026849
0.049085615461245985 0.0014472010184490187
0.049085615461245985 0.0014472010184490187
0.051020283572448116 0.0015665519794861096
0.051020283572448116 0.0015665519794861096
0.051020283572448116 0.0015665519794861096
0.051020283572448116 0.0015665519794861096
0.051020283572448116 0.0015665519794861096
0.051020283572448116 0.0015665519794861096
0.051020283572448116 0.0015665519794861096
0.051020283572448116 0.0015665519794861096
0.051020283572448116 0.0015665519794861096
0.06018730034933337 0.0016212118469966434
0.061125080166133036 0.001626185363460292
