0.032797504954811006 0.0007729666653394599
0.033749186972839657 0.0009211986447967164
0.0341959735305942 0.000991592601118177
0.0341959735305942 0.000991592601118177
0.0341959735305942 0.000991592601118177
0.0341959735305942 0.000991592601118177
0.0341959735305942 0.000991592601118177
0.0341959735305942 0.000991592601118177
0.0341959735305942 0.000991592601118177
0.0341959735305942 0.000991592601118177
0.0341959735305942 0.000991592601118177
0.0341959735305942 0.000991592601118177
0.0341959735305942 0.000991592601118177
0.0341959735305942 0.000991592601118177
0.0341959735305942 0.000991592601118177
0.0341959735305942 0.000991592601118177
0.0341959735305942 0.000991592601118177
0.0341959735305942 0.000991592601118177
0.0341959735305942 0.000991592601118177
0.0341959735305942 0.000991592601118177
0.0341959735305942 0.000991592601118177
0.0341959735305942 0.000991592601118177
0.0341959735305942 0.000991592601118177
0.0341959735305942 0.000991592601118177
0.0341959735305942 0.000991592601118177
0.0341959735305942 0.000991592601118177
0.0341959735305942 0.000991592601118177
0.0341959735305942 0.000991592601118177
0.0341959735305942 0.000991592601118177
0.0341959735305942 0.000991592601118177
0.0341959735305942 0.000991592601118177
0.0341959735305942 0.000991592601118177
0.0341959735305942 0.000991592601118177
0.0341959735305942 0.000991592601118177
0.0341959735305942 0.000991592601118177
0.0341959735305942 0.000991592601118177
0.0341959735305942 0.000991592601118177
0.0341959735305942 0.000991592601118177
0.0341959735305942 0.000991592601118177
0.0341959735305942 0.000991592601118177
0.0341959735305942 0.000991592601118177
0.0341959735305942 0.000991592601118177
0.0341959735305942 0.000991592601118177
0.0341959735305942 0.000991592601118177
0.0341959735305942 0.000991592601118177
0.0341959735305942 0.000991592601118177
0.0341959735305942 0.000991592601118177
0.0341959735305942 0.000991592601118177
0.0341959735305942 0.000991592601118177
0.0341959735305942 0.000991592601118177
0.0341959735305942 0.000991592601118177
0.0341959735305942 0.000991592601118177
0.0341959735305942 0.000991592601118177
0.0341959735305942 0.000991592601118177
0.0341959735305942 0.000991592601118177
0.0341959735305942 0.000991592601118177
0.0341959735305942 0.000991592601118177
0.0341959735305942 0.000991592601118177
0.0341959735305942 0.000991592601118177
0.0341959735305942 0.000991592601118177
0.0341959735305942 0.000991592601118177
0.0341959735305942 0.000991592601118177
0.0341959735305942 0.000991592601118177
0.0341959735305942 0.000991592601118177
0.0341959735305942 0.000991592601118177
0.0341959735305942 0.000991592601118177
0.0341959735305942 0.000991592601118177
0.0341959735305942 0.000991592601118177
0.0341959735305942 0.000991592601118177
0.0341959735305942 0.000991592601118177
0.0341959735305942 0.000991592601118177
0.0341959735305942 0.000991592601118177
0.0341959735305942 0.000991592601118177
0.0341959735305942 0.000991592601118177
0.0341959735305942 0.000991592601118177
0.0341959735305942 0.000991592601118177
0.0341959735305942 0.000991592601118177
0.0341959735305942 0.000991592601118177
0.0341959735305942 0.000991592601118177
0.0341959735305942 0.000991592601118177
0.0341959735305942 0.000991592601118177
0.0341959735305942 0.000991592601118177
0.0341959735305942 0.000991592601118177
0.0341959735305942 0.000991592601118177
0.0341959735305942 0.000991592601118177
0.0341959735305942 0.000991592601118177
0.0341959735305942 0.000991592601118177
0.0341959735305942 0.000991592601118177
0.0341959735305942 0.000991592601118177
0.0341959735305942 0.000991592601118177
0.0341959735305942 0.000991592601118177
0.0341959735305942 0.000991592601118177
0.0341959735305942 0.000991592601118177
0.0341959735305942 0.000991592601118177
0.0341959735305942 0.000991592601118177
0.0341959735305942 0.000991592601118177
0.0341959735305942 0.000991592601118177
0.0341959735305942 0.000991592601118177
0.0341959735305942 0.000991592601118177
0.0341959735305942 0.000991592601118177
0.0341959735305942 0.000991592601118177
0.0341959735305942 0.000991592601118177
0.0341959735305942 0.000991592601118177
0.0341959735305942 0.000991592601118177
0.0341959735305942 0.000991592601118177
0.0341959735305942 0.000991592601118177
0.0341959735305942 0.000991592601118177
0.0341959735305942 0.000991592601118177
0.0341959735305942 0.000991592601118177
0.0341959735305942 0.000991592601118177
0.0341959735305942 0.000991592601118177
0.0341959735305942 0.000991592601118177
0.0341959735305942 0.000991592601118177
0.0341959735305942 0.000991592601118177
0.0341959735305942 0.000991592601118177
0.0341959735305942 0.000991592601118177
0.0341959735305942 0.000991592601118177
0.0341959735305942 0.000991592601118177
0.0341959735305942 0.000991592601118177
0.0341959735305942 0.000991592601118177
0.0341959735305942 0.000991592601118177
0.0341959735305942 0.000991592601118177
0.0341959735305942 0.000991592601118177
0.0341959735305942 0.000991592601118177
0.0341959735305942 0.000991592601118177
0.0341959735305942 0.000991592601118177
0.0341959735305942 0.000991592601118177
0.0341959735305942 0.000991592601118177
0.0341959735305942 0.000991592601118177
0.0341959735305942 0.000991592601118177
0.0341959735305942 0.000991592601118177
0.0341959735305942 0.000991592601118177
0.0341959735305942 0.000991592601118177
0.0341959735305942 0.000991592601118177
0.0341959735305942 0.000991592601118177
0.0341959735305942 0.000991592601118177
0.0341959735305942 0.000991592601118177
0.0341959735305942 0.000991592601118177
0.0341959735305942 0.000991592601118177
0.0341959735305942 0.000991592601118177
0.0341959735305942 0.000991592601118177
0.0341959735305942 0.000991592601118177
0.0341959735305942 0.000991592601118177
0.0341959735305942 0.000991592601118177
0.0341959735305942 0.000991592601118177
0.0341959735305942 0.000991592601118177
0.0341959735305942 0.000991592601118177
0.0341959735305942 0.000991592601118177
0.0341959735305942 0.000991592601118177
0.0341959735305942 0.000991592601118177
0.0341959735305942 0.000991592601118177
0.0341959735305942 0.000991592601118177
0.0341959735305942 0.000991592601118177
0.0341959735305942 0.000991592601118177
0.0341959735305942 0.000991592601118177
0.0341959735305942 0.000991592601118177
0.0341959735305942 0.000991592601118177
0.0341959735305942 0.000991592601118177
0.0341959735305942 0.000991592601118177
0.0341959735305942 0.000991592601118177
0.0341959735305942 0.000991592601118177
0.0341959735305942 0.000991592601118177
0.0341959735305942 0.000991592601118177
0.0341959735305942 0.000991592601118177
0.0341959735305942 0.000991592601118177
0.0341959735305942 0.000991592601118177
0.0341959735305942 0.000991592601118177
0.0341959735305942 0.000991592601118177
0.0341959735305942 0.000991592601118177
0.0341959735305942 0.000991592601118177
0.0341959735305942 0.000991592601118177
0.0341959735305942 0.000991592601118177
0.0341959735305942 0.000991592601118177
0.0341959735305942 0.000991592601118177
0.0341959735305942 0.000991592601118177
0.0341959735305942 0.000991592601118177
0.0341959735305942 0.000991592601118177
0.0341959735305942 0.000991592601118177
0.0341959735305942 0.000991592601118177
0.0341959735305942 0.000991592601118177
0.0341959735305942 0.000991592601118177
0.0341959735305942 0.000991592601118177
0.0341959735305942 0.000991592601118177
0.0341959735305942 0.000991592601118177
0.0341959735305942 0.000991592601118177
0.0341959735305942 0.000991592601118177
0.0341959735305942 0.000991592601118177
0.0341959735305942 0.000991592601118177
0.0341959735305942 0.000991592601118177
0.0341959735305942 0.000991592601118177
0.0341959735305942 0.000991592601118177
0.0341959735305942 0.000991592601118177
0.0341959735305942 0.000991592601118177
0.0341959735305942 0.000991592601118177
0.0341959735305942 0.000991592601118177
0.0341959735305942 0.000991592601118177
0.0341959735305942 0.000991592601118177
0.0341959735305942 0.000991592601118177
0.0341959735305942 0.000991592601118177
0.0341959735305942 0.000991592601118177
0.0341959735305942 0.000991592601118177
0.0341959735305942 0.000991592601118177
0.0341959735305942 0.000991592601118177
0.0341959735305942 0.000991592601118177
0.0341959735305942 0.000991592601118177
0.0341959735305942 0.000991592601118177
0.0341959735305942 0.000991592601118177
0.0341959735305942 0.000991592601118177
0.0341959735305942 0.000991592601118177
0.0341959735305942 0.000991592601118177
0.0341959735305942 0.000991592601118177
0.0341959735305942 0.000991592601118177
0.0341959735305942 0.000991592601118177
0.0341959735305942 0.000991592601118177
0.0341959735305942 0.000991592601118177
0.0341959735305942 0.000991592601118177
0.0341959735305942 0.000991592601118177
0.0341959735305942 0.000991592601118177
0.0341959735305942 0.000991592601118177
0.0341959735305942 0.000991592601118177
0.0341959735305942 0.000991592601118177
0.0341959735305942 0.000991592601118177
0.0341959735305942 0.000991592601118177
0.0341959735305942 0.000991592601118177
0.0341959735305942 0.000991592601118177
0.0341959735305942 0.000991592601118177
0.0341959735305942 0.000991592601118177
0.0341959735305942 0.000991592601118177
0.0341959735305942 0.000991592601118177
0.0341959735305942 0.000991592601118177
0.0341959735305942 0.000991592601118177
0.0341959735305942 0.000991592601118177
0.0341959735305942 0.000991592601118177
0.0341959735305942 0.000991592601118177
0.0341959735305942 0.000991592601118177
0.0341959735305942 0.000991592601118177
0.0341959735305942 0.000991592601118177
0.0341959735305942 0.000991592601118177
0.0341959735305942 0.000991592601118177
0.0341959735305942 0.000991592601118177
0.0341959735305942 0.000991592601118177
0.0341959735305942 0.000991592601118177
0.0341959735305942 0.000991592601118177
0.0341959735305942 0.000991592601118177
0.0341959735305942 0.000991592601118177
0.0341959735305942 0.000991592601118177
0.0341959735305942 0.000991592601118177
0.0341959735305942 0.000991592601118177
0.0341959735305942 0.000991592601118177
0.0341959735305942 0.000991592601118177
0.0341959735305942 0.000991592601118177
0.0341959735305942 0.000991592601118177
0.0341959735305942 0.000991592601118177
0.0341959735305942 0.000991592601118177
0.0341959735305942 0.000991592601118177
0.0341959735305942 0.000991592601118177
0.0341959735305942 0.000991592601118177
0.0341959735305942 0.000991592601118177
0.0341959735305942 0.000991592601118177
0.0341959735305942 0.000991592601118177
0.0341959735305942 0.000991592601118177
0.0341959735305942 0.000991592601118177
0.0341959735305942 0.000991592601118177
0.0341959735305942 0.000991592601118177
0.0341959735305942 0.000991592601118177
0.0341959735305942 0.000991592601118177
0.0341959735305942 0.000991592601118177
0.0341959735305942 0.000991592601118177
0.0341959735305942 0.000991592601118177
0.0341959735305942 0.000991592601118177
0.0341959735305942 0.000991592601118177
0.0341959735305942 0.000991592601118177
0.0341959735305942 0.000991592601118177
0.0341959735305942 0.000991592601118177
0.0341959735305942 0.000991592601118177
0.0341959735305942 0.000991592601118177
0.0341959735305942 0.000991592601118177
0.0341959735305942 0.000991592601118177
0.0341959735305942 0.000991592601118177
0.0341959735305942 0.000991592601118177
0.0341959735305942 0.000991592601118177
0.0341959735305942 0.000991592601118177
0.0341959735305942 0.000991592601118177
0.0341959735305942 0.000991592601118177
0.0341959735305942 0.000991592601118177
0.0341959735305942 0.000991592601118177
0.0341959735305942 0.000991592601118177
0.0341959735305942 0.000991592601118177
0.0341959735305942 0.000991592601118177
0.0341959735305942 0.000991592601118177
0.0341959735305942 0.000991592601118177
0.0341959735305942 0.000991592601118177
0.0341959735305942 0.000991592601118177
0.0341959735305942 0.000991592601118177
0.0341959735305942 0.000991592601118177
0.0341959735305942 0.000991592601118177
0.0341959735305942 0.000991592601118177
0.0341959735305942 0.000991592601118177
0.0341959735305942 0.000991592601118177
0.0341959735305942 0.000991592601118177
0.0341959735305942 0.000991592601118177
0.0341959735305942 0.000991592601118177
0.0341959735305942 0.000991592601118177
0.0341959735305942 0.000991592601118177
0.0341959735305942 0.000991592601118177
0.0341959735305942 0.000991592601118177
0.0341959735305942 0.000991592601118177
0.0341959735305942 0.000991592601118177
0.0341959735305942 0.000991592601118177
0.0341959735305942 0.000991592601118177
0.0341959735305942 0.000991592601118177
0.0341959735305942 0.000991592601118177
0.0341959735305942 0.000991592601118177
0.0341959735305942 0.000991592601118177
0.0341959735305942 0.000991592601118177
0.0341959735305942 0.000991592601118177
0.0341959735305942 0.000991592601118177
0.0341959735305942 0.000991592601118177
0.0341959735305942 0.000991592601118177
0.0341959735305942 0.000991592601118177
0.0341959735305942 0.000991592601118177
0.0341959735305942 0.000991592601118177
0.0341959735305942 0.000991592601118177
0.0341959735305942 0.000991592601118177
0.0341959735305942 0.000991592601118177
0.0341959735305942 0.000991592601118177
0.0341959735305942 0.000991592601118177
0.0341959735305942 0.000991592601118177
0.0341959735305942 0.000991592601118177
0.0341959735305942 0.000991592601118177
0.0341959735305942 0.000991592601118177
0.0341959735305942 0.000991592601118177
0.0341959735305942 0.000991592601118177
0.0341959735305942 0.000991592601118177
0.0341959735305942 0.000991592601118177
0.0341959735305942 0.000991592601118177
0.0341959735305942 0.000991592601118177
0.0341959735305942 0.000991592601118177
0.0341959735305942 0.000991592601118177
0.0341959735305942 0.000991592601118177
0.0341959735305942 0.000991592601118177
0.0341959735305942 0.000991592601118177
0.0341959735305942 0.000991592601118177
0.0341959735305942 0.000991592601118177
0.0341959735305942 0.000991592601118177
0.0341959735305942 0.000991592601118177
0.0341959735305942 0.000991592601118177
0.0341959735305942 0.000991592601118177
0.0341959735305942 0.000991592601118177
0.0341959735305942 0.000991592601118177
0.0341959735305942 0.000991592601118177
0.0341959735305942 0.000991592601118177
0.0341959735305942 0.000991592601118177
0.0341959735305942 0.000991592601118177
0.0341959735305942 0.000991592601118177
0.0341959735305942 0.000991592601118177
0.0341959735305942 0.000991592601118177
0.0341959735305942 0.000991592601118177
0.0341959735305942 0.000991592601118177
0.0341959735305942 0.000991592601118177
0.0341959735305942 0.000991592601118177
0.0341959735305942 0.000991592601118177
0.0341959735305942 0.000991592601118177
0.0341959735305942 0.000991592601118177
0.0341959735305942 0.000991592601118177
0.0341959735305942 0.000991592601118177
0.0341959735305942 0.000991592601118177
0.0341959735305942 0.000991592601118177
0.0341959735305942 0.000991592601118177
0.0341959735305942 0.000991592601118177
0.0341959735305942 0.000991592601118177
0.0341959735305942 0.000991592601118177
0.0341959735305942 0.000991592601118177
0.0341959735305942 0.000991592601118177
0.0341959735305942 0.000991592601118177
0.0341959735305942 0.000991592601118177
0.0341959735305942 0.000991592601118177
0.0341959735305942 0.000991592601118177
0.0341959735305942 0.000991592601118177
0.0341959735305942 0.000991592601118177
0.0341959735305942 0.000991592601118177
0.0341959735305942 0.000991592601118177
0.0341959735305942 0.000991592601118177
0.0341959735305942 0.000991592601118177
0.0341959735305942 0.000991592601118177
0.0341959735305942 0.000991592601118177
0.0341959735305942 0.000991592601118177
0.0341959735305942 0.000991592601118177
0.0341959735305942 0.000991592601118177
0.0341959735305942 0.000991592601118177
0.0341959735305942 0.000991592601118177
0.0341959735305942 0.000991592601118177
0.0341959735305942 0.000991592601118177
0.0341959735305942 0.000991592601118177
0.0341959735305942 0.000991592601118177
0.0341959735305942 0.000991592601118177
0.0341959735305942 0.000991592601118177
0.035574891147223314 0.001042402608932476
0.035574891147223314 0.001042402608932476
0.035574891147223314 0.001042402608932476
0.03578710776626426 0.0010763217228251677
0.03578710776626426 0.0010763217228251677
0.03578710776626426 0.0010763217228251677
0.03578710776626426 0.0010763217228251677
0.037274989319711856 0.001125278727540798
0.038242933662608336 0.0011921890591722992
0.038242933662608336 0.0011921890591722992
0.038242933662608336 0.0011921890591722992
0.038242933662608336 0.0011921890591722992
0.038242933662608336 0.0011921890591722992
0.038242933662608336 0.0011921890591722992
0.038242933662608336 0.0011921890591722992
0.038242933662608336 0.0011921890591722992
0.038242933662608336 0.0011921890591722992
0.040177601773810474 0.00131154002020939
0.040177601773810474 0.00131154002020939
0.040177601773810474 0.00131154002020939
0.040177601773810474 0.00131154002020939
0.040177601773810474 0.00131154002020939
0.040177601773810474 0.00131154002020939
0.040177601773810474 0.00131154002020939
0.040177601773810474 0.00131154002020939
0.040177601773810474 0.00131154002020939
0.040177601773810474 0.00131154002020939
0.040177601773810474 0.00131154002020939
0.040177601773810474 0.00131154002020939
0.040177601773810474 0.00131154002020939
0.040177601773810474 0.00131154002020939
0.040177601773810474 0.00131154002020939
0.040177601773810474 0.00131154002020939
0.040177601773810474 0.00131154002020939
0.040177601773810474 0.00131154002020939
0.040177601773810474 0.00131154002020939
0.040177601773810474 0.00131154002020939
0.040177601773810474 0.00131154002020939
0.040177601773810474 0.00131154002020939
0.040177601773810474 0.00131154002020939
0.040177601773810474 0.00131154002020939
0.040177601773810474 0.00131154002020939
0.040177601773810474 0.00131154002020939
0.040177601773810474 0.00131154002020939
0.040177601773810474 0.00131154002020939
0.040177601773810474 0.00131154002020939
0.040177601773810474 0.00131154002020939
0.040177601773810474 0.00131154002020939
0.040177601773810474 0.00131154002020939
0.040177601773810474 0.00131154002020939
0.040177601773810474 0.00131154002020939
0.040177601773810474 0.00131154002020939
0.040177601773810474 0.00131154002020939
0.040177601773810474 0.00131154002020939
0.040177601773810474 0.00131154002020939
0.040177601773810474 0.00131154002020939
0.040177601773810474 0.00131154002020939
0.042934866185664104 0.0013135881917296867
0.05346996908849993 0.0013311853508797948
0.05588133712786949 0.001501616519671616
0.05588133712786949 0.001501616519671616
0.05588133712786949 0.001501616519671616
0.05588133712786949 0.001501616519671616
0.05588133712786949 0.001501616519671616
0.05588133712786949 0.001501616519671616
0.05588133712786949 0.001501616519671616
0.05588133712786949 0.001501616519671616
0.05588133712786949 0.001501616519671616
0.05588133712786949 0.001501616519671616
0.05588133712786949 0.001501616519671616
0.05588133712786949 0.001501616519671616
0.05588133712786949 0.001501616519671616
0.057369218681317086 0.0015505735243872465
