0.03322193819289289 0.0008408048931248429
0.03322193819289289 0.0008408048931248429
0.03322193819289289 0.0008408048931248429
0.03322193819289289 0.0008408048931248429
0.03322193819289289 0.0008408048931248429
0.033749186972839657 0.0009211986447967164
0.033749186972839657 0.0009211986447967165
0.03519541667910023 0.0009715346461703564
0.03534032120850972 0.0010059277665037069
0.03534032120850972 0.0010059277665037069
0.03534032120850972 0.0010059277665037069
0.03534032120850972 0.0010059277665037069
0.03534032120850972 0.0010059277665037069
0.03534032120850972 0.0010059277665037069
0.03534032120850972 0.0010059277665037069
0.03534032120850972 0.0010059277665037069
0.03534032120850972 0.0010059277665037069
0.03534032120850972 0.0010059277665037069
0.03534032120850972 0.0010059277665037069
0.03534032120850972 0.0010059277665037069
0.03534032120850972 0.0010059277665037069
0.03534032120850972 0.0010059277665037069
0.03534032120850972 0.0010059277665037069
0.03534032120850972 0.0010059277665037069
0.03534032120850972 0.0010059277665037069
0.03534032120850972 0.0010059277665037069
0.03534032120850972 0.0010059277665037069
0.03534032120850972 0.0010059277665037069
0.03534032120850972 0.0010059277665037069
0.03534032120850972 0.0010059277665037069
0.03534032120850972 0.0010059277665037069
0.03534032120850972 0.0010059277665037069
0.03534032120850972 0.0010059277665037069
0.03534032120850972 0.0010059277665037069
0.03534032120850972 0.0010059277665037069
0.03534032120850972 0.0010059277665037069
0.03534032120850972 0.0010059277665037069
0.03534032120850972 0.0010059277665037069
0.03534032120850972 0.0010059277665037069
0.03534032120850972 0.0010059277665037069
0.03534032120850972 0.0010059277665037069
0.03534032120850972 0.0010059277665037069
0.03534032120850972 0.0010059277665037069
0.03534032120850972 0.0010059277665037069
0.03534032120850972 0.0010059277665037069
0.03534032120850972 0.0010059277665037069
0.03534032120850972 0.0010059277665037069
0.03534032120850972 0.0010059277665037069
0.03534032120850972 0.0010059277665037069
0.03534032120850972 0.0010059277665037069
0.03534032120850972 0.0010059277665037069
0.03534032120850972 0.0010059277665037069
0.03534032120850972 0.0010059277665037069
0.03534032120850972 0.0010059277665037069
0.03534032120850972 0.0010059277665037069
0.03534032120850972 0.0010059277665037069
0.03534032120850972 0.0010059277665037069
0.03534032120850972 0.0010059277665037069
0.03534032120850972 0.0010059277665037069
0.03534032120850972 0.0010059277665037069
0.03534032120850972 0.0010059277665037069
0.03534032120850972 0.0010059277665037069
0.03534032120850972 0.0010059277665037069
0.03534032120850972 0.0010059277665037069
0.03534032120850972 0.0010059277665037069
0.03534032120850972 0.0010059277665037069
0.03534032120850972 0.0010059277665037069
0.03534032120850972 0.0010059277665037069
0.03534032120850972 0.0010059277665037069
0.03534032120850972 0.0010059277665037069
0.03534032120850972 0.0010059277665037069
0.03534032120850972 0.0010059277665037069
0.03534032120850972 0.0010059277665037069
0.03534032120850972 0.0010059277665037069
0.03534032120850972 0.0010059277665037069
0.03534032120850972 0.0010059277665037069
0.03534032120850972 0.0010059277665037069
0.03534032120850972 0.0010059277665037069
0.03534032120850972 0.0010059277665037069
0.03534032120850972 0.0010059277665037069
0.03534032120850972 0.0010059277665037069
0.03534032120850972 0.0010059277665037069
0.03534032120850972 0.0010059277665037069
0.03578710776626426 0.0010763217228251677
0.03578710776626426 0.0010763217228251677
0.03578710776626426 0.0010763217228251677
0.03578710776626426 0.0010763217228251677
0.037274989319711856 0.001125278727540798
0.037274989319711856 0.001125278727540798
0.037274989319711856 0.001125278727540798
0.037274989319711856 0.001125278727540798
0.037274989319711856 0.001125278727540798
0.037274989319711856 0.001125278727540798
0.037274989319711856 0.001125278727540798
0.037274989319711856 0.001125278727540798
0.037274989319711856 0.001125278727540798
0.037274989319711856 0.001125278727540798
0.037274989319711856 0.001125278727540798
0.037274989319711856 0.001125278727540798
0.037274989319711856 0.001125278727540798
0.037274989319711856 0.001125278727540798
0.037274989319711856 0.001125278727540798
0.037274989319711856 0.001125278727540798
0.037274989319711856 0.001125278727540798
0.037274989319711856 0.001125278727540798
0.037274989319711856 0.001125278727540798
0.037274989319711856 0.001125278727540798
0.037274989319711856 0.001125278727540798
0.037274989319711856 0.001125278727540798
0.037274989319711856 0.001125278727540798
0.037274989319711856 0.001125278727540798
0.037274989319711856 0.001125278727540798
0.037274989319711856 0.001125278727540798
0.037274989319711856 0.001125278727540798
0.037274989319711856 0.001125278727540798
0.037274989319711856 0.001125278727540798
0.037274989319711856 0.001125278727540798
0.037274989319711856 0.001125278727540798
0.038242933662608336 0.0011921890591722992
0.038242933662608336 0.0011921890591722992
0.038242933662608336 0.0011921890591722992
0.038242933662608336 0.0011921890591722992
0.038242933662608336 0.0011921890591722992
0.038242933662608336 0.0011921890591722992
0.038242933662608336 0.0011921890591722992
0.03973081521605594 0.0012411460638879295
0.03973081521605594 0.0012411460638879295
0.03973081521605594 0.0012411460638879295
0.03973081521605594 0.0012411460638879295
0.03973081521605594 0.0012411460638879295
0.03973081521605594 0.0012411460638879295
0.03973081521605594 0.0012411460638879295
0.03973081521605594 0.0012411460638879295
0.04165939233245325 0.0012766196485631874
0.04165939233245325 0.0012766196485631874
0.04165939233245325 0.0012766196485631874
0.04165939233245325 0.0012766196485631874
0.04165939233245325 0.0012766196485631874
0.04165939233245325 0.0012766196485631874
0.04165939233245325 0.0012766196485631874
0.04165939233245325 0.0012766196485631874
0.04165939233245325 0.0012766196485631874
0.04165939233245325 0.0012766196485631874
0.04165939233245325 0.0012766196485631874
0.04165939233245325 0.0012766196485631874
0.04165939233245325 0.0012766196485631874
0.04165939233245325 0.0012766196485631874
0.04165939233245325 0.0012766196485631874
0.04165939233245325 0.0012766196485631874
0.04165939233245325 0.0012766196485631874
0.04165939233245325 0.0012766196485631874
0.04165939233245325 0.0012766196485631874
0.04165939233245325 0.0012766196485631874
0.04165939233245325 0.0012766196485631874
0.04165939233245325 0.0012766196485631874
0.04165939233245325 0.0012766196485631874
0.04165939233245325 0.0012766196485631874
0.04165939233245325 0.0012766196485631874
0.04165939233245325 0.0012766196485631874
0.04165939233245325 0.0012766196485631874
0.04165939233245325 0.0012766196485631874
0.04165939233245325 0.0012766196485631874
0.04165939233245325 0.0012766196485631874
0.04165939233245325 0.0012766196485631874
0.04165939233245325 0.0012766196485631874
0.04210617889020779 0.0013470136048846482
0.04210617889020779 0.0013470136048846482
0.042369803280181174 0.001387210480720585
0.049085615461245985 0.0014472010184490187
0.049085615461245985 0.0014472010184490187
0.049085615461245985 0.0014472010184490187
0.049085615461245985 0.0014472010184490187
0.049085615461245985 0.0014472010184490187
0.049085615461245985 0.0014472010184490187
0.049085615461245985 0.0014472010184490187
0.049085615461245985 0.0014472010184490187
0.049085615461245985 0.0014472010184490187
0.049085615461245985 0.0014472010184490187
0.049085615461245985 0.0014472010184490187
0.049085615461245985 0.0014472010184490187
0.05057349701469358 0.001496158023164649
0.05057349701469359 0.001496158023164649
0.05057349701469359 0.001496158023164649
0.05057349701469359 0.001496158023164649
0.05057349701469359 0.001496158023164649
0.05057349701469359 0.001496158023164649
0.05057349701469359 0.001496158023164649
0.05057349701469359 0.001496158023164649
0.05057349701469359 0.001496158023164649
0.05057349701469359 0.001496158023164649
0.05057349701469359 0.001496158023164649
0.05057349701469359 0.001496158023164649
0.05057349701469359 0.001496158023164649
0.05057349701469359 0.001496158023164649
0.05057349701469359 0.001496158023164649
0.05057349701469359 0.001496158023164649
0.05057349701469359 0.001496158023164649
0.05057349701469359 0.001496158023164649
0.05057349701469359 0.001496158023164649
0.05057349701469359 0.001496158023164649
0.05057349701469359 0.001496158023164649
0.05057349701469359 0.001496158023164649
0.05057349701469359 0.001496158023164649
0.05057349701469359 0.001496158023164649
0.05057349701469359 0.001496158023164649
0.05057349701469359 0.001496158023164649
0.05057349701469359 0.001496158023164649
0.05057349701469359 0.001496158023164649
0.05057349701469359 0.001496158023164649
0.05057349701469359 0.001496158023164649
0.05057349701469359 0.001496158023164649
0.05057349701469359 0.001496158023164649
0.05057349701469359 0.001496158023164649
0.05057349701469359 0.001496158023164649
0.05057349701469359 0.001496158023164649
0.05057349701469359 0.001496158023164649
0.05057349701469359 0.001496158023164649
0.05057349701469359 0.001496158023164649
0.05057349701469359 0.001496158023164649
0.05057349701469359 0.001496158023164649
0.05057349701469359 0.001496158023164649
0.05057349701469359 0.001496158023164649
0.05057349701469359 0.001496158023164649
0.05057349701469359 0.001496158023164649
0.05057349701469359 0.001496158023164649
0.05057349701469359 0.001496158023164649
0.05057349701469359 0.001496158023164649
0.05057349701469359 0.001496158023164649
0.05057349701469359 0.001496158023164649
0.05057349701469359 0.001496158023164649
0.05057349701469359 0.001496158023164649
0.05057349701469359 0.001496158023164649
0.05057349701469359 0.001496158023164649
0.05057349701469359 0.001496158023164649
0.05057349701469359 0.001496158023164649
0.05057349701469359 0.001496158023164649
0.05057349701469359 0.001496158023164649
0.05057349701469359 0.001496158023164649
0.05057349701469359 0.001496158023164649
0.05057349701469359 0.001496158023164649
0.05057349701469359 0.001496158023164649
0.05057349701469359 0.001496158023164649
0.05057349701469359 0.001496158023164649
0.05057349701469359 0.001496158023164649
0.05057349701469359 0.001496158023164649
0.05057349701469359 0.001496158023164649
0.05057349701469359 0.001496158023164649
0.05057349701469359 0.001496158023164649
0.05057349701469359 0.001496158023164649
0.05057349701469359 0.001496158023164649
0.05057349701469359 0.001496158023164649
0.05057349701469359 0.001496158023164649
0.05057349701469359 0.001496158023164649
0.05057349701469359 0.001496158023164649
0.05057349701469359 0.001496158023164649
0.05057349701469359 0.001496158023164649
0.05057349701469359 0.001496158023164649
0.05057349701469359 0.001496158023164649
0.05057349701469359 0.001496158023164649
0.05057349701469359 0.001496158023164649
0.05057349701469359 0.001496158023164649
0.05057349701469359 0.001496158023164649
0.05057349701469359 0.001496158023164649
0.05057349701469359 0.001496158023164649
0.05057349701469359 0.001496158023164649
0.05057349701469359 0.001496158023164649
0.05057349701469359 0.001496158023164649
0.05057349701469359 0.001496158023164649
0.05057349701469359 0.001496158023164649
0.05057349701469359 0.001496158023164649
0.05057349701469359 0.001496158023164649
0.05057349701469359 0.001496158023164649
0.05057349701469359 0.001496158023164649
0.05057349701469359 0.001496158023164649
0.05057349701469359 0.001496158023164649
0.05057349701469359 0.001496158023164649
0.05057349701469359 0.001496158023164649
0.05057349701469359 0.001496158023164649
0.05057349701469359 0.001496158023164649
0.05057349701469359 0.001496158023164649
0.05057349701469359 0.001496158023164649
0.05057349701469359 0.001496158023164649
0.05057349701469359 0.001496158023164649
0.05057349701469359 0.001496158023164649
0.05057349701469359 0.001496158023164649
0.05057349701469359 0.001496158023164649
0.05057349701469359 0.001496158023164649
0.05057349701469359 0.001496158023164649
0.05057349701469359 0.001496158023164649
0.05057349701469359 0.001496158023164649
0.05057349701469359 0.001496158023164649
0.05057349701469359 0.001496158023164649
0.05057349701469359 0.001496158023164649
0.05057349701469359 0.001496158023164649
0.05057349701469359 0.001496158023164649
0.05057349701469359 0.001496158023164649
0.05057349701469359 0.001496158023164649
0.05057349701469359 0.001496158023164649
0.05057349701469359 0.001496158023164649
0.05057349701469359 0.001496158023164649
0.05057349701469359 0.001496158023164649
0.05057349701469359 0.001496158023164649
0.05057349701469359 0.001496158023164649
0.05057349701469359 0.001496158023164649
0.05057349701469359 0.001496158023164649
0.05057349701469359 0.001496158023164649
0.05057349701469359 0.001496158023164649
0.05057349701469359 0.001496158023164649
0.05057349701469359 0.001496158023164649
0.05057349701469359 0.001496158023164649
0.05057349701469359 0.001496158023164649
0.05057349701469359 0.001496158023164649
0.05102028357244812 0.0015665519794861096
0.05102028357244812 0.0015665519794861096
0.05102028357244812 0.0015665519794861096
0.05881544838757765 0.0016009095257608864
