0.029916309033956416 0.000748249565511695
0.029958191127094195 0.0007714908749693501
0.02997815490753872 0.0007831053801553825
0.029984083890490947 0.0008101715725805233
0.030043176179993105 0.0008122236008561019
0.030248406707102354 0.0008136626491657917
0.030576109541257317 0.0008373671201753759
0.03120081943383175 0.0008420673363599624
0.03158118946698339 0.0008647258915284542
0.03180841472161771 0.0008856880147345599
0.03241797707588946 0.0008972062942705062
0.03266741804955222 0.0009108388291941672
0.03318914016291566 0.0009161474861607848
0.033390239457522404 0.0009677569909079479
0.03384992641782544 0.0009679191805171788
0.03403283105158771 0.000990124560836555
0.0347217012532241 0.0009969536728806042
0.03476018572689431 0.0010139744405747836
0.03486646878979832 0.0010168394681174594
0.03507091832823009 0.001023178624886777
0.03532531201512777 0.0010534888162480596
0.0353443879286148 0.0010545654082133769
0.035699210692281165 0.0010661740283604744
0.035973040221047796 0.0010730522294291967
0.036037209446574 0.001090276728148418
0.03623775713171472 0.001097888869502888
0.03668982061914931 0.0011236248315926339
0.03680315000298163 0.0011359254971601669
0.037653241087573334 0.0011404457270962846
0.03811313794615404 0.0011674802517989266
0.03824392339106473 0.0011724208748238076
0.03831496145348181 0.0011755641296723898
0.039553074775616176 0.0011863747075810107
0.03996622213976153 0.0012196977531820329
0.040890445074774504 0.0012316153718087914
0.041159448951295724 0.001249290598770016
0.04152568498333127 0.0012681703850191766
0.04213714178090913 0.0012928678509375475
0.04245133823585219 0.001293510944460136
0.04264493581473468 0.0012966812246665437
0.043044331880091706 0.0013243311430869203
0.04312770359767358 0.0013267368189606905
0.04405540812658911 0.0013748625237465723
0.04412788204941654 0.0014071423976741914
0.0532967414913177 0.0014273815209507566
0.054596063816618357 0.0014674481428719939
0.054847484640889885 0.0015390514550046818
0.05917935678249014 0.001602653959350746
0.06376602432123547 0.0017220958217290677
0.06602948526611016 0.0017348009145462533
0.07170939670816448 0.001770500048367335
0.07435163902542274 0.0018812918871031602
0.078861284127869 0.0019499175626452147
