0.02990729720708063 0.0007708806677419717
0.029909216085240848 0.0007850153586018619
0.029937653306117196 0.0007855477111463861
0.030135749605848663 0.0008017500708627213
0.03033454103499586 0.0008024559263904051
0.030382592337743416 0.0008087482913949358
0.030594598547525338 0.0008262205198592294
0.03061025115534064 0.0008294293294635472
0.0308884390821089 0.0008394787605902424
0.031209768448726985 0.0008412526980217858
0.03166240397655343 0.0008481574311586851
0.03249603372483135 0.0009067083791978029
0.032614396634883525 0.0009206243475893717
0.033155246912306174 0.0009663946129479634
0.03427729457435583 0.000982248152792169
0.034407302501413495 0.001014654693560787
0.03491481210351243 0.0010519249440746042
0.035382845632489 0.0010738112603889758
0.03596855501891142 0.0010843027103595488
0.03657739967629339 0.0010973021347457366
0.03695786647477134 0.001130891904415453
0.03737468190603177 0.0011364394977225576
0.03800496182379605 0.0011449069516776334
0.03804290087560172 0.0011737193402730102
0.03831235270359919 0.0011822013061114293
0.03914903176921959 0.0011998024837993587
0.039738713631392544 0.0012127653332561514
0.04022131468431206 0.0012839997716715536
0.0423960348684014 0.0012968614369484991
0.042910352228690135 0.0013198376649327954
0.04340273790464206 0.0013474579102335852
0.04406892494718483 0.0013670692313373597
0.04421611761292983 0.0014060396835824504
0.050501454550944305 0.0014311941549097725
0.051115986873503765 0.001460288266380976
0.053419780812951734 0.001479627412387695
0.05448835372855834 0.001481411423308501
0.055389504817048144 0.0015273106117584215
0.057326834575587585 0.0015555422624108288
0.05777535088817591 0.0015712983068817328
0.061827023554115554 0.0015773166495574639
0.06232883585195535 0.0015782313775529638
0.062490171274973076 0.0015850481021253049
0.06356013809217426 0.0017051421325962267
0.0710009660494575 0.0017444731786814306
0.0716098004713899 0.0017649741500942644
0.07191345372663324 0.0017755306911840059
0.07349174938149346 0.0017759492786212881
0.0738756338710139 0.0018066466771979215
0.07432343546181755 0.0018844171671929632
0.07582594514479163 0.0018932186987216265
0.07826295560262463 0.001916468028564775
0.07856786822919493 0.0019320799198464828
0.07876520978994613 0.0019346826266280262
0.07999565351864932 0.0019375146178580102
0.08035042053472521 0.0019378354081415181
0.08119115741187036 0.0019424096161666116
0.08172953649032781 0.001963182422591961
