0.02930652458265517 0.0008035642129435729
0.029349994432772503 0.0008075306113417651
0.029809152537498024 0.0008114537782177455
0.030016519664347967 0.0008118860539652571
0.030016519664347967 0.0008118860539652571
0.03008578302182202 0.0008149315158576607
0.030171071581060107 0.0008381211953139203
0.03104868853363765 0.000856460033455774
0.03187615201590368 0.0008629156589492104
0.03198577421383203 0.0008754065460272104
0.03199074684604665 0.0008876835029174909
0.03202759798196324 0.0008992295885010603
0.032656569993354825 0.0009399129091472672
0.03272975990092308 0.0009423320695992629
0.033525363136948545 0.0009824242531895192
0.03417155551374706 0.0009887495380969584
0.03419320140953459 0.0009937954149205866
0.034248274709263324 0.0010039778916690056
0.034335813557514 0.0010102467525025557
0.03451261483412794 0.0010464151540632107
0.034812124943134376 0.0010639250957252104
0.035062113678177124 0.0010644405908161031
0.03527830624749011 0.001089776599262064
0.035698647934208835 0.0011146622511551921
0.0359151690144144 0.001130292314446574
0.03669146443288569 0.0011357988535139149
0.03685032964665241 0.001148448253074575
0.03714807089417552 0.001150233341114128
0.03717843867557692 0.0011556802449326216
0.03817036863925349 0.001197180835843201
0.03862612168191903 0.0012119921395495872
0.03904529468990808 0.001222973208419076
0.03942343494007701 0.001254039965516191
0.03984968369701666 0.00128685384312061
0.04045973354111804 0.0013310097063523973
0.04053268130439504 0.0013359680630497196
0.04206830092415602 0.0013417468495985768
0.042168496068661084 0.0013428794106335228
0.04218719165928309 0.0013470357582063615
0.04222964059466189 0.0013473325851855894
0.0423985392871942 0.0013481937445051248
0.042432008510749505 0.0014035426600215728
0.04331947880633162 0.0014152034401402917
0.044143729273979505 0.0014170915748370643
0.04428443505472559 0.0014412308516354591
0.04470441602747566 0.0014466853866528294
0.04879005844648758 0.001495013090096547
0.05462562113154493 0.0016074214934716246
0.058418689061486576 0.0016283974633842908
0.06159913792907577 0.0016383628758405012
0.06451588883702952 0.0016458391414115418
0.06504002550991808 0.0017098580842481964
0.06729032391173662 0.0017669708730132922
0.067570099928379 0.0018017923543366186
0.0732670369513653 0.001894086204516175
0.07640835687741661 0.0019145921056398457
0.07686527882491348 0.0019223176932197641
0.07706364021203098 0.0019249809511121003
0.07801115859359622 0.001926300451805987
0.07931764449471411 0.00197505123101537
0.0814365987990265 0.002011634929008529
