[1, 7, 12, 19, 22, 23, 24, 26, 30, 36, 37, 40, 47, 54, 59]
Float32[0.065862, 0.0653495, 0.0691124, 0.0649819, 0.0661756, 0.0696774, 0.0674804, 0.061231, 0.0699068, 0.0650081, 0.0680598, 0.0718161, 0.0651218, 0.0638333, 0.0663838]

[1, 12, 19, 21, 22, 23, 24, 26, 30, 34, 36, 37, 40, 47, 54]
Float32[0.0656468, 0.063606, 0.06803, 0.0690066, 0.0717775, 0.0653628, 0.0680372, 0.0659939, 0.0672154, 0.0668247, 0.0676638, 0.0656508, 0.0657642, 0.066439, 0.0629813]

[1, 12, 19, 21, 22, 23, 24, 30, 36, 37, 40, 47, 50, 54, 59]
Float32[0.0636953, 0.068168, 0.0615424, 0.0674519, 0.0667434, 0.0684272, 0.065693, 0.0684272, 0.0673281, 0.0703629, 0.0626761, 0.0680401, 0.0636992, 0.0743957, 0.0633495]

[1, 12, 19, 21, 22, 23, 24, 26, 30, 36, 37, 40, 47, 54, 59]
Float32[0.0668829, 0.0678372, 0.0674071, 0.0641713, 0.0672121, 0.0667671, 0.0668411, 0.0699992, 0.061366, 0.0682214, 0.0669689, 0.0685765, 0.0680806, 0.0844673, 0.0452012]

[1, 12, 16, 22, 23, 24, 26, 30, 32, 36, 37, 40, 47, 54, 59]
Float32[0.0647549, 0.0674798, 0.0652475, 0.0659559, 0.0693898, 0.0646775, 0.0654297, 0.0694187, 0.0642602, 0.0718843, 0.0629304, 0.067767, 0.0698976, 0.0639634, 0.0669436]

[1, 7, 12, 22, 23, 24, 26, 30, 32, 33, 37, 40, 47, 54, 57]
Float32[0.0633085, 0.0657518, 0.0653021, 0.0652454, 0.0822817, 0.0636577, 0.0665177, 0.0646496, 0.0665516, 0.0660335, 0.0666234, 0.067433, 0.0673146, 0.0637958, 0.0655334]

[1, 12, 19, 21, 22, 23, 24, 26, 30, 36, 37, 40, 47, 50, 54]
Float32[0.0653089, 0.0647236, 0.0826404, 0.0689224, 0.0556523, 0.0651108, 0.0675359, 0.0745698, 0.0621114, 0.0641666, 0.0670417, 0.0647098, 0.0607426, 0.0661411, 0.0706226]

[1, 12, 21, 22, 23, 24, 30, 34, 36, 37, 40, 47, 50, 54, 59]
Float32[0.0654462, 0.0674174, 0.061612, 0.0665331, 0.0664235, 0.067646, 0.0653645, 0.0667884, 0.0687436, 0.0673793, 0.071357, 0.0679889, 0.0695792, 0.0614141, 0.0663068]

[1, 19, 21, 22, 23, 24, 26, 30, 34, 36, 37, 40, 47, 54, 59]
Float32[0.0691987, 0.0675873, 0.0621222, 0.0660373, 0.0717618, 0.0646542, 0.0655444, 0.0901008, 0.0656386, 0.0516018, 0.063829, 0.0597948, 0.0654056, 0.0666702, 0.0700532]

[1, 12, 19, 21, 22, 23, 24, 26, 30, 34, 37, 40, 47, 50, 54]
Float32[0.0667575, 0.0661319, 0.0661896, 0.0764567, 0.069001, 0.0646865, 0.0655663, 0.0659445, 0.0668545, 0.0682953, 0.060499, 0.0676424, 0.068159, 0.0656153, 0.0622006]

[1, 8, 12, 19, 21, 22, 23, 24, 30, 36, 37, 40, 47, 54, 59]
Float32[0.0664671, 0.0678167, 0.0559674, 0.0676634, 0.0639451, 0.0685631, 0.0716558, 0.0688358, 0.0506239, 0.0691464, 0.0688573, 0.0690389, 0.0714587, 0.0695847, 0.070376]

[1, 7, 12, 19, 22, 23, 24, 26, 30, 36, 37, 40, 47, 54, 59]
Float32[0.0652983, 0.0626687, 0.0648776, 0.0612322, 0.0631974, 0.0669931, 0.0661183, 0.0705373, 0.0672455, 0.0699339, 0.0656291, 0.0605253, 0.0676315, 0.0643817, 0.0837301]

[1, 7, 12, 19, 22, 23, 24, 26, 30, 36, 37, 40, 47, 54, 59]
Float32[0.066109, 0.0635336, 0.0658116, 0.0681432, 0.0709144, 0.0653882, 0.0660389, 0.0663459, 0.0641079, 0.0685932, 0.0674088, 0.0666397, 0.0650726, 0.0649278, 0.0709652]

[1, 12, 19, 20, 21, 22, 23, 24, 30, 36, 37, 40, 47, 50, 54]
Float32[0.0510006, 0.062785, 0.0659329, 0.0628649, 0.0688956, 0.0727183, 0.0693503, 0.0728591, 0.0677181, 0.0669286, 0.0679848, 0.0600756, 0.0732964, 0.0694374, 0.0681523]

[1, 12, 19, 21, 22, 23, 24, 30, 36, 37, 40, 47, 50, 51, 54]
Float32[0.067723, 0.0663985, 0.0678251, 0.0679761, 0.0690722, 0.0661695, 0.0668127, 0.0666674, 0.0629109, 0.0630018, 0.0660047, 0.0671892, 0.0666854, 0.065124, 0.0704395]

[1, 3, 7, 19, 22, 23, 24, 26, 30, 36, 37, 40, 47, 54, 59]
Float32[0.0712148, 0.0503414, 0.0573363, 0.0712828, 0.0758938, 0.0457609, 0.070595, 0.0739871, 0.0656042, 0.0689818, 0.0722027, 0.0604004, 0.0693748, 0.0789937, 0.06803]

[1, 12, 19, 21, 22, 23, 24, 30, 34, 36, 37, 40, 47, 54, 59]
Float32[0.0670239, 0.0658985, 0.0659865, 0.0688197, 0.0640154, 0.0658279, 0.072106, 0.0648992, 0.0660151, 0.0660204, 0.0674948, 0.0689127, 0.0649408, 0.0666955, 0.0653434]

[1, 12, 19, 21, 22, 23, 24, 26, 30, 36, 37, 40, 47, 54, 59]
Float32[0.065744, 0.069356, 0.0671367, 0.066482, 0.0792767, 0.0675475, 0.0585687, 0.0617224, 0.0702913, 0.0678386, 0.0639948, 0.0665984, 0.062305, 0.0656495, 0.0674885]

[1, 12, 21, 22, 23, 24, 26, 30, 36, 37, 40, 47, 50, 54, 59]
Float32[0.0707481, 0.066393, 0.0673154, 0.0654694, 0.0689998, 0.0663346, 0.0668171, 0.0670779, 0.0676526, 0.0660984, 0.0625748, 0.0654163, 0.0634631, 0.0677277, 0.0679118]

[1, 8, 12, 19, 21, 22, 23, 24, 30, 37, 40, 47, 50, 54, 59]
Float32[0.065811, 0.0689662, 0.0698121, 0.059572, 0.0696746, 0.0682643, 0.0644657, 0.0665515, 0.0609641, 0.0646492, 0.0724415, 0.0622963, 0.069505, 0.0692687, 0.0677578]

[1, 8, 12, 19, 21, 22, 23, 24, 30, 32, 36, 37, 40, 47, 54]
Float32[0.0752809, 0.0644767, 0.0698841, 0.0737227, 0.0672557, 0.0664813, 0.0655601, 0.0656259, 0.0539017, 0.0664039, 0.0666146, 0.0637776, 0.0697759, 0.0656857, 0.0655534]

[1, 7, 12, 19, 22, 23, 24, 26, 30, 36, 37, 40, 47, 54, 59]
Float32[0.0653398, 0.0644038, 0.0645364, 0.0666831, 0.0659715, 0.067442, 0.0667841, 0.0645572, 0.0644832, 0.0686956, 0.0666662, 0.069682, 0.0737619, 0.0654037, 0.0655894]

[1, 12, 19, 21, 22, 23, 24, 30, 36, 37, 40, 47, 50, 51, 54]
Float32[0.0690578, 0.0670257, 0.0674567, 0.0674653, 0.0677137, 0.0684924, 0.0634608, 0.0638802, 0.0604814, 0.0594126, 0.0685032, 0.0675916, 0.0703776, 0.0706812, 0.0683997]

[1, 8, 12, 21, 22, 23, 24, 30, 36, 37, 40, 47, 50, 54, 59]
Float32[0.0660846, 0.0658216, 0.0661796, 0.0665762, 0.0697752, 0.0722012, 0.0651121, 0.0606723, 0.0660846, 0.0645823, 0.067311, 0.0675464, 0.0662993, 0.0685635, 0.0671903]

[1, 12, 19, 21, 22, 23, 24, 26, 30, 34, 36, 37, 40, 47, 54]
Float32[0.066386, 0.057561, 0.0675352, 0.0680891, 0.0685266, 0.0693963, 0.0663584, 0.0670334, 0.0670342, 0.0669175, 0.0685495, 0.0612185, 0.0662595, 0.0707039, 0.0684309]

[1, 12, 19, 21, 22, 23, 24, 26, 30, 36, 37, 40, 47, 54, 59]
Float32[0.0610581, 0.0658161, 0.0697952, 0.0678728, 0.072949, 0.0591843, 0.0707899, 0.0702434, 0.072067, 0.0617279, 0.0710254, 0.0689453, 0.0685554, 0.0687026, 0.0512673]

[1, 12, 19, 21, 22, 23, 24, 30, 34, 36, 37, 40, 47, 50, 54]
Float32[0.0680922, 0.0635392, 0.0652461, 0.0791906, 0.0577104, 0.065283, 0.0654645, 0.065766, 0.0654917, 0.0652997, 0.0657577, 0.0651366, 0.0651219, 0.0701582, 0.0727423]

[1, 12, 19, 21, 22, 23, 24, 26, 30, 37, 40, 47, 50, 54, 59]
Float32[0.0687836, 0.0649959, 0.0639108, 0.0683851, 0.0673079, 0.0668065, 0.0684666, 0.0665984, 0.0670608, 0.0672906, 0.0686572, 0.0648557, 0.0670241, 0.0644941, 0.0653628]

[1, 7, 12, 19, 22, 23, 24, 26, 30, 33, 36, 37, 47, 54, 59]
Float32[0.0661957, 0.0685488, 0.0657483, 0.0663676, 0.0664362, 0.0688993, 0.0701139, 0.0672945, 0.0649316, 0.0623464, 0.0665464, 0.0658785, 0.0665917, 0.0666484, 0.0674528]

[1, 8, 12, 19, 21, 22, 23, 24, 30, 32, 37, 40, 47, 50, 54]
Float32[0.0665662, 0.0663715, 0.0582887, 0.0649011, 0.0653537, 0.0699873, 0.0747137, 0.0663667, 0.0678486, 0.0641681, 0.0637952, 0.0658521, 0.0688972, 0.0668252, 0.0700648]

