0.039799859980121255 0.0006655853740085149
0.04481072840280831 0.0009845895965554519
0.04073978587985039 0.0007871171014812717
0.041701687849126756 0.0008475064025788015
0.040548393270000815 0.0007710517650139082
0.04135364759713411 0.0007948449404011626
0.044670546310953796 0.0009746640621415281
0.03962351894006133 0.0005846157259838947
0.04228171391878277 0.0008525657269728981
0.03974823886528611 0.0005905055513721891
0.04137625952716917 0.0008332088641509472
0.0404174302238971 0.0007180855454862467
0.039932971354573965 0.0006829339320120198
0.044115714728832245 0.0009364032434859837
0.04022964951582253 0.0007036531578705763
0.043957033194601536 0.0009212959728301939
0.04621509229764342 0.0009910564774600061
0.042557425680570304 0.0008816027248030878
0.04009836190380156 0.0006852104522749869
0.044198598712682724 0.0009548817836275703
0.042672897106967866 0.0008911807649383263
0.04339049127884209 0.0009022348685903125
