0.040254126070067286 0.0006976484842198261
0.04034876613877714 0.000711110005113369
0.0425795775372535 0.0008984210107882973
0.03976063523441553 0.0006817762539412797
0.04352751187980175 0.0009180308870782028
0.045157971791923046 0.0009858966650426737
0.04088386462535709 0.0007451857431988174
0.04075461346656084 0.0007326370885039069
0.04129685601219535 0.0008245455708220106
0.04564061691053212 0.001029890705467551
0.04052527283784002 0.0007162803594837897
0.04095394490286708 0.0007829566650343622
0.04120955674443394 0.0008103679963369359
0.04182330681942403 0.0008614365972334781
0.04037983948364854 0.0007151408813115268
0.04157550458330661 0.0008291093702155194
0.04452380945440382 0.0009251522758404462
0.045067328261211514 0.0009776074321052874
0.03959219693206251 0.000586762959983389
0.043496749363839626 0.0009141864766206709
