0.04056897771079093 0.0007390110802134586
0.04401158099062741 0.0009537439636915224
0.04085671785287559 0.0007595422162012255
0.040461586555466056 0.0007012254536675755
0.04045863193459809 0.0006842359462098102
0.045637344708666205 0.001010571091910606
0.04055395454633981 0.0007379762610071339
0.04509468097239733 0.0009951230088063312
0.044433422735892236 0.0009678415808593854
0.042576856445521116 0.0009007574235511129
0.04249059967696667 0.0008861388355398958
0.04408341180533171 0.0009598056776667363
0.040619687526486814 0.0007490064649573469
0.04366654343903065 0.0009164841173969762
0.03979669464752078 0.0006784930164940306
0.04450284340418875 0.0009703790892672259
0.04157191747799516 0.0008176858648312191
0.04484454379417002 0.0009888776469324512
0.041324353544041514 0.0007802363033988513
0.04139126988593489 0.0007952129635668825
0.04180416068993509 0.0008521318234215869
