0.00012963150615
0.000117973693627
0.000121260377171
0.000122170092429
9.7959509086e-05
9.29483456054e-05
0.000106459763356
0.000100814926716
0.000127215096188
0.000115867853525
0.000110022943907
0.000129980243137
0.000124047746031
0.000113788681469
0.000113091180304
0.000129744171359
0.000120474805005
0.0001125798627
0.000125275826844
0.00013496265234
9.44610902061e-05
0.000117177505955
0.000119594136487
0.000116548046557
0.00011270215323
0.000111806986369
0.000114808397287
0.000104421764348
0.000116362325289
9.69781865363e-05
