0.03781076207049972 0.0008087463878268453
0.038360825505128475 0.0008439281121183169
0.03837411197672779 0.000853678509125424
0.038436352471168625 0.0008699543861736484
0.038436352471168625 0.0008699543861736484
0.03861588385578991 0.000882339669700839
0.03881720922280219 0.0008875286403474928
0.038959257741989016 0.0009141709805371455
0.03902567454815252 0.0009173772741550447
0.03902567454815252 0.0009173772741550447
0.039038961019751836 0.0009271276711621519
0.039172359205106 0.0009435363704483263
0.03960063075589378 0.0009461349789953106
0.03974588170768119 0.0009528668875682087
0.040174877763612254 0.0009622787743899776
0.040188164235211564 0.0009720291713970848
0.040392865217092754 0.0009848226349753178
0.040465093785103094 0.0009857231716690852
0.04056660377537017 0.0009956022848702604
0.04064382062772138 0.0009990827407410766
0.040656296310291364 0.0010064987778935128
0.0406849618606891 0.0010085077923373824
0.0406849618606891 0.0010085077923373826
0.04068496186068911 0.0010085077923373826
0.04068496186068911 0.0010085077923373826
0.04071488186595018 0.0010087862966347482
0.040765935921990765 0.001021336715101975
0.04087160513671942 0.0010226601527146206
0.040871605136719426 0.0010226601527146206
0.041016856088506824 0.0010293920612875185
0.041016856088506824 0.0010293920612875185
0.041016856088506824 0.0010293920612875185
0.041016856088506824 0.0010293920612875185
0.041016856088506824 0.0010293920612875185
0.041016856088506824 0.0010293920612875185
0.041016856088506824 0.0010293920612875185
0.041016856088506824 0.0010293920612875185
0.041016856088506824 0.0010293920612875185
0.041016856088506824 0.0010293920612875185
0.04101685608850683 0.0010293920612875185
0.04104552163890458 0.0010314010757313885
0.04104552163890458 0.0010314010757313885
0.04104552163890458 0.0010314010757313885
0.04364642725160386 0.0010847815223858867
0.04386557377021403 0.0011136727995936875
0.04411649393673008 0.001121728145779231
0.04411649393673008 0.001121728145779231
0.04414515948712782 0.001123737160223101
0.044145159487127834 0.0011237371602231011
0.044493307728447576 0.0011325041287531539
0.04449330772844758 0.0011325041287531539
0.04449330772844758 0.0011325041287531539
0.04449330772844758 0.0011325041287531539
0.04449330772844758 0.0011325041287531539
0.04449330772844758 0.001132504128753154
0.044720141462295075 0.0011439952267271727
0.04486539241408248 0.0011507271353000709
0.044894057964480226 0.0011527361497439407
0.04489405796448023 0.0011527361497439407
0.04489405796448023 0.0011527361497439407
0.04489405796448023 0.0011527361497439407
0.04489405796448023 0.0011527361497439407
0.04489405796448024 0.0011527361497439407
0.04489405796448024 0.0011527361497439407
0.04499972717920888 0.0011540595873565861
0.04499972717920888 0.0011540595873565861
0.04499972717920888 0.0011540595873565861
0.04499972717920888 0.0011540595873565861
0.045144978130996286 0.001160791495929484
