0.03737239427054475 0.0006564199515618445
0.03737239427054475 0.0006564199515618445
0.03737239427054475 0.0006564199515618445
0.03737239427054475 0.0006564199515618445
0.03737239427054475 0.0006564199515618445
0.03737239427054475 0.0006564199515618445
0.03760962649544064 0.0007420975030721236
0.03760962649544064 0.0007420975030721236
0.03784398173344325 0.0007822983972198541
0.037857268205042566 0.0007920487942269613
0.037857268205042566 0.0007920487942269613
0.03802506074119773 0.0007935407486132325
0.0380312648660593 0.000798486460431424
0.03803674662265577 0.00080096888165041
0.03844995050523784 0.0008116142801147272
0.03845259005330173 0.0008960736906337246
0.038508368533694125 0.0009003112560324367
0.03858239256280844 0.0009009274857608411
0.03873314895449172 0.0009111957545116199
0.03900140519189408 0.0009253236906869588
0.0393401512936202 0.0009291039500183655
0.03944898011629027 0.0009416075273721568
0.03944898011629028 0.0009416075273721569
0.039462266587889594 0.000951357924379264
0.039462266587889594 0.000951357924379264
0.039462266587889594 0.000951357924379264
0.039462266587889594 0.000951357924379264
0.039462266587889594 0.000951357924379264
0.039462266587889594 0.000951357924379264
0.0394622665878896 0.000951357924379264
0.039843203538174936 0.0009517672920849409
0.040255553465702545 0.0009654149478548857
0.04030634437662277 0.0009869734057423817
0.040405376143775304 0.000998443431707969
0.040405376143775304 0.000998443431707969
0.04040537614377531 0.000998443431707969
0.04064477140287192 0.0010111690547406015
0.04077746082941021 0.001016666438254886
0.04108696655158509 0.0010270093031816653
0.04111563210198284 0.001029018317625535
0.04234975150996422 0.001038746594830772
0.043505013991998555 0.0010907795161996814
0.04377806691048093 0.0010975324967810109
0.04377806691048093 0.0010975324967810109
0.04378459970891237 0.0011008438768290948
0.043940458505246645 0.0011109436966448677
0.04422679485762554 0.0011166841252701583
0.04433246407235418 0.0011180075628828042
0.044493307728447576 0.0011325041287531539
0.044772893445361374 0.0011425684893825675
0.04490558287189966 0.0011480658728968514
0.04490558287189966 0.0011480658728968516
0.04490558287189966 0.0011480658728968516
0.04490558287189966 0.0011480658728968516
0.04490558287189966 0.0011480658728968516
0.04490558287189966 0.0011480658728968516
0.04490558287189966 0.0011480658728968516
0.04490558287189966 0.0011480658728968516
0.04497106162881113 0.0011520505729127161
0.04521508859407455 0.0011584087378236308
0.045215088594074554 0.0011584087378236308
0.045215088594074554 0.0011584087378236308
0.045215088594074554 0.0011584087378236308
0.045215088594074554 0.0011584087378236308
0.045215088594074554 0.0011584087378236308
0.045215088594074554 0.0011584087378236308
0.0453207578088032 0.0011597321754362765
