0.03716986031130889 0.0005362240392445145
0.03761142897300449 0.0006648477210219559
0.03777716775328992 0.0007176496085227106
0.037777167753289924 0.0007176496085227106
0.037777167753289924 0.0007176496085227106
0.03781076207049971 0.0008087463878268455
0.03781076207049971 0.0008087463878268455
0.03781076207049971 0.0008087463878268455
0.03782604088261371 0.0008122623604340351
0.03817029121516893 0.0008189739930852297
0.03834027181454988 0.00087485326766103
0.038643052776989706 0.00088922639220288
0.03873217577021553 0.0009061380512631381
0.03875537101574156 0.0009104468151755746
0.03885615424010668 0.0009185917821140607
0.03890915851024513 0.0009222738760350356
0.0393401512936202 0.0009291039500183656
0.0393401512936202 0.0009291039500183656
0.039395660898470485 0.0009302195000202238
0.039439183060772744 0.0009405739759839532
0.039666967569770784 0.000964151387957497
0.039666967569770784 0.0009641513879574971
0.04018816423521157 0.0009720291713970849
0.040331367740735126 0.0009743209862490983
0.040361902793488995 0.0009828088212920274
0.04040537614377531 0.000998443431707969
0.04064477140287192 0.0010111690547406015
0.04087160513671942 0.0010226601527146206
0.04105704654632401 0.0010267307988842994
0.041057046546324014 0.0010267307988842996
0.04108696655158509 0.0010270093031816655
0.0413665522684989 0.001037073663811079
0.04235078974236391 0.0010389157575055015
0.04265426673772112 0.0010513354774217506
0.04341759297494461 0.0010684577012931827
0.043576256540745796 0.0010733889793137087
0.04378740614271228 0.0010981060297233461
0.043917374978129795 0.001100159748249557
0.043917374978129795 0.001100159748249557
0.04402304419285844 0.0011014831858622025
0.04416829514464585 0.0011082150944351006
0.04416829514464585 0.0011082150944351009
0.04416829514464585 0.0011082150944351009
0.04416829514464585 0.0011082150944351009
0.04416829514464585 0.0011082150944351009
0.04416829514464585 0.0011082150944351009
0.04434783203140321 0.001116504240835669
0.04434783203140322 0.001116504240835669
0.04444983437816126 0.0011168695183372125
0.04446619011672214 0.0011294097483027913
0.04478441835278081 0.0011378982125354784
0.04490558287189967 0.0011480658728968516
0.04514497813099628 0.0011607914959294843
0.04514497813099628 0.0011607914959294843
0.04514497813099628 0.0011607914959294843
0.04514497813099628 0.0011607914959294843
0.045896056874323805 0.001164039411278485
0.046980836390576854 0.0011678054956060157
0.04768480550085654 0.0011817639115638886
