0.03607007581740618 0.001103633490856737
0.038823739625513554 0.001249971246579662
0.055294524878263474 0.0016389628872275352
0.03847186639904976 0.0012380231928545982
0.03757546003907919 0.0011964556761085987
0.03849478252232075 0.0012390154879540205
0.054975416511297226 0.001628915808396414
0.05564154125750065 0.0016449079557787627
0.03891170211136341 0.0012540235475171357
0.03890993259847164 0.001253923459444195
0.0371121559292078 0.0011515813821461052
0.038787202909588814 0.0012484326434787363
0.03702109586447477 0.0011484095302876085
0.038779172115027905 0.0012480920413509011
0.054898771457374096 0.0015835191879887134
0.03847673628479242 0.0012382462446112186
0.05558495409786701 0.0016439315222669393
0.038625302724540234 0.0012446017935872078
0.03858582861721516 0.0012429175258148462
0.05562193598598242 0.0016445815854240209
0.04017760045826435 0.0013115400652168319
0.03702168818563223 0.0011484468122944236
0.03879260364919901 0.0012485627958085388
0.0552477790042758 0.0016381759487558156
0.038904628716409206 0.0012536872818600386
0.03847230691462755 0.0012380571570247412
0.05520475283265114 0.0016374255646951497
0.03880061209201813 0.0012489084911067039
0.031562565360218287 0.0006136854244687129
0.038478849455714226 0.0012383408902678639
0.05524952709674835 0.0016382093890570104
0.055010889656841755 0.0016294664237648249
0.05527265835553408 0.0016385946946684271
0.03860537055879831 0.0012437519908417016
0.05528595671057701 0.0016388343065045774
0.055600098334252834 0.0016441951738670468
0.05561939161270857 0.0016445368819404393
0.055654109455645084 0.0016450783878099173
0.05522746313363314 0.0016377393330913037
0.03879334777593613 0.001248595945071429
0.03561083413660526 0.0010038762993644923
0.038799116387963295 0.001248854910954833
0.03881843388080597 0.0012497332063503563
0.055663151666522026 0.001645242446102202
0.038806816563010216 0.0012491994129959494
0.03849025722593069 0.0012388399336487055
0.03701458778232336 0.0011481284454930574
0.054900688119232655 0.001627746329177171
0.04191358853131533 0.0013578046637121588
0.038621324114501476 0.0012444401218090206
0.03756401501595974 0.0011959715629927814
0.037017371505498886 0.001148283132351935
0.03756407927721739 0.0011960046831518412
0.05494669545441866 0.0016284825978800654
0.03701630514115095 0.0011482151749078184
0.03890932258218527 0.0012539135059341788
0.038622054271399975 0.0012444721651263535
0.03880046866834164 0.0012489007785916328
0.054892100393772125 0.0015833153447601944
0.04191500414162874 0.0013578947982750833
0.03847706038504839 0.001238260418176651
0.042182295583188534 0.001365645497571677
0.0384743744507432 0.001238139666384086
0.03880006726831198 0.0012488765642046928
0.04192517418414354 0.0013585000415332615
0.038619568571448326 0.0012443580199033022
0.04017760045826435 0.0013115400652168319
0.05495137441903353 0.001628546102438122
0.05560044012963772 0.001644200092414394
0.04908561520278454 0.001447201066184789
0.037574443966150284 0.001196416444145143
0.04236980248242617 0.0013872105337213725
0.0384889580309391 0.0012387653987389058
0.03692553099244833 0.0011332026042509824
0.05562688410282135 0.0016446582740172744
0.05562688410282135 0.0016446582740172744
0.03879943769425154 0.0012488687061704695
0.03848862275481224 0.0012387523020152003
0.0371222672984004 0.0011519014951772988
0.03847658261656761 0.0012382391723804176
0.05862704198807478 0.0016913823201321065
0.03882058244198561 0.0012498334690462798
0.05497591197490692 0.0016289340856019408
0.03879836946725845 0.0012488227512221783
0.036067224107682705 0.001103483809856698
0.038901383988559246 0.0012536268041003495
0.03881074395030737 0.0012493827380239964
0.03607302904129028 0.0011037986259907484
0.037028039805591106 0.0011486275761853904
0.038480293937027454 0.00123839863226749
0.038620566949248314 0.0012444099120330065
0.055571530014276505 0.0016437102749478072
0.03879856504499912 0.0012488426000345498
0.03702200576663017 0.0011484523711260408
0.05498003773391247 0.001628985977731645
0.03860034327954054 0.0012435330427251756
0.05561635456979275 0.0016444786742795259
0.05531769711524248 0.0016393625701311976
0.04017760045826435 0.0013115400652168319
0.05563749559223652 0.0016448314127046615
0.038801176473498344 0.0012489489745348692
0.05563828442245722 0.001644838397623971
0.0388032291084528 0.00124903314281255
0.038807216100394726 0.0012492096866481006
0.03846157807856798 0.0012375506048556417
0.038481670431792736 0.0012384575384203345
0.04182483069598675 0.0013430434628389776
0.038624570704996586 0.0012445695465430617
0.055305592715740204 0.0016391609387937933
0.03566235303878784 0.0010408199741505086
0.038478339090943336 0.0012383177236188203
0.054861570708453655 0.0015827089664526284
0.03879228699952364 0.0012485492043197155
0.038915262557566166 0.0012541778851300478
0.04236980248242617 0.0013872105337213725
0.05527865141630173 0.0016386873903684318
0.03848822694271803 0.0012387412134557962
0.0375730199739337 0.0011963417346123606
0.03607279434800148 0.001103767572203651
0.03712851367890835 0.0011520966363605112
0.04187928233295679 0.0013557010097429156
0.055248575285077095 0.0016381856694351882
0.04192531853914261 0.001358507142867893
0.03880022373050451 0.0012489007785916328
0.04219620302319527 0.0013661666307598352
0.05102028138935566 0.0015665520331822336
0.03879106882959604 0.0012485391926020384
0.055623698979616165 0.0016446086519863456
0.03846907336264849 0.0012378955725580454
0.038914904929697514 0.0012541631876956671
0.041917900554835796 0.0013580858358182013
0.04017760045826435 0.0013115400652168319
0.03860488627105951 0.0012437347613740712
0.03880756534636021 0.0012492166133597493
0.038473738357424736 0.001238104421645403
0.04192403797060251 0.0013584482949227095
0.037013725377619267 0.0011481129913590848
0.05560867954045534 0.0016443390341009945
0.03847177792340517 0.0012380144034978002
0.038606240414083004 0.0012437898549251258
0.03878719173371792 0.0012484032777138054
0.03758416324853897 0.0011968024191446602
0.05562836490571499 0.0016446807130705565
0.03702963702380657 0.0011487345036584884
0.04017760045826435 0.0013115400652168319
0.03878325130790472 0.0012483170721679926
0.03556916397064924 0.0010012332058977336
0.03880552854388952 0.0012491335219237953
0.038891625590622425 0.0012530986277852207
0.05492720194160938 0.0016281604766845703
0.03878423571586609 0.0012483471946325153
0.04908561520278454 0.001447201066184789
0.05562240816652775 0.0016445887158624828
0.0556345684453845 0.0016447874950245023
0.055665815249085426 0.0016452828131150454
0.038478645496070385 0.0012383271241560578
0.05567300319671631 0.001645437499973923
0.03756997641175985 0.0011962311109527946
0.038478342816233635 0.0012383205175865442
0.03861603792756796 0.0012442100560292602
0.03862038068473339 0.001244398852577433
0.055630987510085106 0.0016447302477899939
0.03880871646106243 0.00124927464639768
0.038546993397176266 0.001241252146428451
0.03606881480664015 0.0011036244395654649
0.03883571829646826 0.001250521745532751
0.03846917673945427 0.0012379265390336514
0.03701846860349178 0.0011483156704343855
0.0384747926145792 0.0012381562555674464
0.04908561520278454 0.001447201066184789
0.05562345590442419 0.0016446048684883863
0.03757403325289488 0.0011964042787440121
0.03860102593898773 0.0012435725948307663
0.055595061741769314 0.0016441191255580634
0.055628055706620216 0.0016446713416371495
0.041819656267762184 0.0013429181708488613
0.038798666559159756 0.0012488491192925721
0.03848009463399649 0.0012383917055558413
0.03710411116480827 0.0011512331839185208
0.04017760045826435 0.0013115400652168319
0.03756683599203825 0.0011960617266595364
0.05565306171774864 0.0016450600232928991
0.038477991707623005 0.0012382982240524143
0.05563638545572758 0.0016448126989416778
0.038624503649771214 0.001244568993570283
0.0375696811825037 0.0011961761920247227
0.03757620044052601 0.0011964844597969204
0.04017760045826435 0.0013115400652168319
0.05563734099268913 0.001644814183237031
0.037552230060100555 0.0011957999668084085
0.03419531416147947 0.0009578475583111867
0.03847572207450867 0.001238202297827229
0.03879489656537771 0.0012487190833780915
0.038480487652122974 0.0012384197325445712
0.05489179398864508 0.001583307166583836
0.055255960673093796 0.0016383027541451156
0.038490092381834984 0.0012388169125188142
0.038623398169875145 0.0012445396278053522
0.04017760045826435 0.0013115400652168319
0.04220110271126032 0.0013662351120729
0.055600935593247414 0.00164421895169653
0.05559116881340742 0.0016440647304989398
0.03880810085684061 0.001249269291292876
0.03880515694618225 0.0012491228699218482
0.03847409971058369 0.0012381246488075703
0.03861711546778679 0.0012442517036106437
0.05561586283147335 0.0016444785869680345
0.03699778579175472 0.0011475832434371114
0.03847101517021656 0.0012380034022498876
0.04017760045826435 0.0013115400652168319
0.04017760045826435 0.0013115400652168319
0.03881704341620207 0.0012496696726884693
0.038600385189056396 0.0012435449752956629
0.055625555105507374 0.0016446372610516846
0.03890897985547781 0.0012538979935925454
0.04192419070750475 0.001358453300781548
0.03764502238482237 0.0011996161483693868
0.04017760045826435 0.0013115400652168319
0.04188077989965677 0.0013557946658693254
0.03848726022988558 0.0012386998569127172
0.04017760045826435 0.0013115400652168319
0.03711716178804636 0.0011518072860781103
0.03861684165894985 0.0012442501611076295
0.03861730545759201 0.0012442841252777725
0.0419213455170393 0.0013583031832240522
0.03890772722661495 0.001253841066500172
0.05102028138935566 0.0015665520331822336
0.03880022373050451 0.00124889358994551
0.04017760045826435 0.0013115400652168319
0.0552473571151495 0.0016381694877054542
0.05562973953783512 0.0016447075176984072
0.03879426512867212 0.0012486425694078207
0.05102028138935566 0.0015665520331822336
0.0552445026114583 0.0016381120949517936
0.05562026984989643 0.0016445525689050555
0.038902961649000645 0.0012536775320768356
0.03702017851173878 0.0011483763810247183
0.038604749366641045 0.0012437303666956723
0.04017760045826435 0.0013115400652168319
0.05495621170848608 0.0016286154568661004
0.05488468799740076 0.0015831715427339077
0.038614965975284576 0.0012441859871614724
0.055256019346416 0.0016383262991439551
0.03711429424583912 0.0011516031809151173
0.041826230473816395 0.0013431439001578838
0.038824889808893204 0.0012500230222940445
0.04192340932786465 0.0013584437838289887
0.055590441450476646 0.0016440378385595977
0.04188030585646629 0.0013557754864450544
0.05525529198348522 0.0016383023757953197
0.03880225494503975 0.0012489801447372884
0.03891262598335743 0.0012540670577436686
0.03701875824481249 0.0011483257112558931
0.038802593015134335 0.0012490259832702577
0.05489583499729633 0.0015834369114600122
0.03847579378634691 0.0012382031709421426
0.03861335013061762 0.0012441016442608088
0.04017760045826435 0.0013115400652168319
0.037023305892944336 0.0011484869755804539
0.0556041719391942 0.0016442725318484008
0.05560742877423763 0.0016443180211354047
0.055222987197339535 0.0016377379070036113
0.055621654726564884 0.0016445772198494524
0.038803113624453545 0.0012490322114899755
0.04192796163260937 0.0013586869754362851
0.05561878439038992 0.0016445234650745988
0.03862147871404886 0.0012444471358321607
0.03848042618483305 0.0012384042493067682
0.038480316288769245 0.0012383995053824037
0.05102028138935566 0.0015665520331822336
0.037572710774838924 0.001196337805595249
0.041921098716557026 0.0013582812098320574
0.038620563223958015 0.00124440758372657
0.04187943134456873 0.0013557074998971075
0.03849428705871105 0.0012389994517434388
0.04192752577364445 0.0013586707646027207
0.04182114638388157 0.0013429326936602592
0.04191754199564457 0.0013580424711108208
0.03711607400327921 0.0011516479717101902
0.055658536963164806 0.0016451726842205971
0.05528020951896906 0.0016387405630666763
0.0370227275416255 0.001148478768300265
0.03757056035101414 0.0011962581775151193
0.04192267917096615 0.0013583686668425798
0.055249402299523354 0.0016382013855036348
0.04017760045826435 0.0013115400652168319
0.05102028138935566 0.0015665520331822336
0.05569742061197758 0.0016457522579003125
0.034195973072201014 0.0009915926202666014
0.04908561520278454 0.001447201066184789
0.04178883321583271 0.001341874769423157
0.05563409626483917 0.0016447760863229632
0.03757270518690348 0.00119630855624564
0.05489972233772278 0.0015835448866710067
0.03879728261381388 0.0012488065112847835
0.055254082195460796 0.0016382787725888193
0.05526968836784363 0.0016385563649237156
0.05102028138935566 0.0015665520331822336
0.03343365807086229 0.0008956720848800614
0.03848964720964432 0.0012387969472911209
0.04220045544207096 0.0013662234414368868
0.0556436600163579 0.0016449299873784184
0.038503206335008144 0.0012393775396049023
0.03880116902291775 0.0012489442015066743
0.041920291259884834 0.0013582287356257439
0.03847667947411537 0.0012382444110698998
0.054953006096184254 0.0016285754682030529
0.03607052005827427 0.0011036736541427672
0.054966140538454056 0.0016287965408992022
0.0553116025403142 0.0016392630932386965
0.03848333936184645 0.0012385213049128652
0.038468215614557266 0.0012378645478747785
0.03879389353096485 0.0012486291234381497
0.05562876630574465 0.0016446977388113737
0.05566027481108904 0.0016452129639219493
0.03862704988569021 0.0012446779874153435
0.0387670174241066 0.0012474652321543545
0.041921522468328476 0.0013583062391262501
0.055296883918344975 0.0016390042146667838
0.0388173907995224 0.0012496821291279048
0.04908561520278454 0.001447201066184789
0.03758299071341753 0.0011967707832809538
0.03862422052770853 0.0012445639003999531
0.05562479700893164 0.0016446246881969273
0.038632944226264954 0.0012449027562979609
0.03859983943402767 0.001243523001903668
0.04182328935712576 0.0013430322869680822
0.05534189287573099 0.001639784430153668
0.055534202605485916 0.0016430754330940545
0.038474258966743946 0.0012381371634546667
0.04017760045826435 0.0013115400652168319
0.05565593298524618 0.0016451279516331851
0.036924547515809536 0.001133174926508218
0.03701599594205618 0.00114821208990179
0.038823981769382954 0.0012499925505835563
0.05525327567011118 0.0016382592439185828
0.038804312236607075 0.0012490864610299468
0.03757708519697189 0.0011965336161665618
0.04220170620828867 0.001366283220704645
0.041879694908857346 0.001355723972665146
0.055337825790047646 0.0016397151921410114
0.05854039452970028 0.001689999975496903
0.03891221713274717 0.0012540510797407478
0.05489877425134182 0.0015835200319997966
0.03702255617827177 0.0011484707065392286
0.05534189287573099 0.001639784430153668
0.05496807396411896 0.0016288154292851686
0.038807809352874756 0.0012492473179008812
0.038476173765957355 0.0012382215063553303
0.05527425557374954 0.0016386338393203914
0.03890715911984444 0.0012538171431515366
0.05564612150192261 0.0016449673275928944
0.0418268833309412 0.0013431734114419669
0.03862560447305441 0.0012446178880054504
0.0556165874004364 0.0016444831562694162
