0.056933268904685974 0.0011956797679886222
0.056933268904685974 0.0011956797679886222
0.056933268904685974 0.0011956797679886222
0.056933268904685974 0.0011956797679886222
0.056933268904685974 0.0011956797679886222
0.056933268904685974 0.0011956797679886222
0.056933268904685974 0.0011956797679886222
0.056933268904685974 0.0011956797679886222
0.056933268904685974 0.0011956797679886222
0.056933268904685974 0.0011956797679886222
0.056933268904685974 0.0011956797679886222
0.056933268904685974 0.0011956797679886222
0.056933268904685974 0.0011956797679886222
0.056933268904685974 0.0011956797679886222
0.056933268904685974 0.0011956797679886222
0.056933268904685974 0.0011956797679886222
0.056933268904685974 0.0011956797679886222
0.056933268904685974 0.0011956797679886222
0.056933268904685974 0.0011956797679886222
0.056933268904685974 0.0011956797679886222
0.056933268904685974 0.0011956797679886222
0.056933268904685974 0.0011956797679886222
0.056933268904685974 0.0011956797679886222
0.056933268904685974 0.0011956797679886222
0.056933268904685974 0.0011956797679886222
0.056933268904685974 0.0011956797679886222
0.056933268904685974 0.0011956797679886222
0.056933268904685974 0.0011956797679886222
0.056933268904685974 0.0011956797679886222
0.056933268904685974 0.0011956797679886222
0.04514497780473903 0.0011607915157583193
0.04514497780473903 0.0011607915157583193
0.04514497780473903 0.0011607915157583193
0.04514497780473903 0.0011607915157583193
0.04514497780473903 0.0011607915157583193
0.04514497780473903 0.0011607915157583193
0.04514497780473903 0.0011607915157583193
0.04514497780473903 0.0011607915157583193
0.04514497780473903 0.0011607915157583193
0.04514497780473903 0.0011607915157583193
0.04514497780473903 0.0011607915157583193
0.04514497780473903 0.0011607915157583193
0.04514497780473903 0.0011607915157583193
0.044894057617057115 0.0011527361693879357
0.04514497780473903 0.0011607915157583193
0.04514497780473903 0.0011607915157583193
0.04514497780473903 0.0011607915157583193
0.04514497780473903 0.0011607915157583193
0.04514497780473903 0.0011607915157583193
0.04241307807387784 0.001082684733773931
0.041957676759921014 0.001069131226358877
0.04238522797822952 0.0010818547843882698
0.04258889670018107 0.0010873945102503058
0.0446987867471762 0.0011480880493763834
0.044847166223917156 0.0011523541325004771
0.04196408938150853 0.0010693065923987888
0.04385405714856461 0.0011240389867452905
0.042361974250525236 0.001081160864487174
0.0416894203517586 0.001059379625303336
0.043025618768297136 0.001099832181353122
0.04287328594364226 0.0010958386874335702
0.041947880934458226 0.0010688266356737586
0.04239838686771691 0.001082245623365452
0.04384267161367461 0.0011237181233809679
0.04453249037032947 0.001143262088589836
0.04239993484225124 0.0010822915646713227
0.04442876414395869 0.001140185249823844
0.04403546761022881 0.0011293676470813807
0.04196189169306308 0.0010692431142160785
0.04358866851544008 0.0011166572649017326
0.04384728946024552 0.0011238417118875077
0.04191037273267284 0.0010677554955691448
0.04513874615076929 0.0011606132720771711
0.04242595913819969 0.0010830684532265877
0.04460353287868202 0.0011453153128968552
0.041991063859313726 0.001070113064997713
0.044429599423892796 0.001140215880695905
0.0429722482804209 0.0010986881288772565
0.043825538305100054 0.0011232435135752894
0.04239874560153112 0.0010822569574884255
0.041934429958928376 0.0010684378876248957
0.0419924397720024 0.0010701501651055878
0.0438681710511446 0.0011244375909882365
0.043630619009491056 0.0011172318172611995
0.04365645896177739 0.0011179607017766102
0.04193065705476329 0.0010683138680178672
0.042362319596577436 0.0010811698111865553
0.03946375596569851 0.0009614349728508387
0.042387948429677635 0.0010819334247571533
0.04192983516259119 0.0010682874753911165
0.04200050566578284 0.0010703906746130087
0.04514497780473903 0.0011607915157583193
0.042359547107480466 0.0010810869134729728
0.04193166422192007 0.0010683409736884641
0.042419553094077855 0.001082879089153721
0.042413930990733206 0.0010827069463630323
0.04367831419222057 0.0011188624075657572
0.03968100919155404 0.0009754190205057967
0.03953066741814837 0.0009673218610259937
0.04239539604168385 0.0010821558507814188
0.04384805710287765 0.0011238715542276623
0.04195603000698611 0.0010690679291656124
0.04514497780473903 0.0011607915157583193
0.039569029526319355 0.0009686944285931531
0.04235103266546503 0.0010808351153173135
0.04199173784581944 0.001070129658728547
0.04421927809016779 0.0011343130881869001
0.04193923086859286 0.0010685673014450003
0.045038691838271916 0.0011577668592508417
0.043577185133472085 0.0011163420886077802
0.04187908710446209 0.0010667766036931425
0.04514497780473903 0.0011607915157583193
0.041949964535888284 0.001068886416760506
0.04192360182059929 0.0010680996510927798
0.04417468613246456 0.001132875690018409
0.04193046095315367 0.001068305674380099
0.04384587489767 0.0011238095466978848
0.04199529136531055 0.0010702345616664388
0.041974267282057554 0.001069611003913451
0.04312880814541131 0.001102797834391822
0.04239462362602353 0.001082132297597127
0.04234999546315521 0.0010808041788550327
0.0436892724246718 0.001118913136451738
0.04236620495794341 0.0010813010630954523
0.044315925624687225 0.001137765137173119
0.04194847645703703 0.0010688444590414292
0.04194997489685193 0.0010688869897421682
0.04491291777230799 0.0011541174371814122
0.043544759799260646 0.001115454747377953
0.041984728537499905 0.0010699237582230126
0.04242857045028359 0.0010831455638253829
0.04416782851330936 0.001132701650931267
0.042415247356984764 0.0010827494297700468
0.04195357341086492 0.001068994524757727
0.04309898760402575 0.001101599868889025
0.04228114360012114 0.0010784212017824757
0.04195529851131141 0.001069045488293341
0.041977872198913246 0.001069716763595352
0.04319736058823764 0.0011047769612559932
0.04514497780473903 0.0011607915157583193
0.04197509540244937 0.0010696338440538966
0.04107527231099084 0.001043002244841773
0.041927163780201226 0.0010682302263376187
0.041906367405317724 0.0010676070414774586
0.04193488776218146 0.001068438130459981
0.04239721596240997 0.0010822118229043554
0.04193682945333421 0.0010684963872336084
0.04240669502178207 0.0010824960545505746
0.04237318888772279 0.0010816063058882719
0.04514497780473903 0.0011607915157583193
0.04514497780473903 0.0011607915157583193
0.04241734807146713 0.0010828109216163284
0.04196080792462453 0.0010692179303077864
0.04199069086462259 0.001070098807758768
0.043810658156871796 0.0011228202847632929
0.04177358892047778 0.0010637537679940579
0.041953710082452744 0.0010689981254472514
0.04015329695539549 0.0009886387751976145
0.04023106169188395 0.0009932836301231873
0.03946030675433576 0.0009612188187020365
0.04200533259427175 0.0010705346257964266
0.041919819195754826 0.0010679892320695217
0.04243783326819539 0.0010834215727300034
0.04355389013653621 0.0011157046001244453
0.04239403858082369 0.0010821166306413943
0.04507008841028437 0.0011586366226765676
0.044583426555618644 0.0011448810710135149
0.04382608999731019 0.001123258156439988
0.042380385915748775 0.0010817126358233509
0.04307179898023605 0.0011015619356840034
0.04235614457866177 0.0010809844270625035
0.04198069224366918 0.001069804786311579
0.04195347026688978 0.0010689910350265563
0.04195026837987825 0.0010688995935197454
0.04275060252984986 0.0010919531941908645
0.04203123401384801 0.0010713053698054864
0.04391249088803306 0.0011256836987740826
0.03967337840003893 0.0009749031787578133
0.04243867250625044 0.0010834465920197545
0.04308524914085865 0.0011015909230991383
0.04239760845666751 0.0010822225367519422
0.042356348247267306 0.0010809932655320154
0.04191293666372076 0.0010678009311959613
0.04186651122290641 0.0010664679457477177
0.042196334747131914 0.0010759882889033179
0.04196972696809098 0.0010694740312828799
0.042402868159115314 0.0010823805823747534
0.04239203018369153 0.001082057458916097
0.03973240923369303 0.000979336216005322
0.04195404989877716 0.0010690084091038443
0.04233513958752155 0.001080358617400634
0.041950710758101195 0.0010689093614928424
0.044106712797656655 0.0011313743252685526
0.04193657333962619 0.001068493775164825
0.04243080224841833 0.0010832119023689302
0.04196641908492893 0.0010693763142626267
0.04199130623601377 0.0010701158444135217
0.0419330921722576 0.001068386694896617
0.0419605178758502 0.0010692007899706368
0.04237193148583174 0.0010815291971084662
0.04195389203960076 0.0010690040071494877
0.04199195228284225 0.0010701364353735698
0.04194801102858037 0.0010688291495171143
0.04194664943497628 0.0010687882959246053
0.04202742665074766 0.0010711308977988665
0.04514497780473903 0.0011607915157583193
0.04238462122157216 0.0010818347391250427
0.039565967512317 0.0009685083741715061
0.042347220005467534 0.0010807611415657448
0.04241075518075377 0.0010826136067407788
0.04514497780473903 0.0011607915157583193
0.04195646441075951 0.0010690808067010948
0.04514497780473903 0.0011607915157583193
0.04197662370279431 0.0010696812978494563
0.0418935933848843 0.0010673443894120282
0.04447188228368759 0.0011417188125051325
0.042386158427689224 0.0010818804885275313
0.041919733805116266 0.0010679884890123503
0.04440003348281607 0.0011394698767617228
0.0424388176179491 0.0010834529575731722
0.04198041639756411 0.001069792654561752
0.04460843198467046 0.0011454457398940576
0.042424244806170464 0.001083016077245702
0.04194888408528641 0.0010688565234886482
0.041977942804805934 0.0010697191164581454
0.03976149932714179 0.0009809620332816849
0.04353442997671664 0.0011151780918225995
0.04207221878459677 0.0010723645655161818
0.04235060978680849 0.00108082025872136
0.04514497780473903 0.0011607915157583193
0.042203382996376604 0.0010762185656858492
0.04514497780473903 0.0011607915157583193
0.04198141553206369 0.0010698237929318566
0.04445532284444198 0.0011410631595936138
0.04274103639181703 0.001091651482056477
0.04238575848285109 0.001081867375432921
0.042421742633450776 0.0010829416578417295
0.04199194960528985 0.0010701355149649316
0.04387740103993565 0.0011246982030570507
0.042395790631417185 0.0010821908917932888
0.044195835245773196 0.001133491586188029
0.042352956195827574 0.0010808970346261049
0.04290598991792649 0.0010963921686197864
0.0423894296400249 0.0010819791832545889
0.042173243302386254 0.0010753460301202722
0.043523727799765766 0.0011148763478558976
0.04197229800047353 0.0010695512646634597
0.041979871049989015 0.0010697764073483995
0.042403431492857635 0.0010823960756169981
0.04191414371598512 0.0010678211165213725
0.041750251315534115 0.0010630727383613703
0.04235180403338745 0.0010808733604790177
0.04240896931150928 0.0010825600857060635
0.042000359506346285 0.001070386321771366
0.04246471996884793 0.0010842232040886302
0.04197573330020532 0.0010696596164052607
0.04514497780473903 0.0011607915157583193
0.039250981353688985 0.0009318524162154063
0.043549391033593565 0.0011155766324009164
0.041972119302954525 0.0010695463824959006
0.04194002051372081 0.0010685925972211407
0.04354485648218542 0.0011154553685628343
0.04195286438334733 0.0010689724740586826
0.044282878865487874 0.0011359903637639945
0.04236118198605254 0.0010811372649186524
0.039441733970306814 0.0009600621251593111
0.04381536791333929 0.0011229516303501441
0.041919852956198156 0.0010680292589313467
0.04236695310100913 0.0010813975532073528
0.03972954774508253 0.0009789522537175799
0.041932136518880725 0.0010683561058613122
0.04240522690815851 0.0010824496448549326
0.043874413531739265 0.001124605824770697
0.04498183663235977 0.0011561227765923832
0.0424032433074899 0.0010823898801390897
0.04188216710463166 0.0010668953364074696
0.0420093132997863 0.0010706525054047233
0.043535262579098344 0.0011151971730214427
0.04193652089452371 0.0010684875578590436
0.03905414039036259 0.0007342409592183685
0.04243001452414319 0.0010831908857653616
0.042388567700982094 0.0010819511571753537
0.04238951316801831 0.0010819809203894692
0.04302881204057485 0.0010999165133398492
0.041966509947087616 0.001069381952220283
0.04514497780473903 0.0011607915157583193
0.041959537484217435 0.0010691747465898516
0.04194418096449226 0.0010687187495932449
0.04514497780473903 0.0011607915157583193
0.04194036568515003 0.0010686010982681182
0.04196134611265734 0.001069227980224241
0.03965921973576769 0.0009739519800859853
0.04241739196004346 0.0010828144595507183
0.04196723992936313 0.0010694139027691563
0.04199013445759192 0.0010700897100832663
0.04194097203435376 0.0010686201094358694
0.04241080366773531 0.0010826141606230522
0.04194963461486623 0.0010688758920878172
0.04199783853255212 0.001070313254786015
0.04236248804954812 0.0010811797037604265
0.04235589213203639 0.0010809779705596156
0.042398165503982455 0.0010822385111168842
0.04343705310020596 0.0011116795185444062
0.04301625263178721 0.0010995836091751698
0.04195853439159691 0.001069168593858194
0.039753678312990814 0.0009804710853131837
0.04234459291910753 0.001080642599845305
0.042361854924820364 0.0010811558076966321
0.043817717290949076 0.00112302180059487
0.04236241371836513 0.0010811749525601044
0.041945882549043745 0.0010687672038329765
0.042345351073890924 0.0010806625423356309
0.041913915309123695 0.0010678145936253713
0.04192655551014468 0.0010681894345907494
0.041986860742326826 0.001069984756213671
0.042332104640081525 0.0010802682791108964
0.04189034987939522 0.0010671138525140123
0.041958177636843175 0.0010691323786886642
0.04198319505667314 0.0010698793421397568
0.04514497780473903 0.0011607915157583193
0.04514497780473903 0.0011607915157583193
0.04514497780473903 0.0011607915157583193
0.04514497780473903 0.0011607915157583193
0.04187421267852187 0.0010666816097000265
0.04428737465059385 0.0011362786453901208
0.040744679572526366 0.000995787542706239
0.03976445767330006 0.0009811874406295829
0.04196669801604003 0.0010693912745409762
0.042111644812393934 0.0010735409668995999
0.04514497780473903 0.0011607915157583193
0.04238025035010651 0.0010817049087563646
0.04197365744039416 0.0010695920036596362
0.04257239692378789 0.0010867899418371962
0.042427872016560286 0.0010831228501047008
0.044996051874477416 0.0011565077811610536
0.04514497780473903 0.0011607915157583193
0.04194654989987612 0.0010687873245842638
0.041954496526159346 0.0010690210301618208
0.041961396927945316 0.0010692282812669873
0.04199614637764171 0.001070260956112179
0.04194383847061545 0.0010687063904697425
0.04139366920571774 0.001052238108968595
0.04390741710085422 0.001125540939028724
0.043824074149597436 0.0011231968774154666
0.04235449025873095 0.0010809367649926571
0.04197576112346724 0.0010696650488171144
0.04199089261237532 0.0010701048777264077
0.03957344777882099 0.0009690190236142371
0.04193246184149757 0.001068366264917131
0.04238373099360615 0.001081808596609335
0.04195682326098904 0.0010690909621189348
0.04380884603597224 0.001122375199884118
0.04238018550677225 0.001081702724150091
0.041974822932388633 0.0010696260678741965
0.041987334785517305 0.0010700014581743744
0.042963627725839615 0.001098048595849832
0.042399575642775744 0.0010822821050169296
0.04238875285955146 0.001081957414498902
0.04514497780473903 0.0011607915157583193
0.04242139298003167 0.0010829307302628877
0.04384320130338892 0.0011237329981668154
0.04236077336827293 0.0010811232450578245
0.04514497780473903 0.0011607915157583193
0.04239093069918454 0.001082022192349541
0.042009544325992465 0.0010706589273468126
0.04482143570203334 0.0011514857278598356
0.041969580634031445 0.0010694713610064355
0.0438125804066658 0.0011228732400923036
0.04199913964839652 0.0010703498246584786
0.04387001198483631 0.001124488893765374
0.04195001401240006 0.0010688881593523547
0.04386872978648171 0.001124453218835697
0.041953951644245535 0.001069004711098387
0.04385853628627956 0.0011241649372095708
0.0419550541555509 0.0010690372027966077
0.04514497780473903 0.0011607915157583193
0.041241778584662825 0.0010479319580554147
0.04514497780473903 0.0011607915157583193
0.04243507096543908 0.0010833392507265671
0.04467541159829125 0.0011472839905763976
0.044053863326553255 0.0011294028008705936
0.044658242317382246 0.0011468769880593754
0.042361051484476775 0.0010811309457494644
0.04194375145016238 0.001068702744305483
0.041952157218474895 0.0010689528198781773
0.04384884249884635 0.0011239026443945477
0.04195684666046873 0.001069092227226065
0.04168343573110178 0.0010592030823772802
0.04193582490552217 0.0010684658782338374
0.04413650493370369 0.001131784456447349
0.04190058808308095 0.0010674205168470507
0.04194670612923801 0.0010687907606552471
0.04198465868830681 0.001069919243491313
0.04195751470979303 0.0010691119759940193
0.04245581733994186 0.0010839587084774394
0.04382546234410256 0.0011232360448047984
0.042359112354461104 0.0010810756493810914
0.041956204921007156 0.0010690718818295863
0.04195377288851887 0.0010690003909985535
0.04353706823894754 0.001115234746976057
0.04399166052462533 0.0011276109416940017
0.04197889845818281 0.001069748976988194
0.04307018779218197 0.001101539564842824
0.041943394171539694 0.0010686919804356876
0.041940885304939 0.0010686172427085694
0.0419317536870949 0.0010683447853807593
0.042398335004691035 0.001082244836652535
0.04243185889208689 0.0010832430089067202
0.041935771820135415 0.0010684643129934557
0.04385935026220977 0.0011241848460485926
0.04241345782065764 0.001082695385775878
0.042385486827697605 0.0010818614637173596
0.043871342786587775 0.0011245237556067877
0.04197652521543205 0.0010696771059883758
0.03944688104093075 0.000961143157837796
0.041967112745624036 0.0010693966214603279
0.04409637418575585 0.0011307866361676133
0.041909025225322694 0.0010677128129827906
0.0419330142904073 0.001068382144694624
0.04198339727008715 0.001069881396688288
0.04476950428215787 0.0011500548735057237
0.04193418443901464 0.0010684296439649188
0.043335254944395274 0.001109040979827114
0.045120785594917834 0.0011600959451243398
0.0419236496090889 0.0010681031053536572
0.04240652092266828 0.0010824888113347697
0.041954824700951576 0.0010690335429899278
0.042429503751918674 0.0010831755298568169
0.04238834232091904 0.001081946353224339
0.039686569944024086 0.0009757719035405898
0.04382437973981723 0.0011232004953853902
0.04196426016278565 0.001069312096660724
0.04240240063518286 0.0010823672309925314
0.041658625996205956 0.0010584652866327815
0.044810014427639544 0.0011511585389598622
0.04196007858263329 0.001069187599568977
0.04194262495730072 0.0010686793157219654
0.04514497780473903 0.0011607915157583193
0.0419179021846503 0.0010679323713702615
0.04235678649274632 0.0010810060211952077
0.04194092727266252 0.0010686188434192445
0.041886490071192384 0.0010670005558495177
0.04193035344360396 0.0010683032378437929
0.04409744404256344 0.0011309638002785505
0.0423605676041916 0.001081117671674292
0.03946101339533925 0.0009612971189199015
0.04514497780473903 0.0011607915157583193
0.04353314376203343 0.0011151313683512853
0.04354516026796773 0.0011154638614243595
0.043444320966955274 0.0011133982579849544
0.04237596009625122 0.0010816985068231588
0.04195400862954557 0.0010690069912016043
0.0418898569769226 0.0010670979081623955
0.04310904146404937 0.0011018929326382931
0.039525017549749464 0.0009619234924684861
0.04198344825999811 0.0010698910791688832
0.04195702017750591 0.0010690995422919514
0.042355498240794986 0.0010809662289830158
0.04197073425166309 0.001069506519343122
0.04197300045052543 0.001069571608240949
0.04514497780473903 0.0011607915157583193
0.04238894605077803 0.001081961881936877
0.03971883642952889 0.0009782279139471939
0.043571048183366656 0.0011161747397636645
0.0419686192763038 0.0010694416787373484
0.04239896510262042 0.0010822628046298632
0.04514497780473903 0.0011607915157583193
0.042388095578644425 0.0010819431827258086
0.04194121289765462 0.0010686267169148778
0.042412156180944294 0.0010826547895703698
0.04252902220468968 0.0010861423988899332
0.041919520648662 0.0010679790984795545
0.04198884090874344 0.0010700439670472406
0.04240211599972099 0.0010823564616657677
0.042387687717564404 0.001081925264770689
0.04193268629023805 0.0010683715099730762
0.04199402459198609 0.0010701966075430391
0.04514497780473903 0.0011607915157583193
0.039434936770703644 0.0009435723004571628
0.04193678329465911 0.0010684942835723632
0.0419139665318653 0.0010678161143005127
0.04241566424025223 0.0010827605001395568
0.04502944491105154 0.0011574677273529232
0.042400063772220165 0.0010822975891642272
0.04194530926179141 0.0010687590392990387
0.04199991992209107 0.0010703732332331128
0.042409511224832386 0.0010825758645296446
0.04194732755422592 0.0010688077409213292
0.04193228069925681 0.0010683592772693373
0.0394661970785819 0.0009615857306926046
0.04194461670704186 0.0010687272842915263
0.04514497780473903 0.0011607915157583193
0.04194644128438085 0.0010687816411518725
0.04196553910151124 0.0010693508320400724
0.04514497780473903 0.0011607915157583193
0.04326537699671462 0.0011064187929150648
0.04498351085931063 0.0011561730534594972
0.042421452526468784 0.0010829316997842398
0.04337496805237606 0.0011114772305518272
