0.04186621680855751 0.0011649609587038867
0.04241397278383374 0.0011793431149271782
0.041882148711010814 0.0011655828311631922
0.04468238982371986 0.001238863762409892
0.043234906857833266 0.0012032373451802414
0.042233716463670135 0.0011755567975342274
0.04161908640526235 0.0011577795885386877
0.040512211387977004 0.0011261667423241306
0.03861284791491926 0.0010691040115489159
0.04608519491739571 0.001272786201298004
0.04387307516299188 0.0012210237546241842
0.03832547157071531 0.0010610732824716251
0.04477350180968642 0.0012400345622154418
0.042754926485940814 0.0011898929442395456
0.03956306364852935 0.001092338152375305
0.0386120593175292 0.0010690797716961242
0.04617034527473152 0.001275093982258113
0.046180713921785355 0.001275353668461321
0.040545305237174034 0.0011269969400018454
0.03883424820378423 0.001077154498489108
0.03991017770022154 0.0011053220732719637
0.042197263333946466 0.001174132601590827
0.03886367124505341 0.001077696004358586
0.040011149598285556 0.0011077582348661963
0.046589472563937306 0.0012834114822908305
0.043853234965354204 0.001215016542118974
0.03736436180770397 0.000884142082213657
0.041202620370313525 0.0011419230941100977
0.04187697940506041 0.0011654224690573756
0.04259356646798551 0.0011851323215523735
0.042216921458020806 0.0011747701428248547
0.043655848829075694 0.0012113758639316075
0.04062966350466013 0.0011304622858006041
0.04477754118852317 0.001240047211467754
0.04175776615738869 0.001160197651188355
0.039996238658204675 0.0011073856985603925
0.043914730893447995 0.0012222304212627932
0.038844238966703415 0.001077291730325669
0.042449705535545945 0.0011799752937804442
0.042585760820657015 0.0011849201182485558
0.04187982506118715 0.0011655263879220001
0.04071153118275106 0.0011327870888635516
0.039452616358175874 0.0010893559156102128
0.04325878410600126 0.0012037135566060897
0.039231391390785575 0.0010865992262552027
0.03977751941420138 0.0011028678563889116
0.041550519526936114 0.0011514921206980944
0.03868093551136553 0.0010718990160967223
0.03842605487443507 0.0010652663659129757
0.046036689542233944 0.001266239854885498
0.04353014822117984 0.0012109261988371145
0.0427374376449734 0.0011892425318364985
0.03972512797918171 0.0010970569855999202
0.042853651102632284 0.0011920102406293154
0.04223121842369437 0.0011753438666346483
0.044798067305237055 0.0012405449524521828
0.04156939568929374 0.0011519470754137728
0.04579622042365372 0.001264362483198056
0.04365938436239958 0.001211709291965235
0.04014480393379927 0.0011118546717625577
0.03963700029999018 0.001094735402148217
0.043247070629149675 0.0012034263090754393
0.03851533285342157 0.0010677875252440572
0.03897204459644854 0.0010805225392687134
0.04477353533729911 0.001240040746779414
0.040521760703995824 0.0011264383065281436
0.04187208088114858 0.0011652714747469872
0.04035158664919436 0.0011164574389113113
0.039983882335945964 0.0011069974207202904
0.04365893383510411 0.001211427508678753
0.04093519609887153 0.0011391621446819045
0.03962957579642534 0.0010942170883936342
0.03991567739285529 0.0011055137874791399
0.03869746648706496 0.0010721094731707126
0.04182020085863769 0.001163474520581076
0.04318135092034936 0.0012019373316434212
0.04183937143534422 0.0011641843157121912
0.045705442083999515 0.0012619808840099722
0.04095324163790792 0.0011396723784855567
0.042797528207302094 0.001190767106891144
0.04352591186761856 0.0012105082314519677
0.039201905485242605 0.0010824728378793225
0.042437271447852254 0.001179772756586317
0.042093202006071806 0.0011709362515830435
0.04390351544134319 0.0012220269709359854
0.039167130598798394 0.0010811975080287084
0.039765902794897556 0.0011024604755220935
0.0429916619323194 0.0011928323729080148
0.045437219087034464 0.0012500061093305703
0.03975891671143472 0.0011022880935342982
0.03921603551134467 0.00108639618702
0.04203977435827255 0.0011694888235069811
0.04675930691882968 0.0012856733446824364
0.040160366566851735 0.0011119162263639737
0.038960935082286596 0.0010802693977893796
0.038608618080616 0.0010688668953662273
0.038515539607033134 0.0010677963291527703
0.04246031050570309 0.0011800125103036407
0.042081352905370295 0.0011707139237842057
0.04078442882746458 0.0011334653718222398
0.04055703990161419 0.0011272822921455372
0.03915285295806825 0.0010810489402501844
0.04324449063278735 0.0012033707826049067
0.038953815470449626 0.0010801138705573976
0.04737174022011459 0.0012969672388862818
0.03946019150316715 0.0010918506268353667
0.04257761198095977 0.0011847049718198832
0.03982794703915715 0.001104027538531227
0.03897446405608207 0.0010807709804794285
0.03830026346258819 0.001060271868482232
0.03885437175631523 0.001077470074960729
0.04570332285948098 0.0012618527543963864
0.040861146175302565 0.0011370154534233734
0.04397201118990779 0.0012236719521752093
0.04326044861227274 0.0012039505199936684
0.041925958124920726 0.0011671197753457818
0.04315332043915987 0.0012010838545393199
0.044289112789556384 0.0012310156744206324
0.04319562832824886 0.001202434352308046
0.04322792147286236 0.0012030014004267287
0.03792643244378269 0.0010118068030351424
0.04011853993870318 0.0011112667234556284
0.03870476223528385 0.0010721885992097668
0.03879577503539622 0.001074373911251314
0.03957464499399066 0.0010925228052656166
0.045669618993997574 0.001260980498045683
0.041525596752762794 0.001150753323599929
0.04264173994306475 0.0011866954082506709
0.03850699053145945 0.0010676132878870703
0.045685081044211984 0.0012612980135600083
0.04006537259556353 0.0011106913952971809
0.03795833559706807 0.0010205484541074838
0.04644899186678231 0.0012817071328754537
0.038628240930847824 0.00106937325472245
0.03878618823364377 0.0010742661506810691
0.038612231612205505 0.0010690954914025497
0.04187672398984432 0.0011653344772639684
0.03976203175261617 0.0011024552477465477
0.037926209857687354 0.001002498435354937
0.039932997431606054 0.0011057040246669203
0.03898007271345705 0.0010807744729390834
0.03864348726347089 0.0010710766691772733
0.0436738645657897 0.0012132917945564259
0.04696258599869907 0.001292156728595728
0.03790605580434203 0.000901568590052193
0.04367672582156956 0.0012134734170103911
0.04398434469476342 0.0012237175833433867
0.04212856199592352 0.0011725146468961611
0.04192456672899425 0.001166906557045877
0.045195663115009665 0.0012446907494449988
0.03895467764232308 0.0010802152173710056
0.042619809857569635 0.0011861519233207218
0.044782104436308146 0.0012402045176713727
0.04572245781309903 0.0012623370384972077
0.04055987158790231 0.0011274926728219725
0.04008421581238508 0.001110797020373866
0.039778213715180755 0.0011036329706257675
0.04464297881349921 0.0012381180240481626
0.04192283656448126 0.0011667260332615115
0.04013540130108595 0.001111400702939136
0.03868903103284538 0.0010721089893195312
0.041858193930238485 0.0011645967970252968
0.04449802008457482 0.0012346295043244027
0.04249504487961531 0.001181390427518636
0.040934795048087835 0.0011391500993340742
0.042486290680244565 0.0011806900147348642
0.039722737739793956 0.0010967946363962255
0.044734816532582045 0.0012396045785862952
0.03861220646649599 0.001069092842953978
0.04188649635761976 0.0011657127615762874
0.0400054429192096 0.0011076441405748483
0.04385923279915005 0.001215061085531488
0.039981662994250655 0.001106991316191852
0.03827564208768308 0.0010599609777273145
0.045225188601762056 0.0012493248759710696
0.041753982193768024 0.0011600162215472665
0.03945674898568541 0.0010895253071794286
0.04081399901770055 0.0011343615406076424
0.04471132392063737 0.001239475419424707
0.042544569820165634 0.001181736879516393
0.03964600991457701 0.0010951176300295629
0.04276815732009709 0.0011900876634172164
0.039271043497137725 0.001087971806555288
0.04189184075221419 0.0011658484800136648
0.04226649762131274 0.001176380210381467
0.03790958062745631 0.0010010133144078281
0.03990045376121998 0.0011052333793486468
0.041888326639309525 0.0011657293398457114
0.037671190686523914 0.0008892910882423166
0.038265102775767446 0.0010598488952382468
0.0384283714229241 0.001065337946783984
0.046945215202867985 0.0012909252109238878
0.04206336662173271 0.0011702390256687067
0.04159195860847831 0.0011567743349587545
0.0409280649619177 0.0011389164283173159
0.04002492758445442 0.0011080783006036654
0.040389439556747675 0.001122980953368824
0.04350802837871015 0.0012103746630600654
0.038607327500358224 0.0010687011454137973
0.039745182963088155 0.0011022352409781888
0.03927039389964193 0.001087846962036565
0.04225527378730476 0.001176162390038371
0.03849390568211675 0.0010671071358956397
0.03927836357615888 0.0010881117195822299
0.04427985893562436 0.0012310055390116759
0.04460806376300752 0.0012354579048405867
0.044387833680957556 0.0012319565030338708
0.036966873914934695 0.0007203447257779771
0.0410072582308203 0.0011410253973735962
0.03914796537719667 0.0010809345076268073
0.039262823411263525 0.0010876760607061442
0.0420906045474112 0.001170887248008512
0.04463840927928686 0.0012378823303151876
0.038419580552726984 0.0010649772048054729
0.040960958460345864 0.0011397075577406213
0.03871237416751683 0.0010723561972554307
0.0387647682800889 0.0010735687937994953
0.04348206310532987 0.0012097346116206609
0.04207266354933381 0.001170424890005961
0.04669172060675919 0.0012842097530665342
0.04146994068287313 0.001149335872469237
0.043195143807679415 0.0012023066919937264
0.04348295112140477 0.0012097397484467365
0.0433418198954314 0.0012058856518706307
0.043656805995851755 0.0012113784323446453
0.04011291032657027 0.0011110790910606738
0.04230727907270193 0.0011772202778956853
0.039638767251744866 0.0010947863156616222
0.040095053147524595 0.0011108944127045106
0.04587469156831503 0.0012651423567149322
0.040515672182664275 0.0011262729422014672
0.03850295802112669 0.0010673599972506054
0.04424333828501403 0.0012298176625336055
0.039159005507826805 0.0010811102147272322
0.045686967205256224 0.0012614768857019953
0.04276033793576062 0.001189955866720993
0.04364520777016878 0.0012112555123167112
0.046039973851293325 0.0012723953404929489
0.04016263037919998 0.0011120088602183387
0.03877880075015128 0.0010738724558905233
0.0431895253714174 0.001202218780235853
0.042279369896277785 0.0011766512543545105
0.043521164217963815 0.0012104477937100455
0.04564410890452564 0.001260810240637511
0.03956522105727345 0.001092368704121327
0.04190059774555266 0.001166241545433877
0.043200956424698234 0.0012025529613310937
0.03886210871860385 0.0010776587150758132
0.042615334037691355 0.001185792436444899
0.040536625077947974 0.0011266112414887175
0.043318116338923573 0.0012052854544890579
0.04091323749162257 0.0011384422541595995
0.03849049028940499 0.0010669928124116268
0.04178085317835212 0.0011623724203673191
0.0436690510250628 0.0012132096198911313
0.04468180891126394 0.0012386351409077179
0.040893485536798835 0.0011381148469808977
0.04218360548838973 0.0011739412875613198
0.03886274353135377 0.001077670072845649
0.041769365314394236 0.0011603909915720578
0.04544375720433891 0.0012528016486612614
0.04389724042266607 0.0012218839146953542
0.04280343698337674 0.0011908734668395482
0.041206293273717165 0.00114207011210965
0.03830658085644245 0.00106075689473073
0.0424008674453944 0.0011787471667048521
0.040562723064795136 0.0011278038364253007
0.04327286104671657 0.001204153089929605
0.04000531299971044 0.001107430744013982
0.04430195945315063 0.0012313579536566976
0.03998671914450824 0.0011072536908613984
0.0399204206187278 0.0011056049006583635
0.04476927616633475 0.0012398427352309227
0.04689145972952247 0.001289921478019096
0.03794259624555707 0.0010171341191380634
0.03850001294631511 0.0010672222888388205
0.0422503468580544 0.0011756847088690847
0.03982170857489109 0.0011039588207495399
0.04225393175147474 0.001175986006273888
0.03929058799985796 0.0010884637740673497
0.043273411924019456 0.0012041877635056153
0.04276743158698082 0.0011900470017280895
0.044011907652020454 0.001224594179802807
0.040109460009261966 0.001110984947445104
0.0392665279796347 0.0010876803571591154
0.03915147017687559 0.0010810452258738223
0.046032362850382924 0.0012661080509133171
0.04098730906844139 0.0011408451864554081
0.042567050317302346 0.0011832131312985439
0.03965306747704744 0.0010951971707982011
0.03830874455161393 0.0010607931071717758
0.038428905652835965 0.0010655325277184602
0.043483746238052845 0.0012099867453798652
0.04053780832327902 0.001126786428358173
0.04174144100397825 0.0011598745149967726
0.0439624993596226 0.0012234082605573349
0.039232077077031136 0.0010866312914004084
0.03876485605724156 0.001073637820809381
0.03991446900181472 0.0011053703674406279
0.04274600697681308 0.001189705744764069
0.04069242859259248 0.0011322484097036067
0.04161319229751825 0.0011573835799936205
0.04221864650025964 0.0011747772587114014
0.038286220049485564 0.001060230380971916
0.04263940139207989 0.0011866181521327235
0.041460731998085976 0.0011491313671285752
0.04282904090359807 0.0011917425799765624
0.03792035928927362 0.0010020416948464117
0.04348115832544863 0.0012096542232029606
0.03977610217407346 0.0011027192595065571
0.0442289796192199 0.0012294969783397391
0.04264267720282078 0.0011867333923873957
0.03885795106180012 0.0010774957518151496
0.04281881218776107 0.0011909852582903113
0.04471536562778056 0.001239496901689563
0.045704436022788286 0.001261943791178055
0.04322243691422045 0.0012028630735585466
0.04444114095531404 0.0012322703296376858
0.04381607740651816 0.0012148131281719543
0.04274227051064372 0.0011894813360413536
0.03870408586226404 0.0010721813960117288
0.03919134195894003 0.001082103521184763
0.04054861515760422 0.001127072326198686
0.04196091275662184 0.0011681052710628137
0.04009763873182237 0.0011109192018921021
0.038269528886303306 0.0010599365486996248
0.04264544148463756 0.0011869886911881622
0.04573303274810314 0.0012625693416339345
0.041580745251849294 0.0011527856804605108
0.045772913144901395 0.0012636523533728905
0.04009484639391303 0.0011108852486358956
0.03842724673449993 0.0010652694036252797
0.04263355222065002 0.0011863113613799214
0.04351163120009005 0.0012104059132980183
0.03827679296955466 0.0010601465946820099
0.04571906919591129 0.00126225841086125
0.043250993359833956 0.001203600189910503
0.04160137730650604 0.0011572325747692958
0.04326011356897652 0.0012037272645102348
0.0473495707847178 0.0012969510498805903
0.040682045510038733 0.0011319180557620712
0.04478019452653825 0.001240134737599874
0.039827876491472125 0.0011040085155400448
0.03973119962029159 0.0011020750825991854
0.04183702287264168 0.0011640340817393735
0.04191038850694895 0.0011664699450193439
0.038939369725994766 0.0010796644091897178
0.04303984635043889 0.0011950417247135192
0.04096271051093936 0.0011402500640542712
0.04011609824374318 0.0011111536950920708
0.04262696485966444 0.0011862776555062737
0.042058957275003195 0.0011701303810696118
0.04143836931325495 0.0011485624054330401
0.038853165693581104 0.0010773700269055553
0.039812871254980564 0.001103694743505912
0.03850540402345359 0.0010673915094230324
0.040012178011238575 0.0011077672388637438
0.04469360108487308 0.0012390717492962722
0.04388836771249771 0.0012214804519317113
0.03883187263272703 0.0010771320885396563
0.04369087633676827 0.0012138985002820846
0.04161880165338516 0.0011577506011235528
0.03766774688847363 0.0008892616042430745
0.04322573053650558 0.0012029605786665343
0.04098535655066371 0.0011407377933210228
0.046809229301288724 0.0012872142651758622
0.04188685491681099 0.0011657190443656873
0.038301893742755055 0.0010604539020278025
0.04227718058973551 0.0011764990777010098
0.040017788065597415 0.001107922893424984
0.04399605235084891 0.0012240719152032398
0.03897435637190938 0.0010807565049617551
0.04444871470332146 0.0012323630071477965
0.04017406119965017 0.0011121454808744602
0.03923211223445833 0.0010867465935007203
0.0386119382455945 0.0010689282826206181
0.03859814931638539 0.0010684743683668785
0.0391464764252305 0.001080919937521685
0.04228942352347076 0.0011768628610298038
0.04429208906367421 0.001231147445651004
0.04616123018786311 0.001274869435292203
0.04352855053730309 0.001210719576192787
0.04237392405048013 0.001177747079054825
0.03945314045995474 0.0010894965635088738
0.03851690888404846 0.0010679719598556403
0.04226577724330127 0.0011763762813643552
0.03850883210543543 0.0010676236524886917
0.04208520473912358 0.0011707359517458826
0.04160579200834036 0.0011572330913622864
0.04426744254305959 0.0012306822209211532
0.04061096906661987 0.0011300185942673124
0.045693989377468824 0.001261562265426619
0.046598226530477405 0.001283941925066756
0.04554082686081529 0.0012528602601378225
