0.04214126884471625 0.001170481053122785
0.043375044129788876 0.001204624626552686
0.04283546400256455 0.0011896520882146433
0.042834806721657515 0.0011895354764419608
0.044395447010174394 0.0012275017870706506
0.038192387437447906 0.0010545027180342004
0.041249827248975635 0.0011429830810811836
0.04041051841340959 0.0011204916700080503
0.03909940319135785 0.0010780288794194348
0.04164022265467793 0.0011564963606360834
0.042400397011078894 0.0011772229263442568
0.040385978296399117 0.001120349010307109
0.043685205513611436 0.0012141771148890257
0.042512681568041444 0.0011813382880063727
0.04048806754872203 0.0011230687159695663
0.04037616681307554 0.0011193510108569171
0.040342552587389946 0.0011180651890754234
0.04561229911632836 0.0012522110846475698
0.03828494460321963 0.0010577050998108461
0.03941142454277724 0.0010890526791627053
0.04021152132190764 0.0011138116642541718
0.04260939673986286 0.0011837138918053824
0.04595768451690674 0.0012577438828884624
0.04211742687039077 0.0011698422858898994
0.04467004002071917 0.001235375639225822
0.03941524063702673 0.0010892803584283683
0.03871405962854624 0.0010701920873543713
0.04326424701139331 0.0012019931455142796
0.04273661784827709 0.0011862564642797224
0.04368985746987164 0.0012146815424785018
0.039415169158019125 0.001089241573936306
0.03852740814909339 0.0010635904945957009
0.043184971204027534 0.0011983904405497015
0.043313332134857774 0.0012030255020363256
0.03924940316937864 0.0010852942141355015
0.04555847798474133 0.001250688266736688
0.03784972243010998 0.0010149043328055996
0.042146575753577054 0.0011706169680110179
0.04254562791902572 0.0011816540172731038
0.04214804037474096 0.001170769137388561
0.04358807089738548 0.0012113621160096955
0.040029044495895505 0.0011065418329962995
0.043186790542677045 0.0012000159695162438
0.0415401344653219 0.001153244771558093
0.044425911270082 0.0012287475437915418
0.04161256772931665 0.0011559092527022585
0.04292211774736643 0.0011917906267626677
0.042888576397672296 0.0011909854292753153
0.04210425168275833 0.001169549475889653
0.039380384841933846 0.0010884162693400867
0.041646931669674814 0.0011568434674700256
0.042924631386995316 0.001191942017612746
0.04281681403517723 0.001189399954455439
0.039430550881661475 0.001089521942049032
0.038773047272115946 0.0010722481238190085
0.040995129151269794 0.0011320627454551868
0.04240862897131592 0.0011773715414165054
0.042847705306485295 0.0011898520097020082
0.04165877006016672 0.001156970247393474
0.04209760401863605 0.0011694054373947438
0.03866365668363869 0.0010682455394999124
0.04210824298206717 0.0011696541805576999
0.04292561765760183 0.0011920563047169708
0.04286486841738224 0.0011905406499863602
0.04450937663204968 0.0012297690773266368
0.04291403014212847 0.0011917831398022827
0.04289089096710086 0.0011910856701433659
0.04293440980836749 0.0011921828190679662
0.03790221665985882 0.0010196141283813631
0.042871717596426606 0.0011905811479664408
0.03779039834626019 0.0010127715895578149
0.04036692623049021 0.0011190988807356916
0.04249170108232647 0.001180156225018436
0.04569664131850004 0.001254880513442913
0.038698222022503614 0.0010694826560211368
0.04457127256318927 0.0012323179653321858
0.045159750850871205 0.001242075020854827
0.03869332780595869 0.0010693280200939626
0.04245567845646292 0.0011790372736868449
0.03987330407835543 0.0011019770972779952
0.0421390124829486 0.0011704496610036585
0.045024219667539 0.0012404841691022739
0.03875636705197394 0.0010716977012634743
0.03875709604471922 0.001071704195055645
0.046068159863352776 0.0012615217710845172
0.04284867085516453 0.0011901036014023703
0.03817320568487048 0.0010536247864365578
0.04214776447042823 0.0011706416953529697
0.04424137412570417 0.0012268816026335116
0.03942948090843856 0.0010894792030740064
0.04141070367768407 0.0011484645947348326
0.04037837474606931 0.001119415093853604
0.038788203382864594 0.0010727055050665513
0.04165334114804864 0.0011568683112272993
0.040505266515538096 0.0011236923819524236
0.0441594033036381 0.0012245830002939329
0.042136296979151666 0.0011703979325830005
0.04183353087864816 0.001163926390290726
0.042054301826283336 0.0011672680593619589
0.04285363852977753 0.0011901859106728807
0.0403205961920321 0.001117985913879238
0.03900209814310074 0.0010765991028165445
0.03817978221923113 0.001053735009918455
0.04336802870966494 0.0012044630566379055
0.04237850091885775 0.0011761104397010058
0.04222629521973431 0.0011727139426511712
0.04516631900332868 0.0012425307650119066
0.039436944643966854 0.0010896616222453304
0.04496273980475962 0.001237183518242091
0.0410867512691766 0.001138377559982473
0.041170294396579266 0.001141849199484568
0.0426318203099072 0.0011844643013319
0.038632748648524284 0.0010672287935449276
0.04134457581676543 0.0011456233805802185
0.04098803410306573 0.001131569701101398
0.04456522758118808 0.001232168528076727
0.04553694138303399 0.001249582797754556
0.039425650611519814 0.001089311990654096
0.038659822195768356 0.0010679113402147777
0.043564107501879334 0.0012090970631106757
0.03831243794411421 0.001058790225215489
0.045623396057635546 0.0012531239444797393
0.03909838246181607 0.001077845834515756
0.04248713399283588 0.0011800330321420915
0.04215042118448764 0.0011707796365953982
0.03977074124850333 0.001098379521863535
0.03952817642129958 0.0010917421132035088
0.04403207404538989 0.001221759601321537
0.04241220513358712 0.0011773888509196695
0.04565072199329734 0.001253731403267011
0.04044810263440013 0.0011220653177588247
0.03827439155429602 0.001057514764397638
0.038632052252069116 0.0010672162607079372
0.04214356979355216 0.0011704970129358117
0.0421825610101223 0.0011718017667590175
0.03987578279338777 0.0011022370745195076
0.040245451498776674 0.0011172974664077628
0.03734158677980304 0.0008633161487523466
0.0383061240427196 0.0010585662566882093
0.04281302634626627 0.0011893978735315613
0.04324997402727604 0.0012015188694931567
0.03942693304270506 0.0010894431688939221
0.04255507525522262 0.0011821484549727757
0.04377826419658959 0.0012182099708297756
0.039389451150782406 0.0010887179414567072
0.0459381986875087 0.0012571076622407418
0.038124219281598926 0.0010520591713429894
0.04272121959365904 0.0011861090461025015
0.040378034580498934 0.0011193617574463133
0.04331363784149289 0.0012030336365569383
0.04271248262375593 0.001185601191536989
0.03953902830835432 0.0010920736713160295
0.040350117487832904 0.0011181486297573429
0.04334780899807811 0.001203917527163867
0.04327094694599509 0.0012022441806038842
0.0433385306969285 0.001203844694828149
0.04329952341504395 0.0012028062774334103
0.043362134136259556 0.0012042815578752197
0.04330339469015598 0.0012028702112729661
0.04332342674024403 0.0012033378443447873
0.03924826590809971 0.001084976043784991
0.04460141365416348 0.0012328285702096764
0.040224989876151085 0.001113958041969454
0.03835356095805764 0.0010600834648357704
0.04024351527914405 0.0011142113653477281
0.04229390202090144 0.0011733905666915234
0.042841929476708174 0.001189768205222208
0.04204304504673928 0.0011670010426314548
0.04459728766232729 0.001232753031217726
0.04211409226991236 0.0011697743939294014
0.04335396969690919 0.0012041286900057457
0.03940030443482101 0.001088977362087462
0.03925553790759295 0.001085432741092518
0.0387696058023721 0.0010717504083004314
0.038668493274599314 0.0010686801542760804
0.041665709344670177 0.0011570087262953166
0.043751154094934464 0.0012152723356848583
0.04327444871887565 0.0012026895128656179
0.04474915168248117 0.0012358883723209146
0.04158161231316626 0.0011550030285434332
0.044973700772970915 0.0012400479463394731
0.03806854970753193 0.0010474760019860696
0.03852669894695282 0.0010635847502271645
0.038220784394070506 0.001055460081261117
0.04042164422571659 0.0011210330631001852
0.03994520637206733 0.001103628361306619
0.04250637872610241 0.0011807935225078836
0.043232784140855074 0.0012004206437268294
0.04202291008550674 0.0011665273268590681
0.04555844818241894 0.0012505137092375662
0.0421198692638427 0.0011699013739416841
0.046052851947024465 0.001261265089851804
0.042158774798735976 0.0011709290265571326
0.042017917381599545 0.0011664524499792606
0.03992786817252636 0.001103176375181647
0.04231966473162174 0.001175497021904448
0.04284012713469565 0.0011896915675606579
0.04002492711879313 0.0011064618520322256
0.039251894457265735 0.0010854214924620464
0.0386275895871222 0.0010670124538592063
0.04553885362111032 0.0012498309733928181
0.04048678232356906 0.001123012181778904
0.03952270816080272 0.0010915589082287624
0.041546008083969355 0.0011533752367540728
0.04562055296264589 0.001252668986126082
0.0429077276494354 0.0011915016948478296
0.04166617966257036 0.0011570305650820956
0.04037990910001099 0.0011196367231605109
0.04280961025506258 0.0011891835019923747
0.03869361837860197 0.0010693809017539024
0.038228768622502685 0.0010574141451797914
0.039411724428646266 0.00108914927841397
0.040966062573716044 0.0011302029233775102
0.04566247318871319 0.0012540659336082172
0.042414919240400195 0.001177846785139991
0.042394643649458885 0.0011767861542466562
0.04239248624071479 0.0011766958377847914
0.04002810246311128 0.0011064804493798874
0.04156314325518906 0.0011535163976077456
0.042397821438498795 0.0011768698204832617
0.0391461958643049 0.0010817136862897314
0.039513846510089934 0.0010915040074905846
0.039393060840666294 0.0010887965581787284
0.041625885060057044 0.0011561677092686296
0.040373243391513824 0.0011191965713805985
0.042812228202819824 0.0011893401606357656
0.04318782757036388 0.0012000476199318655
0.04003232903778553 0.0011067890627600718
0.04279531235806644 0.001187765839858912
0.04293725243769586 0.0011923500460397918
0.0420469855889678 0.0011670669045997784
0.040033889235928655 0.0011070601030951366
0.04280185676179826 0.0011878660006914288
0.03931480029132217 0.001085635583876865
0.03753452654927969 0.0009214718756993534
0.03915112197864801 0.0010817957008839585
0.04270512261427939 0.0011852796087623574
0.04284020606428385 0.0011897605218109675
0.03856732975691557 0.0010667759306670632
0.043317755684256554 0.0012032174126943573
0.04418367682956159 0.0012254879111424088
0.044180152704939246 0.0012252491360413842
0.04046034952625632 0.0011229901974729728
0.04162801068741828 0.0011563133739400655
0.038770218612626195 0.0010718776611611247
0.038616978796198964 0.0010669214825611562
0.042542604031041265 0.0011816438927780837
0.04460298898629844 0.001232885624631308
0.04164261126425117 0.0011565845015866216
0.04216050950344652 0.0011712741834344342
0.040196413174271584 0.0011107775098935235
0.040375049225986004 0.0011192394049430732
0.03901010495610535 0.0010769661057565827
0.04271292802877724 0.0011858027792186476
0.03992670588195324 0.0011029771121684462
0.038637732388451695 0.0010672344978956971
0.04606133513152599 0.0012613451945071574
0.042759028961881995 0.0011868449291796423
0.038745812489651144 0.0010704463493311778
0.04286073031835258 0.0011903336962859612
0.03818675898946822 0.0010540440562181175
0.04289685469120741 0.0011911151741514914
0.04163002921268344 0.0011563826665224042
0.03865902218967676 0.0010678899379854556
0.04035979392938316 0.0011189632386958692
0.04253665520809591 0.0011816355035989545
0.03837080509401858 0.0010606011674099136
0.04324734094552696 0.0012009622660116293
0.03875329298898578 0.0010716373872128315
0.042911302763968706 0.0011916092807950918
0.03896596375852823 0.0010759592260001227
0.04292295663617551 0.001191811232274631
0.039770095609128475 0.0010983753963955678
0.03939080948475748 0.0010887684366025496
0.04235860425978899 0.001175799345219275
0.039394760271534324 0.001088815672119381
0.041646303376182914 0.0011567037981876638
0.040010827127844095 0.0011062807097914629
0.043154655024409294 0.0011938420248043258
0.0419425405561924 0.0011663721379591152
0.03923883265815675 0.0010831880317709874
0.04182457854039967 0.0011591260445129592
0.04212265333626419 0.0011703572236001492
0.04242853866890073 0.0011786432369262911
0.042720919009298086 0.0011860362283186987
0.0386471152305603 0.0010674076656869147
0.0433044817764312 0.0012029341014567763
0.040451872861012816 0.0011221305285289418
0.040351104689761996 0.0011181495574419387
0.041493229451589286 0.0011529812472872436
0.0429254025220871 0.0011920522920263465
0.04331667488440871 0.0012031779042445123
0.0418123216368258 0.0011587128537939861
0.038676118245348334 0.0010690814597182907
0.042523149168118834 0.00118145113447099
0.03853211039677262 0.0010636580955178943
0.03828469407744706 0.0010576569729892071
0.04164533189032227 0.0011566765206225682
0.04163713729940355 0.0011564803135115653
0.043150724028237164 0.0011938213756366167
0.044582254253327847 0.0012325680327194277
0.04036931740120053 0.0011191450357728172
0.041641319054178894 0.0011565197492018342
0.04214032005984336 0.0011704590979206841
0.04331520013511181 0.0012031273399770726
0.04242608672939241 0.0011780731183534954
0.042934760451316833 0.0011923050551558845
0.04349809652194381 0.0012078177023795433
0.038775352062657475 0.0010722526312747505
0.04603396658785641 0.0012609202531166375
0.04529678216204047 0.0012466046537156217
0.03813088685274124 0.0010521645563130733
0.042144480627030134 0.0011705245233315509
0.042417035438120365 0.0011780226304836106
0.0425995453260839 0.0011834699616883881
0.045650088461115956 0.0012537265647551976
0.04205943748820573 0.0011686045618262142
0.04364215489476919 0.0012133369527873583
0.03828981355763972 0.001058165835274849
0.03837209800258279 0.0010608814664010424
0.04163372656330466 0.0011564463202375919
0.04287295788526535 0.0011907498956134077
0.04288079310208559 0.0011907862790394574
0.042316756676882505 0.0011743462127924431
