0.040766045 0.001132657
0.037681222 0.0010077681
0.037749533 0.0010108281
0.040752854 0.0011321182
0.039604817 0.0010947187
0.0389608 0.001079518
0.037379757 0.0009758166
0.03776398 0.0010114715
0.040730793 0.001131831
0.03814342 0.0010530342
0.037682667 0.0010081207
0.037667572 0.0010001458
0.03767371 0.0010009776
0.03768276 0.0010081213
0.03815332 0.0010530968
0.038152397 0.0010530541
0.03776792 0.001014077
0.040776525 0.0011331165
0.03844261 0.0010668077
0.037347607 0.00095696526
0.040750165 0.0011319745
0.03737745 0.0009753946
0.037377868 0.00097547984
0.037685983 0.0010092625
0.040754814 0.0011321731
0.03768114 0.0010072757
0.039597303 0.0010945008
0.043541938 0.0012108835
0.038032368 0.0010442747
0.03819517 0.001055886
0.044972736 0.001245729
0.043550972 0.0012109359
0.044957377 0.0012454812
0.044888128 0.0012410482
0.04512183 0.0012493532
0.03905262 0.0010813774
0.045419447 0.001254664
0.044928562 0.0012448999
0.038075957 0.0010485854
0.04357138 0.0012115439
0.04922134 0.001315032
0.038560566 0.0010675903
0.03819866 0.0010561849
0.03818551 0.0010552662
0.04510458 0.0012492187
0.044929475 0.0012449311
0.03818488 0.0010552256
0.044944804 0.0012453417
0.043541715 0.0012107297
0.040342964 0.0011196784
0.045497213 0.0012568795
0.04549554 0.001256583
0.040352713 0.0011198737
0.03806441 0.0010478838
0.045302168 0.0012532326
0.048371818 0.0013148795
0.038191915 0.0010557655
0.044928253 0.0012448633
0.043567784 0.0012111734
0.03804742 0.001046422
0.0449146 0.001244074
0.038075823 0.0010485796
0.038082205 0.0010486618
0.03904241 0.0010812365
0.04551218 0.0012572295
0.039761446 0.0011009222
0.038049754 0.001046808
0.043570366 0.0012113334
0.049221855 0.0013151121
0.04593543 0.0012683376
0.038186505 0.0010554882
0.039764717 0.0011024867
0.045862697 0.0012667578
0.04493783 0.0012450025
0.037950587 0.0010425064
0.04551713 0.0012576734
0.044982824 0.0012458429
0.045433123 0.0012548353
0.044966035 0.0012456791
0.0379414 0.0010421033
0.03806019 0.0010471917
0.043561142 0.0012110341
0.038047947 0.0010467314
0.040348414 0.0011197184
0.04569352 0.0012628271
0.045682646 0.0012623497
0.04551373 0.0012573751
0.043562442 0.0012111065
0.038186215 0.0010553924
0.044921417 0.0012442324
0.04355804 0.001211033
0.045731712 0.001263645
0.037719894 0.0010101132
0.044519424 0.0012351524
0.04422119 0.0012282222
0.045730002 0.0012632548
0.044239994 0.0012284407
0.045722958 0.0012631529
0.038142484 0.0010525034
0.038135294 0.001052199
0.04586669 0.0012678871
0.044568792 0.0012361135
0.044606406 0.0012371694
0.044849187 0.0012394955
0.036765378 0.00083047815
0.045827713 0.0012662782
0.044224825 0.0012283296
0.04582852 0.0012662864
0.03777929 0.0010145438
0.044242546 0.0012286291
0.044898033 0.0012423481
0.045285158 0.0012513739
0.039259855 0.0010875233
0.04292661 0.0011944263
0.043341424 0.0012050469
0.042751558 0.0011899989
0.043326 0.0012047521
0.042496815 0.001182106
0.03824288 0.0010588386
0.042778093 0.0011900894
0.04278416 0.0011908839
0.042881798 0.0011929113
0.045520544 0.0012595153
0.043496948 0.0012099376
0.045522008 0.001259622
0.043145295 0.0012005405
0.040501747 0.0011257482
0.041663617 0.0011588597
0.045124836 0.0012499909
0.03828168 0.0010602076
0.04293977 0.0011946254
0.043547112 0.0012108841
0.04294759 0.0011948582
0.041604843 0.0011571771
0.041691054 0.001160118
0.03789097 0.0010359633
0.043464262 0.0012094735
0.041683238 0.0011600411
0.039413765 0.001091176
0.03820097 0.0010563082
0.04290111 0.00119354
0.04189291 0.0011661592
0.039590225 0.0010944266
0.04289048 0.0011935136
0.043507017 0.0012102781
0.04284993 0.0011914477
0.041666545 0.0011594268
0.042719994 0.0011890914
0.04564618 0.0012607609
0.045805078 0.0012660696
0.03925417 0.0010870921
0.043498013 0.0012099806
0.043492533 0.001209833
0.04347819 0.0012095202
0.041680608 0.0011594845
0.04226925 0.0011759487
0.042889453 0.0011934303
0.0436397 0.0012147026
0.043608777 0.0012137392
0.041989192 0.0011682947
0.039369315 0.0010902213
0.039439112 0.0010916563
0.041592866 0.00115696
0.039359413 0.0010900866
0.03935604 0.0010898171
0.042932894 0.0011944642
0.04347688 0.0012094785
0.039444733 0.0010919254
0.04350921 0.001210536
0.039471466 0.0010925626
0.041692864 0.0011604448
0.0422347 0.0011756767
0.043479808 0.0012097105
0.039428495 0.00109157
0.03773799 0.0010107841
0.037051685 0.00089600513
0.037067287 0.0008967328
0.038045723 0.0010455322
0.044845596 0.0012393973
0.037006613 0.0008942543
0.03724585 0.00090325676
0.037054073 0.0008961068
0.037246313 0.0009032645
0.039402883 0.0010908458
0.040253755 0.0011162427
0.04029289 0.0011196414
0.04357291 0.0012123599
0.037804626 0.0010192093
0.039055668 0.001082774
0.038160596 0.0010552247
0.04102145 0.001142391
0.04094988 0.0011406984
0.040987264 0.0011415525
0.04566228 0.0012613008
0.04038992 0.0011213651
0.040265586 0.0011180873
0.04042295 0.0011236146
0.040907267 0.0011367335
0.04596661 0.0012686888
0.040272087 0.0011191462
0.038156364 0.0010546139
0.042395696 0.0011797086
0.037781145 0.0010160779
0.040196236 0.001114912
0.040273096 0.0011192785
0.03673111 0.0007872377
0.040929735 0.0011405419
0.03879786 0.001075671
0.042237043 0.001175942
0.04447843 0.0012327326
0.039826497 0.0011031477
0.040268853 0.0011185344
0.037808947 0.0010198373
0.04098794 0.0011415943
0.040272996 0.001119263
0.03864889 0.001071509
0.036736786 0.0007881982
0.04112879 0.0011448838
0.03820406 0.0010571961
0.03814102 0.0010522339
0.045517318 0.0012578195
0.04024653 0.0011157339
0.03780821 0.0010197421
0.04296885 0.0011959622
0.039053317 0.0010827356
0.040915027 0.0011399022
0.044480346 0.0012328103
0.038155578 0.0010543378
0.04475973 0.0012391601
0.040527184 0.001127997
0.04257822 0.0011859263
0.04252325 0.0011847203
0.04256658 0.0011856185
0.041105326 0.0011436448
0.03969205 0.0010964505
0.040638145 0.0011316014
0.043522146 0.0012107072
0.03880494 0.0010772146
0.039095446 0.0010851104
0.042578347 0.0011860378
0.04745023 0.0013017133
0.042595707 0.0011862416
0.04261355 0.001186735
0.044261884 0.0012294624
0.04281869 0.0011914351
0.04776239 0.0013067462
0.04256709 0.0011858322
0.042013932 0.0011701478
0.043347504 0.0012073424
0.046033893 0.0012726296
0.04265145 0.0011875615
0.043018285 0.0011985244
0.04374831 0.0012182925
0.03994111 0.0011080367
0.039123416 0.0010856668
0.045639053 0.0012606923
0.042658903 0.001187788
0.043962225 0.0012238096
0.046237368 0.0012771041
0.04136572 0.0011525346
0.041295897 0.0011503177
0.042131886 0.0011730901
0.041611526 0.001158341
0.042426832 0.0011810062
0.042908218 0.001194338
0.04334348 0.0012068031
0.04334479 0.0012069372
0.042417184 0.0011807369
0.044365108 0.001231648
0.043999765 0.0012252909
0.045602657 0.0012602983
0.042626 0.001187345
0.041340873 0.0011517371
0.04748442 0.0013024204
0.038304683 0.0010619482
0.039497986 0.0010942309
0.040566154 0.001129138
0.038804054 0.0010766704
0.041161586 0.0011468803
0.038443908 0.0010675276
0.03926206 0.0010886744
0.043365605 0.0012081906
0.046342805 0.001280207
0.046247933 0.0012775722
0.045078438 0.001245891
0.04062851 0.0011314232
0.043444432 0.0012090951
0.041330047 0.0011512404
0.042146366 0.0011739354
0.044112016 0.0012274446
0.04170049 0.0011607594
0.043060094 0.0011992033
0.03993099 0.0011077097
0.042031314 0.0011706281
0.040533464 0.0011280719
0.0389419 0.0010790649
0.042499673 0.0011838818
0.03866635 0.0010721573
0.044270463 0.0012297732
0.043249782 0.0012040354
0.041093957 0.001143442
0.042901903 0.0011936149
0.038386285 0.0010643421
0.048019044 0.001312003
0.04171483 0.0011628086
0.046160758 0.0012757393
0.046021864 0.0012720213
0.04677218 0.0012883929
0.04057372 0.0011291589
0.042068265 0.0011715047
0.041115526 0.00114391
0.04599755 0.0012711529
0.047760945 0.0013067081
0.046929248 0.0012908463
0.04180379 0.0011647058
0.046026647 0.001272608
0.042220857 0.0011755604
0.03890556 0.0010782776
0.043067116 0.0011998005
0.04305949 0.001199187
0.042142965 0.0011733251
0.046656176 0.0012854349
0.046166815 0.0012759732
0.03838686 0.0010647294
0.047481313 0.0013019278
0.04652398 0.0012817987
0.03909502 0.0010846861
0.03906522 0.0010845191
0.046017848 0.001271805
0.047809426 0.0013074982
0.044250105 0.0012289487
0.043071743 0.0012000004
0.042099454 0.0011723028
0.043453626 0.0012094531
0.04397537 0.0012242228
0.04660547 0.0012843022
0.039692983 0.0010964918
0.042595796 0.0011865132
0.04129708 0.0011503642
0.043036852 0.0011990062
0.03872911 0.0010743404
0.045594465 0.0012597989
0.046366848 0.0012804938
0.041335672 0.0011515077
0.040443845 0.0011254414
0.044334177 0.0012311616
0.038597707 0.0010705292
0.043912444 0.0012230643
0.041616004 0.0011584498
0.043246184 0.0012038611
0.04637797 0.0012805474
0.043344792 0.0012069793
0.043061525 0.0011994326
0.043344077 0.001206869
0.042413704 0.0011804382
0.038745817 0.0010748543
0.0473203 0.0012981163
0.04305568 0.0011991097
0.042590205 0.0011860701
0.046222858 0.0012767932
0.046780296 0.001288506
0.038343504 0.0010637076
0.038730934 0.0010745364
0.03881335 0.0010773003
0.042971976 0.0011970954
0.04567811 0.0012618679
0.046874493 0.0012905434
0.041209687 0.0011480914
0.042549852 0.0011852869
0.04653826 0.0012827348
0.044532154 0.0012359915
0.046895422 0.0012905475
0.04317444 0.0012028824
0.039084975 0.0010845994
0.042435043 0.0011820885
0.038973697 0.0010801987
0.041063722 0.0011426329
0.04242398 0.0011809224
0.038668625 0.0010724189
0.041741885 0.0011632212
0.04009176 0.0011120676
0.045608953 0.0012606597
0.043349784 0.0012077367
0.047771223 0.0013068648
0.048033237 0.0013124329
0.04059434 0.0011300102
0.043944027 0.001223294
0.04674493 0.001288295
0.042616215 0.0011868498
0.041210774 0.0011481339
0.04250227 0.0011839198
0.042973824 0.0011973921
0.04138051 0.0011527099
0.04060462 0.0011305395
0.03988314 0.0011068084
0.044123564 0.0012278304
0.0383109 0.0010620526
0.041799445 0.0011644039
0.042529177 0.0011849137
0.04218202 0.0011746404
0.042536974 0.0011849995
0.04125551 0.0011499773
0.042201836 0.001175294
0.043446664 0.001209396
0.047851328 0.0013077811
0.043061834 0.0011997193
0.04395169 0.0012234367
0.04234884 0.0011784683
0.042968065 0.0011952474
0.040090285 0.0011115001
0.04169744 0.0011604524
0.03873285 0.001074557
0.04050339 0.0011272925
0.038433913 0.001066777
0.041404624 0.001152776
0.043077108 0.0012003416
0.042113394 0.0011730754
0.04252296 0.0011845155
0.041252192 0.0011498965
0.047369093 0.0012991258
0.03831639 0.0010628963
0.046606652 0.0012848254
0.0421439 0.0011733259
0.039893076 0.0011069165
0.04389553 0.0012228205
0.04679326 0.0012887019
0.04005069 0.0011101005
0.043285392 0.0012046787
0.043290004 0.0012046957
0.04135144 0.0011517534
0.038204193 0.0010578872
0.04185384 0.001165583
0.04375748 0.0012185771
0.03970301 0.001096655
0.042613387 0.0011867238
0.04081005 0.0011363253
0.0401368 0.0011134987
0.044653103 0.0012375785
0.039061658 0.0010844743
0.041448977 0.0011547793
0.043182816 0.0012032543
0.04228037 0.0011782517
0.041763827 0.001163285
0.043264057 0.0012042875
0.047308955 0.0012978943
0.043414608 0.0012090603
0.04136132 0.0011518671
0.04266328 0.0011887003
0.043776378 0.0012196848
0.03927918 0.0010896933
0.040084798 0.0011112302
0.041925505 0.0011679229
0.046348874 0.0012802797
0.0385649 0.001070083
0.041785896 0.0011638978
0.042143922 0.0011733376
0.046519775 0.0012816825
0.042183634 0.0011746414
0.047525182 0.0013028353
0.04412976 0.0012281885
0.042965632 0.0011951434
0.041699883 0.0011606165
0.042428304 0.0011813602
0.038940165 0.0010788931
0.042724725 0.00118996
0.043765213 0.0012191397
0.047794435 0.0013070978
0.04434473 0.0012313877
0.046531893 0.0012818837
0.044096965 0.0012271004
0.04437762 0.0012327303
0.046004795 0.0012714231
0.045996062 0.0012710878
0.042651776 0.0011875661
0.04373777 0.0012182073
0.04181812 0.001165339
0.04662128 0.0012849871
0.044122413 0.0012275926
0.040598053 0.0011301689
0.038566157 0.0010703626
0.041165598 0.0011469445
0.04260312 0.0011865689
0.042781666 0.0011905078
0.0411751 0.0011472317
0.043960486 0.001223684
0.0432572 0.001204078
0.04383079 0.0012206218
0.042168126 0.0011740992
0.046644833 0.001285145
0.04376208 0.0012189118
0.043760613 0.001218805
0.04302673 0.0011989252
0.044366084 0.0012317295
0.043408103 0.0012088233
0.04670354 0.00128576
0.038661618 0.0010715541
0.04793318 0.0013101964
0.040592674 0.0011297436
0.041825913 0.0011655495
0.044513684 0.0012350518
0.039084774 0.0010845743
0.042876385 0.0011928617
0.043228127 0.0012036273
0.04141199 0.001153298
0.04638353 0.0012808153
0.041092142 0.0011433697
0.04295687 0.001195086
0.04602493 0.0012721083
0.043073747 0.0012000182
0.039837662 0.0011046896
0.03861626 0.001071114
0.03884405 0.0010782756
0.04217947 0.0011742616
0.041950308 0.0011682706
0.042884894 0.0011930137
0.04112083 0.0011439944
0.04164211 0.0011585559
0.041713264 0.0011627787
0.04327114 0.0012044241
0.04622373 0.0012769853
0.04618066 0.0012764091
0.04639302 0.0012808245
0.042596195 0.0011865351
0.044334266 0.0012312554
0.042195488 0.0011749999
0.038702052 0.0010733053
0.04303527 0.0011989526
0.042271536 0.0011767154
0.040595062 0.0011300168
0.042604506 0.0011865944
0.04603439 0.0012726369
0.046196368 0.001276702
0.045592036 0.0012596521
0.043282937 0.0012045332
0.03983864 0.0011051274
0.043949958 0.0012233701
0.044001322 0.0012253523
0.042515274 0.0011843604
0.03988883 0.0011068787
0.041820884 0.0011654476
0.04299801 0.0011981124
0.0413184 0.0011509431
0.039070055 0.001084548
0.03926434 0.0010887297
0.043236677 0.001203737
0.04578155 0.0012640073
0.03971083 0.0010980696
0.039705597 0.0010979059
0.045675408 0.00126145
0.03970996 0.0010979737
0.045649007 0.0012611584
0.04448626 0.0012334265
0.03972571 0.0010986908
0.045746733 0.0012638927
0.03971029 0.0010980086
0.03971814 0.0010985835
0.03972754 0.0010987266
0.04075595 0.0011325438
0.03971633 0.001098458
0.039759267 0.0011007673
0.03812106 0.001051553
0.03939292 0.0010907783
0.039229315 0.0010864126
0.043688573 0.0012149408
0.04002351 0.0011081501
0.04721137 0.0012936193
0.04372848 0.0012158464
0.043702666 0.0012153375
0.043696817 0.0012151679
0.043718003 0.0012157583
0.04370701 0.0012154541
0.043703347 0.0012153843
0.041547175 0.0011553367
0.043728683 0.0012159441
0.0382771 0.0010588706
0.04158612 0.0011566157
0.043730423 0.0012159453
0.046145048 0.0012730645
0.045466688 0.0012549837
0.039217297 0.0010859167
0.043733414 0.0012160202
0.039218687 0.0010859668
0.04373204 0.0012159507
0.040394347 0.0011217194
0.039234348 0.0010867569
0.0436911 0.0012149586
0.04358906 0.0012124063
0.046139207 0.0012729396
0.043687835 0.0012148856
0.04249926 0.0011823188
0.04155668 0.0011561358
0.041551862 0.0011555762
0.043731973 0.0012159487
0.04722563 0.0012939483
0.048222028 0.0013126284
0.038359676 0.001064231
0.047203228 0.001293197
0.039221752 0.0010860367
0.040019225 0.0011081262
0.042386115 0.001179012
0.047222327 0.0012938846
0.045481615 0.001255046
0.045417786 0.0012533687
0.04157665 0.0011564057
0.042863246 0.001191814
0.043686304 0.0012148758
0.040353023 0.0011213009
0.039211243 0.0010857489
0.044567917 0.0012360202
0.038915057 0.0010788658
0.03895334 0.0010791784
0.044596005 0.001236305
0.039013434 0.0010803663
0.03903801 0.0010805718
0.044315763 0.0012297963
0.04405637 0.0012258763
0.044575337 0.0012362513
0.044597693 0.0012363285
0.041519456 0.0011552387
0.044485472 0.0012329184
0.040551566 0.0011290321
0.045139875 0.0012507566
0.044570684 0.0012362067
