0.03464518925473693 0.0008346025943789435
0.035076169757202756 0.0008355871288276924
0.035319847545755276 0.0008714321579052997
0.03578673736219713 0.0008927424092945476
0.03589650141668744 0.0009047432172062582
0.03604306699977388 0.0009057010226280041
0.03652087042688918 0.0009473951813329858
0.03701166637929407 0.000961965017779234
0.03751990239063187 0.0009763180468570665
0.037897118530978824 0.0009795806972505547
0.03806193318567556 0.0009885072210309661
0.038126835567402005 0.0010007715447827611
0.03828827114936314 0.0010229463721231808
0.03876112989983297 0.0010271529355091408
0.0388467466712009 0.0010601377421985496
0.039329640639016956 0.0011418811114969072
0.04193761551418271 0.0011507285170389368
0.0425919123083718 0.0011683846153476597
0.043819433950226944 0.001188986985930415
0.044697670412786744 0.0012182655585747204
0.045306648558659485 0.0012422222043091246
0.04691301443035452 0.001299219974615316
0.048185879257064954 0.001305127556443918
0.04985517023239111 0.0013374976538873215
0.05340254276217665 0.0013753156580658243
0.054328715743616626 0.0013797913731987456
