0.010489392591149713 0.0005787744619777809
0.010763676908944798 0.0006025978813404746
0.010841720743823929 0.0006471458892544907
0.010967961724852536 0.0007714655564649986
0.011199256957074485 0.0008437602581712058
0.011440666561155619 0.0008460248905143617
0.011723210647688831 0.0008582610755295486
0.011730000423102174 0.0008607391786516227
0.011814440599914402 0.0008654105953177056
0.011861682524957302 0.0008833796652635748
0.011926439918658908 0.0008900383212971541
0.011927844032580848 0.0009239722375162742
0.012100398144643875 0.0009347056568141197
0.012145202865489998 0.0009489726434568859
0.012191608747953402 0.000982038581873531
0.01224070699352181 0.0010064144853057409
0.01252021846096509 0.001043314604852453
0.012983709539897434 0.0010532315923072891
0.01300947122145361 0.0010596125319368701
0.01317248721922607 0.0010756037537462066
0.01319332320219909 0.0010886623766530488
0.013776588589483087 0.0011581172858489567
0.015034359028720098 0.0011736283445133253
0.015658614038738333 0.0012284433014102252
0.016837380711308778 0.001244432421662209
0.016858901904883393 0.001246326800812676
0.016959885642983077 0.0012519240784003409
0.017137176540329434 0.0012651950419696033
0.017425002119003257 0.0012826811204957205
0.01755380796367262 0.0012900954590606493
0.01774677859386927 0.001308668342032969
0.019313893492708983 0.0013189286618830157
0.019983480068888303 0.001327871773226041
0.020421424285777735 0.0013370070072671572
0.020646164408971126 0.0013451954985796988
0.021473771020320612 0.0013462878280978093
0.02195091172806022 0.0013606249077653565
