0.03399862916256706 0.0007964357870295683
0.03458950290237671 0.0008079897032012161
0.0345966345341677 0.0008155672247293818
0.03483596047837383 0.0008547108348273279
0.03528312523863669 0.0008923239953237265
0.035329365293674544 0.0009002620572336627
0.03545785774174154 0.0009398394114000991
0.0355724434837784 0.0009540724137791969
0.035693032767027955 0.0009556298300671995
0.035939169194384536 0.0009627562781087599
0.036057019570387774 0.0009643890952247916
0.03611619614950715 0.0009783077830077798
0.036243206419531 0.0009918964271211812
0.036421570658949014 0.0009969816792975651
0.03646219653814618 0.0010083471021718915
0.03674284149146365 0.001018021036545824
0.03690678344756008 0.00102596390101196
0.036947230913830564 0.0010363273285557755
0.03755530953054261 0.0010607600641985458
0.03772913530926864 0.001069120424989765
0.038042246332841256 0.0010868133659171302
0.03817957259645374 0.0010941249400031794
0.038386569135602705 0.0011047478127194567
0.0385777887974472 0.0011072259174527805
0.03864215025098581 0.0011119217222332009
0.03867443855975016 0.0011179282361722092
0.03897870826519027 0.00112609916784282
0.03898523330995743 0.0011282412106330495
0.03909482223938403 0.0011423978624736622
0.0392075980769785 0.001161427228036321
0.03939213483614443 0.001181810791720347
0.041632679943941944 0.0012011097755050123
0.042928635018977326 0.0012361423099896093
0.04401824280219396 0.0012414472658979158
0.044144170389033364 0.0012960607176594721
0.044144170389033364 0.0012960607176594721
0.04492888282367945 0.0013333011491432965
0.04533956494949927 0.0013389077054054826
0.045466982114752065 0.0013429503306662375
0.04635427349549778 0.0013446694815762586
0.04690411013087506 0.0013577469699797041
0.047935534278540796 0.0013795306937406978
0.04949288684413588 0.0013805526239195865
0.04957879417180057 0.0013808945874840823
0.05007890453447182 0.0013902472448123538
0.05024477575512296 0.0013942247650520613
0.05032948397996745 0.0014375671395238199
0.05289223788594999 0.0014668092608201887
