0.010656693962987168 0.000759163354376486
0.010832417671405923 0.0008205346391609739
0.011047654018205273 0.0008409858681928727
0.011310434424886304 0.0008870942048503728
0.011321800750902484 0.0008885368511738622
0.011433167490820887 0.0009041617948347305
0.01145279053468315 0.0009303063079450741
0.01149621200252347 0.0009550704048598952
0.011608699271897638 0.0009800649649540018
0.012026585568775325 0.0009903875072029983
0.012108775166462998 0.0010137565222206426
0.01220804915827422 0.0010804980751771961
0.01240388872159007 0.0010911482835601488
0.012689473504029738 0.0011302857759636431
0.01362645973345577 0.0011631007859861115
0.014072167871030786 0.0011764471216818171
0.015252821648544182 0.0011917963207036654
0.015320938353346223 0.0012320585849279176
0.016129839250969044 0.0012329973915376825
0.016515728159716456 0.0012646620243556934
0.017046370543621008 0.0012804894536559168
0.017701873241238352 0.0012908508628640325
0.017750792318792688 0.0013011899041641
0.017969957050093285 0.0013471724493969008
0.019415864053997253 0.0013547741293091237
0.01956446921545804 0.001363489266599432
0.019894883029974997 0.0013894900945813533
0.0215279707326279 0.0014011296466323335
0.022758745321609986 0.0014425690968305053
