58 23 55 42 1 2 24 20 33 13 31 25 60 8 38
0.04487722 0.07512279 0.099999994 0.04000001 0.090721846 0.02927816 0.092537254 0.02746275 0.04295503 0.097044975 0.030156448 0.08984356 0.0432477 0.0967523 0.1

60 13 4 1 33 38 17 55 27 24 31 20 23 34 25
0.04 0.10000001 0.049516276 0.09048373 0.046133514 0.07386649 0.042721555 0.09727845 0.054960746 0.06503926 0.078200445 0.04179956 0.08098422 0.039015785 0.1

34 60 33 1 8 55 2 20 25 38 31 48 23 27 13
0.066787176 0.05321283 0.032196134 0.08780387 0.040918935 0.09908107 0.03687028 0.08312973 0.09815259 0.04184741 0.09082423 0.049175773 0.06732239 0.052677616 0.1

1 34 27 55 20 41 60 24 38 2 25 48 31 13 23
0.06885857 0.051141433 0.040454976 0.09954503 0.099999994 0.04000001 0.083029136 0.03697087 0.091340944 0.04865906 0.081541836 0.03845817 0.086997405 0.0330026 0.1

34 24 23 1 8 60 38 20 48 13 2 31 33 25 55
0.044689767 0.09531024 0.043108355 0.09689165 0.04559955 0.074400455 0.09970334 0.040296663 0.027698122 0.09230188 0.029130314 0.090869695 0.07304673 0.046953276 0.1

60 1 48 2 31 20 55 25 37 13 33 23 27 24 38
0.09978643 0.040213574 0.09952697 0.040473033 0.091352716 0.028647289 0.084222525 0.03577748 0.09915528 0.020844728 0.020867653 0.09913235 0.04 0.10000001 0.1

60 25 20 23 55 48 24 13 31 8 38 58 37 33 1
0.036315974 0.08368403 0.025602736 0.09439727 0.09603539 0.043964613 0.04 0.10000001 0.07421617 0.045783833 0.099999994 0.04000001 0.0756318 0.044368207 0.1

23 1 48 33 38 17 60 13 25 31 41 51 55 20 24
0.04 0.10000001 0.099999994 0.04000001 0.09683962 0.043160383 0.07886668 0.04113332 0.043025553 0.07697445 0.040290654 0.07970935 0.0964036 0.023596406 0.1

20 55 34 24 22 31 38 4 23 48 2 25 27 1 13
0.04331331 0.09668669 0.026915614 0.093084395 0.04 0.10000001 0.093717024 0.026282981 0.07923514 0.04076487 0.08289085 0.03710915 0.04543265 0.09456736 0.1

1 60 48 20 40 13 22 25 2 37 38 55 24 9 31
0.09215666 0.027843341 0.04691957 0.09308043 0.060410377 0.059589628 0.043536343 0.096463665 0.04 0.10000001 0.04868739 0.071312614 0.07298593 0.047014073 0.1

48 41 33 25 23 22 1 27 38 24 13 15 31 2 55
0.09939805 0.040601958 0.053786267 0.06621374 0.0793938 0.04060621 0.09691076 0.043089245 0.09435776 0.025642246 0.07640022 0.043599784 0.099999994 0.04000001 0.1

24 41 23 42 8 38 55 48 33 25 13 20 60 31 1
0.08230625 0.057693753 0.070341006 0.049659 0.05808818 0.061911825 0.04 0.10000001 0.04265561 0.0973444 0.060469866 0.05953014 0.037756033 0.08224397 0.1

55 20 51 24 23 27 38 37 25 31 60 41 13 1 48
0.09775485 0.042245153 0.02913 0.09087001 0.09122902 0.028770983 0.0874047 0.032595307 0.099999994 0.04000001 0.040345587 0.09965442 0.046055682 0.07394432 0.1

55 41 9 13 22 38 23 2 11 48 25 17 1 31 37
0.04447224 0.075527765 0.0655413 0.054458708 0.099999994 0.04000001 0.06207373 0.057926275 0.04 0.10000001 0.09662841 0.023371592 0.04169095 0.098309055 0.1

25 24 31 60 33 38 34 1 20 41 13 48 23 2 55
0.08394845 0.056051556 0.054674994 0.06532501 0.045633987 0.07436602 0.04775513 0.072244875 0.09960948 0.040390525 0.0570091 0.062990904 0.041246817 0.09875319 0.1

41 13 31 17 23 38 48 60 58 25 20 24 51 1 55
0.029703803 0.0902962 0.0848604 0.035139605 0.07878743 0.041212574 0.04542452 0.09457548 0.05432927 0.065670736 0.04120155 0.098798454 0.04 0.10000001 0.1

38 27 20 23 13 1 25 58 24 60 55 8 33 31 48
0.0734106 0.046589404 0.06608823 0.053911775 0.04 0.10000001 0.099999994 0.04000001 0.056423552 0.06357645 0.092080444 0.04791956 0.06243747 0.057562534 0.1

31 13 20 23 41 1 55 48 60 27 38 24 34 25 2
0.053393733 0.08660627 0.0741611 0.045838907 0.04 0.10000001 0.099999994 0.04000001 0.053973783 0.066026226 0.046088234 0.07391177 0.039832756 0.08016725 0.1

1 2 55 48 38 24 37 23 25 31 8 27 20 13 60
0.07492603 0.04507397 0.09446825 0.045531753 0.048906796 0.07109321 0.048890553 0.07110945 0.050685883 0.08931412 0.031727802 0.0882722 0.04409364 0.09590636 0.1

2 1 60 17 37 38 13 58 20 31 25 24 23 48 55
0.04 0.10000001 0.079792365 0.04020764 0.06827575 0.051724255 0.07942644 0.040573567 0.04113654 0.09886346 0.097879365 0.04212064 0.068465754 0.05153425 0.1

20 9 2 55 27 23 48 40 41 25 38 60 31 24 35
0.037192393 0.082807615 0.08381581 0.03618419 0.05099137 0.06900863 0.042835042 0.09716496 0.099999994 0.04000001 0.07845745 0.041542552 0.05416355 0.085836455 0.1

58 23 31 1 25 17 38 34 2 13 48 20 60 24 55
0.04770752 0.072292484 0.04 0.10000001 0.099999994 0.04000001 0.06289496 0.057105042 0.026084013 0.09391599 0.044940874 0.09505913 0.059186757 0.06081325 0.1

58 1 13 20 24 48 8 41 25 38 31 2 23 60 55
0.04 0.10000001 0.09720564 0.042794365 0.09149389 0.028506115 0.046325073 0.07367493 0.048548892 0.07145111 0.099999994 0.04000001 0.06591155 0.05408846 0.1

60 23 8 31 38 24 55 33 13 27 25 18 20 34 1
0.03940694 0.080593064 0.06728357 0.052716434 0.07985619 0.040143818 0.09799738 0.042002622 0.06556045 0.054439552 0.09805308 0.04194692 0.09122799 0.04877201 0.1

31 1 41 37 23 24 38 27 25 32 20 55 2 51 48
0.06545527 0.054544732 0.099999994 0.04000001 0.04 0.10000001 0.098589286 0.041410718 0.055475764 0.06452424 0.043125726 0.07687428 0.025583567 0.09441644 0.1

38 13 31 60 1 20 48 25 2 8 23 27 33 41 55
0.0832607 0.036739305 0.073313355 0.04668665 0.096871555 0.04312845 0.08106401 0.038935997 0.08982377 0.030176237 0.099999994 0.04000001 0.04 0.10000001 0.1

27 24 1 23 25 55 20 38 2 60 48 42 31 51 41
0.032201312 0.08779869 0.061546855 0.05845315 0.09124154 0.028758466 0.041676104 0.098323904 0.09485005 0.045149956 0.0621496 0.057850406 0.09742719 0.042572815 0.1

13 24 8 31 23 48 25 2 55 34 1 38 60 27 41
0.04503164 0.07496837 0.04 0.10000001 0.045067243 0.094932765 0.05530996 0.064690046 0.08952513 0.030474871 0.099999994 0.04000001 0.085352585 0.03464742 0.1

38 8 48 24 23 13 55 27 31 2 1 17 20 25 60
0.08475524 0.035244763 0.04 0.10000001 0.08354592 0.03645408 0.099999994 0.04000001 0.03537555 0.084624454 0.09549558 0.044504423 0.029288761 0.09071124 0.1

23 8 12 55 20 1 25 2 9 31 24 48 33 38 41
0.08240414 0.037595868 0.049249765 0.09075024 0.04974267 0.070257336 0.098760724 0.04123928 0.07293052 0.047069483 0.04 0.10000001 0.03486625 0.08513375 0.1

