0.03801962667737423 0.00043075836491586434
0.03802094676897057 0.0005918237843309132
0.038132566497845806 0.0006650451309153715
0.03832088478326495 0.0007003801048121178
0.03847467314981359 0.000755435957715419
0.038835922186184195 0.0007844682064411044
0.039041907159997 0.0008113152743490435
0.03925936914752363 0.0008141703175193407
0.03944012386938429 0.0008169143488631639
0.03944012386938429 0.0008169143488631639
0.03976195221135765 0.0008326738109172563
0.040007311619059446 0.0008414789983025959
0.040038541287692415 0.0008555769253155449
0.04037212026578761 0.0008719282527914304
0.040456905688131636 0.0009140975094777484
0.04142403857512687 0.0009635180902724598
0.04258008723447504 0.0009636245259943277
0.042682819101677684 0.001012143229467973
0.04355489367735605 0.0010149179813006555
0.04384815654688822 0.0010397973338143606
0.04438258229046532 0.0010574792323063925
0.044772577456836056 0.0010737887593859079
0.04558877087661364 0.0010964648200930448
0.04671690262270595 0.0010984864055572517
0.046941304883914126 0.001124656937288432
