0.061373821925371885 0.0012028563360217959
0.06685345130972564 0.001491428894951241
0.0635242776479572 0.0013294969016897085
0.06354664522223175 0.0013802646262774942
0.06801367015577853 0.001547552625197568
0.06307140039280057 0.0013237187490631186
0.0686875234823674 0.0015778113265696447
0.0644955039024353 0.0013963424789835699
0.06873784470371902 0.001587022008607164
0.06026750081218779 0.000847107077788678
0.06182131660170853 0.0012144392885602429
0.06041074194945395 0.0010692740875128948
0.060401077615097165 0.0010442726365909039
0.06837182678282261 0.0015717701680841856
0.060290609719231725 0.0009371975456815562
0.0607715449295938 0.0011559526369637751
0.06205219798721373 0.0012696872800006531
0.0660548924934119 0.0014340613306558225
0.06621388951316476 0.0014543535817210795
0.06308839144185185 0.0013249584462755593
0.06563637708313763 0.0014220896659935534
0.06661073630675673 0.0014817584542470286
0.06293187220580876 0.0013216642455518013
0.06412649620324373 0.0013945703667559428
0.06827078992500901 0.0015547274015261792
0.060301962308585644 0.0009481498796048982
0.06549612781964242 0.0014128982261354395
0.06186080211773515 0.0012595725775099709
0.06645156582817435 0.0014759952082386008
0.06194575713016093 0.0012661845476031885
0.06215935479849577 0.0012872276452071674
0.06730079976841807 0.0015257038503477816
0.060578334145247936 0.0011516142803884577
0.06395930587314069 0.0013878517966077197
0.06643051351420581 0.001454542421924998
0.06698086741380394 0.0015090842989593511
0.06664069625549018 0.0014826620335952612
0.06724780285730958 0.001510236505055218
0.06972095207311213 0.0016101758938020794
