0.06510694674216211 0.001437295795767568
0.061817465582862496 0.0012214627231514896
0.06112456228584051 0.001116858639761631
0.06018487038090825 0.0007931080381240463
0.06352518196217716 0.0013790222128591267
0.06671326328068972 0.0014878286619932624
0.06489955121651292 0.0014231457080313703
0.06815427076071501 0.0015537438703177031
0.06327452673576772 0.0013310105623531854
0.061035883612930775 0.0010423580652059172
0.06361268670298159 0.001382060325340717
0.0633409155998379 0.0013444591968436725
0.06105558527633548 0.0010725411161729426
0.061106445267796516 0.0011141313921143592
0.06377665395848453 0.0014047087552171433
0.06604226282797754 0.001456550835428061
0.06749509531073272 0.001533903672680026
0.06800101813860238 0.0015455732864211313
0.06324648158624768 0.001329502034423058
0.06144023314118385 0.0011247418224229477
0.06908879289403558 0.0016017753005144186
0.06080354913137853 0.000944789809636859
0.06635412224568427 0.001473280837672064
0.06309311394579709 0.001314390374773211
0.06799890077672899 0.0015367656014859676
0.06899557285942137 0.0015821083907212596
0.06865628925152123 0.0015760064034111565
0.06316190795041621 0.0013236693375802133
0.0662598314229399 0.0014632228849222884
0.06215069675818086 0.0012694961119450454
0.06685511418618262 0.0014917165335646132
0.06668942142277956 0.0014777798514842289
0.0631775923538953 0.001325776045632665
0.06164715136401355 0.0011667734015645692
0.06531298160552979 0.001442724034859566
0.06203852593898773 0.0012640336772165028
0.06346228905022144 0.0013762913113168906
0.06229018862359226 0.0012720621707558166
0.06726788659580052 0.0015255793787218863
0.060479088220745325 0.0008770672434366134
0.06838957103900611 0.0015729678016214166
0.06893519125878811 0.001578857887579943
0.06333829089999199 0.001336507850282942
0.06333847995847464 0.0013426564237306593
0.0648177934344858 0.0014101432261668378
0.0636973597574979 0.0013906797430536244
0.0652705782558769 0.0014421927044168115
0.060358303831890225 0.0008309005684168369
0.061761638382449746 0.0012207997278892435
