0.06304890848696232 0.0013596214994322509
0.06167236831970513 0.001268549076939962
0.06966037466190755 0.0016006460537028033
0.06825308105908334 0.0015861840875004418
0.06468658428639174 0.0014214654438546859
0.06994856265373528 0.0016148187496582977
0.0637214882299304 0.0013895778392907232
0.0678712863009423 0.0015336667183873942
0.061665300745517015 0.0012593380961334333
0.06789675052277744 0.0015688068542658584
0.06885934760794044 0.0015937860553094652
0.06330343475565314 0.0013851174207957229
0.06110422173514962 0.001104995249534113
0.06740177376195788 0.001523256551081431
0.06735439086332917 0.001492659843279398
0.059944179840385914 0.0008655806418573775
0.06699280184693635 0.0014856785037409281
0.06788754649460316 0.0015612326042173663
0.06471835589036345 0.0014268730992625933
0.06783503317274153 0.001532138177935849
0.06878420547582209 0.001589897519806982
0.06138237239792943 0.001210469335092057
0.06670501921325922 0.0014851806099613896
0.06631650635972619 0.001460282941479818
0.06209669983945787 0.001277859293622896
0.06013023480772972 0.0010435748035888537
0.06327217887155712 0.001376102236463339
0.06374423508532345 0.0013952122317277826
0.06074734404683113 0.0010713668802964094
0.06290621939115226 0.0013070750328552094
0.06480074441060424 0.0014327363514894387
0.06389389396645129 0.0013971893040434225
0.0629428424872458 0.0013371111490414478
0.06242239801213145 0.001283840168525785
0.0655390212778002 0.0014495451723632868
0.06369323702529073 0.0013891008184145903
