0.06310820626094937 0.0013372774556046352
0.06174128665588796 0.0012648443412217603
0.06626962008886039 0.0014668114090454765
0.06278559658676386 0.0013255898547868128
0.06799724348820746 0.0015417321064887801
0.06184726720675826 0.0012697501624643337
0.0672374980058521 0.0015233092635753565
0.06718284473754466 0.001512659286163398
0.0644944820087403 0.0013966604565212037
0.06514914380386472 0.0014298897203843808
0.060203516855835915 0.0009789882810764539
0.06779264565557241 0.0015263956206581497
0.06857455195859075 0.0015771149683132535
0.06192889926023781 0.0012699792137027544
0.059669403126463294 0.0007965988502292021
0.06300376472063363 0.001332686260866467
0.06363235600292683 0.0013497523659680155
0.06814919132739305 0.001568824278365355
0.061730710323899984 0.001261769423763326
0.060255541233345866 0.000991300913028681
0.06049647927284241 0.0011050387238356052
0.06443550228141248 0.0013868963415006874
0.06106174667365849 0.0011127828715871146
0.06959159299731255 0.0016160777486220468
0.06182013428770006 0.0012691027413893607
0.06919730268418789 0.0015774916573718656
0.06812451500445604 0.0015448981548615848
0.06372222118079662 0.0013860869785276009
0.06630276516079903 0.001485821359892725
0.06363519420847297 0.0013692952234123368
0.059988596476614475 0.0008348355404450558
0.06015387177467346 0.0009062320618795638
0.06256506615318358 0.0012809445470338687
0.06193136912770569 0.0012781713026015495
0.06124170497059822 0.0011608081526901515
0.06290397071279585 0.0013286769731166714
0.0701422702986747 0.001627809280762449
