0.06516275345347822 0.0014302861309261061
0.06818992178887129 0.0015881347717368044
0.0657806450035423 0.0014435543198487721
0.06311352411285043 0.001365742062262143
0.0705507593229413 0.0016041523613239406
0.0648084906861186 0.00142503141250927
0.05986607843078673 0.0009203868835356843
0.060623025987297297 0.001171475319097226
0.06772245583124459 0.0015561872205580585
0.06206684117205441 0.0012864295863437292
0.06344767077825963 0.0013911080750403926
0.05986771988682449 0.0009204885645885952
0.06282596872188151 0.0013315528885868844
0.06169292377308011 0.0012104735460525262
0.06186686013825238 0.0012571351417136611
0.06193548766896129 0.0012684008297583205
0.0629847093950957 0.0013324920309969457
0.07010270422324538 0.0015943564812914701
0.06337579898536205 0.0013693635009985883
0.06005913484841585 0.001053392815265397
0.06368015543557703 0.0014024841675563948
0.06640345719642937 0.0014923342278052587
0.06584134162403643 0.0014608880646846956
0.06782016740180552 0.0015668948581151199
0.06618251441977918 0.0014801034758420428
0.06516394601203501 0.001434541045455262
0.0667050692718476 0.0015151358074945165
0.06280980096198618 0.001314424802785652
0.06128042424097657 0.0011793982785093249
0.06403262028470635 0.001408504316714243
0.0647738385014236 0.0014169982896419242
0.06362747773528099 0.0013963229921500897
0.06143768108449876 0.001206506571634236
0.061796933179721236 0.0012178646102256607
0.06627288507297635 0.0014850895568088163
0.06714471708983183 0.00152746927960834
