0.03730605727763206 0.00040682886495509017
0.03735176613527161 0.0005348604827171681
0.037445918157557725 0.0005552625325714333
0.03749329262043727 0.0005983667308146427
0.03754253597065786 0.0006208217605451459
0.037678697581099534 0.0006412971619040131
0.0376792327301815 0.0006748473915653725
0.03786108789679639 0.0006945296046067281
0.037932815701059726 0.000724630282653509
0.03856012493782563 0.0007407101169030828
0.038966156829937426 0.0007794579841186239
0.040006308666658 0.0007913139449992181
0.04088458451914425 0.0007941857498734267
0.041304176330554485 0.0008095048680247563
0.04227645064316811 0.0008252173201471556
0.042409359359058416 0.0008504840548588898
0.04376650912254598 0.0009043652889816459
0.04556706963472304 0.0009106483861673892
