5.166075964482685e-05
5.269969697873206e-05
5.352691636217624e-05
5.223801592572865e-05
5.140305200738823e-05
5.281223521126607e-05
5.466323085849989e-05
5.0887922798968637e-05
5.191574844789119e-05
5.03556388334278e-05
5.290490774724565e-05
5.113732491062116e-05
5.0733167394209934e-05
5.2362352970498625e-05
5.0520448320115465e-05
5.150796513531626e-05
5.165426964798993e-05
5.0684376299569404e-05
5.11901790551842e-05
5.103884795910216e-05
5.248699514284497e-05
5.1143348904353124e-05
5.1174545214609207e-05
5.4662211084300226e-05
5.108589053652731e-05
5.195838556004713e-05
5.106084118650711e-05
5.253619646767237e-05
5.2142290484442066e-05
5.043306311847861e-05
