0.000862415348866
0.000838207455039
0.000796591707793
0.000743005661041
0.00118307241084
0.00113569724147
0.00090093158839
0.000927386760715
0.000708556190819
0.000754896613942
0.000814980481457
0.000688536178808
0.00089685511411
0.000981500715404
0.000901439602061
0.000995469955221
0.000941809958609
0.00071732757726
0.000783505337052
0.000827736693969
0.000600407029464
0.000826503879446
0.00094423809243
0.000687775564371
0.000875180557692
0.000685502315082
0.000972986240759
0.000837166005742
0.000577051692142
0.000797815161154
