0.035573094467244576 0.0005980547012948797
0.03559358821615031 0.0006689874662120718
0.03559358821615031 0.0006689874662120718
0.03559358821615031 0.0006689874662120718
0.03559525929946006 0.0006690149696117216
0.03559525929946006 0.0006690149696117216
0.03559525929946006 0.0006690149696117216
0.03559525929946006 0.0006690149696117216
0.03559525929946006 0.0006690149696117216
0.03559525929946006 0.0006690149696117216
0.03559525929946006 0.0006690149696117216
0.03559525929946006 0.0006690149696117216
0.03559525929946006 0.0006690149696117216
0.03559525929946006 0.0006690149696117216
0.03559525929946006 0.0006690149696117216
0.03559525929946006 0.0006690149696117216
0.03559525929946006 0.0006690149696117216
0.03559525929946006 0.0006690149696117216
0.03559525929946006 0.0006690149696117216
0.03559525929946006 0.0006690149696117216
0.03559525929946006 0.0006690149696117216
0.03559723629336028 0.0006690208613785913
0.035598267553653855 0.0006691821007477214
0.035598744194779555 0.0006692542543955411
0.03560061406894689 0.0006696953015534114
0.035601502126368235 0.0006699668988403645
0.03560452257568245 0.0006706547319174796
0.03560821491165864 0.0006712177313076119
0.035612757273176684 0.0006713600624979562
0.03561297125150996 0.0006713926529437411
0.03561533129739204 0.0006716255812774077
0.03561594705773994 0.0006718632011822772
0.035617763471825443 0.0006721430792875036
0.035619358954473594 0.0006723666725594426
0.03561977955552904 0.0006724505238696294
0.03562072991885426 0.0006726071500352266
0.03562205686584347 0.0006728094435304006
0.03562313389644009 0.000672962023011389
0.03562355916925688 0.0006730385115001092
0.03562407135153944 0.0006731049276270382
0.03562407284761026 0.0006731051192377904
0.03562573990432534 0.0006733593084339971
0.035626105783761734 0.0006734151334446583
0.03562771005626976 0.0006736597494409961
0.03562959023013593 0.000673926678799298
0.03563177794899244 0.0006742916932280458
0.03563451319110013 0.0006746970767008105
0.035635663013658544 0.0006748526436740269
0.0356367971299022 0.0006750453267411538
0.03563773473882073 0.0006751882913177039
0.03563795645896968 0.000675202343246276
0.035639768961345096 0.0006754787096816595
0.035639920214544436 0.0006755215279211809
0.0356408842673452 0.0006756487691242238
0.03564285871428098 0.000675949828515315
0.03564394479711986 0.0006761351875529471
0.035644231815593966 0.000676159196028669
0.035645439734952905 0.000676363132434919
0.03564565289484876 0.0006763956345940234
0.03564721266943059 0.0006766334656429802
0.03564807466474977 0.0006767451453423412
0.03564830199602225 0.0006767798083222514
0.035648659550755635 0.000676834327493349
0.03565022588561438 0.0006770731588391168
0.03565125274572543 0.000677229732244137
0.03565219895764183 0.0006773740085871638
0.03565279523920701 0.0006774846837877457
0.03565288862663429 0.000677806216721088
0.035653282877823725 0.0007015879160148012
0.035658734658448044 0.0007024931024508907
0.03573927959457964 0.0007314337699336818
0.03589101479198792 0.000762636208751574
0.03601726527580833 0.0007657965111830728
0.03607296735266076 0.000776733270939197
0.036079174637166485 0.0007971568093234722
0.03608032285392372 0.0008222538844161915
0.03610180241619836 0.0008229098528399558
0.03622239625320817 0.0008381501669753684
0.036227027498710485 0.0008471685344026555
0.03629227232029085 0.0008571169234430954
0.036693797140677525 0.0008964032593990995
0.037262757446646796 0.0009507717746341567
0.03811686098155351 0.0010038096994166657
0.04138240928437123 0.0010215461036133947
0.04156209150240506 0.0010289026290915182
0.04394620461107447 0.0010378317025861266
0.04424673456336674 0.0010915403537823671
0.04566098248791248 0.0011011691232291829
