0.03553421300614876 0.0005746839704549822
0.03554456688236527 0.0006251933397500112
0.03555296158932945 0.0006257040926833209
0.03555942964612852 0.000660725162282391
0.03555942964612852 0.000660725162282391
0.03555984719900934 0.0006608424445473751
0.03555984719900934 0.0006608424445473751
0.03555984719900934 0.0006608424445473751
0.03555984719900934 0.0006608424445473751
0.03555984719900934 0.0006608424445473751
0.03555984719900934 0.0006608424445473751
0.03555984719900934 0.0006608424445473751
0.03555984719900934 0.0006608424445473751
0.03555984719900934 0.0006608424445473751
0.03555984719900934 0.0006608424445473751
0.03555984719900934 0.0006608424445473751
0.03555984719900934 0.0006608424445473751
0.03555984719900934 0.0006608424445473751
0.03555984719900934 0.0006608424445473751
0.03555984719900934 0.0006608424445473751
0.03555984719900934 0.0006608424445473751
0.03555984719900934 0.0006608424445473751
0.03555984719900934 0.0006608424445473751
0.03555984719900934 0.0006608424445473751
0.03555984719900934 0.0006608424445473751
0.03555984719900934 0.0006608424445473751
0.03555984719900934 0.0006608424445473751
0.03555984719900934 0.0006608424445473751
0.03555984719900934 0.0006608424445473751
0.03555984719900934 0.0006608424445473751
0.03555984719900934 0.0006608424445473751
0.03555984719900934 0.0006608424445473751
0.03555984719900934 0.0006608424445473751
0.03555984719900934 0.0006608424445473751
0.03555984719900934 0.0006608424445473751
0.03555984719900934 0.0006608424445473751
0.03555984719900934 0.0006608424445473751
0.03555984719900934 0.0006608424445473751
0.03555984719900934 0.0006608424445473751
0.03555984719900934 0.0006608424445473751
0.03555984719900934 0.0006608424445473751
0.03555984719900934 0.0006608424445473751
0.03555984719900934 0.0006608424445473751
0.03555984719900934 0.0006608424445473751
0.03555984719900934 0.0006608424445473751
0.03555984719900934 0.0006608424445473751
0.03555984719900934 0.0006608424445473751
0.035560847392061834 0.0006609125427056607
0.035560847392061834 0.0006609125427056607
0.035560847392061834 0.0006609125427056607
0.035560847392061834 0.0006609125427056607
0.035560847392061834 0.0006609125427056607
0.035560847392061834 0.0006609125427056607
0.035560847392061834 0.0006609125427056607
0.035560847392061834 0.0006609125427056607
0.035560847392061834 0.0006609125427056607
0.035560847392061834 0.0006609125427056607
0.035560847392061834 0.0006609125427056607
0.035560847392061834 0.0006609125427056607
0.035560847392061834 0.0006609125427056607
0.035560847392061834 0.0006609125427056607
0.035560847392061834 0.0006609125427056607
0.035560847392061834 0.0006609125427056607
0.035560847392061834 0.0006609125427056607
0.035560847392061834 0.0006609125427056607
0.035560847392061834 0.0006609125427056607
0.035560847392061834 0.0006609125427056607
0.035560847392061834 0.0006609125427056607
0.035560847392061834 0.0006609125427056607
0.035560847392061834 0.0006609125427056607
0.035560847392061834 0.0006609125427056607
0.035560847392061834 0.0006609125427056607
0.035560847392061834 0.0006609125427056607
0.035560847392061834 0.0006609125427056607
0.035560847392061834 0.0006609125427056607
0.035560847392061834 0.0006609125427056607
0.035560847392061834 0.0006609125427056607
0.035560847392061834 0.0006609125427056607
0.035560847392061834 0.0006609125427056607
0.035560847392061834 0.0006609125427056607
0.035560847392061834 0.0006609125427056607
0.035560847392061834 0.0006609125427056607
0.035560847392061834 0.0006609125427056607
0.035560847392061834 0.0006609125427056607
0.035560847392061834 0.0006609125427056607
0.035560847392061834 0.0006609125427056607
0.035560847392061834 0.0006609125427056607
0.035560847392061834 0.0006609125427056607
0.035560847392061834 0.0006609125427056607
0.035560847392061834 0.0006609125427056607
0.035560847392061834 0.0006609125427056607
0.035560847392061834 0.0006609125427056607
0.035560847392061834 0.0006609125427056607
0.035560847392061834 0.0006609125427056607
0.035560847392061834 0.0006609125427056607
0.035560847392061834 0.0006609125427056607
0.035560847392061834 0.0006609125427056607
0.035560847392061834 0.0006609125427056607
0.035560847392061834 0.0006609125427056607
0.035560847392061834 0.0006609125427056607
0.035560847392061834 0.0006609125427056607
0.035560847392061834 0.0006609125427056607
0.035560847392061834 0.0006609125427056607
0.035560847392061834 0.0006609125427056607
0.035560847392061834 0.0006609125427056607
0.035560847392061834 0.0006609125427056607
0.035560847392061834 0.0006609125427056607
0.035560847392061834 0.0006609125427056607
0.035560847392061834 0.0006609125427056607
0.035560847392061834 0.0006609125427056607
0.035560847392061834 0.0006609125427056607
0.035560847392061834 0.0006609125427056607
0.035560847392061834 0.0006609125427056607
0.035560847392061834 0.0006609125427056607
0.035560847392061834 0.0006609125427056607
0.035560847392061834 0.0006609125427056607
0.035560847392061834 0.0006609125427056607
0.035560847392061834 0.0006609125427056607
0.035560847392061834 0.0006609125427056607
0.035560847392061834 0.0006609125427056607
0.035560847392061834 0.0006609125427056607
0.035560847392061834 0.0006609125427056607
0.035560847392061834 0.0006609125427056607
0.035560847392061834 0.0006609125427056607
0.035560847392061834 0.0006609125427056607
0.035560847392061834 0.0006609125427056607
0.035560847392061834 0.0006609125427056607
0.035560847392061834 0.0006609125427056607
0.035560847392061834 0.0006609125427056607
0.035560847392061834 0.0006609125427056607
0.035560847392061834 0.0006609125427056607
0.035560847392061834 0.0006609125427056607
0.035560847392061834 0.0006609125427056607
0.035560847392061834 0.0006609125427056607
0.035560847392061834 0.0006609125427056607
0.035560847392061834 0.0006609125427056607
0.035560847392061834 0.0006609125427056607
0.035560847392061834 0.0006609125427056607
0.035560847392061834 0.0006609125427056607
0.035560847392061834 0.0006609125427056607
0.035560847392061834 0.0006609125427056607
0.035560847392061834 0.0006609125427056607
0.035560847392061834 0.0006609125427056607
0.035560847392061834 0.0006609125427056607
0.035560847392061834 0.0006609125427056607
0.035560847392061834 0.0006609125427056607
0.035560847392061834 0.0006609125427056607
0.035560847392061834 0.0006609125427056607
0.035560847392061834 0.0006609125427056607
0.035560847392061834 0.0006609125427056607
0.035560847392061834 0.0006609125427056607
0.035560847392061834 0.0006609125427056607
0.035560847392061834 0.0006609125427056607
0.035560847392061834 0.0006609125427056607
0.035560847392061834 0.0006609125427056607
0.035560847392061834 0.0006609125427056607
0.035560847392061834 0.0006609125427056607
0.035560847392061834 0.0006609125427056607
0.035560847392061834 0.0006609125427056607
0.035560847392061834 0.0006609125427056607
0.035560847392061834 0.0006609125427056607
0.035560847392061834 0.0006609125427056607
0.035560847392061834 0.0006609125427056607
0.035560847392061834 0.0006609125427056607
0.035560847392061834 0.0006609125427056607
0.035560847392061834 0.0006609125427056607
0.035560847392061834 0.0006609125427056607
0.035560847392061834 0.0006609125427056607
0.035560847392061834 0.0006609125427056607
0.035560847392061834 0.0006609125427056607
0.035560847392061834 0.0006609125427056607
0.035560847392061834 0.0006609125427056607
0.035560847392061834 0.0006609125427056607
0.035560847392061834 0.0006609125427056607
0.035560847392061834 0.0006609125427056607
0.035560847392061834 0.0006609125427056607
0.035560847392061834 0.0006609125427056607
0.035560847392061834 0.0006609125427056607
0.035560847392061834 0.0006609125427056607
0.035560847392061834 0.0006609125427056607
0.035560847392061834 0.0006609125427056607
0.035560847392061834 0.0006609125427056607
0.035560847392061834 0.0006609125427056607
0.035560847392061834 0.0006609125427056607
0.035560847392061834 0.0006609125427056607
0.035560847392061834 0.0006609125427056607
0.035560847392061834 0.0006609125427056607
0.035560847392061834 0.0006609125427056607
0.035560847392061834 0.0006609125427056607
0.035560847392061834 0.0006609125427056607
0.035560847392061834 0.0006609125427056607
0.035560847392061834 0.0006609125427056607
0.035560847392061834 0.0006609125427056607
0.035560847392061834 0.0006609125427056607
0.035560847392061834 0.0006609125427056607
0.035560847392061834 0.0006609125427056607
0.035560847392061834 0.0006609125427056607
0.035560847392061834 0.0006609125427056607
0.035560847392061834 0.0006609125427056607
0.035560847392061834 0.0006609125427056607
0.035560847392061834 0.0006609125427056607
0.035560847392061834 0.0006609125427056607
0.035560847392061834 0.0006609125427056607
0.035560847392061834 0.0006609125427056607
0.035560847392061834 0.0006609125427056607
0.035560847392061834 0.0006609125427056607
0.035560847392061834 0.0006609125427056607
0.035560847392061834 0.0006609125427056607
0.035560847392061834 0.0006609125427056607
0.035560847392061834 0.0006609125427056607
0.035560847392061834 0.0006609125427056607
0.035560847392061834 0.0006609125427056607
0.035560847392061834 0.0006609125427056607
0.035560847392061834 0.0006609125427056607
0.035560847392061834 0.0006609125427056607
0.035560847392061834 0.0006609125427056607
0.035560847392061834 0.0006609125427056607
0.035560847392061834 0.0006609125427056607
0.035560847392061834 0.0006609125427056607
0.035560847392061834 0.0006609125427056607
0.035560847392061834 0.0006609125427056607
0.035560847392061834 0.0006609125427056607
0.035560847392061834 0.0006609125427056607
0.035560847392061834 0.0006609125427056607
0.035560847392061834 0.0006609125427056607
0.035560847392061834 0.0006609125427056607
0.035560847392061834 0.0006609125427056607
0.035560847392061834 0.0006609125427056607
0.035560847392061834 0.0006609125427056607
0.035560847392061834 0.0006609125427056607
0.035560847392061834 0.0006609125427056607
0.035560847392061834 0.0006609125427056607
0.035560847392061834 0.0006609125427056607
0.035560847392061834 0.0006609125427056607
0.035560847392061834 0.0006609125427056607
0.035560847392061834 0.0006609125427056607
0.035560847392061834 0.0006609125427056607
0.035560847392061834 0.0006609125427056607
0.035560847392061834 0.0006609125427056607
0.035560847392061834 0.0006609125427056607
0.035560847392061834 0.0006609125427056607
0.035560847392061834 0.0006609125427056607
0.035560847392061834 0.0006609125427056607
0.035560847392061834 0.0006609125427056607
0.035560847392061834 0.0006609125427056607
0.035560847392061834 0.0006609125427056607
0.035560847392061834 0.0006609125427056607
0.035560847392061834 0.0006609125427056607
0.035560847392061834 0.0006609125427056607
0.035560847392061834 0.0006609125427056607
0.035560847392061834 0.0006609125427056607
0.035560847392061834 0.0006609125427056607
0.035560847392061834 0.0006609125427056607
0.035560847392061834 0.0006609125427056607
0.035560847392061834 0.0006609125427056607
0.035560847392061834 0.0006609125427056607
0.035560847392061834 0.0006609125427056607
0.035560847392061834 0.0006609125427056607
0.035560847392061834 0.0006609125427056607
0.035560847392061834 0.0006609125427056607
0.035560847392061834 0.0006609125427056607
0.035560847392061834 0.0006609125427056607
0.035560847392061834 0.0006609125427056607
0.035560847392061834 0.0006609125427056607
0.035560847392061834 0.0006609125427056607
0.035560847392061834 0.0006609125427056607
0.035560847392061834 0.0006609125427056607
0.035560847392061834 0.0006609125427056607
0.035560847392061834 0.0006609125427056607
0.035560847392061834 0.0006609125427056607
0.035560847392061834 0.0006609125427056607
0.035560847392061834 0.0006609125427056607
0.035560847392061834 0.0006609125427056607
0.035560847392061834 0.0006609125427056607
0.035560847392061834 0.0006609125427056607
0.035560847392061834 0.0006609125427056607
0.035560847392061834 0.0006609125427056607
0.035560847392061834 0.0006609125427056607
0.035560847392061834 0.0006609125427056607
0.035560847392061834 0.0006609125427056607
0.035560847392061834 0.0006609125427056607
0.035560847392061834 0.0006609125427056607
0.035560847392061834 0.0006609125427056607
0.035560847392061834 0.0006609125427056607
0.035560847392061834 0.0006609125427056607
0.035560847392061834 0.0006609125427056607
0.035560847392061834 0.0006609125427056607
0.035560847392061834 0.0006609125427056607
0.035560847392061834 0.0006609125427056607
0.035560847392061834 0.0006609125427056607
0.035560847392061834 0.0006609125427056607
0.035560847392061834 0.0006609125427056607
0.035560847392061834 0.0006609125427056607
0.035560847392061834 0.0006609125427056607
0.035560847392061834 0.0006609125427056607
0.03556091770332532 0.0006609253802714368
0.0355610534384834 0.0006609395192698772
0.03556113478554661 0.0006609650155610968
0.03556167437579453 0.0006609705015531545
0.035561980518102186 0.000661119685720464
0.035562872452053994 0.0006612133256870022
0.035562872452053994 0.0006612133256870022
0.035562872452053994 0.0006612133256870022
0.035562872452053994 0.0006612133256870022
0.035562872452053994 0.0006612133256870022
0.035562872452053994 0.0006612133256870022
0.035562872452053994 0.0006612133256870022
0.035562872452053994 0.0006612133256870022
0.035562872452053994 0.0006612133256870022
0.035562872452053994 0.0006612133256870022
0.035562872452053994 0.0006612133256870022
0.035562872452053994 0.0006612133256870022
0.035562872452053994 0.0006612133256870022
0.035562872452053994 0.0006612133256870022
0.035562872452053994 0.0006612133256870022
0.035562872452053994 0.0006612133256870022
0.035562872452053994 0.0006612133256870022
0.035562872452053994 0.0006612133256870022
0.035562872452053994 0.0006612133256870022
0.035562872452053994 0.0006612133256870022
0.035562872452053994 0.0006612133256870022
0.035562872452053994 0.0006612133256870022
0.035562872452053994 0.0006612133256870022
0.035562872452053994 0.0006612133256870022
0.035562872452053994 0.0006612133256870022
0.035562872452053994 0.0006612133256870022
0.035562872452053994 0.0006612133256870022
0.035562872452053994 0.0006612133256870022
0.035562872452053994 0.0006612133256870022
0.035562872452053994 0.0006612133256870022
0.035562872452053994 0.0006612133256870022
0.035562872452053994 0.0006612133256870022
0.035562872452053994 0.0006612133256870022
0.035562872452053994 0.0006612133256870022
0.035562872452053994 0.0006612133256870022
0.035562872452053994 0.0006612133256870022
0.035562872452053994 0.0006612133256870022
0.035562872452053994 0.0006612133256870022
0.035562872452053994 0.0006612133256870022
0.035562872452053994 0.0006612133256870022
0.035562872452053994 0.0006612133256870022
0.035562872452053994 0.0006612133256870022
0.035562872452053994 0.0006612133256870022
0.035562872452053994 0.0006612133256870022
0.035562872452053994 0.0006612133256870022
0.03556359619721078 0.0006614144248388504
0.035564719655537716 0.000661619548021878
0.03556530447925349 0.0006618388452749437
0.03556613857336017 0.0006618786167681039
0.03556744751949649 0.0006621176066722739
0.03557171884578889 0.0006624130779817227
0.035573681723983265 0.0006632558597229738
0.03557528378590632 0.0006635483672714829
0.03557752519332266 0.0006639576077503495
0.03557778598419086 0.0006640052234488642
0.035581557563807716 0.0006642827567825908
0.035582037197982926 0.0006647814182429654
0.03558233293141843 0.0006648354138226537
0.035583112343838735 0.0006650902394558086
0.03558408066853934 0.0006651545190290867
0.03558435278226036 0.0006652042020758562
0.03558580816453894 0.0006654699285726447
0.03558660209577859 0.0006657274050797714
0.03558938171167723 0.0006661223936851711
0.03558955191972286 0.0006661534705976471
0.03559024395001947 0.0006663462828246008
0.03559065184964864 0.0006663542979199193
0.03559168624704183 0.0006665431601862972
0.03559352374516534 0.0006668786541292988
0.035595289037163254 0.0006673134835527073
0.035597417406398026 0.0006675895662891267
0.03559835914347988 0.000667874029471322
0.03559913026182718 0.0006679023027291617
0.03560077576274762 0.0006681337850848637
0.03560138097548313 0.0006684257613729149
0.035603656298302366 0.0006687286751775449
0.03560680207293112 0.0006693030367621854
0.03560728539867304 0.0006693223269376014
0.035607589406893264 0.0006694467897119382
0.03560845770390614 0.0006694664512498416
0.03560939978495801 0.0006697773320224261
0.035610953668171484 0.0006699920866409049
0.03561216253060854 0.00067028175943922
0.03561346036695647 0.0006705187208968496
0.03561812849126235 0.0006713020796462268
0.035618139722801846 0.0006713041303223183
0.035620471823725824 0.0006713873944416157
0.03562070379679535 0.0006718412402542318
0.03562177386726248 0.00067203661577909
0.035622799102884975 0.0006722238052717456
0.035624378366913505 0.0006725121503368062
0.03562548745860998 0.0006727146504328006
0.03562621833049691 0.000672848094428218
0.035626897519039503 0.0006729721019791819
0.03562815949968684 0.0006732025168340047
0.035628577045103506 0.0006732787530795959
0.0356319720983454 0.0006734871367098387
0.035632355499352515 0.0006739686305266694
0.03563346501717786 0.0006741712084260929
0.03563404412631165 0.0006742769432860301
0.03563435483513315 0.000674333673100507
0.03563679543164872 0.0006747103255398462
0.03563687681345267 0.0006785766938299812
0.03564740227164355 0.0007005398584225411
0.03564740227164355 0.0007005398584225411
0.03566453310756921 0.0007009845397300477
0.03567084905580394 0.000727034285154712
0.035674506847931726 0.0007272906401562877
0.035674506847931726 0.0007272906401562877
0.035707883581045784 0.0007337961200331165
0.03574920140993932 0.0007409285170107073
0.03579364046079672 0.0007569833687925926
0.03586008123225022 0.000758064244546635
0.03588553366346886 0.0007601638898375401
0.035918865844789274 0.0007668595816459107
0.036003551826662046 0.0007690323458603823
0.036022783478453946 0.0007767537290449683
0.03607276789681964 0.000821148508215901
0.03610668139447909 0.0008264742069383356
0.03619326570833507 0.0008427362914667051
0.03633475787921514 0.0008588131138016292
0.03642629451908437 0.0008722452564205402
0.036530541293012274 0.0008730837954293638
0.036598098481079894 0.0008856273622322197
0.036713949588557206 0.0008896348907431134
0.0370528903664502 0.0009034087693047584
0.03732017051756886 0.0009238862333958739
0.03763694568308466 0.0009287728529043462
0.037866189332683875 0.0009317067205932197
0.03799848731923401 0.0009392752044978274
0.03810591360640021 0.0009458948364934453
0.03857336048648344 0.0009500700819825502
0.039710635650320264 0.0009573506950258562
0.03975792042427783 0.000961256617980604
0.039929032834130844 0.000992370545950702
0.041361173246222516 0.0010201409027219808
0.0413670077019966 0.0010360731319952986
0.04295317283930716 0.0010536030314986455
0.044103059060684416 0.0010751291532529103
0.04430105114524298 0.0011136967040061352
