0.04012843035161495 0.0011120052076876163
0.044044359819963574 0.0012262630079931114
0.04047931544482708 0.001125459781178506
0.04211267130449414 0.0011723226198228076
0.04357365658506751 0.001212733463034965
0.04252356989309192 0.0011822489504993428
0.04195940471254289 0.0011682263611874077
0.042240218026563525 0.0011756943276850507
0.04321075580082834 0.001203153922688216
0.04251940594986081 0.0011822417145594954
0.04047244437970221 0.001125159593357239
0.04402476781979203 0.0012253224558662623
0.04014198272489011 0.0011121796524093952
0.041827146196737885 0.0011638927535386756
0.04444722388871014 0.0012342069239821285
0.042027278686873615 0.0011703523887263145
0.038453448098152876 0.0010666516718629282
0.04033022909425199 0.0011204529146198183
0.04735573544166982 0.0012816325761377811
0.04330621310509741 0.001205502667289693
0.0428597794380039 0.0011930242399103008
0.043287848588079214 0.001205070031573996
0.043930060463026166 0.00122288479906274
0.03863873099908233 0.0010699357189878356
0.04381684982217848 0.0012174796502222307
0.04350542463362217 0.0012108029332011938
0.03986910940147936 0.0011056231414841022
0.03877928853034973 0.0010749257016868796
0.04483538377098739 0.001242298534634756
0.03886727266944945 0.0010785397498693783
0.03845418675336987 0.0010668914328562096
0.041529990965500474 0.0011554752636584453
0.03931742499116808 0.0010893966755247675
0.04321899893693626 0.0012034763312840369
0.041834089905023575 0.001164177283499157
0.0428650991525501 0.0011930903092434164
0.04434065124951303 0.001232635164342355
0.03844427037984133 0.0010661537962732837
0.04061011504381895 0.001127639836340677
0.04278951417654753 0.0011910396096936893
0.041543344501405954 0.0011557360303413589
0.039883189368993044 0.0011057626325055026
0.041760916239582 0.0011632468667812645
0.041963868658058345 0.0011683005432132632
0.04393038712441921 0.0012235984904691577
0.04439333803020418 0.0012340421635599341
0.04097077180631459 0.0011408447207941208
0.040477950125932693 0.0011252690892433748
0.043725920375436544 0.0012138618949393276
0.04048661584965885 0.0011257097939960659
0.03869757056236267 0.0010723954401328228
0.040650151087902486 0.0011314150360703934
0.03926972043700516 0.0010881347297981847
0.04687724448740482 0.0012672610027948394
0.04155121394433081 0.0011559086487977766
0.038874587044119835 0.0010788723993755411
0.0435710228048265 0.0012126504007028416
0.04208095255307853 0.001171341682493221
0.03862523031421006 0.0010691784591472242
0.04150132602080703 0.0011508195602800697
0.0404515927657485 0.0011247952970734332
0.041548886336386204 0.0011558214791875798
0.0445888617541641 0.0012360387227090541
0.04152957280166447 0.0011520004081830848
0.0423346608877182 0.0011772087054851
0.040887187933549285 0.0011382764823792968
0.04633005568757653 0.001265778199012857
0.03845157299656421 0.001066495147824753
0.040870573720894754 0.0011378557937860023
0.04436803353019059 0.0012333993290667422
0.04324705386534333 0.0012040219335176516
0.04226000979542732 0.0011762809226638637
0.042359170503914356 0.0011805572503362782
0.042804772732779384 0.0011916818511963356
0.040583858266472816 0.0011273141026322264
0.04317845078185201 0.0012023949748254381
0.039989856304600835 0.001108312477299478
0.03799034818075597 0.0010218827355856774
0.04437013319693506 0.001233840001077624
0.03867004672065377 0.0010703931911848485
0.03805390978232026 0.0010272205363435205
0.042688714689575136 0.0011885829226230271
0.04182096337899566 0.0011638809810392559
0.04328171908855438 0.001205042932269862
0.04267933126538992 0.0011881724421982653
0.0397642576135695 0.0011029810993932188
0.03989694453775883 0.0011059858443331905
0.042556977830827236 0.0011856930614158046
0.04209141107276082 0.0011720059628714807
0.044040503446012735 0.0012257763191882987
0.04403895861469209 0.0012256701484147925
0.0428720535710454 0.001193237789266277
0.04093952686525881 0.001140189171564998
0.03879650146700442 0.0010749998582468834
0.042107292683795094 0.0011722159397322685
0.041590982815250754 0.0011575329626793973
0.039122725487686694 0.0010871291742660105
0.038686668733134866 0.0010722608967626002
0.043946633115410805 0.001223775678226957
0.03832496120594442 0.0010613758277031593
0.043294485192745924 0.001205153424962191
0.041805185843259096 0.0011633376016106922
0.04320378205738962 0.001202706971525913
0.042763963574543595 0.0011905072678928263
0.040920068975538015 0.0011392790438549127
0.038694798247888684 0.0010722787301347125
0.04354558885097504 0.0012123797605454456
0.04270575079135597 0.001188919344713213
0.04077378730289638 0.0011335622220940422
0.04221842857077718 0.0011755228260881267
0.04225425701588392 0.0011760664710891433
0.04349147970788181 0.001210395792440977
0.04150081914849579 0.001150266263721278
0.042809304082766175 0.0011922731282538734
0.0421486112754792 0.001173494842078071
0.042264983989298344 0.0011763627771870233
0.03976336005143821 0.001102914560760837
0.04212523205205798 0.001172778196632862
0.04457863140851259 0.0012350139149930328
0.043209218652918935 0.0012031149453832768
0.03980798367410898 0.0011041229008696973
0.042053711717016995 0.0011708588535839226
0.04062614683061838 0.0011307739732728805
0.04047011793591082 0.0011251018986513373
0.04194840311538428 0.0011679995222948492
0.04064676002599299 0.0011312321475998033
0.04395903879776597 0.0012240491378179286
0.04402161715552211 0.0012251011103217024
0.04372198227792978 0.0012138044767198153
0.04085454053711146 0.0011373755187378265
0.04352110135369003 0.0012120078681618907
0.041005782783031464 0.0011413692627684213
0.038052686024457216 0.0010272090094076702
0.043228473979979753 0.0012036033913318533
0.041744287591427565 0.0011617740565270651
0.043153622187674046 0.0012019933419651352
0.04276800970546901 0.001190730352391256
0.042280476773157716 0.0011767054384108633
0.038875163067132235 0.0010789273837872315
0.04037814913317561 0.0011215113881917205
0.040124038932844996 0.001111926518206019
0.04384576505981386 0.001217730012285756
0.04101276455912739 0.001141503089456819
0.04334352118894458 0.001206620734592434
0.04184379684738815 0.0011643039906630293
0.04252863512374461 0.0011825837391370442
0.040832278435118496 0.0011366856560925953
0.04267800855450332 0.0011881362661370076
0.04250632249750197 0.0011816504957096186
0.041005113162100315 0.001141346543590771
0.04090470331721008 0.0011387908016331494
0.04167641280218959 0.001159899024059996
0.039341425872407854 0.0010900774286710657
0.03980972967110574 0.0011043058257200755
0.03910032182466239 0.0010868017379834782
0.03863702644594014 0.0010695099881559145
0.042528459103778005 0.0011823470267700031
0.04736140603199601 0.0012817112692573573
0.03798762592487037 0.0010215778256679187
0.042510794242843986 0.0011819787505373824
0.043256965931504965 0.0012045151961501688
0.041830852162092924 0.001164135039289249
0.04336419841274619 0.0012071027958882041
0.040872835903428495 0.0011378985363990068
0.04043960361741483 0.0011245043388043996
0.03897246636915952 0.0010811375723278616
0.04066570138093084 0.0011318938704789616
0.040820681722834706 0.0011363882513251156
0.045648206723853946 0.0012561029725475237
0.039890889544039965 0.001105831815948477
0.04271000949665904 0.0011891572321474086
0.04358429764397442 0.0012131174189562444
0.040735570481047034 0.0011327137690386735
0.03843667171895504 0.0010656213089532685
0.04345987504348159 0.0012097554754291195
0.03799439314752817 0.00102195114686765
0.0404756108764559 0.001125189501181012
0.0420247872825712 0.0011702923839038704
0.042721839156001806 0.0011899195051228162
0.04171059699729085 0.0011610960500547662
0.0427256072871387 0.0011904598613909911
0.039164931629784405 0.001087616397853708
0.04062108462676406 0.0011282742452749517
0.03852721711155027 0.0010686013811209705
0.038654463132843375 0.0010700502243707888
0.040848789270967245 0.00113697795313783
0.04268255096394569 0.0011882768740179017
0.04076615232042968 0.0011333241345710121
0.043699136236682534 0.0012131562216382008
0.03876796690747142 0.0010741132027760614
0.03885934129357338 0.001077998134860536
0.04016122152097523 0.0011127417710667942
0.04327756376005709 0.0012049343022226822
0.038522903341799974 0.0010684933185984846
0.045140042901039124 0.0012472947273636237
0.04322672844864428 0.0012035495965392329
0.04171032109297812 0.0011607240412558895
0.04088167136069387 0.001138000803621253
0.04215480899438262 0.0011746757954824716
0.040777422953397036 0.0011336396091792267
0.03877160092815757 0.0010743371312855743
0.04169885418377817 0.0011606063744693529
0.04373649996705353 0.001215174539538566
0.04288931516930461 0.0011938997049583122
0.04334677942097187 0.0012067315619788133
0.03982653026469052 0.0011044461025448982
0.03993031871505082 0.0011062557241530158
0.04464801214635372 0.001237380722159287
0.04037965880706906 0.0011217514402233064
0.040762302465736866 0.0011332226058584638
0.04224207787774503 0.0011759699118556455
0.040673684678040445 0.0011321253041387536
0.04206537292338908 0.0011713066196534783
0.04203649831470102 0.0011704567878041416
0.04326742677949369 0.0012045846342516597
0.043250114656984806 0.0012041083209624048
0.041750199161469936 0.0011618706193985417
0.03844778588972986 0.0010662719359970652
0.04175139870494604 0.0011623198115557898
0.04370417259633541 0.001213237384945387
0.040645897621288896 0.001131084263761295
0.038526995573192835 0.0010685076849767938
0.038264026399701834 0.0010597990076348651
0.03977938927710056 0.001103325925214449
0.04092087724711746 0.0011398723763704766
0.04090617201291025 0.0011391142179490998
0.04195354680996388 0.001168138398497831
0.041951142135076225 0.001168038223113399
0.0418192760553211 0.0011638426512945443
0.0421429518610239 0.0011734557410818525
0.04057877231389284 0.001127247218391858
0.03978396253660321 0.0011034588242182508
0.03827448864467442 0.001060107402736321
0.04255133937112987 0.001182985826744698
0.0382832046598196 0.0010607133990561124
0.04201888258103281 0.0011700586292135995
0.03844582545571029 0.001066233504388947
0.04269952548202127 0.0011887673135788646
0.04290969856083393 0.001194273412693292
0.03897408093325794 0.001082151233276818
0.04336066939868033 0.0012069683216395788
0.03979256236925721 0.0011037624026357662
0.04401400010101497 0.001224954943609191
0.04437476978637278 0.001233918075740803
0.04063441802281886 0.00113108226651093
0.03978234063833952 0.0011034298877348192
0.04162937472574413 0.0011585868778638542
0.0443458107765764 0.0012328060147410724
0.04826587834395468 0.0012860602873843163
0.042515070643275976 0.0011821240805147681
0.042702243314124644 0.0011888997069036122
0.03993352339603007 0.0011062622506869957
0.03969184262678027 0.0010965562578348909
0.03844878473319113 0.0010663311877578963
0.04218057380057871 0.0011748024189728312
0.0397752090357244 0.001103315968066454
0.03868315229192376 0.0010719889323809184
0.04353874106891453 0.0012120363899157383
0.04284877167083323 0.0011928075728064869
0.04149542166851461 0.0011496445949887857
0.040940525475889444 0.001140618827776052
0.0408270510379225 0.0011365665632183664
0.04046111134812236 0.0011248373048147187
0.04091022256761789 0.0011392583110136911
0.042101708706468344 0.0011721517075784504
0.04484682553447783 0.0012425826535036322
0.0388716395245865 0.001078751462046057
0.04192254692316055 0.0011672418513626326
0.04272355977445841 0.001189926035294775
0.03976248670369387 0.0011029079396394081
0.0415266880299896 0.0011512973869685084
0.042014743317849934 0.001170013511000434
0.03817133023403585 0.0010566802484390792
0.040483174147084355 0.0011256842990405858
0.04088234179653227 0.001138098377850838
0.03780969721265137 0.0010154673946090043
0.040997193194925785 0.0011411205268814228
0.040651868213899434 0.0011315272931824438
0.04065305762924254 0.001131559933128301
0.04477788950316608 0.0012416089666658081
0.04063089413102716 0.0011308696011838038
0.040472234366461635 0.001125158196373377
0.04164372105151415 0.0011590887697821017
0.042719952878542244 0.0011896520227310248
0.039922378025949 0.0011062152443628293
0.04172619781456888 0.0011617193194979336
0.04092943842988461 0.0011401171868783422
0.04155981703661382 0.001156266313046217
0.04291312280111015 0.0011943666322622448
0.041474957251921296 0.0011482748450362124
0.042133515467867255 0.001173060984001495
0.03846762073226273 0.0010669961993698962
0.04089022090192884 0.0011385024736227933
0.040721053490415215 0.0011323006910970435
0.04275748902000487 0.0011904890052392147
0.04067178163677454 0.0011321018901071511
0.040662244777195156 0.001131861143221613
0.03827563999220729 0.0010602126058074646
0.04395891050808132 0.0012240441246831324
0.044024908216670156 0.0012253277491254266
0.039804112864658237 0.001104032271541655
0.04393607331439853 0.001223687479068758
0.04048221046105027 0.0011254897763137706
0.04101019282825291 0.0011414388027333189
0.042510340455919504 0.00118179053242784
0.0426593137672171 0.0011874677547893953
0.04285198054276407 0.0011929591273656115
0.03852851816918701 0.0010687546673580073
0.04013368068262935 0.0011121373099740595
0.04278297978453338 0.0011909511413250584
0.04014977044425905 0.001112449917854974
0.042113799368962646 0.0011723878487828188
0.04589833598583937 0.0012597722161444835
0.04385603731498122 0.0012181432757643051
0.04062191699631512 0.0011282923660473898
0.04386514541693032 0.0012185008272354025
0.043333856388926506 0.0012063990689057391
0.04010531562380493 0.0011092637469118927
0.040743906050920486 0.001132904006226454
0.04151413403451443 0.0011508413263072725
0.038173613138496876 0.0010568154903012328
0.03980389586649835 0.0011039050077670254
0.04321431973949075 0.0012032648774038535
0.04323443677276373 0.0012039886496495456
0.04323055688291788 0.0012038107488479
0.04192732262890786 0.0011677242328005377
0.04152775043621659 0.0011519020117702894
0.04181734332814813 0.001163641889434075
0.042117728386074305 0.0011724647847586311
0.04511591698974371 0.001246754291059915
0.03885295963846147 0.001077777225873433
0.040475793881341815 0.0011251939249632414
0.04268074268475175 0.00118821384239709
0.042554017854854465 0.0011833367352664936
0.039756682235747576 0.0011028303524653893
0.042712216381914914 0.0011895272764377296
0.04268798348493874 0.0011885396015713923
0.042528604157269 0.001182582214823924
0.038967632106505334 0.0010810740604938474
0.04351532063446939 0.0012111012038076296
0.04205519042443484 0.001171029365650611
0.04224064270965755 0.0011759163317037746
0.04330482566729188 0.0012053482096234802
0.04284816677682102 0.0011925853868888225
0.041976517299190164 0.0011687399419315625
0.04190336028113961 0.001166634352557594
0.04318681638687849 0.0012025776850350667
0.04350845399312675 0.0012109815252188127
0.042374938959255815 0.001180825252959039
0.04098584235180169 0.0011408960563130677
0.04221587534993887 0.0011754419610952027
0.04317619511857629 0.0012023410163237713
0.042208614526316524 0.001175230005173944
0.04196862503886223 0.0011684683049679734
0.04269898950587958 0.0011887457221746445
0.040792075684294105 0.0011355437818565406
0.03886239812709391 0.0010783757134049665
0.04118828382343054 0.0011418599424359854
0.04307065694592893 0.0011956256967096124
0.04200077441055328 0.0011696979199768975
0.04268558986950666 0.001188383721455466
0.04234887729398906 0.0011774118720495608
0.04351985780522227 0.0012112793992855586
0.03887283196672797 0.0010788087092805654
0.041533937910571694 0.0011555843229871243
0.04400625335983932 0.0012245079342392273
0.03869566018693149 0.0010722868064476643
0.043269619112834334 0.0012046851988998242
0.04272418492473662 0.0011900175268237945
0.04198762704618275 0.0011695324792526662
0.04153213324025273 0.0011555534838407766
0.0430875375168398 0.0011962933458562475
0.04270689049735665 0.0011890910718648229
0.039769098395481706 0.0011030932000721805
0.03949605254456401 0.0010930802091024816
0.04062774940393865 0.0011308312605251558
0.04057467798702419 0.0011267128938925453
0.043204796966165304 0.0012030226753267925
0.042198139475658536 0.0011751453057513572
0.038675443502143025 0.0010716841570683755
0.04072816204279661 0.0011323553444526624
0.04198586370330304 0.0011689308339555282
0.03844912815839052 0.0010664333822205663
0.04215183202177286 0.0011735856314771809
0.04372090846300125 0.0012138036181568168
0.03931531519629061 0.0010892549689742737
0.04283203324303031 0.001192434017866617
0.03886599326506257 0.0010784761398099363
0.039752814918756485 0.0011027908985852264
