0.040047899121418595 0.0011073238856624812
0.03787604044191539 0.0010180592562392121
0.03986369981430471 0.0011033844712073915
0.0437588996719569 0.0012158519130025525
0.04228756355587393 0.0011752908940252382
0.04776291083544493 0.001288359286263585
0.04265299183316529 0.0011854852818942163
0.03783120005391538 0.0010084917212225264
0.04359359038062394 0.001214859788888134
0.03859643591567874 0.0010683390428312123
0.042745627695694566 0.001188094676763285
0.03987080720253289 0.001103403716115281
0.0418479205109179 0.0011605097279243637
0.041849545668810606 0.0011605534527916461
0.04048433969728649 0.0011230522322875913
0.04377886326983571 0.0012163631727162283
0.039920787094160914 0.0011050302055082284
0.040908579947426915 0.0011349804190103896
0.04197817016392946 0.0011661728531180415
0.04263535176869482 0.0011853869727929123
0.043049616273492575 0.0011960436531808227
0.04314493155106902 0.0011988868609478232
0.043188240844756365 0.001200152350065764
0.04266020772047341 0.0011857188546855468
0.044652184937149286 0.001235330943018198
0.0416429687757045 0.001156484901002841
0.040037023136392236 0.0011067259292758536
0.04266555106732994 0.0011875946147483774
0.04443779378198087 0.0012329390265222173
0.04259560350328684 0.0011835378718387801
0.03849160671234131 0.0010652025957824662
0.03716080519370735 0.0008687871068104869
0.04026398644782603 0.0011130640414194204
0.04119037266355008 0.001144622696301667
0.038618431659415364 0.0010686863824957982
0.03818588191643357 0.0010510140273254365
0.04145620507188141 0.0011466736104921438
0.042008440708741546 0.0011670056846924126
0.04386850050650537 0.001219495836267015
0.04425239865668118 0.0012273924039618578
0.04100341151934117 0.0011400750190659892
0.039410854456946254 0.001089664892788278
0.0387317487038672 0.0010708879126468673
0.03825514577329159 0.0010570745434961282
0.04029924375936389 0.0011143484225613065
0.04933725041337311 0.0013190696299716365
0.038728118408471346 0.0010707286855904385
0.043102936586365104 0.0011976642344961874
0.03947025816887617 0.0010913143996731378
0.044449300738051534 0.001233256705745589
0.03872863692231476 0.0010707372894103173
0.04810948367230594 0.0012948874864378013
0.04225588997360319 0.0011744208059099037
0.04291700990870595 0.0011907442385563627
0.043138917069882154 0.0011986633398919366
0.04520095558837056 0.0012484943763411138
0.04049088875763118 0.0011233472396270372
0.042038125451654196 0.0011678724222292658
0.03849881375208497 0.0010656464146450162
0.04166992264799774 0.0011570358110475354
0.04316534358076751 0.0011994569867965765
0.04819831275381148 0.001297400398470927
0.041162107489071786 0.0011438917717896402
0.03849657392129302 0.0010653786739567295
0.04230280721094459 0.0011758681175706442
0.04265797568950802 0.0011856467244797386
0.04316179011948407 0.0011994251472060569
0.040713685331866145 0.001130845495936228
0.042921245098114014 0.001190848048281623
0.042736628325656056 0.0011877687029482331
0.04339169478043914 0.0012054886319674551
0.0431653477717191 0.001199486414407147
0.04415756883099675 0.0012268106911506038
0.038303552428260446 0.0010590696329018101
0.03766422998160124 0.0008829949147184379
0.04236386937554926 0.0011775250095524825
0.04004012909717858 0.001106813349906588
0.04236492223571986 0.0011776087012549397
0.0431930823251605 0.0012008149496978149
0.04072464304044843 0.0011312931710563134
0.04230040102265775 0.0011755972118407954
0.04383612331002951 0.001218746641825419
0.04185479017905891 0.0011610274232225493
0.04291123291477561 0.0011906199579243548
0.03829486342146993 0.0010583990333543625
0.03938311152160168 0.0010884412731684279
0.043281940277665854 0.0012023662020510528
0.04893896449357271 0.0013110797917761374
0.03982284548692405 0.0010974241376970895
0.043568729888647795 0.0012108971932320856
0.04090822394937277 0.001134903279307764
0.0426566171227023 0.001185589313536184
0.04167040693573654 0.0011570538554224186
0.042527106357738376 0.0011798151572293136
0.04182688542641699 0.001159966839622939
0.03862145997118205 0.001068741923518246
0.042924962705001235 0.0011909258319064975
0.042145204497501254 0.001170565294160042
0.042228004429489374 0.0011736352607840672
0.03758316650055349 0.0008811650659481529
0.04115893167909235 0.0011438795809226576
0.044662090949714184 0.0012356477382127196
0.04184675309807062 0.0011604783139773645
0.038721614982932806 0.0010705191125452984
0.038735876558348536 0.0010709550624596886
0.04211172182112932 0.0011702234733093064
0.04118879558518529 0.0011444604315329343
0.04898748849518597 0.001312042171775829
0.04213432013057172 0.0011704522621585056
0.039333556313067675 0.0010850123107957188
0.04811399686150253 0.0012949460688105319
0.04165829415433109 0.0011569533598958515
0.04111544822808355 0.0011427257377363276
0.03716078773140907 0.0008687698900757823
0.040690757567062974 0.001130084703618195
0.039432038785889745 0.0010902448339038529
0.04653947218321264 0.0012802656201529317
0.04275798343587667 0.0011883760234923102
0.03852357994765043 0.0010660389671102166
0.037847685627639294 0.0010162221569771646
0.04091222560964525 0.0011351156790624373
0.040033782832324505 0.0011066909100918565
0.0410847949096933 0.0011415544504416175
0.04277563071809709 0.0011883780498465057
0.04329636972397566 0.0012028324417769909
0.03992662765085697 0.0011052557310904376
0.04197780415415764 0.0011661353128147312
0.043728850316256285 0.0012149772519478574
0.04091893183067441 0.001135244958277326
0.039341030875220895 0.001087497530534165
0.04031683038920164 0.0011180590809090063
0.04295721836388111 0.0011936525552300736
0.047586238011717796 0.001284859979932662
0.039314564084634185 0.0010847878220374696
0.04376135230995715 0.0012158757890574634
0.040309640346094966 0.0011143694755446631
0.03848995780572295 0.0010650719559635036
0.041999847861006856 0.001166869689768646
0.04214433650486171 0.0011705495344358496
0.04264882055576891 0.0011853953983518295
0.043219408951699734 0.001201038307044655
0.043882575584575534 0.0012197527939861175
0.04092250857502222 0.0011353095978847705
0.039461842621676624 0.0010911732533713803
0.040445685852319 0.001122387398936553
0.04031280055642128 0.0011144297859573271
0.04885853570885956 0.0013097629635012709
0.04118236119393259 0.001144457477494143
0.04065509280189872 0.001129399719502544
0.04287735698744655 0.0011898353077413049
0.039871924091130495 0.0011042448822990991
0.0400422066450119 0.0011068299354519695
0.04485094011761248 0.0012410751915012952
0.04289401299320161 0.0011901542347914074
0.045613410882651806 0.0012605698721017689
0.04310878971591592 0.0011976818095718045
0.03979479637928307 0.0010970891089527868
0.03826554655097425 0.0010571529128355905
0.039478779188357294 0.0010916442770394497
0.04275580414105207 0.00118830822975724
0.04374242969788611 0.0012155278782302048
0.03993886895477772 0.0011053363232349511
0.04309024475514889 0.001197245448565809
0.040512207662686706 0.0011239122977713123
0.04312541731633246 0.0011982485630142037
0.04385582800023258 0.0012191626519779675
0.04238959529902786 0.0011785653005063068
0.038354915799573064 0.001059652779076714
0.04451997624710202 0.0012351591103652027
0.038299695355817676 0.0010586428797978442
0.0416222361382097 0.001156113707111217
0.03983412659727037 0.001097909662348684
0.04031578009016812 0.0011148897974635474
0.042918232502415776 0.0011907472144230269
0.040898947045207024 0.0011348771367920563
0.04225622722879052 0.0011744517614715733
0.042612057528458536 0.0011846831912407652
0.038917234633117914 0.0010773134854389355
0.041980592301115394 0.0011662137912935577
0.044415168231353164 0.0012322420479904395
0.043436535401269794 0.0012068293217453174
0.04900733777321875 0.0013129560466040857
0.03958801890257746 0.0010941467953671236
0.039476237376220524 0.0010914205668086652
0.03832328738644719 0.0010591846512397751
0.042619323707185686 0.0011849452675960492
0.04289831034839153 0.0011902837504749186
0.0402979024220258 0.0011140607384731993
0.03879225591663271 0.0010720681675593369
0.042543178191408515 0.0011802055196312722
0.04199727834202349 0.0011666028512991033
0.0425141470041126 0.0011795096070272848
0.0425063157454133 0.001179352453618776
0.04089397192001343 0.0011345842140144669
0.03872581897303462 0.0010706045286497101
0.042519864393398166 0.0011796015423897188
0.04117021430283785 0.001143970566772623
0.04290168569423258 0.0011903712693310808
0.04322067438624799 0.0012010817081318237
0.038706593215465546 0.0010702455692808144
0.04115498182363808 0.0011435408268880565
0.04181877477094531 0.0011598434211919084
0.04489304800517857 0.0012419889644661453
0.04400322097353637 0.0012227899460413028
0.044341195141896605 0.0012289823571336456
0.03836746118031442 0.001060155474988278
0.04072289424948394 0.0011311842754366808
0.03941974672488868 0.0010896885069087148
0.04487960133701563 0.001241663525433978
0.038359700702130795 0.0010598009466775693
0.041156762512400746 0.001143782264989568
0.04165169643238187 0.0011565629101824015
0.043175045400857925 0.0011999873277090956
0.04069656506180763 0.0011307303575449623
0.040520797949284315 0.001124762504332466
0.04289719229564071 0.0011902673686563503
0.04256773320958018 0.001182849573524436
0.040312927681952715 0.001114451119065052
0.04292640509083867 0.0011909672502952162
0.04088304261676967 0.0011345266648277175
0.04148343112319708 0.001147482187661808
0.04045662051066756 0.0011224739901081193
0.038699907483533025 0.0010701520441216417
0.041629860643297434 0.001156181730038952
0.0415630959905684 0.00115430515143089
0.04237215383909643 0.001177934664156055
0.038264601258561015 0.001057144079823047
0.038506399374455214 0.0010659245708666276
0.04051448148675263 0.0011242160617257468
0.03943298407830298 0.001090273930458352
0.04250532016158104 0.0011792728109867312
0.04198650782927871 0.0011663887053146027
0.04162075347267091 0.001156040161731653
0.03862168558407575 0.0010690189265005756
0.0388025667052716 0.001072078517609043
0.045265145832672715 0.0012515722009993624
0.04289826820604503 0.0011902810765604954
0.04387492989189923 0.0012194971859571524
0.038402625592425466 0.001060979800968198
0.03940651856828481 0.0010896602470893413
0.0394764665979892 0.0010915685415966436
0.038708430249243975 0.0010702841645979788
0.043893861351534724 0.001220292404468637
0.03836197778582573 0.001060123962815851
0.041898045456036925 0.0011615292823989876
0.03872761665843427 0.0010707124420150649
0.043326502200216055 0.0012040374786010943
0.038347288966178894 0.001059416143107228
0.04226983734406531 0.001174879100290127
0.04089733795262873 0.001134661699325079
0.0402985867112875 0.0011141213253722526
0.04119432775769383 0.0011447214819781948
0.04858250985853374 0.0013042361242696643
0.03910329903010279 0.0010824629935086705
0.03880297718569636 0.0010721381659095641
0.04073488712310791 0.0011320100165903568
0.03943488537333906 0.0010904962800850626
0.04185451986268163 0.0011606923217186704
0.038929193280637264 0.001077664303011261
0.04230089276097715 0.0011757588908949401
0.040289222495630383 0.0011138617446704302
0.038488389225676656 0.0010637389241310302
0.04253502399660647 0.0011800106876762584
0.044815776171162724 0.0012402100619510747
0.043456889456138015 0.0012098822044208646
0.04198330896906555 0.0011662835531751625
0.04293076996691525 0.0011910826287930831
0.03910556703340262 0.0010826278921740595
0.04899175697937608 0.001312595708441222
0.0429057904984802 0.001190523547847988
0.042628068244084716 0.0011850069131469354
0.044016012689098716 0.0012239833995408844
0.039385283598676324 0.0010885383271670435
0.042904960457235575 0.0011904339626198635
0.04375590477138758 0.0012157823366578668
0.039870057022199035 0.0011033920745830983
0.04810433019883931 0.0012947033901582472
0.04089834727346897 0.0011348484476911835
0.04344738111831248 0.0012073419384250883
0.044245876371860504 0.0012271487612451892
0.0425245794467628 0.0011797485276474617
0.04807761311531067 0.0012941717541252729
0.04389505251310766 0.0012218573428981472
0.042303153895772994 0.0011765037634177133
0.041654782835394144 0.0011568309710128233
0.04091092711314559 0.0011350262902851682
0.041150554665364325 0.0011434203806857113
0.04046763060614467 0.0011228754883632064
0.03892193967476487 0.001077368637197651
0.04440755629912019 0.0012320435162109789
0.041871895315125585 0.0011611003465077374
0.04376911767758429 0.0012161116101196967
0.03892310243099928 0.0010774598013085779
0.04303722199983895 0.0011956834241573233
0.04196862527169287 0.0011660562740871683
0.03835851908661425 0.0010597603795758914
0.03777036699466407 0.0008876810225046938
0.038318709237501025 0.0010591087338980287
0.04338345327414572 0.0012052456004312262
0.04214726132340729 0.001172636155388318
0.03881295770406723 0.001074730600521434
0.046404661727137864 0.0012727480716421269
0.040034051053225994 0.0011066941697208676
0.04437319911085069 0.0012304464617045596
0.040075310273095965 0.0011078872194048017
0.04286635364405811 0.0011895294301211834
0.04439450637437403 0.0012320168898440897
0.041941091418266296 0.0011653036854113452
0.038493957137688994 0.001065283504431136
0.04199085710570216 0.001166519596154103
0.04225325142033398 0.001174412747786846
0.03932372271083295 0.0010849849677470047
0.040458043571561575 0.0011225669804844074
0.04113261972088367 0.001143158704508096
0.03909246122930199 0.0010822563635883853
0.043232394149526954 0.0012020660105918068
0.04051577905192971 0.0011242652944929432
0.04163657617755234 0.0011563794178073294
0.039455390884540975 0.001090940146241337
0.0458981916308403 0.0012619955668924376
0.04321305244229734 0.001200820304802619
0.0393478034529835 0.0010876940978050698
0.0414504436776042 0.0011454645027697552
0.03825409128330648 0.0010569027399469633
0.03957447281572968 0.0010939266467175912
0.037843694910407066 0.0010157920578421908
0.042136427480727434 0.001170497911516577
0.04235893348231912 0.0011773633923439775
0.04263527400325984 0.0011850824957946315
0.040286273462697864 0.0011137758410768583
0.04306712467223406 0.001196540626551723
0.044866865035146475 0.0012410815470502712
0.038809241726994514 0.0010742523627413902
0.04398246924392879 0.0012227228398842271
0.038919419748708606 0.0010773682370199822
0.04182812036015093 0.0011604507817537524
0.0399220057297498 0.0011050504435843322
0.03993174945935607 0.0011052894915337674
0.039933746913447976 0.0011053025846194942
0.04228344827424735 0.0011751925485441461
0.0449081058613956 0.0012422886102285702
