0.04060799372382462 0.0011253859302087221
0.04127575655002147 0.001145490437920671
0.040710578905418515 0.0011287470006209332
0.04075719299726188 0.0011308304347039666
0.04620350548066199 0.0012710801929642912
0.03915696020703763 0.001082215538190212
0.04312178841792047 0.0011962320168095175
0.04397885059006512 0.00121859592400142
0.041957144159823656 0.001162462020147359
0.04327907063998282 0.0012004780219285749
0.04237763211131096 0.0011765293274947908
0.03821664582937956 0.00101386659275704
0.041636051842942834 0.0011508799725561403
0.03840525937266648 0.0010593465849524364
0.04346022428944707 0.0012066321360180154
0.04118860140442848 0.0011414213586249389
0.03889912203885615 0.0010749551474873442
0.040527452947571874 0.0011166116455569863
0.03838347992859781 0.001059040328982519
0.043293340131640434 0.0012005279277218506
0.04363113408908248 0.0012112170916225296
0.04261910682544112 0.0011826914196717553
0.0397422993555665 0.0010951151925837621
0.043187768664211035 0.0011987789293925744
0.042636138619855046 0.0011831200463348068
0.03991347039118409 0.001102642090700101
0.042344387620687485 0.001175461340608308
0.04441400757059455 0.0012266070261830464
0.04663791577331722 0.0012790626024070662
0.041147809475660324 0.0011403677599446382
0.04074578359723091 0.0011299339203105774
0.042646010871976614 0.001183522239443846
0.043608066625893116 0.0012102621149097104
0.043713903054594994 0.0012134659082221333
0.04568578884936869 0.0012587979945237748
0.039977569598704576 0.001104808285163017
0.041153366677463055 0.0011404924080125056
0.0413875209633261 0.001148616003774805
0.043022727593779564 0.0011939505566260777
0.04221841774415225 0.0011717464985849801
0.04064109968021512 0.0011262902698945254
0.04052926669828594 0.0011166488693561405
0.043049723375588655 0.0011946582053496968
0.042925630463287234 0.0011866237837239169
0.03748713107779622 0.0008866366297297645
0.044523002579808235 0.0012300582347961608
0.040728385327383876 0.0011295330987195484
0.03914891299791634 0.0010820171191880945
0.04438005876727402 0.0012255119581823237
0.04407547111622989 0.001221852140588453
0.042580351466313004 0.0011818579587270506
0.045288049848750234 0.001247433141543297
0.04112901585176587 0.001140026233770186
0.04271214222535491 0.0011848659123643301
0.04134559992235154 0.0011476428844616748
0.04415995115414262 0.0012238599811098538
0.0393847047816962 0.0010890801859204657
0.03863114467822015 0.0010672680546122137
0.03831598628312349 0.0010578014953352977
0.04312003846280277 0.0011961647796852048
0.0416246191598475 0.0011499270949570928
0.044070982839912176 0.0012215737224323675
0.04436583654023707 0.0012245226025697775
0.04058083123527467 0.0011243917797401082
0.044411495327949524 0.001226543328812113
0.04114231374114752 0.0011402091295167338
0.0434832323808223 0.0012071780838596169
0.0387497809715569 0.0010699843369366135
0.045864277984946966 0.0012627975520445034
0.04210516787134111 0.0011679408635245636
0.04630324291065335 0.0012717462414002512
0.04630543990060687 0.0012718813013634644
0.041108038974925876 0.0011349503038218245
0.045261461986228824 0.0012465654508559965
0.042682563653215766 0.001184433109301608
0.041033018147572875 0.0011324004117341246
0.04075032542459667 0.0011300114783807658
0.042149382759816945 0.0011699793612933718
0.04359303810633719 0.0012099951345589943
0.044838446425274014 0.0012335086430539377
0.040727166226133704 0.0011294992436887696
0.041780438739806414 0.0011583006416913122
0.04374279570765793 0.0012141490988142323
0.04443673067726195 0.0012273906031623483
0.04363659117370844 0.0012116658108425327
0.03764572972431779 0.0008895521641534287
0.043629951076582074 0.0012109861854696646
0.04030734347179532 0.0011127470279461704
0.04076733021065593 0.0011312564274703618
0.04349190532229841 0.0012074155274603982
0.04435511608608067 0.0012241326840012334
0.0413498948328197 0.0011478013984742574
0.040732363471761346 0.001129634809331037
0.03860707860440016 0.0010667446258594282
0.04320460231974721 0.0011992448853561655
0.0414130863500759 0.0011492851153889205
0.04141273896675557 0.001149064028140856
0.04119348293170333 0.0011414673244871665
0.04074292886070907 0.001129860207583988
0.04416861315257847 0.0012240676187502686
0.040578986052423716 0.0011242045802646317
0.04217279201839119 0.0011713492385752033
0.03873297944664955 0.0010691199677239638
0.046177305513992906 0.0012703557367785834
0.04392356611788273 0.0012169493893452454
0.03998989099636674 0.0011051145775127225
0.038448394276201725 0.0010620842585922219
0.038892065174877644 0.0010747861742856912
0.0427188198082149 0.0011852773313876241
0.04568196414038539 0.0012584912255988456
0.03841453744098544 0.0010595686799206305
0.04671837016940117 0.0012806152190023568
0.04230241826735437 0.0011737755266949534
0.04139231808949262 0.0011488329473650083
0.045270475558936596 0.0012469863613659982
0.04118172614835203 0.0011410024526412599
0.04196394979953766 0.001162469128757948
0.03844593372195959 0.0010617839616315905
0.04257489065639675 0.0011817115664598532
0.04267008346505463 0.001184150758490432
0.04395466344431043 0.0012182411410321947
0.04441710002720356 0.0012267250640434213
0.041183202527463436 0.0011411857340135612
0.044426415814086795 0.0012270417973923031
0.04381208913400769 0.0012151651390013285
0.04069107607938349 0.0011279991740593687
0.041969747049733996 0.0011627495223365258
0.041330519248731434 0.0011474655257188715
0.042130365734919906 0.0011699178903654683
0.04124958941247314 0.0011450060083006974
0.04408484743908048 0.0012219843702041544
0.04494259716011584 0.0012377472667139955
0.04264979436993599 0.0011836305930046365
0.03844673256389797 0.001062037714291364
0.04340976965613663 0.0012026420481561217
0.038325084606185555 0.0010578969486232381
0.045745204435661435 0.0012603003269759938
0.04397383984178305 0.001218379897181876
0.039903212105855346 0.0011024528066627681
0.03875607275404036 0.0010701965184125584
0.045720152324065566 0.0012595544249052182
0.042325585964135826 0.0011749713630706538
0.04406718094833195 0.0012211021203256678
0.040615317644551396 0.001125390139350202
0.04142674000468105 0.0011495385770103894
0.04379089409485459 0.0012149596514063887
0.04571461887098849 0.0012592395542014856
0.04022257961332798 0.0011096441339759622
0.04173409170471132 0.0011577536060940474
0.04305563494563103 0.001194888747704681
0.04412082186900079 0.001223023504280718
0.04116339492611587 0.0011405168661440257
0.038880851585417986 0.0010744761384557933
0.04441024363040924 0.0012265212499187328
0.045277883065864444 0.001247177573532099
0.04568159277550876 0.001252000300155487
0.0426855634432286 0.0011845703193102963
0.04534033266827464 0.0012482455385907087
0.041969904908910394 0.0011628088723227847
0.03917055414058268 0.0010824219716596417
0.045220545027405024 0.0012441250473784748
0.038299260661005974 0.0010568353209237102
0.042672730050981045 0.0011842650274047628
0.04068711120635271 0.001127857332903659
0.04267548583447933 0.001184276094136294
0.043042844627052546 0.0011943200333917048
0.04393005045130849 0.0012169903238827828
0.04071987117640674 0.001129022963141324
0.043997737811878324 0.0012191751557111274
0.03784114751033485 0.0010111493638760294
0.040036526042968035 0.0011051721339754295
0.04385314369574189 0.001216007334733149
0.04071559547446668 0.0011289477661193814
0.04341994761489332 0.0012028674937027972
0.042233748943544924 0.0011722519557224587
0.043137898901477456 0.00119641505079926
0.03783284313976765 0.001010999040772731
0.03889703098684549 0.0010748541571956594
0.03782771248370409 0.001003296633825812
0.04342034365981817 0.0012029550343868323
0.042656792560592294 0.0011836787016363814
0.04303679242730141 0.001194149415823631
0.042259528767317533 0.00117233017590479
0.04252548003569245 0.0011787824369093869
0.041406358941458166 0.00114894998841919
0.03861826565116644 0.0010667868700693361
0.04175242385827005 0.0011582536026253365
0.04305790737271309 0.001194975873659132
0.0432724051643163 0.0011999371818092186
0.043787844479084015 0.0012147513880336192
0.04071355238556862 0.0011288540736131836
0.03888287767767906 0.0010745158324425574
0.041188757633790374 0.0011414253458497114
0.03917023551184684 0.0010824113269336522
0.040251168655231595 0.0011115973466075957
0.04266047524288297 0.0011838141872431152
0.0426690480671823 0.0011841295563499443
0.0422743521630764 0.0011725662552635185
0.044793220702558756 0.0012334447019384243
0.0436247366014868 0.0012109577073715627
0.04231073660776019 0.0011743993636628147
0.043360665906220675 0.0012023628878523596
0.041168152121827006 0.0011408262398617808
0.041422137641347945 0.00114948947521043
0.038874560967087746 0.001073940522474004
0.041240304708480835 0.0011446352727944031
0.04264523019082844 0.0011835021141450852
0.04266301286406815 0.001183889267849736
0.03916390461381525 0.0010822754447872285
0.040297493105754256 0.0011124794400529936
0.04234628728590906 0.00117620405217167
0.042542980751022696 0.0011807314367615618
0.03935238276608288 0.0010869821708183736
0.038733206456527114 0.0010691470524761826
0.045268236892297864 0.0012467478809412569
0.04073549946770072 0.001129713302361779
0.043486804934218526 0.0012071989040123299
0.04114728607237339 0.0011403250828152522
0.04070166661404073 0.0011285895052424166
0.041617888025939465 0.0011498897401907016
0.04119591391645372 0.0011416123234084807
0.043782317312434316 0.001214695683302125
0.03888734569773078 0.001074665768101113
0.043990035774186254 0.0012189445478725247
0.040223330492153764 0.0011097563947259914
0.04590824944898486 0.0012642057590710465
0.04218707571271807 0.001171572566818213
0.04268981027416885 0.001184621753054671
0.039909066865220666 0.0011025155981769785
0.0421179139520973 0.0011687370933941565
0.040589858777821064 0.0011249433991906699
0.03996568452566862 0.0011045653918699827
0.04075360717251897 0.0011305790358164813
0.042107325280085206 0.0011686940706567839
0.04313652007840574 0.0011962716271227691
0.038329025031998754 0.0010581180613371544
0.04535273974761367 0.001248533993930323
0.041970553109422326 0.0011628847678366583
0.04321518912911415 0.0011992934960289858
0.04662811430171132 0.0012788160456693731
0.04019518778659403 0.0011091151791333687
0.038735779002308846 0.001069979425665224
0.03978849994018674 0.001095469888241496
0.041411594836972654 0.0011490345750644337
0.041969811078161 0.0011627735730144195
0.0388976673129946 0.0010749384346127044
0.04761251946911216 0.0012851416868215892
0.04406811064109206 0.0012214789348945487
0.03914361528586596 0.0010818917835422326
0.04460134846158326 0.0012316989777900744
0.038448396138846874 0.0010635631406330504
0.047486774856224656 0.001281208504224196
0.04309963155537844 0.0011959048206335865
0.03876378806307912 0.0010702708968892694
0.04517566226422787 0.0012407360482029617
0.03964760550297797 0.0010920134627667721
0.04192462982609868 0.0011614306131377816
0.04670020192861557 0.0012802532837667968
0.04226106870919466 0.0011724338473868556
0.04658427136018872 0.0012767849839292467
0.04374773474410176 0.0012142243067501113
0.04533651121892035 0.0012481773192121182
0.040589048992842436 0.0011245402893109713
0.041387381381355226 0.001148474562796764
0.0413045046152547 0.001146791964856675
0.044934292091056705 0.0012374189391266555
0.04459436750039458 0.0012312197759456467
0.04293103143572807 0.0011908822270925157
0.042916457867249846 0.0011859733895107638
0.04567739926278591 0.0012518779949459713
0.040714942617341876 0.0011288877685728949
0.04072437435388565 0.0011293584793747868
0.04534368822351098 0.0012482918718887959
0.04349762364290655 0.0012074437072442379
0.0458789502736181 0.0012634469276235905
0.03985770675353706 0.0011020759702660143
0.038733685621991754 0.0010691583738662302
0.04305053246207535 0.001194679625768913
0.04621038702316582 0.0012711301824310794
0.04292847937904298 0.001186741628771415
0.04071293817833066 0.0011288308087387122
0.04395986720919609 0.001218353154399665
0.04447976965457201 0.0012295695050852373
0.043446502182632685 0.0012038110216963105
0.044581271009519696 0.0012305059644859284
0.03841118887066841 0.0010593497936497442
0.038413907401263714 0.0010594804625725374
0.04031457379460335 0.0011134755914099514
0.044091005343943834 0.0012220328135299496
0.043509287759661674 0.001207678571518045
0.042218520771712065 0.0011719545545929577
0.04264013352803886 0.0011833932367153466
0.042679127072915435 0.0011843212560052052
0.04347070888616145 0.0012067834322806448
0.0414032886037603 0.00114889286851394
0.04140409640967846 0.0011489003627502825
0.0423409529030323 0.0011751798847399186
0.04571920866146684 0.0012595287153089885
0.038622548221610487 0.001066992033884162
0.04451263463124633 0.0012299116533540655
0.04124637716449797 0.001144734545960091
0.04228224861435592 0.0011730218611774035
0.04263719613663852 0.001183363470772747
0.04252362553961575 0.001176584504719358
0.04439490777440369 0.0012260034527571406
0.041365815442986786 0.0011480487046355847
0.04265228589065373 0.00118364165246021
0.03875369159504771 0.0010700673665269278
0.04187065293081105 0.0011598157179832924
0.04398635495454073 0.0012187846878077835
0.04269535676576197 0.0011846670604427345
0.043475541984662414 0.00120707051246427
0.04397643427364528 0.0012184894985693973
0.044416377088055015 0.0012266735830053221
0.041151043493300676 0.001140438162110513
0.0430455117020756 0.001194363987451652
0.037391833029687405 0.0008846985947457142
0.0417401073500514 0.0011577672557905316
0.043472179444506764 0.0012069900913047604
0.04587686457671225 0.0012633065052796155
0.04305331571958959 0.0011947993989451788
0.04572653002105653 0.0012596246742759831
0.03988268179818988 0.0011024267223547213
0.0412082759430632 0.0011440970556577668
0.04319995897822082 0.0011988979458692484
0.046287694945931435 0.0012712730567727704
0.04004407557658851 0.0011053997004637495
0.04029840393923223 0.0011126649114885367
0.042230273014865816 0.0011721373193722684
0.0440980470739305 0.0012227777624502778
0.04265384119935334 0.0011836595949716866
0.04568634042516351 0.001259026386833284
0.04220892069861293 0.0011716717235685792
0.04060216573998332 0.0011252226577198599
0.04260202497243881 0.0011824156681541353
0.04069896321743727 0.0011282626292086206
0.04130031762178987 0.0011459824891062453
0.043831045273691416 0.0012159939797129482
0.04618578287772834 0.0012705394146905746
0.04256336181424558 0.0011813743622042239
0.045877491822466254 0.0012633527258003596
0.041381740127690136 0.001148422590631526
0.04268450289964676 0.0011845420813187957
0.04259457252919674 0.001182267333206255
