0.03808759 0.000709263
0.038588077 0.0007867875
0.038419057 0.0007488827
0.038181797 0.000734959
0.043624997 0.0009193625
0.039005205 0.00078843156
0.038165525 0.0007094408
0.042368602 0.00091261446
0.04163498 0.000895362
0.03768651 0.00070709403
0.04563629 0.0009717468
0.043713674 0.00095260394
0.037436996 0.0006101486
0.03741559 0.00056114286
0.037408303 0.0005257435
0.037324622 0.00046484603
0.039226912 0.0008669392
0.03760002 0.00069778133
0.037593383 0.00066762377
0.04355654 0.0009129748
0.038449876 0.0007744037
