0.03571233792487443 0.0006150552068236022
0.03571700928052936 0.0006708465271833076
0.03572587824689351 0.0007385089734515816
0.035730359596059746 0.0007389855620669816
0.035730359596059746 0.0007389855620669816
0.035730359596059746 0.0007389855620669816
0.035730359596059746 0.0007389855620669816
0.035730648546091134 0.0007390266585933159
0.035730648546091134 0.0007390266585933159
0.03573502952610712 0.0007390609544227903
0.03573502952610712 0.0007390609544227903
0.03573502952610712 0.0007390609544227903
0.03573601911940125 0.0007397901321165111
0.03573601911940125 0.0007397901321165111
0.03574756870412546 0.0007410607714777133
0.03574756870412546 0.0007410607714777133
0.03574756870412546 0.0007410607714777133
0.03574756870412546 0.0007410607714777133
0.03574756870412546 0.0007410607714777133
0.03574756870412546 0.0007410607714777133
0.03574756870412546 0.0007410607714777133
0.03574756870412546 0.0007410607714777133
0.03574918522787925 0.0007419260114689811
0.035753877688472074 0.0007426809322100395
0.03575592209097327 0.0007429796839595257
0.03575592209097327 0.0007429796839595257
0.03575646888134617 0.0007430688679310286
0.03575980168875274 0.0007435711714965565
0.03576200788989527 0.0007439350787301611
0.03576558456766343 0.0007444909901056082
0.03576614125471562 0.0007445171461860297
0.03576700206872888 0.000744712662512633
0.03576700206872888 0.000744712662512633
0.03576700206872888 0.000744712662512633
0.03576700206872888 0.000744712662512633
0.03576700206872888 0.000744712662512633
0.03576700206872888 0.000744712662512633
0.03576700206872888 0.000744712662512633
0.03576700206872888 0.000744712662512633
0.03576700206872888 0.000744712662512633
0.03576700206872888 0.000744712662512633
0.03576700206872888 0.000744712662512633
0.03576700206872888 0.000744712662512633
0.03576700206872888 0.000744712662512633
0.03577174384688627 0.0007454543616227075
0.035777734553026394 0.0007457317086664994
0.03578082589270283 0.0007461917791793266
0.03578532090387865 0.0007472379350347499
0.03579417630539388 0.0007487261273004745
0.03580626073649604 0.0007487326262192065
0.03581701549987964 0.0007718552651840738
0.0358976361807118 0.0007841028232026724
0.0358976361807118 0.0007841028232026724
0.03591346937406689 0.0007852684235709628
0.035930366604743455 0.0007852821229734879
0.035930366604743455 0.0007852821229734879
0.035940166299801665 0.0007953617918421804
0.03596260037596656 0.0008068473434026883
0.035964559408433926 0.0008089562526983821
0.035964559408433926 0.0008089562526983821
0.035964559408433926 0.0008089562526983821
0.035964559408433926 0.0008089562526983821
0.03597809703157388 0.0008153539969152354
0.03597809703157388 0.0008153539969152354
0.03597809703157388 0.0008153539969152354
0.03598026247994429 0.0008171390066233153
0.035981954214578574 0.0008182213254252482
0.0359966470530697 0.0008260556041071823
0.0359966470530697 0.0008260556041071823
0.035998006024548224 0.0008263077150397594
0.035998006024548224 0.0008263077150397594
0.035998006024548224 0.0008263077150397594
0.036000804535903846 0.0008287839441389169
0.03600169289431994 0.0008289419043319139
0.03600463224974729 0.0008299728374059867
0.03600463224974729 0.0008299728374059867
0.03600463224974729 0.0008299728374059867
0.036028587218028804 0.0008319802543448568
0.036028587218028804 0.0008319802543448568
0.036028587218028804 0.0008319802543448568
0.03606196650214264 0.0008368870839975524
0.03607667196602576 0.0008384857525780854
0.03607807499482867 0.000840482923046099
0.03607878303575246 0.0008412911752620463
0.03607878303575246 0.0008412911752620463
0.03608402257386045 0.0008422630703772341
0.03608402257386045 0.0008422630703772341
0.03608402257386045 0.0008422630703772341
0.03608402257386045 0.0008422630703772341
0.03608402257386045 0.0008422630703772341
0.036091509990353765 0.0008425627574255274
0.036091509990353765 0.0008425627574255274
0.036096531967392716 0.0008435275426981062
0.036096531967392716 0.0008435275426981062
0.03610918646744295 0.0008454095788770752
0.03613115683628072 0.0008481985038156732
0.0361468026210765 0.0008514524513597579
0.0361468026210765 0.0008514524513597579
0.0361468026210765 0.0008514524513597579
0.0361468026210765 0.0008514524513597579
0.03615373255597225 0.0008528937175032036
0.03615373255597225 0.0008528937175032036
0.03615373255597225 0.0008528937175032036
0.03615373255597225 0.0008528937175032036
0.03617424967680403 0.0008553714587087534
0.03622231298899121 0.000855933354195011
0.03623704354672458 0.0008635667170449608
0.03635894543210573 0.0008898662151019457
0.03635894543210573 0.0008898662151019457
0.03648256451598476 0.0009093257953797356
0.036512753507084425 0.0009128436435028369
0.03652850145721599 0.0009168861388196202
0.03652850145721599 0.0009168861388196202
0.03652850145721599 0.0009168861388196202
0.03652850145721599 0.0009168861388196202
0.03652850145721599 0.0009168861388196202
0.03653638821635201 0.000917392233873197
0.03653638821635201 0.000917392233873197
0.03653638821635201 0.000917392233873197
0.03653638821635201 0.000917392233873197
0.03657949396298596 0.0009225743412558359
0.036579535643762436 0.0009233661399665644
0.03657989271381783 0.0009235264438780577
0.03657989271381783 0.0009235264438780577
0.03657989271381783 0.0009235264438780577
0.03657989271381783 0.0009235264438780577
0.03657989271381783 0.0009235264438780577
0.03659047165179864 0.0009251741968961303
0.03659047165179864 0.0009251741968961303
0.03659047165179864 0.0009251741968961303
0.03659047165179864 0.0009251741968961303
0.03659047165179864 0.0009251741968961303
0.03659047165179864 0.0009251741968961303
0.03659047165179864 0.0009251741968961303
0.03659047165179864 0.0009251741968961303
0.03659047165179864 0.0009251741968961303
0.03659047165179864 0.0009251741968961303
0.03659047165179864 0.0009251741968961303
0.03659047165179864 0.0009251741968961303
0.03660519778655941 0.0009257667498881119
0.03660519778655941 0.0009257667498881119
0.036606971439448674 0.0009260429728288535
0.03661743524447737 0.0009304918827626595
0.03661743524447737 0.0009304918827626595
0.03663185762622105 0.0009313356339483484
0.03663185762622105 0.0009313356339483484
0.03663185762622105 0.0009313356339483484
0.03663185762622105 0.0009313356339483484
0.03663305078344892 0.000931806232437965
0.03663305078344892 0.000931806232437965
0.03663305078344892 0.000931806232437965
0.03663305078344892 0.000931806232437965
0.03663305078344892 0.000931806232437965
0.03663305078344892 0.000931806232437965
0.03663305078344892 0.000931806232437965
0.03665005084830736 0.00093438812616302
0.036681994954712534 0.0009394296730955181
0.03669394062462596 0.0009400870075027441
0.03669993820825035 0.0009422244763380157
0.03670393196469937 0.0009426916257162935
0.03670393196469937 0.0009426916257162935
0.036712610534673805 0.0009441982911148974
0.036716612158758245 0.0009459394692903197
0.036716612158758245 0.0009459394692903197
0.0367397566179183 0.0009496558057452289
0.03674985284416951 0.0009506410705634346
0.03674985284416951 0.0009506410705634346
0.0367824238882869 0.0009517445932473216
0.03679117767476772 0.0009547345466659563
0.03683590590898566 0.0009590386769952259
0.03687314945467302 0.0009626731395152436
0.03689746431316048 0.0009650459383511551
0.03699574805348625 0.0009683987125084375
0.03700068321001276 0.0009708195653092657
0.03700068321001276 0.0009708195653092657
0.03700068321001276 0.0009708195653092657
0.03700068321001276 0.0009708195653092657
0.03700068321001276 0.0009708195653092657
0.03700068321001276 0.0009708195653092657
0.03700262701075647 0.0009719908992902432
0.03700737129580366 0.0009751141832727784
0.03703009431574848 0.0009758579259248447
0.03703189291405151 0.0009763742464827404
0.03703189291405151 0.0009763742464827404
0.03703191565402166 0.0009764162636837047
0.03703191565402166 0.0009764162636837047
0.037032610797945384 0.0009776990819899236
0.037032610797945384 0.0009776990819899236
0.037032610797945384 0.0009776990819899236
0.037032610797945384 0.0009776990819899236
0.037032610797945384 0.0009776990819899236
0.037032610797945384 0.0009776990819899236
0.037032610797945384 0.0009776990819899236
0.03703870079954545 0.0009780252750181916
0.03703870079954545 0.0009780252750181916
0.03703870079954545 0.0009780252750181916
0.03703985402579178 0.0009785437982123002
0.037047035854735566 0.000979379506185004
0.037047035854735566 0.000979379506185004
0.037047035854735566 0.000979379506185004
0.037047035854735566 0.000979379506185004
0.037047035854735566 0.000979379506185004
0.037047035854735566 0.000979379506185004
0.03705083509987071 0.0009806355828702892
0.03705083509987071 0.0009806355828702892
0.03705268895927363 0.000981310871568498
0.03705334074376564 0.0009814280973098769
0.037083682349784305 0.0009850505055258533
0.0371029891948291 0.0009851023659970617
0.0371029891948291 0.0009851023659970617
0.0371029891948291 0.0009851023659970617
0.0371029891948291 0.0009851023659970617
0.0371029891948291 0.0009851023659970617
0.0371029891948291 0.0009851023659970617
0.0371029891948291 0.0009851023659970617
0.0371029891948291 0.0009851023659970617
0.0371029891948291 0.0009851023659970617
0.0371029891948291 0.0009851023659970617
0.0371029891948291 0.0009851023659970617
0.0371029891948291 0.0009851023659970617
0.0371029891948291 0.0009851023659970617
0.0371029891948291 0.0009851023659970617
0.0371029891948291 0.0009851023659970617
0.0371029891948291 0.0009851023659970617
0.0371029891948291 0.0009851023659970617
0.0371029891948291 0.0009851023659970617
0.0371029891948291 0.0009851023659970617
0.0371029891948291 0.0009851023659970617
0.0371029891948291 0.0009851023659970617
0.0371029891948291 0.0009851023659970617
0.0371029891948291 0.0009851023659970617
0.0371029891948291 0.0009851023659970617
0.037112418217848914 0.0009859223278131078
0.03711915402879103 0.0009866881798343704
0.03711915402879103 0.0009866881798343704
0.037151049366036214 0.0009898531302798084
0.037151049366036214 0.0009898531302798084
0.037151049366036214 0.0009898531302798084
0.03716748547803966 0.0009913963243107235
0.03716748547803966 0.0009913963243107235
0.03716748547803966 0.0009913963243107235
0.03716748547803966 0.0009913963243107235
0.03716748547803966 0.0009913963243107235
0.03716748547803966 0.0009913963243107235
0.037206275366839646 0.0009949191125185794
0.037206275366839646 0.0009949191125185794
0.0372161812113128 0.0009961483642736114
0.037245272051698565 0.0009989872338577645
0.03724880812655464 0.000999332306575606
0.03724880812655464 0.000999332306575606
0.03725916056132875 0.0010003527346407284
0.03728287379138328 0.0010026654244670885
0.03728287379138328 0.0010026654244670885
0.037290358205168156 0.0010027298492025088
0.037290358205168156 0.0010027298492025088
0.037290358205168156 0.0010027298492025088
0.037290358205168156 0.0010027298492025088
0.037290358205168156 0.0010027298492025088
0.03730690914453075 0.0010030570437016763
0.03730690914453075 0.0010030570437016763
0.03730690914453075 0.0010030570437016763
0.037335636208056744 0.0010067430028441798
0.037404581300737164 0.0010084583531971072
0.03749907312258477 0.001017411767847887
0.03749907312258477 0.001017411767847887
0.03749907312258477 0.001017411767847887
0.037504022881715955 0.0010181827318673318
0.037504022881715955 0.0010181827318673318
0.037504022881715955 0.0010181827318673318
0.03757056458356777 0.0010335022119073397
0.03798012703518041 0.001033873149716842
0.03798012703518041 0.001033873149716842
0.03809096389399221 0.001035080484796995
0.03809096389399221 0.001035080484796995
0.03809096389399221 0.001035080484796995
0.038115587375816606 0.001038293077186157
0.03816726664090887 0.00104273212948605
0.03818395789857838 0.001044617289048029
0.0382083686700335 0.001047347267118036
0.0382083686700335 0.001047347267118036
0.03823297846622825 0.0010487210613452558
0.03823297846622825 0.0010487210613452558
0.03823297846622825 0.0010487210613452558
0.03823297846622825 0.0010487210613452558
0.03823297846622825 0.0010487210613452558
0.03823297846622825 0.0010487210613452558
0.038234814004061576 0.0010489380805032977
0.03825483177626534 0.001051304816573442
0.038262742625032334 0.0010526534241409814
0.03827421509448591 0.0010534251613822444
0.03827421509448591 0.0010534251613822444
0.0382778746162567 0.0010540292163020827
0.038282761144881425 0.0010546069588744486
0.038282761144881425 0.0010546069588744486
0.038282761144881425 0.0010546069588744486
0.038282761144881425 0.0010546069588744486
0.038282761144881425 0.0010546069588744486
0.038282761144881425 0.0010546069588744486
0.038352450730255734 0.001062182978907902
0.03837944281864339 0.0010636939532617145
0.038396781582889124 0.0010651699327159205
0.0384165835466649 0.0010656289192415385
0.03848950431380836 0.0010660437022823226
0.03848950431380836 0.0010660437022823226
0.038605835905398955 0.0010695639381729544
0.03863027735817509 0.0010754957131807296
0.03863027735817509 0.0010754957131807296
0.038659422733763736 0.0010783399046575017
0.038704867799761185 0.0010786504867882232
0.038704867799761185 0.0010786504867882232
0.03879309344415744 0.0010807223148736646
0.03879309344415744 0.0010807223148736646
0.03914844214810925 0.0010855164211945084
0.03924015878098991 0.0010873349937615562
0.03937214051792793 0.0010914862783782753
0.03959280533098227 0.0010918318635799366
0.03974025248235928 0.0010947126597668955
0.03976119376916583 0.0011098084621216987
0.03997115528656496 0.0011111714362006377
0.04001084674505992 0.0011125528930702954
0.040044015420423726 0.0011140927329003538
0.04031207997291761 0.0011156405487977067
0.040409795322851036 0.0011207710281351982
0.040409795322851036 0.0011207710281351982
0.040429219503014896 0.0011271143537943142
0.040429219503014896 0.0011271143537943142
0.04077262499432888 0.0011300059052760942
0.04089260189926147 0.0011305452337689163
0.04108743484359234 0.0011391537021735074
0.04141729883231089 0.0011403641619913718
0.04158356370351689 0.0011556563099853663
0.041832127155889035 0.0011557269653615788
0.041832127155889035 0.0011557269653615788
0.041832127155889035 0.0011557269653615788
0.041832127155889035 0.0011557269653615788
0.041832127155889035 0.0011557269653615788
0.041832127155889035 0.0011557269653615788
0.04183244574053614 0.0011557771603223348
0.04209285992036371 0.0011566814977955816
0.04210258802548299 0.0011576329574415794
0.04212651420299611 0.0011691165733651813
0.04220607953169217 0.0011699103594298304
0.04221191639455804 0.001175613696265767
0.04234796233948901 0.001176337307542061
0.04234796233948901 0.001176337307542061
0.04234796233948901 0.001176337307542061
0.04234796233948901 0.001176337307542061
0.04234796233948901 0.001176337307542061
0.04234796233948901 0.001176337307542061
0.04241971227952615 0.001177740808270134
0.04244893043593641 0.0011785872513154743
0.04244893043593641 0.0011785872513154743
0.04244893043593641 0.0011785872513154743
0.04244893043593641 0.0011785872513154743
0.04244893043593641 0.0011785872513154743
0.04244893043593641 0.0011785872513154743
0.04244997777310369 0.0011786174000380455
0.04244997777310369 0.0011786174000380455
0.04244997777310369 0.0011786174000380455
0.04244997777310369 0.0011786174000380455
0.04244997777310369 0.0011786174000380455
0.04244997777310369 0.0011786174000380455
0.04264736567220451 0.0011841631569183637
0.04269002311235541 0.0011843749178684026
0.042716932359880194 0.001185020571833561
0.042907075757805724 0.0011856467831736345
0.043216605900745816 0.0011962893583246058
0.04324786391968241 0.0011965088292246304
0.04324786391968241 0.0011965088292246304
0.04324786391968241 0.0011965088292246304
0.04324786391968241 0.0011965088292246304
0.0433005968655103 0.0011968844818271251
0.04346997096044636 0.0011975013510997915
0.04346997096044636 0.0011975013510997915
0.04346997096044636 0.0011975013510997915
0.04346997096044636 0.0011975013510997915
0.04346997096044636 0.0011975013510997915
0.04346997096044636 0.0011975013510997915
0.04357583432621881 0.0011982465698795624
0.043611195754112056 0.0012018325921298075
0.043624964943048516 0.0012054497169525845
0.04368224656061287 0.0012069600846085413
0.04371264205598309 0.001211348930966769
0.043754976425225425 0.0012161873543532627
0.043754976425225425 0.0012161873543532627
0.04395642259279314 0.0012165543982652256
0.04408500608197313 0.0012205024190801567
0.0441473550417541 0.0012274086371547959
0.044452752324086076 0.0012296422431850383
0.04452654881147072 0.0012325725967514234
0.04452654881147072 0.0012325725967514234
0.04452654881147072 0.0012325725967514234
0.04452654881147072 0.0012325725967514234
0.04470036085300899 0.0012328896588493976
0.04476242169304191 0.0012384933563339502
0.04476242169304191 0.0012384933563339502
0.04480871411247889 0.0012395687344191305
0.044819994889604184 0.0012443778562302118
0.04484549952690066 0.0012454138789783952
0.04484549952690066 0.0012454138789783952
0.0448685572787005 0.001248693814661271
0.04517142169000685 0.0012507223381622472
0.04526936241162766 0.0012574981542127189
0.04578173060397684 0.0012642266207082663
0.04625868258532219 0.001266751067202154
0.04638348511794352 0.0012684712449118445
0.04652706184153208 0.0012839191585123876
0.04653854525579583 0.0012860413382541531
0.046593632615278366 0.0012917469952541984
0.046609694446262374 0.0012968372735149827
0.04729907712994401 0.0012997548586221367
0.04729907712994401 0.0012997548586221367
0.04837953469449986 0.0013082331586030758
0.04837953469449986 0.0013082331586030758
0.04864976763032941 0.0013103549860070595
0.04889661789665235 0.0013142742310880472
0.04893824104496892 0.00131605725396183
0.05024330210189779 0.0013272012209556484
