0.035744255496397384 0.0006501402612484654
0.0358902227761357 0.0006971403184544032
0.035933666498516204 0.000704655063694396
0.0359917095501255 0.0007053580766589131
0.03603860612156258 0.0007488435781871865
0.03603860612156258 0.0007488435781871865
0.03608116559889252 0.0007674829056528312
0.036093298098197946 0.0007872057482919128
0.036093298098197946 0.0007872057482919128
0.03614964606046012 0.0008189345069194471
0.03614964606046012 0.0008189345069194471
0.03628591380522992 0.0008281869080514291
0.036332019783048904 0.0008691471953699893
0.036332019783048904 0.0008691471953699893
0.0363425012269622 0.0008754030498296932
0.03639797448745701 0.0008798517824468822
0.03639797448745701 0.0008798517824468822
0.03639797448745701 0.0008798517824468822
0.03639797448745701 0.0008798517824468822
0.03640296974229822 0.0008803480581771879
0.03640861104382762 0.0008807382505160895
0.036415089436739455 0.0008811095464988576
0.036415089436739455 0.0008811095464988576
0.03641655996335669 0.000881698198022364
0.03641655996335669 0.000881698198022364
0.03643027737678268 0.0008826365671747874
0.03643976766777547 0.0008835907411392927
0.03643976766777547 0.0008835907411392927
0.036471629923094745 0.0008848588657194948
0.036472653390711776 0.0008871767025717541
0.036483893087120925 0.0008930320919002121
0.03649996705513405 0.0008987361866677541
0.036548376056749605 0.0009023052853908262
0.036552486266555294 0.0009097009388070163
0.03662281108063528 0.0009150706818348394
0.03662281108063528 0.0009150706818348394
0.03662281108063528 0.0009150706818348394
0.03662281108063528 0.0009150706818348394
0.036650314825091485 0.0009210456843353372
0.03666122885382242 0.000922314464901107
0.03666122885382242 0.000922314464901107
0.036786008500353976 0.0009408744849562625
0.036805690678662274 0.000957003960746168
0.036805690678662274 0.000957003960746168
0.03683783349597887 0.0009575585947653995
0.03683783349597887 0.0009575585947653995
0.03683783349597887 0.0009575585947653995
0.03683783349597887 0.0009575585947653995
0.03684591217242616 0.000958095166625208
0.03684591217242616 0.000958095166625208
0.03684591217242616 0.000958095166625208
0.03685446382248788 0.0009585845306557562
0.03686158489678915 0.0009590238344601415
0.03686718272286655 0.0009594186562073259
0.03686718272286655 0.0009594186562073259
0.03686718272286655 0.0009594186562073259
0.03686718272286655 0.0009594186562073259
0.03686995355166734 0.000959691988361642
0.03686995355166734 0.000959691988361642
0.03686995355166734 0.000959691988361642
0.03688178712006533 0.0009603918512005678
0.03689087212625214 0.0009623409864019517
0.03689087212625214 0.0009623409864019517
0.03689087212625214 0.0009623409864019517
0.03689087212625214 0.0009623409864019517
0.03689087212625214 0.0009623409864019517
0.03689087212625214 0.0009623409864019517
0.03689087212625214 0.0009623409864019517
0.03689087212625214 0.0009623409864019517
0.03689087212625214 0.0009623409864019517
0.03689087212625214 0.0009623409864019517
0.03689087212625214 0.0009623409864019517
0.03689087212625214 0.0009623409864019517
0.03689087212625214 0.0009623409864019517
0.03689087212625214 0.0009623409864019517
0.03689087212625214 0.0009623409864019517
0.03689087212625214 0.0009623409864019517
0.03689087212625214 0.0009623409864019517
0.03689087212625214 0.0009623409864019517
0.03689087212625214 0.0009623409864019517
0.03689087212625214 0.0009623409864019517
0.03689087212625214 0.0009623409864019517
0.03689087212625214 0.0009623409864019517
0.03689087212625214 0.0009623409864019517
0.03689087212625214 0.0009623409864019517
0.03689087212625214 0.0009623409864019517
0.03689087212625214 0.0009623409864019517
0.03689087212625214 0.0009623409864019517
0.03689087212625214 0.0009623409864019517
0.03689087212625214 0.0009623409864019517
0.03690047877692016 0.0009631892834911777
0.03691234734904934 0.0009636658071629342
0.03693179053478875 0.0009742111421585874
0.03693632839582038 0.0009745169518719911
0.036947693861177626 0.0009748645167206907
0.036947693861177626 0.0009748645167206907
0.036947693861177626 0.0009748645167206907
0.036947693861177626 0.0009748645167206907
0.036947693861177626 0.0009748645167206907
0.036951836455982406 0.0009754590688771263
0.036951836455982406 0.0009754590688771263
0.03695296200556361 0.0009755349103368551
0.03695296200556361 0.0009755349103368551
0.03695296200556361 0.0009755349103368551
0.03695296200556361 0.0009755349103368551
0.03695296200556361 0.0009755349103368551
0.03695296200556361 0.0009755349103368551
0.03695296200556361 0.0009755349103368551
0.03695296200556361 0.0009755349103368551
0.03695296200556361 0.0009755349103368551
0.03695296200556361 0.0009755349103368551
0.03695296200556361 0.0009755349103368551
0.03695296200556361 0.0009755349103368551
0.03695296200556361 0.0009755349103368551
0.03695296200556361 0.0009755349103368551
0.03695296200556361 0.0009755349103368551
0.036960682437966665 0.0009760053310023165
0.036964510318893064 0.0009762473334580338
0.036964510318893064 0.0009762473334580338
0.036964510318893064 0.0009762473334580338
0.03697082613610189 0.0009765133186195908
0.03697082613610189 0.0009765133186195908
0.03697668194168688 0.0009766528106649425
0.03697770364422913 0.0009770435523813962
0.03698103621647121 0.0009771431852604313
0.03699231256992318 0.0009797256757689602
0.037012626572493317 0.0009811894543949422
0.037012626572493317 0.0009811894543949422
0.037054143427308506 0.000981759173380763
0.03705620666560826 0.0009818769161218839
0.03707946018533968 0.0009829303546883199
0.03707946018533968 0.0009829303546883199
0.03707946018533968 0.0009829303546883199
0.03708651633258093 0.0009836079526416178
0.03708984693239912 0.000983653108491783
0.03709042530192145 0.0009837083739631595
0.03709042530192145 0.0009837083739631595
0.037094773078196405 0.0009838605250495542
0.037094773078196405 0.0009838605250495542
0.0371046363957959 0.0009845654803138067
0.0371046363957959 0.0009845654803138067
0.03710561130167133 0.0009849519468231652
0.03710561130167133 0.0009849519468231652
0.03710561130167133 0.0009849519468231652
0.03710561130167133 0.0009849519468231652
0.03710561130167133 0.0009849519468231652
0.03710561130167133 0.0009849519468231652
0.03710561130167133 0.0009849519468231652
0.03710561130167133 0.0009849519468231652
0.03710561130167133 0.0009849519468231652
0.03710874120077079 0.000986892721775611
0.037114453714896786 0.0009872606441443438
0.037114453714896786 0.0009872606441443438
0.037114453714896786 0.0009872606441443438
0.03714838726550914 0.0009875731383683188
0.03714838726550914 0.0009875731383683188
0.03714838726550914 0.0009875731383683188
0.03715078889693535 0.000987715276043847
0.03715078889693535 0.000987715276043847
0.03716316384279509 0.000987954614369881
0.03716458402422317 0.000988341071260165
0.03716458402422317 0.000988341071260165
0.03716458402422317 0.000988341071260165
0.037167689550348625 0.0009887009426793186
0.037171541173243366 0.0009909375292182312
0.03720805187355168 0.0009912184892625036
0.03720805187355168 0.0009912184892625036
0.03720805187355168 0.0009912184892625036
0.03720805187355168 0.0009912184892625036
0.03720805187355168 0.0009912184892625036
0.03720805187355168 0.0009912184892625036
0.03720805187355168 0.0009912184892625036
0.03720805187355168 0.0009912184892625036
0.03720805187355168 0.0009912184892625036
0.03720805187355168 0.0009912184892625036
0.03720805187355168 0.0009912184892625036
0.03720805187355168 0.0009912184892625036
0.03720805187355168 0.0009912184892625036
0.03720805187355168 0.0009912184892625036
0.03720805187355168 0.0009912184892625036
0.03720805187355168 0.0009912184892625036
0.03720805187355168 0.0009912184892625036
0.03720805187355168 0.0009912184892625036
0.03720805187355168 0.0009912184892625036
0.03720805187355168 0.0009912184892625036
0.03720805187355168 0.0009912184892625036
0.03720805187355168 0.0009912184892625036
0.03720805187355168 0.0009912184892625036
0.03720805187355168 0.0009912184892625036
0.03720805187355168 0.0009912184892625036
0.03720805187355168 0.0009912184892625036
0.03720805187355168 0.0009912184892625036
0.03720805187355168 0.0009912184892625036
0.03720805187355168 0.0009912184892625036
0.03720805187355168 0.0009912184892625036
0.03720805187355168 0.0009912184892625036
0.03720805187355168 0.0009912184892625036
0.03720805187355168 0.0009912184892625036
0.03720805187355168 0.0009912184892625036
0.03720805187355168 0.0009912184892625036
0.03720805187355168 0.0009912184892625036
0.03720805187355168 0.0009912184892625036
0.03720805187355168 0.0009912184892625036
0.03720805187355168 0.0009912184892625036
0.03720805187355168 0.0009912184892625036
0.03720805187355168 0.0009912184892625036
0.03720805187355168 0.0009912184892625036
0.03720805187355168 0.0009912184892625036
0.03720805187355168 0.0009912184892625036
0.03720805187355168 0.0009912184892625036
0.03720805187355168 0.0009912184892625036
0.03720805187355168 0.0009912184892625036
0.03720805187355168 0.0009912184892625036
0.03720805187355168 0.0009912184892625036
0.03720805187355168 0.0009912184892625036
0.03720805187355168 0.0009912184892625036
0.03720805187355168 0.0009912184892625036
0.03720805187355168 0.0009912184892625036
0.03720805187355168 0.0009912184892625036
0.03720805187355168 0.0009912184892625036
0.03720805187355168 0.0009912184892625036
0.03720805187355168 0.0009912184892625036
0.03720805187355168 0.0009912184892625036
0.03720805187355168 0.0009912184892625036
0.03720805187355168 0.0009912184892625036
0.03720805187355168 0.0009912184892625036
0.03720805187355168 0.0009912184892625036
0.03720805187355168 0.0009912184892625036
0.03720805187355168 0.0009912184892625036
0.03720805187355168 0.0009912184892625036
0.03720805187355168 0.0009912184892625036
0.03720805187355168 0.0009912184892625036
0.03720805187355168 0.0009912184892625036
0.03720805187355168 0.0009912184892625036
0.03720805187355168 0.0009912184892625036
0.03720805187355168 0.0009912184892625036
0.03720805187355168 0.0009912184892625036
0.03720805187355168 0.0009912184892625036
0.03720805187355168 0.0009912184892625036
0.03720805187355168 0.0009912184892625036
0.03720805187355168 0.0009912184892625036
0.03720805187355168 0.0009912184892625036
0.03720805187355168 0.0009912184892625036
0.03720805187355168 0.0009912184892625036
0.03720805187355168 0.0009912184892625036
0.03720805187355168 0.0009912184892625036
0.03720805187355168 0.0009912184892625036
0.03720805187355168 0.0009912184892625036
0.03720805187355168 0.0009912184892625036
0.03720805187355168 0.0009912184892625036
0.03720805187355168 0.0009912184892625036
0.03720805187355168 0.0009912184892625036
0.03720857118804416 0.0009912576457798816
0.03721185084748391 0.0009915000770440103
0.037225044126700704 0.0009994511907748108
0.037255816859347576 0.001001024430819454
0.037255816859347576 0.001001024430819454
0.037255816859347576 0.001001024430819454
0.037255816859347576 0.001001024430819454
0.037255816859347576 0.001001024430819454
0.037255816859347576 0.001001024430819454
0.037255816859347576 0.001001024430819454
0.037255816859347576 0.001001024430819454
0.037329904296166234 0.0010023833515395908
0.037329904296166234 0.0010023833515395908
0.037329904296166234 0.0010023833515395908
0.0373722016041433 0.001003165170754267
0.0373722016041433 0.001003165170754267
0.0373722016041433 0.001003165170754267
0.0373722016041433 0.001003165170754267
0.03740567177042037 0.0010034570279989926
0.03740567177042037 0.0010034570279989926
0.03740567177042037 0.0010034570279989926
0.03740567177042037 0.0010034570279989926
0.03740567177042037 0.0010034570279989926
0.03740567177042037 0.0010034570279989926
0.03740567177042037 0.0010034570279989926
0.03740567177042037 0.0010034570279989926
0.037474908456729246 0.001015232479865
0.037507297424994784 0.00101579597030616
0.037507297424994784 0.00101579597030616
0.037508181817549 0.001015802145407689
0.037508412270397744 0.0010158037547700442
0.037508412270397744 0.0010158037547700442
0.037508412270397744 0.0010158037547700442
0.037508412270397744 0.0010158037547700442
0.037508412270397744 0.0010158037547700442
0.037508412270397744 0.0010158037547700442
0.037508412270397744 0.0010158037547700442
0.037508412270397744 0.0010158037547700442
0.037508412270397744 0.0010158037547700442
0.037508412270397744 0.0010158037547700442
0.037508412270397744 0.0010158037547700442
0.037508412270397744 0.0010158037547700442
0.037508412270397744 0.0010158037547700442
0.037508412270397744 0.0010158037547700442
0.037511031548769835 0.0010158220381217315
0.037511031548769835 0.0010158220381217315
0.03753820585630229 0.0010163517656249983
0.037580694472913886 0.001017133290886403
0.03760561535466873 0.0010176584974729685
0.03761746680481967 0.0010178096685217468
0.03761746680481967 0.0010178096685217468
0.03772228819181463 0.001024743461901562
0.03772228819181463 0.001024743461901562
0.03783496922013061 0.0010323473096253907
0.03788182108004497 0.001034552218180342
0.03792991730583714 0.0010460496476437512
0.03808809659196176 0.0010492830732354397
0.03808809659196176 0.0010492830732354397
0.038171111219973936 0.0010532527638601574
0.03820460823788503 0.0010547072106067818
0.03820460823788503 0.0010547072106067818
0.03824725995904722 0.0010600034471127024
0.0382593420678404 0.0010610885708616895
0.038550323951967364 0.001062975149972712
0.038550323951967364 0.001062975149972712
0.03868110087125669 0.001066492065594931
0.03878061990982956 0.0010681619709074998
0.03878061990982956 0.0010681619709074998
0.03884131742094053 0.001070655283890873
0.03884585549716892 0.0010714069881781172
0.0390503871330591 0.001075853336172712
0.039144687735539765 0.0010764882721617547
0.039210636854199996 0.0010768219483098067
0.039210636854199996 0.0010768219483098067
0.039210636854199996 0.0010768219483098067
0.039210636854199996 0.0010768219483098067
0.039210636854199996 0.0010768219483098067
0.039210636854199996 0.0010768219483098067
0.03921488237572696 0.0010842902786023856
0.03930004816130923 0.0010853840557491778
0.03931313609070307 0.0010855521386484582
0.03937141060750528 0.0010866904728156932
0.03940913540368076 0.0010897327929770678
0.039686072152294014 0.0010913983919041107
0.03976551206845462 0.0010954056120500506
0.03980082721359541 0.0010956129357664653
0.03984788334983104 0.0010960212519048995
0.03984788334983104 0.0010960212519048995
0.03984788334983104 0.0010960212519048995
0.03984788334983104 0.0010960212519048995
0.03984882645075048 0.0010960671629553686
0.03985360431215415 0.0011013636081055101
0.03986514546839019 0.001102116351498008
0.03986514546839019 0.001102116351498008
0.03986514546839019 0.001102116351498008
0.03986514546839019 0.001102116351498008
0.03986514546839019 0.001102116351498008
0.03986514546839019 0.001102116351498008
0.03986514546839019 0.001102116351498008
0.03986514546839019 0.001102116351498008
0.03986514546839019 0.001102116351498008
0.03986514546839019 0.001102116351498008
0.03986514546839019 0.001102116351498008
0.03986514546839019 0.001102116351498008
0.03986514546839019 0.001102116351498008
0.03986514546839019 0.001102116351498008
0.03986514546839019 0.001102116351498008
0.03987507946527484 0.0011021788080327274
0.03987507946527484 0.0011021788080327274
0.039925630672715394 0.0011025631184354864
0.039925630672715394 0.0011025631184354864
0.039925630672715394 0.0011025631184354864
0.039925630672715394 0.0011025631184354864
0.039989002284872566 0.0011027201399747717
0.039989002284872566 0.0011027201399747717
0.039989004804687 0.001102890503640679
0.039989005574505125 0.0011029587352878846
0.039989005574505125 0.0011029587352878846
0.039989005574505125 0.0011029587352878846
0.039989005574505125 0.0011029587352878846
0.039989005574505125 0.0011029587352878846
0.039989005574505125 0.0011029587352878846
0.039989005574505125 0.0011029587352878846
0.039989005574505125 0.0011029587352878846
0.039989005574505125 0.0011029587352878846
0.039989005574505125 0.0011029587352878846
0.039989005574505125 0.0011029587352878846
0.039989005574505125 0.0011029587352878846
0.039989005574505125 0.0011029587352878846
0.039989005574505125 0.0011029587352878846
0.039989005574505125 0.0011029587352878846
0.039989005574505125 0.0011029587352878846
0.039989005574505125 0.0011029587352878846
0.039989005574505125 0.0011029587352878846
0.039989005574505125 0.0011029587352878846
0.039989005574505125 0.0011029587352878846
0.03998900557450513 0.0011029587352878849
0.04001675400318866 0.0011030695931622276
0.04001675400318866 0.0011030695931622276
0.04001675400318866 0.0011030695931622276
0.04001675400318866 0.0011030695931622276
0.04001979748200639 0.0011035429701837655
0.04001979748200639 0.0011035429701837655
0.04001979748200639 0.0011035429701837655
0.04001979748200639 0.0011035429701837655
0.04001979748200639 0.0011035429701837655
0.04001979748200639 0.0011035429701837655
0.04001979748200639 0.0011035429701837655
0.04001979748200639 0.0011035429701837655
0.04001979748200639 0.0011035429701837655
0.04001979748200639 0.0011035429701837655
0.04001979748200639 0.0011035429701837655
0.04001979748200639 0.0011035429701837655
0.04001979748200639 0.0011035429701837655
0.04001979748200639 0.0011035429701837655
0.04001979748200639 0.0011035429701837655
0.04001979748200639 0.0011035429701837655
0.04001979748200639 0.0011035429701837655
0.04001979748200639 0.0011035429701837655
0.04001979748200639 0.0011035429701837655
0.04001979748200639 0.0011035429701837655
0.04001979748200639 0.0011035429701837657
0.04013151071278004 0.0011037330170217195
0.04013151071278004 0.0011037330170217195
0.04013634533022163 0.001103821543039983
0.04013634533022163 0.001103821543039983
0.04013634533022163 0.001103821543039983
0.04034378262916942 0.0011131433775619318
0.04041371220765833 0.0011186016264391676
0.040529354360338034 0.0011198160226313706
0.04055217957422877 0.0011204740898769377
0.040604334927102304 0.0011211439144835282
0.040708549459559616 0.0011270787934216915
0.041194989315552114 0.0011358494176321905
0.04145294134327072 0.0011453579519030762
0.04162901378479509 0.0011468890034896614
0.04168232465428622 0.0011479175634672711
0.04168232465428622 0.0011479175634672711
0.04168232465428622 0.0011479175634672711
0.04174620197824861 0.0011515860559447005
0.041926231258365004 0.0011552015495681438
0.041926231258365004 0.0011552015495681438
0.04197454732314047 0.001156171871481452
0.04205263966435518 0.0011700734617084547
0.04205263966435518 0.0011700734617084547
0.04210271288700659 0.001176791121769466
0.04210271288700659 0.001176791121769466
0.042256618956526486 0.0011780658088978333
0.042499487251329376 0.0011813573409769707
0.042499487251329376 0.0011813573409769707
0.04259363620618256 0.0011866462340037645
0.04259363620618256 0.0011866462340037645
0.04259868808778349 0.0011867285960670652
0.04282622291549476 0.001187999514874285
0.04308011776833464 0.0011889880690731482
0.043164208523685375 0.001190141522818342
0.043164208523685375 0.001190141522818342
0.04319446068137227 0.001195102176898931
0.04320503736980232 0.0011952646343631054
0.04320503736980232 0.0011952646343631054
0.04320503736980232 0.0011952646343631054
0.043367924758515974 0.0012013365874938464
0.04353984159810883 0.0012015004247964934
0.04355474242616442 0.0012111122367414958
0.04356371226262784 0.0012119437974008663
0.04372125708078118 0.00121909791565389
0.04372125708078118 0.00121909791565389
0.04372125708078118 0.00121909791565389
0.044287796624256776 0.0012240312377527897
0.044287796624256776 0.0012240312377527897
0.0443028783696275 0.0012249072493532578
0.044351749081162226 0.0012268704881649682
0.044351749081162226 0.0012268704881649682
0.0443801861217865 0.0012281329761282373
0.0443801861217865 0.0012281329761282373
0.0443801861217865 0.0012281329761282373
0.04440550573352654 0.0012336530121588385
0.04464143128391149 0.0012339688729508186
0.044723430559016474 0.0012358881380169682
0.044724521178734024 0.0012359021502943858
0.04483047859538838 0.0012390419277619252
0.04483047859538838 0.0012390419277619252
0.045055337063351526 0.001240743169121566
0.045055337063351526 0.001240743169121566
0.045055337063351526 0.001240743169121566
0.04517722476766292 0.0012457944382181204
0.04524556847625928 0.0012501904905707203
0.04564553561371745 0.0012552417469219282
0.04564553561371745 0.0012552417469219282
0.04567854541585238 0.0012566633250731972
0.04571035351829138 0.0012577987622509794
0.045744431755538176 0.0012582251800405046
0.045744431755538176 0.0012582251800405046
0.04592837816235512 0.0012628470640409803
0.04592837816235512 0.0012628470640409803
0.046128931629519546 0.0012667599255486905
0.04617635019537877 0.0012792090428419957
0.04617635019537877 0.0012792090428419957
0.046741073009014915 0.0012853013205034233
0.04680481929549384 0.0012889086420373847
0.04681500053125919 0.0013025008144762124
0.04720332166109374 0.0013048317703890369
0.04721388469431672 0.001305811030480084
0.04721388469431672 0.001305811030480084
0.04816692982063594 0.0013114026726926086
0.049741527296485864 0.001311442914597709
0.049741527296485864 0.001311442914597709
0.050505690839006086 0.001313307218094784
