0.046523992 0.0012908574
0.040258184 0.0011245867
0.047235377 0.0013016615
0.046219327 0.0012836684
0.0442544 0.0012375002
0.046529874 0.0012909919
0.044248592 0.0012372843
0.040255878 0.0011245338
0.044624392 0.0012448014
0.047638707 0.0013090443
0.03869464 0.0010796046
0.04502117 0.0012512805
0.046528853 0.0012909747
0.04462447 0.0012448023
0.040158715 0.0011220288
0.04399704 0.0012315302
0.044344865 0.0012381274
0.04424212 0.0012372279
0.044253122 0.0012374545
0.0406296 0.0011378429
0.040613 0.0011374328
0.046534184 0.0012911004
0.038137875 0.0010623402
0.047233775 0.0013016186
0.046526928 0.0012909311
0.042856373 0.0011997806
0.04060898 0.0011372777
0.044229127 0.001236969
0.046615273 0.0012915328
0.044624556 0.001244803
0.047237966 0.0013016824
0.044602267 0.001243524
0.040138043 0.0011212212
0.046639595 0.001292196
0.04014583 0.0011215204
0.046906732 0.0012984899
0.03715214 0.00087531825
0.042810854 0.0011986963
0.040630803 0.0011378906
0.042809363 0.0011986581
0.04014109 0.0011213638
0.044628188 0.0012448898
0.044624306 0.0012448006
0.04383081 0.0012269792
0.040140815 0.0011213474
0.04061772 0.0011376065
0.04026486 0.0011247816
0.046522893 0.0012908243
0.04434732 0.001238197
0.040138375 0.0011212521
0.038302857 0.0010684101
0.04691727 0.0012985253
0.040624123 0.0011377212
0.039628327 0.0011063085
0.04653756 0.0012912209
0.046265706 0.001284766
0.04692228 0.0012987098
0.042819444 0.0011989028
0.04664063 0.0012922217
0.040135145 0.0011211318
0.040616106 0.0011375312
0.04825137 0.0013092067
0.044615716 0.0012446407
0.043797765 0.0012260526
0.042812742 0.00119873
0.04462174 0.0012447282
0.047228564 0.0013015107
0.044218224 0.0012363968
0.046240892 0.0012839983
0.042812426 0.0011987006
0.04013192 0.0011209716
0.04422461 0.0012365783
0.046527453 0.0012909486
0.04724745 0.0013018086
0.046897173 0.001298227
0.04501928 0.0012512179
0.044248946 0.0012373271
0.04436679 0.0012387593
0.042812075 0.0011986993
0.038700182 0.0010798653
0.04425893 0.0012375291
0.04690247 0.001298391
0.04423626 0.0012370745
0.040139142 0.0011212822
0.044243973 0.0012372498
0.043333385 0.0012129095
0.043895643 0.0012287418
0.04437603 0.0012390028
0.046243995 0.0012841173
0.044238973 0.0012371328
0.042815775 0.0011988257
0.04626778 0.0012847949
0.046227083 0.0012838539
0.042815015 0.0011987749
0.043885436 0.0012285032
0.040145457 0.0011215013
0.04653734 0.001291219
0.04272632 0.0011963097
0.044361707 0.0012386345
0.04425109 0.0012373972
0.04282327 0.0011989401
0.044253975 0.001237485
0.04063664 0.0011380181
0.03869514 0.0010796393
0.04062669 0.0011377521
0.03963242 0.0011063634
0.043286122 0.0012115978
0.046898704 0.001298276
0.044253547 0.0012374697
0.045007266 0.0012511964
0.043824427 0.0012267876
0.047247484 0.0013019482
0.040634748 0.0011380103
0.047229495 0.0013015345
0.041818876 0.0011717448
0.041796636 0.0011711677
0.041161276 0.0011538166
0.041813213 0.0011717062
0.04219795 0.001182559
0.040374935 0.0011310225
0.04185173 0.0011725478
0.041846603 0.0011725408
0.039084163 0.0010918127
0.041106865 0.0011521957
0.03945182 0.0011008299
0.04216754 0.0011817856
0.038418256 0.0010733812
0.041857474 0.0011727745
0.04216588 0.001181717
0.041788165 0.001170921
0.042088903 0.0011797044
0.041051935 0.0011507518
0.038614642 0.0010785618
0.041772947 0.0011705226
0.043401185 0.0012160694
0.038410876 0.0010731353
0.041020732 0.0011499458
0.041774362 0.0011705442
0.041097946 0.0011520123
0.041836064 0.0011722264
0.043639977 0.0012219491
0.042265035 0.0011844675
0.041181922 0.001154375
0.04938608 0.0013178232
0.042197168 0.0011825375
0.0421822 0.001182144
0.04182075 0.0011717876
0.04179073 0.0011709984
0.03880212 0.0010844575
0.041030843 0.0011502116
0.04110508 0.0011521801
0.042345803 0.0011868489
0.04121326 0.0011553685
0.041776698 0.0011706316
0.042332508 0.0011864546
0.04124566 0.0011563136
0.04226049 0.0011844054
0.041184783 0.0011545316
0.042371836 0.0011875976
0.041853286 0.0011726598
0.041838776 0.0011722875
0.03838328 0.0010720032
0.039365463 0.0010976249
0.038590133 0.0010780742
0.039803423 0.0011117558
0.039795127 0.0011115848
0.04363455 0.0012217355
0.041702725 0.0011687734
0.03861229 0.0010784576
0.038409922 0.0010730732
0.041029446 0.0011501703
0.04232282 0.0011860555
0.042347755 0.0011868542
0.041015003 0.0011498122
0.041038662 0.0011504061
0.041901875 0.001174011
0.04180874 0.0011714995
0.041092873 0.0011518496
0.039787874 0.0011114761
0.039372038 0.001098039
0.03907572 0.001091747
0.03859961 0.0010781445
0.04178549 0.0011709121
0.041159894 0.0011537179
0.0411698 0.0011540249
0.04233535 0.0011864646
0.039038647 0.0010910092
0.04105043 0.0011507217
0.042177524 0.00118205
0.041019216 0.001149888
0.042338878 0.0011866359
0.04109692 0.0011519435
0.041795693 0.0011711337
0.041782394 0.0011707915
0.039837006 0.0011124864
0.04191887 0.0011744905
0.04104619 0.0011506034
0.0421994 0.0011825818
0.041794565 0.001171104
0.04106852 0.0011512038
0.041793197 0.0011710966
0.041798368 0.0011712135
0.041228823 0.001155744
0.039375324 0.0010982216
0.039041582 0.0010910913
0.04184123 0.0011723955
0.04219084 0.0011823961
0.041863788 0.0011729193
0.04108892 0.0011517304
0.041845743 0.0011724826
0.041792322 0.0011710257
0.03876476 0.0010830422
0.04302632 0.0012054705
0.041032754 0.0011502651
0.04108889 0.0011517099
0.0410588 0.001150943
0.041058827 0.0011509438
0.03841739 0.0010733419
0.039829057 0.0011122506
0.04221082 0.0011828878
0.04176783 0.0011704463
0.042282756 0.0011849506
0.042235028 0.0011835065
0.042158604 0.0011815365
0.041030087 0.0011501875
0.039783426 0.0011114285
0.041912977 0.0011742894
0.039851822 0.0011129278
0.04221702 0.0011830447
0.04174619 0.0011697984
0.043003596 0.001204666
0.04216464 0.0011816883
0.03911408 0.0010928495
0.04216046 0.0011815479
0.040991716 0.0011492057
0.039365042 0.0010974434
0.04099149 0.0011491998
0.04108007 0.0011515017
0.04117995 0.0011543657
0.0411665 0.0011539134
0.04100171 0.0011494195
0.038419217 0.0010735437
0.042212598 0.0011829291
0.039089475 0.0010919945
0.042331673 0.0011863904
0.041185006 0.0011545352
0.04186524 0.0011729572
0.04233154 0.001186364
0.041027192 0.0011501306
0.04219213 0.001182412
0.0418172 0.0011717374
0.039096333 0.0010921959
0.038791463 0.0010842233
0.03880515 0.0010845924
0.038410116 0.001073081
0.041231718 0.0011558465
0.039085638 0.001091869
0.04177532 0.0011705786
0.04122385 0.0011556675
0.041074865 0.0011513428
0.042176582 0.0011819935
0.041212052 0.0011553305
0.03985375 0.0011130443
0.039372943 0.0010981042
0.04104573 0.0011505714
0.041140348 0.0011532033
0.04220005 0.0011826166
0.040929735 0.0011465794
0.041038245 0.0011503751
0.042180035 0.0011821303
0.038788695 0.0010839428
0.042219996 0.0011831237
0.04186526 0.0011729808
0.041792665 0.0011710348
0.041789945 0.0011709979
0.042142984 0.0011811537
0.041780263 0.0011707436
0.041777242 0.001170647
0.04234144 0.0011867139
0.0421044 0.0011801268
0.042324293 0.0011861004
0.04118287 0.0011543904
0.041209854 0.0011552022
0.041199777 0.0011548805
0.04233562 0.0011865452
0.042338446 0.0011866014
0.03858573 0.0010780446
0.041757125 0.0011700961
0.041834533 0.0011721618
0.04101849 0.0011498806
0.0421979 0.0011825577
0.041789543 0.0011709633
0.041760877 0.0011701804
0.04194871 0.0011754548
0.042193986 0.0011824346
0.039801676 0.0011117121
0.041231576 0.0011558044
0.03978049 0.0011113809
0.03878319 0.0010837934
0.039454643 0.001100902
0.041766148 0.0011703507
0.04218255 0.0011821724
0.038593244 0.0010781438
0.041844 0.0011724264
0.04338278 0.0012155339
0.041237343 0.0011560059
0.04178971 0.0011709867
0.041807264 0.0011714476
0.03904605 0.0010911444
0.04363746 0.0012217645
0.043402985 0.0012163551
0.04105711 0.0011508839
0.042174824 0.0011819394
0.041048214 0.0011506327
0.04302368 0.0012052681
0.041911222 0.0011742867
0.04211447 0.0011804245
0.04337687 0.0012154215
0.04217524 0.0011819424
0.04105294 0.0011507972
0.038416542 0.001073306
0.04121711 0.0011555025
0.042253297 0.0011842006
0.04235943 0.0011871705
0.039105248 0.001092459
0.041982323 0.0011766566
0.041196708 0.0011548338
0.041031186 0.0011502224
0.041196454 0.001154789
0.042209245 0.0011828232
0.042199567 0.0011826011
0.042178757 0.0011820795
0.039832443 0.0011123215
0.041043863 0.0011505478
0.03879411 0.0010842726
0.042345367 0.0011868078
0.0397786 0.0011113499
0.03905966 0.0010913926
0.041128125 0.0011528212
0.04218403 0.001182178
0.041079838 0.0011514957
0.040925127 0.0011464186
0.04117699 0.001154118
0.04303151 0.0012056611
0.041759346 0.0011701677
0.041766804 0.0011703661
0.041055754 0.0011508568
0.04179861 0.0011712223
0.04120219 0.0011549984
0.041845806 0.0011724943
0.04120065 0.0011548857
0.041861877 0.0011728382
0.041215822 0.0011554079
0.04176196 0.0011702823
0.04217024 0.0011817968
0.04102925 0.0011501453
0.041006878 0.0011496244
0.04227746 0.0011847784
0.041234795 0.0011559991
0.039800894 0.0011116817
0.039102074 0.0010923775
0.04098564 0.0011490578
0.041206814 0.0011551166
0.042323325 0.001186069
0.039075665 0.0010917413
0.04180601 0.0011714074
0.041184317 0.0011544054
0.04302813 0.0012055697
0.041154232 0.0011534677
0.042206414 0.0011827563
0.041072685 0.0011513176
0.04102536 0.0011500645
0.04119908 0.0011548763
0.03910814 0.0010925945
0.041939836 0.0011753197
0.038955446 0.0010876008
0.04101113 0.0011496863
0.04180783 0.0011714724
0.040405147 0.0011321782
0.041881375 0.0011734128
0.04232545 0.0011861579
0.042353224 0.0011869709
0.038414404 0.0010731881
0.039849035 0.0011127928
0.041095488 0.0011519133
0.041755598 0.00117009
0.043132026 0.0012078278
0.040171284 0.0011231509
0.045755967 0.0012735775
0.043503813 0.0012184193
0.04350553 0.001218458
0.03942926 0.0010998494
0.038176175 0.0010642651
0.04511357 0.0012566068
0.043497846 0.0012182759
0.0431346 0.0012078892
0.040196218 0.0011242145
0.040178984 0.0011234755
0.043507908 0.0012185115
0.045474045 0.0012669482
0.043515015 0.0012186917
0.04351474 0.0012186893
0.043012302 0.001204869
0.045479074 0.0012670683
0.04514044 0.0012572662
0.04312756 0.0012077031
0.04313454 0.0012078698
0.043146975 0.0012083485
0.03937222 0.0010980674
0.04574627 0.0012734183
0.0455315 0.001268355
0.04334375 0.0012139098
0.03944921 0.0010999541
0.038202755 0.0010656754
0.043131754 0.0012078002
0.0435004 0.0012183465
0.045471437 0.0012668777
0.043495733 0.0012182227
0.045158777 0.0012574472
0.04312394 0.0012075602
0.03871709 0.0010811925
0.039419323 0.0010993105
0.045480445 0.0012671133
0.045098785 0.0012562443
0.043518707 0.0012188011
0.043126136 0.0012076678
0.04614468 0.0012807916
0.04088608 0.0011454978
0.04549289 0.0012673924
0.04312985 0.0012077778
0.045480866 0.001267114
0.04243494 0.0011891476
0.0431356 0.0012078948
0.04222219 0.0011833272
0.043140136 0.0012080075
0.043023355 0.0012050816
0.038173776 0.0010641555
0.043502375 0.0012183811
0.04546255 0.0012666625
0.043124273 0.0012076332
0.043511752 0.0012185986
0.043512236 0.0012186344
0.04351181 0.0012186315
0.045180034 0.0012582401
0.043398093 0.0012158096
0.038331006 0.001070024
0.04351583 0.0012187182
0.045472696 0.001266913
0.038533796 0.0010764895
0.043513924 0.0012186638
0.043132648 0.0012078402
0.045118492 0.0012567234
0.043515954 0.0012187243
0.04032784 0.0011291658
0.0435162 0.0012187248
0.04509622 0.0012561809
0.043503344 0.0012184145
0.04089117 0.0011456365
0.043146014 0.0012081586
0.045101006 0.001256294
0.0431411 0.0012080339
0.04312583 0.0012076596
0.03871915 0.0010813106
0.043498676 0.0012182845
0.045485795 0.0012672324
0.043505438 0.0012184574
0.038532287 0.0010762498
0.043495424 0.0012182153
0.045094535 0.0012561383
0.045134757 0.0012570716
0.043120645 0.0012075349
0.043483034 0.001217896
0.03817406 0.0010641759
0.045079738 0.0012523818
0.042235836 0.0011836607
0.045102328 0.001256337
0.043127302 0.0012076913
0.043513987 0.0012186824
0.04510047 0.0012562829
0.04556748 0.0012692484
0.04311968 0.0012075066
0.043346804 0.0012145598
0.043140776 0.0012080225
0.04608029 0.0012798897
0.040338907 0.0011297889
0.040842645 0.0011448395
0.045549847 0.0012687884
0.042060096 0.0011782856
0.043133408 0.0012078409
0.038173497 0.001064123
0.039869603 0.0011132596
0.043136403 0.0012079069
0.045083515 0.0012524991
0.041501563 0.001163199
0.0459491 0.0012768384
0.038172364 0.0010640905
0.04314431 0.0012081175
0.04351396 0.0012186693
0.04017447 0.0011233874
0.04547293 0.00126692
0.045066036 0.001252045
0.0429654 0.0012035978
0.04575819 0.0012736275
0.04313855 0.0012079634
0.04314377 0.0012081034
0.04348316 0.0012179005
0.043175515 0.0012085836
0.04509286 0.0012561027
0.043508373 0.0012185398
0.043141197 0.0012080501
0.045462903 0.0012666711
0.043128308 0.0012077196
0.043143783 0.0012081051
0.04576303 0.0012737276
0.045493145 0.0012674065
0.043128885 0.0012077346
0.043146297 0.0012081622
0.038189262 0.0010649173
0.042082764 0.001178665
0.045471847 0.0012668901
0.043146648 0.0012081728
0.043131232 0.0012077936
0.040879294 0.0011452949
0.043140836 0.0012080302
0.04032511 0.0011291017
0.043136135 0.0012079031
0.045158874 0.0012577181
0.042065416 0.0011785437
0.0457535 0.0012735067
0.043510128 0.0012185813
0.0401819 0.0011235946
0.040332593 0.0011293712
0.043982416 0.0012311664
0.040156323 0.0011217562
0.03955578 0.0011015906
0.04560997 0.0012710508
0.04560741 0.0012709909
0.04980541 0.0013292888
0.042895615 0.0012009746
0.04524987 0.0012607505
0.0460151 0.0012793056
0.03958829 0.0011028276
0.046075936 0.0012795249
0.046181556 0.0012828914
0.03813564 0.0010621421
0.04559167 0.0012705723
0.03813255 0.0010619987
0.04610308 0.0012803314
0.045213044 0.0012597488
0.038401294 0.0010720816
0.049341112 0.0013159881
0.045606505 0.0012709661
0.03958581 0.0011026324
0.049612332 0.0013247048
0.042761218 0.0011975575
0.042773716 0.001198102
0.042794395 0.0011984804
0.0451983 0.0012596269
0.042770986 0.001197895
0.03783399 0.0010460635
0.04520055 0.0012596692
0.0456479 0.0012719256
0.03959148 0.0011035089
0.04617625 0.0012827398
0.043516822 0.0012187742
0.046075955 0.001279534
0.045578986 0.0012702431
0.039816763 0.0011119175
0.0452074 0.0012597013
0.04620589 0.0012832391
0.040156722 0.0011217946
0.039590206 0.001103121
0.04620237 0.001283145
0.04285821 0.0011999359
0.03813742 0.0010622698
0.045226134 0.0012600976
0.04559945 0.0012707371
0.04388067 0.0012283808
0.04519485 0.0012592751
0.045216594 0.0012598599
0.044044625 0.0012329668
0.039596792 0.0011042147
0.039586063 0.0011028053
0.046158 0.0012822478
0.046175454 0.0012823063
0.04388809 0.0012285232
0.038409002 0.0010724711
0.045699153 0.0012731592
0.045593034 0.0012705897
0.045197535 0.0012593473
0.038400024 0.0010720359
0.04566188 0.0012721659
0.04519148 0.0012591907
0.045197867 0.001259356
0.045577873 0.0012701828
0.043900654 0.0012293427
0.043989163 0.001231351
0.04169766 0.0011674643
0.045582134 0.0012703224
0.04558077 0.0012702763
0.038057346 0.0010495794
0.045774195 0.0012748223
0.045775887 0.0012748849
0.049342304 0.0013160127
0.04389255 0.0012286608
0.045234527 0.0012603229
0.04560371 0.0012708212
0.045079157 0.0012520968
0.04577304 0.0012747967
0.045781102 0.0012749841
0.042762548 0.0011976723
0.046183366 0.0012829736
0.04206133 0.0011783971
0.039554764 0.0011015548
0.04578742 0.001275062
0.038408563 0.0010724468
0.045641925 0.001271744
0.0381355 0.0010621137
0.042830147 0.0011991459
0.050139632 0.0013352379
0.043970298 0.0012308608
0.040157046 0.0011218346
0.040356405 0.0011301677
0.04598179 0.0012781966
0.04398265 0.0012312107
0.04577452 0.001274865
0.03813706 0.0010622246
0.045223393 0.0012600191
0.045193706 0.0012592425
0.03840242 0.0010721559
0.045601103 0.0012707829
0.03813936 0.0010624487
0.04558277 0.0012704269
0.04620477 0.001283206
0.044422768 0.0012424254
0.040077273 0.0011196175
0.040465675 0.0011337365
0.040305234 0.0011279203
0.038108412 0.0010614571
0.0444001 0.0012416379
0.040079143 0.001119708
0.04440235 0.0012417198
0.042991366 0.0012040559
0.04409996 0.001234831
0.04464567 0.0012456895
0.044799365 0.0012499879
0.04030761 0.0011280292
0.044411387 0.0012420409
0.040465433 0.0011335937
0.04442541 0.0012425622
0.04031723 0.0011284812
0.042999223 0.001204261
0.040087685 0.0011199308
0.0444244 0.0012425391
0.042990476 0.0012040342
0.040464506 0.0011335184
0.0429853 0.0012038749
0.043732397 0.001224358
0.0429557 0.0012029789
0.042977367 0.0012036442
0.042999517 0.0012042869
0.04007588 0.0011195773
0.044417746 0.0012422892
0.044093456 0.0012346524
0.043740038 0.0012245863
0.044438582 0.0012430119
0.04451004 0.0012433405
0.03810708 0.0010614232
0.04442111 0.0012423822
0.043762617 0.0012252174
0.042986773 0.001203882
0.040079854 0.0011197483
0.044404913 0.0012418971
0.043723516 0.001224096
0.04411702 0.0012353306
0.040309675 0.0011282018
0.044051167 0.0012333721
0.04408345 0.001234308
0.04030882 0.0011281245
0.043742683 0.0012246445
0.043746267 0.0012247892
0.044425156 0.0012425442
0.0400864 0.0011199022
0.04296381 0.0012032136
0.044096123 0.0012346852
0.043726448 0.0012241811
0.04008324 0.001119791
0.04372831 0.001224219
0.04412176 0.0012354972
0.044115536 0.0012352613
0.04441877 0.0012423699
0.043746926 0.0012248248
0.042997554 0.0012042454
0.044096805 0.0012347259
0.03810576 0.0010613886
0.04371628 0.0012239167
0.044102702 0.0012348959
0.042988278 0.0012039247
0.03810595 0.0010614072
0.04011922 0.0011205535
0.043712515 0.0012237873
0.042955108 0.0012029487
0.044117115 0.0012353586
0.044068392 0.0012338872
0.0403085 0.0011280904
0.0403079 0.0011280574
0.043725517 0.0012241647
0.040311188 0.0011282037
0.040316027 0.0011284339
0.044409208 0.0012419933
0.04031952 0.0011285933
0.044113185 0.0012352121
0.040298373 0.0011276535
0.04411016 0.0012351326
0.04031291 0.0011282959
0.038107853 0.0010614552
0.04412986 0.0012356493
0.043729085 0.0012242671
0.042982254 0.0012037745
0.038100373 0.0010612439
0.03810173 0.0010613194
0.04370998 0.0012237323
0.040314537 0.0011283669
0.040312186 0.0011282485
0.044628806 0.0012451523
0.04299635 0.0012041848
0.04372022 0.0012240009
0.040079236 0.0011197099
0.042991668 0.0012040673
0.044104204 0.0012349442
0.044108562 0.0012351
0.0403081 0.0011280769
0.042656608 0.0011952264
0.04360344 0.001221527
0.04319289 0.0012098529
0.042650808 0.0011950681
0.038706377 0.0010808496
0.040491406 0.0011347594
0.03918596 0.0010941408
0.042673193 0.001195706
0.042690106 0.0011960809
0.043199755 0.0012100458
0.04359203 0.0012212069
0.038181156 0.0010646948
0.039641026 0.0011075723
0.04266924 0.0011955915
0.042669628 0.0011956005
0.039640225 0.0011075533
0.038182236 0.001064742
0.043220486 0.0012105353
0.041507866 0.0011633262
0.0431898 0.0012097681
0.03818152 0.0010647108
0.042647347 0.0011949704
0.042465523 0.0011899207
0.04266952 0.0011955986
0.03832064 0.0010698364
0.04364053 0.0012225561
0.042655367 0.0011951956
0.04242594 0.0011888266
0.038701683 0.0010806777
0.043581363 0.0012209147
0.038319185 0.0010697858
0.042667758 0.001195542
0.043580838 0.0012208973
0.04319064 0.0012097913
0.041531034 0.0011639706
0.038320456 0.0010698333
0.041524354 0.0011637835
0.043576792 0.0012207855
0.04264891 0.0011950164
0.04057002 0.0011370328
0.043574948 0.0012207355
0.04265598 0.0011952115
0.038701117 0.0010806584
0.042645466 0.0011949225
0.03816315 0.0010640362
0.038472023 0.0010751068
0.038318783 0.001069775
0.04355487 0.0012201861
0.043581188 0.0012209084
0.043199766 0.0012100477
0.03871412 0.0010811229
0.04048993 0.0011347139
0.043572694 0.0012206723
0.041527275 0.0011638695
0.042449947 0.0011894914
0.041504163 0.001163218
0.043564923 0.0012204614
0.043204542 0.0012101793
0.038471818 0.001075099
0.038704038 0.0010807575
0.03831945 0.0010697941
0.042657893 0.0011952678
0.041522738 0.0011637391
0.042666968 0.0011955246
0.041516542 0.0011635685
0.042656705 0.001195237
0.04033819 0.0011294304
0.038855255 0.0010860196
0.043571398 0.0012206372
0.042662416 0.0011953957
0.04265006 0.0011950496
0.042657536 0.0011952606
0.043201555 0.0012100936
0.042660307 0.0011953363
0.03871211 0.0010810582
0.04356981 0.0012205957
0.03818067 0.0010646755
0.03832082 0.0010698411
0.0414974 0.0011630327
0.04265323 0.0011951387
0.041523732 0.0011637708
0.04356965 0.0012205895
0.039189663 0.001094231
0.040189788 0.0011239476
0.042457573 0.0011897
0.03833241 0.0010702739
0.041525397 0.0011638122
0.043565545 0.0012204784
0.03817708 0.00106455
0.037561055 0.00097152975
0.043577027 0.0012207922
0.043195084 0.0012099086
0.04268726 0.0011960063
0.039182056 0.0010940471
0.04360041 0.0012214374
0.04265781 0.0011952642
0.04266159 0.0011953715
0.04267364 0.0011957096
0.043579824 0.0012208709
0.043567546 0.0012205329
0.03831822 0.0010697496
0.04358655 0.0012210576
0.038855884 0.0010860331
0.043194007 0.0012098843
0.04246026 0.0011897751
0.042650823 0.0011950687
0.043569982 0.0012206007
0.043195255 0.0012099111
0.042653967 0.001195158
0.04245412 0.0011896015
0.039479386 0.0011010402
0.04152464 0.0011637906
0.043606438 0.0012216056
0.04319676 0.001209959
0.04056993 0.0011370304
0.042674653 0.0011957396
0.042668875 0.0011955722
0.039640646 0.0011075665
0.03964078 0.0011075673
0.042662818 0.0011954046
0.042659324 0.0011953001
0.03833112 0.0010702263
0.04152962 0.0011639365
0.043182205 0.0012095589
0.042430263 0.0011889457
0.039488193 0.0011012394
0.04357741 0.0012208013
0.042678576 0.0011958592
0.03918769 0.00109418
0.04243043 0.001188948
0.042644564 0.0011948973
0.03870475 0.0010807826
0.042430084 0.0011889446
0.04265752 0.0011952568
0.04358602 0.0012210456
0.043556944 0.0012202443
0.04357767 0.0012208123
0.043575823 0.0012207591
0.041473243 0.0011623626
0.042429347 0.0011889152
0.043579366 0.0012208582
0.038354993 0.0010711054
0.04018959 0.0011239405
0.042684156 0.0011959192
0.042452537 0.0011895571
0.043190908 0.0012097954
0.04153214 0.0011640035
0.03849263 0.0010756743
0.04266515 0.0011954719
0.039185174 0.00109412
0.04265728 0.0011952454
0.04152207 0.0011637232
0.0426424 0.0011948339
0.043577448 0.0012208045
0.041520834 0.0011636851
0.043573394 0.0012206907
0.042653747 0.0011951496
0.041528583 0.001163907
0.038701955 0.0010806882
0.041525412 0.0011638125
0.041499205 0.0011630834
0.041515402 0.0011635321
0.041659042 0.0011671848
0.042668212 0.0011955615
0.042439803 0.0011892093
0.039640956 0.0011075723
0.042663775 0.0011954332
0.041454263 0.0011618338
0.042654935 0.0011951884
0.041517228 0.0011635848
0.04356559 0.0012204786
0.043193668 0.001209879
0.038184185 0.0010648222
0.041518345 0.0011636183
0.039189465 0.0010942272
0.0432233 0.0012106994
0.04268506 0.001195946
0.041535057 0.0011640904
0.04318321 0.0012095894
0.041661322 0.0011672537
0.0403389 0.0011294588
0.04057069 0.0011370529
0.04368188 0.0012237009
0.0426544 0.0011951717
0.04265942 0.0011953111
0.04152854 0.0011639034
0.04319483 0.0012099027
0.043572467 0.0012206684
0.0424462 0.0011893882
0.043581787 0.0012209251
0.0431892 0.0012097526
0.043199528 0.0012100318
0.043583527 0.0012209722
0.03832017 0.0010698189
0.042662747 0.001195401
0.041532464 0.0011640061
0.039186273 0.0010941466
0.04152933 0.0011639269
0.043564595 0.0012204502
0.038701676 0.0010806754
0.04267423 0.0011957167
0.041521464 0.0011637008
0.038336124 0.0010704112
0.042651117 0.0011950803
0.03949004 0.0011012815
0.040202156 0.0011244031
0.039187066 0.0010941705
0.041487865 0.0011627676
0.04319114 0.00120981
0.038704682 0.001080776
0.03948952 0.001101271
0.03948014 0.001101056
0.038711168 0.0010810246
0.043573152 0.001220689
0.04266534 0.0011954783
0.04357042 0.0012206114
0.041528873 0.0011639153
0.04266205 0.0011953829
0.04319399 0.0012098809
0.041534387 0.0011640728
0.043557394 0.0012202531
0.043176685 0.0012094137
0.03818134 0.0010647065
0.04265131 0.0011950879
0.03831575 0.0010696608
0.043191876 0.0012098314
0.042661794 0.0011953778
0.04265457 0.001195172
0.038705967 0.0010808214
0.042657223 0.0011952438
0.041496255 0.001163001
0.043189343 0.001209758
0.04265809 0.0011952684
0.04318884 0.0012097424
0.042656217 0.0011952232
0.043583784 0.0012209788
0.04357812 0.0012208256
0.042653535 0.001195143
0.04150807 0.0011633299
0.043192282 0.0012098369
0.038183574 0.0010647958
0.042638093 0.001194717
0.042659055 0.0011952999
0.041511647 0.0011634317
0.04265964 0.0011953203
0.042687085 0.001196005
0.04265618 0.001195222
0.042670693 0.0011956312
0.043582253 0.0012209325
0.042663362 0.001195423
0.042659972 0.001195329
0.0391874 0.0010941738
0.03947995 0.0011010452
0.038492605 0.0010756705
0.04357385 0.001220704
0.04265546 0.0011952006
0.039640516 0.0011075602
0.041533943 0.001164053
0.04265392 0.0011951578
0.041522488 0.0011637304
0.04151499 0.0011635213
0.04318001 0.0012095029
0.042647116 0.0011949682
0.042664982 0.0011954699
0.039185636 0.0010941313
0.038338494 0.0010704966
0.042658888 0.0011952951
0.042678565 0.0011958588
0.04056947 0.0011370174
0.043578304 0.0012208314
0.038320776 0.0010698405
0.042673096 0.001195698
0.043197043 0.0012099658
0.042439863 0.0011892118
0.04265483 0.0011951814
0.04020289 0.0011244299
0.042666003 0.0011954986
0.041525234 0.0011638098
0.043573618 0.0012206967
0.038706023 0.0010808279
0.042440906 0.0011892375
0.04266281 0.0011954039
0.042669952 0.0011956121
0.04267186 0.0011956664
0.04357413 0.0012207148
0.04356554 0.001220477
0.043183014 0.0012095837
0.04261858 0.00119428
0.039147794 0.001093811
0.042125355 0.0011807323
0.042146903 0.0011812316
0.042609874 0.0011940864
0.041376855 0.001160174
0.041384723 0.0011603739
0.038622905 0.0010789406
0.040375907 0.0011311201
0.04215277 0.0011813691
0.042525668 0.0011920404
0.04251146 0.0011917027
0.043432236 0.0012172062
0.042142935 0.0011811372
0.038617052 0.0010788813
0.04138544 0.001160379
0.041314308 0.0011586837
0.042510074 0.0011916687
0.040820945 0.0011445467
0.041379083 0.0011602286
0.04252191 0.0011919442
0.039943326 0.0011153392
0.042475965 0.0011908609
0.041370917 0.0011600332
0.039146524 0.0010937874
0.04253056 0.0011921627
0.04304811 0.0012063088
0.039908692 0.0011145967
0.04252468 0.0011920177
0.04170255 0.0011677799
0.04252541 0.0011920378
0.042119402 0.0011805636
0.042510953 0.0011916955
0.041364543 0.00115987
0.03914878 0.0010938374
0.042123247 0.0011806637
0.04212635 0.0011807451
0.042140443 0.0011810765
0.042029217 0.0011778986
0.042136755 0.0011809793
0.04144709 0.0011615413
0.039160084 0.0010940118
0.042154115 0.0011814237
0.041395318 0.0011606182
0.041372854 0.0011600825
0.0421393 0.0011810499
0.043710306 0.0012237345
0.03989383 0.0011143717
0.04213537 0.0011809531
0.039159752 0.0010940002
0.0421381 0.0011810156
0.03915625 0.0010939462
0.03975716 0.0011105108
0.042133138 0.0011809125
0.04001795 0.0011166532
0.039085727 0.0010919367
0.042138495 0.001181043
0.04139596 0.0011606296
0.04252502 0.0011920307
0.039910544 0.0011146311
0.042499244 0.0011914106
0.03996087 0.00111561
0.040818512 0.0011445027
0.042142596 0.0011811296
0.04134138 0.0011591946
0.04251778 0.0011918605
0.04136787 0.0011599573
0.043044005 0.0012062059
0.040383667 0.0011315641
0.041747328 0.001170069
0.04211255 0.0011804166
0.03915174 0.0010938739
0.039212644 0.0010949853
0.042122792 0.0011806561
0.0413215 0.0011588624
0.041365575 0.0011599292
0.043431275 0.0012171747
0.039896663 0.0011144149
0.04215624 0.0011814716
0.039892796 0.0011143498
0.041374817 0.0011601304
0.03914209 0.0010937214
0.03989873 0.0011144492
0.042306934 0.0011859643
0.0424929 0.0011912521
0.04249581 0.0011913354
0.03915896 0.0010939945
0.039149344 0.0010938393
0.042522036 0.0011919581
0.042293888 0.0011855746
0.039908882 0.0011146126
0.039912563 0.0011146661
0.03990661 0.001114577
0.038621344 0.0010789108
0.039884873 0.0011142321
0.039914515 0.0011147112
0.043432064 0.0012171792
0.03863173 0.0010790497
0.04214918 0.0011812836
0.042132087 0.0011808795
0.042147588 0.0011812559
0.042622164 0.0011943809
0.0425365 0.001192301
0.038738206 0.0010822824
0.04215139 0.0011813523
0.042236906 0.0011837615
0.038358286 0.0010715978
0.042614028 0.0011941766
0.041445233 0.001161492
0.041397054 0.0011606623
0.04214035 0.0011810724
0.041367505 0.0011599552
0.03991138 0.0011146428
0.042114493 0.001180459
0.039892163 0.0011143456
0.042533673 0.0011922319
0.042523745 0.0011919995
0.042536873 0.0011923154
0.039904535 0.0011145393
0.041356046 0.0011596784
0.041403018 0.0011608136
0.0413926 0.0011605904
0.042530987 0.0011921683
0.038582616 0.0010773694
0.039898206 0.0011144378
0.04138295 0.0011603163
0.042285055 0.0011854568
0.038841546 0.0010857049
0.042129617 0.0011808157
0.042634405 0.0011946723
0.042536028 0.0011922936
0.042282954 0.0011853594
0.040678326 0.0011397552
0.038978934 0.0010895923
0.041369084 0.0011599922
0.04250536 0.0011915532
0.03991137 0.001114642
0.038628098 0.0010789986
0.039204 0.0010948592
0.04262707 0.0011944933
0.039934155 0.0011151606
0.03977082 0.0011106812
0.039146814 0.0010938091
0.03990681 0.001114579
0.04541628 0.0012613804
0.04256992 0.0011927636
0.042237036 0.0011837941
0.04136253 0.0011598319
0.03915061 0.0010938522
0.042523142 0.0011919702
0.03915453 0.0010939271
0.039906573 0.0011145715
0.03990152 0.0011144901
0.039894827 0.001114387
0.042518556 0.0011918704
0.03990742 0.0011145838
0.041329492 0.0011590465
0.042494826 0.0011913104
0.038749475 0.0010827385
0.04249959 0.0011914177
0.042519152 0.0011918842
0.04139457 0.0011605974
0.042145155 0.001181203
0.039913557 0.0011146808
0.039728027 0.0011102668
0.042552806 0.0011926896
0.039140068 0.0010936938
0.042148165 0.0011812715
0.038975395 0.0010895511
0.042243503 0.00118384
0.04306617 0.0012067355
0.042140707 0.0011810857
0.042610396 0.0011940955
0.040367573 0.0011307371
0.039161187 0.001094021
0.0421439 0.0011811608
0.0425319 0.0011922077
0.039149493 0.0010938413
0.042241774 0.00118383
0.041316707 0.0011587476
0.042144924 0.0011811936
0.04308882 0.0012074581
0.04140205 0.0011607762
0.04139614 0.0011606319
0.04215803 0.0011814984
0.042490195 0.0011911972
0.042537544 0.001192456
0.040677253 0.0011396597
0.042149413 0.0011813277
0.04170109 0.0011677692
0.042624656 0.001194435
0.039896443 0.0011144116
0.04137337 0.0011600947
0.04214861 0.0011812762
0.04196059 0.0011762187
0.043447506 0.001217642
0.04131467 0.0011586936
0.041382257 0.0011603001
0.042137757 0.001181012
0.04137766 0.0011602023
0.04213813 0.0011810174
0.03916002 0.0010940019
0.039964058 0.0011156725
0.042522635 0.0011919679
0.03915425 0.0010939195
0.04139641 0.001160637
0.038631674 0.0010790409
0.038453832 0.0010747699
0.043485463 0.001218196
0.04252217 0.0011919623
0.042616177 0.0011942332
0.039140705 0.0010936994
0.041402057 0.0011607795
0.041432504 0.0011611683
0.04135041 0.0011595412
0.03874254 0.0010825577
0.03913031 0.0010935315
0.04250462 0.0011915447
0.043425843 0.0012171267
0.042536575 0.0011923056
0.04251043 0.0011916754
0.039153934 0.0010939082
0.03862871 0.0010790111
0.04252198 0.0011919503
0.039209813 0.0010949358
0.039144393 0.001093755
0.03903214 0.0010906924
0.042135894 0.0011809666
0.03989571 0.0011144034
0.03990377 0.0011145214
0.039897613 0.0011144319
0.04215384 0.0011813943
0.042627703 0.0011945062
0.038634915 0.0010790753
0.04213116 0.001180858
0.042146426 0.0011812195
0.04213596 0.001180968
0.041391306 0.001160522
0.03920786 0.0010949074
0.039913338 0.0011146725
0.042629994 0.0011945405
0.03990257 0.001114511
0.04217231 0.0011818953
0.041316446 0.001158736
0.042143557 0.0011811577
0.042240016 0.0011838274
0.039210677 0.0010949494
0.0391571 0.0010939855
0.04212734 0.0011807713
0.041627225 0.001166575
0.038577978 0.0010773306
0.041398775 0.0011606988
0.038755734 0.0010829769
0.04137577 0.0011601442
0.04203638 0.0011782139
0.041368324 0.0011599644
0.039913807 0.001114684
0.04351874 0.0012192021
0.042518634 0.0011918796
0.038833223 0.0010856631
0.04141285 0.0011610317
0.04140332 0.0011608583
0.039909773 0.0011146218
0.042157087 0.0011814733
0.039729018 0.0011102693
0.04157029 0.001165156
0.04211563 0.0011804862
0.039905265 0.0011145537
0.042615756 0.0011942228
0.0413926 0.0011605478
0.042013284 0.0011771118
0.04228539 0.001185457
0.0399671 0.0011157047
0.042527948 0.0011921
0.03840478 0.0010723753
0.039909225 0.0011146173
0.042158134 0.0011815018
0.042124555 0.0011806963
0.043219645 0.0012104426
0.041969575 0.0011764746
0.04139526 0.0011606148
0.043087382 0.0012070346
0.03990074 0.0011144797
0.040816244 0.0011444595
0.039900485 0.0011144767
0.041334588 0.0011591678
0.039904043 0.0011145325
0.04139223 0.0011605421
0.042621136 0.0011943501
0.042151008 0.0011813377
0.038543288 0.0010772754
0.041393954 0.0011605964
0.038405053 0.001072393
0.04138154 0.0011602857
0.041375943 0.0011601592
0.04136847 0.001159976
0.038881645 0.0010865078
0.039910845 0.0011146417
0.040383037 0.0011315607
0.042520724 0.0011919226
0.041302733 0.0011584179
0.0425296 0.0011921383
0.042490005 0.0011911968
0.042542245 0.0011924561
0.04252399 0.0011920031
0.04210544 0.0011803431
0.03989181 0.0011143388
0.03990684 0.0011145793
0.04214239 0.0011811242
0.0425174 0.001191843
0.04129257 0.0011581756
0.038742173 0.0010824925
0.042133033 0.0011809093
0.039768167 0.0011106693
0.042512912 0.0011917377
0.042572156 0.0011933186
0.04138327 0.0011603233
0.04260267 0.0011939061
0.042535286 0.001192273
0.039898336 0.001114442
0.042617425 0.0011942744
0.039150484 0.0010938471
0.04145181 0.0011616675
0.04201337 0.0011771455
0.042116206 0.0011804964
0.04256999 0.001192765
0.03977515 0.0011107405
0.039142154 0.0010937253
0.039906017 0.0011145573
0.04213521 0.0011809514
0.039969444 0.0011157228
0.04248793 0.0011911483
0.04262562 0.001194455
0.039139546 0.00109368
0.03915401 0.0010939148
0.042114977 0.0011804672
0.042502005 0.0011914462
0.041400213 0.0011607417
0.039909855 0.0011146234
0.042142984 0.0011811485
0.042120695 0.001180607
0.042507164 0.001191605
0.042135775 0.0011809637
0.039212964 0.0010949905
0.0421311 0.0011808554
0.04252359 0.0011919901
0.04216105 0.0011816656
0.042137325 0.0011810032
0.041355126 0.0011596455
0.04253594 0.0011922824
0.0397716 0.0011107022
0.038968045 0.0010895283
0.042626478 0.0011944781
0.03912997 0.001093523
0.041383192 0.0011603219
0.03897771 0.0010895754
0.04137122 0.001160039
0.04135663 0.0011596888
0.041377544 0.0011601875
0.0399536 0.0011155079
0.04212623 0.001180734
0.042570367 0.0011927743
0.04144931 0.0011615835
0.04209537 0.001179988
0.042616002 0.0011942285
0.042512678 0.0011917227
0.04214094 0.001181113
0.042134766 0.0011809317
0.04212881 0.0011808
0.03913711 0.0010936406
0.039902862 0.0011145156
0.041280165 0.0011575241
0.041373987 0.0011601009
0.042498875 0.0011914065
0.043450765 0.0012178158
0.039724257 0.001110258
0.039885253 0.0011142376
0.042534273 0.0011922704
0.045421828 0.0012615192
0.03968078 0.0011089297
0.042465642 0.0011906204
0.03990744 0.0011145866
0.042136904 0.0011809883
0.03991433 0.0011147006
0.042153273 0.0011813836
0.04195274 0.0011760737
0.043519057 0.0012194271
0.043419037 0.0012170454
0.045918513 0.0012751775
0.03863044 0.0010790271
0.042528495 0.0011921123
0.042099822 0.0011801133
0.042120207 0.0011805908
0.04251101 0.0011916973
0.041368045 0.0011599613
0.041377325 0.0011601858
0.039773025 0.0011107092
0.03911848 0.0010930517
0.038357474 0.0010714792
0.039764058 0.0011106099
0.042132955 0.0011809075
0.039771356 0.0011106986
0.041277457 0.0011569944
0.0384316 0.0010738717
0.038430568 0.0010738221
0.04201518 0.0011772077
0.040848825 0.001144953
0.039659787 0.0011079216
0.04380465 0.0012261708
0.04079023 0.00114333
0.042019695 0.0011773404
0.038428612 0.0010737415
0.038427357 0.0010736816
0.04158982 0.0011652756
0.039669853 0.0011081367
0.042414855 0.001188614
0.041262493 0.0011565657
0.041265626 0.0011566663
0.041569825 0.0011647587
0.04043815 0.0011330665
0.039722152 0.0011096669
0.041589037 0.0011652615
0.038818333 0.0010848716
0.03966181 0.0011079927
0.041874886 0.0011734088
0.042011105 0.0011770847
0.041946877 0.0011754344
0.04201589 0.0011772242
0.04044642 0.0011333385
0.03896587 0.0010889935
0.038429976 0.0010737937
0.040438246 0.0011330846
0.041945346 0.0011754248
0.038431007 0.0010738502
0.038356196 0.0010712026
0.04200557 0.0011769378
0.040440045 0.0011331654
0.04083845 0.0011446832
0.039868332 0.0011132079
0.04085787 0.0011451893
0.04356746 0.0012204943
0.042080685 0.0011786412
0.04158688 0.0011652069
0.041600265 0.0011655573
0.04081266 0.0011439652
0.041263726 0.0011566103
0.039719656 0.0011096344
0.041590083 0.0011652776
0.042398036 0.0011881082
0.04156721 0.0011647007
0.042397328 0.0011881074
0.03842772 0.0010737025
0.04072123 0.0011405583
0.040365476 0.0011305795
0.038814306 0.0010847434
0.040849555 0.0011449836
0.04194985 0.0011755424
0.040718693 0.0011404854
0.039664876 0.00110812
0.03971924 0.0011095942
0.043666173 0.0012229868
0.04156402 0.0011646207
0.039656337 0.0011078493
0.039360635 0.0010968392
0.042015955 0.0011772364
0.041553587 0.0011643519
0.042009987 0.0011770561
0.03881217 0.0010846875
0.040840264 0.0011447243
0.039721426 0.0011096569
0.041585773 0.0011651684
0.03972055 0.0011096428
0.040804945 0.0011437822
0.042431723 0.0011890801
0.041273613 0.0011569199
0.041697506 0.0011673048
0.040758964 0.0011424328
0.04193973 0.0011752836
0.041265745 0.0011566721
0.03842733 0.0010736714
0.041924085 0.0011748315
0.039361984 0.001096874
0.043308213 0.0012120329
0.039361067 0.0010968664
0.039664432 0.0011080657
0.04721478 0.0012996015
0.03971507 0.0011094841
0.043808028 0.0012262956
0.038427494 0.0010736985
0.038357213 0.0010712463
0.040845554 0.0011448608
0.038962618 0.0010888707
0.04083859 0.0011446896
0.04154786 0.0011640909
0.039723933 0.0011096951
0.04158749 0.001165215
0.041952018 0.0011756453
0.04160026 0.0011655387
0.040839363 0.001144716
0.041588664 0.0011652474
0.03881451 0.0010847511
0.04159891 0.0011655279
0.041593302 0.0011653948
0.04126416 0.0011566292
0.042020593 0.0011773806
0.041589435 0.0011652734
0.041257128 0.0011563807
0.03972191 0.0011096636
0.04318328 0.0012096554
0.039716035 0.001109559
0.041588962 0.0011652603
0.040837992 0.0011446625
0.03843301 0.0010739058
0.038813185 0.0010847267
0.04201163 0.001177108
0.041588075 0.0011652309
0.04085653 0.0011451486
0.041589167 0.0011652684
0.04238879 0.0011878399
0.041604657 0.001165662
0.04380943 0.001226315
0.03881763 0.0010848216
0.04043932 0.0011331196
0.038431644 0.0010738753
0.03948221 0.001101213
0.040715586 0.0011403973
0.04193827 0.0011752063
0.04078894 0.0011432932
0.040436506 0.0011329969
0.04070754 0.0011401784
0.038357474 0.0010712584
0.03936265 0.001096886
0.042016905 0.0011772648
0.040854342 0.0011450934
0.04036978 0.0011307409
0.0384288 0.0010737416
0.03842837 0.0010737153
0.041604646 0.0011656618
0.042390548 0.0011878951
0.042016372 0.0011772375
0.040841572 0.001144765
0.03970994 0.0011093627
0.04207864 0.0011785579
0.04239511 0.0011880314
0.040438723 0.0011330916
0.04238893 0.0011878662
0.039715294 0.0011094967
0.04201439 0.001177185
0.041604903 0.0011656695
0.0408342 0.0011445788
0.040475685 0.0011341887
0.03896123 0.0010888296
0.04160059 0.0011655783
0.038810603 0.0010846161
0.041589987 0.0011652758
0.040833782 0.0011445574
0.04084243 0.0011447914
0.041588664 0.0011652509
0.038811922 0.0010846759
0.038831517 0.0010853228
0.04155048 0.001164165
0.038438402 0.001074058
0.040839296 0.0011447093
0.038814697 0.0010847575
0.042442456 0.0011893454
0.04044103 0.0011332101
0.041559696 0.0011645069
0.039663192 0.0011080025
0.04125789 0.001156424
0.043303773 0.0012119481
0.04083889 0.0011446959
0.043184496 0.0012097134
0.041255224 0.0011563271
0.03936107 0.0010968677
0.039864045 0.0011130776
0.038356513 0.0010712164
0.038149722 0.0010628105
0.046693582 0.0012930162
0.038487785 0.0010754267
0.04067094 0.001139293
0.043974657 0.0012310205
0.037714776 0.001020919
0.03887014 0.001086162
0.0405144 0.00113497
0.03887264 0.0010863112
0.038868967 0.0010860768
0.038150452 0.0010628894
0.03887404 0.0010864264
0.04400837 0.0012318899
0.04274046 0.0011969083
0.04052571 0.0011352232
0.041730575 0.0011691245
0.041832622 0.0011717887
0.042739872 0.0011967795
0.044313382 0.0012376657
0.046839867 0.0012966098
0.042084765 0.0011787971
0.042728778 0.0011965026
0.044176925 0.001235994
0.03886973 0.001086122
0.03935775 0.0010954539
0.037714712 0.0010209172
0.03956124 0.0011022381
0.044321623 0.001238115
0.043906342 0.0012295322
0.040538732 0.0011359069
0.043902807 0.0012293741
0.03956568 0.0011024015
0.04274626 0.0011971594
0.043941762 0.0012302286
0.040653102 0.001139025
0.040700555 0.001140165
0.043936696 0.001230172
0.04373331 0.001224498
0.03888569 0.0010870389
0.04065375 0.0011392066
0.04272784 0.0011964481
0.043903977 0.0012294537
0.046428654 0.0012890095
0.040517095 0.0011350459
0.04274915 0.001197293
0.03891591 0.0010872872
0.046731606 0.0012936862
0.042729523 0.0011966373
0.039567366 0.0011024947
0.042744998 0.0011969522
0.03957033 0.0011025689
0.040692676 0.0011401041
0.04068463 0.0011397749
0.040673878 0.0011395032
0.043900173 0.001229142
0.042756498 0.0011974266
0.03956125 0.0011022564
0.043957174 0.0012308147
0.040638424 0.0011385982
0.040700253 0.001140154
0.038873453 0.0010863723
0.042746585 0.0011971924
0.04844038 0.0013097365
0.038922228 0.0010873036
0.044175185 0.0012357028
0.04416935 0.0012356672
0.046184696 0.0012830846
0.04272391 0.0011962767
0.040519577 0.0011350871
0.044171616 0.0012356789
0.039353635 0.0010953891
0.038915776 0.0010872195
0.040673327 0.0011394884
0.0440147 0.0012319881
0.0467362 0.0012939721
0.03848323 0.0010752592
0.04390051 0.0012291691
0.040698186 0.0011401288
0.044036027 0.0012327756
0.042736933 0.0011966554
0.03849374 0.0010758344
0.04052686 0.0011352778
0.04274603 0.0011969565
0.043943223 0.00123055
0.038149413 0.0010627869
0.04393261 0.0012300662
0.040543083 0.0011361528
0.03887281 0.0010863391
0.039672263 0.0011083907
0.04280637 0.0011986308
0.04431392 0.0012377646
0.0377151 0.0010209327
0.042744897 0.0011969308
0.04394249 0.0012303612
0.043907706 0.0012297394
0.04066797 0.0011392927
0.04173022 0.0011690909
0.04052841 0.0011353462
0.046812635 0.0012963581
0.038875993 0.0010864981
0.043732766 0.001224482
0.03956429 0.0011023418
0.039549682 0.0011013272
0.04640766 0.0012869363
0.043856606 0.0012270062
0.04378793 0.0012253162
0.043790754 0.0012254165
0.046788685 0.0012944869
0.04387433 0.0012274462
0.04387366 0.0012273991
0.04639257 0.0012866794
0.04639498 0.0012867079
0.04378431 0.0012252358
0.043870118 0.0012273072
0.043875597 0.0012275035
0.043861657 0.0012271091
0.043792322 0.0012254374
0.043872256 0.0012273666
0.04639875 0.0012867806
0.047343876 0.0013036425
0.043867994 0.0012272822
0.04387363 0.0012273961
0.043793824 0.0012254654
0.04677529 0.0012942703
0.043785315 0.0012252495
0.043866064 0.0012272019
0.04378781 0.0012253146
0.043790445 0.0012253863
0.04640265 0.0012868639
0.04640525 0.0012868978
0.043864958 0.001227166
0.04379289 0.0012254387
0.046381664 0.00128652
0.046389204 0.0012866269
0.0464114 0.0012869977
0.04677976 0.0012943432
0.046400413 0.0012868356
0.04677055 0.001294187
0.043794394 0.0012254955
0.04637895 0.0012864765
