0.044894057617057115 0.0011527361693879357
0.044894057617057115 0.0011527361693879357
0.04514497780473903 0.0011607915157583193
0.04514497780473903 0.0011607915157583193
0.044894057617057115 0.0011527361693879357
0.04514497780473903 0.0011607915157583193
0.04514497780473903 0.0011607915157583193
0.04499972681514919 0.0011540596078702947
0.044894057617057115 0.0011527361693879357
0.04514497780473903 0.0011607915157583193
0.04076593596255407 0.0010213367243068205
0.04514497780473903 0.0011607915157583193
0.04514497780473903 0.0011607915157583193
0.04514497780473903 0.0011607915157583193
0.044894057617057115 0.0011527361693879357
0.044894057617057115 0.0011527361693879357
0.04514497780473903 0.0011607915157583193
0.044894057617057115 0.0011527361693879357
0.04514497780473903 0.0011607915157583193
0.04514497780473903 0.0011607915157583193
0.044894057617057115 0.0011527361693879357
0.041045521677006036 0.0010314010851288913
0.044894057617057115 0.0011527361693879357
0.04514497780473903 0.0011607915157583193
0.044894057617057115 0.0011527361693879357
0.04076593596255407 0.0010213367243068205
0.04514497780473903 0.0011607915157583193
0.044894057617057115 0.0011527361693879357
0.044894057617057115 0.0011527361693879357
0.04514497780473903 0.0011607915157583193
0.04514497780473903 0.0011607915157583193
0.044894057617057115 0.0011527361693879357
0.044894057617057115 0.0011527361693879357
0.04514497780473903 0.0011607915157583193
0.04514497780473903 0.0011607915157583193
0.04514497780473903 0.0011607915157583193
0.044894057617057115 0.0011527361693879357
0.04514497780473903 0.0011607915157583193
0.04514497780473903 0.0011607915157583193
0.044894057617057115 0.0011527361693879357
0.044894057617057115 0.0011527361693879357
0.044894057617057115 0.0011527361693879357
0.044894057617057115 0.0011527361693879357
0.044894057617057115 0.0011527361693879357
0.044894057617057115 0.0011527361693879357
0.04514497780473903 0.0011607915157583193
0.04449330741772428 0.0011325041489271825
0.044894057617057115 0.0011527361693879357
0.044894057617057115 0.0011527361693879357
0.04514497780473903 0.0011607915157583193
0.04514497780473903 0.0011607915157583193
0.044894057617057115 0.0011527361693879357
0.044894057617057115 0.0011527361693879357
0.039439182728528976 0.0009405739962176085
0.044894057617057115 0.0011527361693879357
0.04076593596255407 0.0010213367243068205
0.044894057617057115 0.0011527361693879357
0.04514497780473903 0.0011607915157583193
0.044894057617057115 0.0011527361693879357
0.044894057617057115 0.0011527361693879357
0.04514497780473903 0.0011607915157583193
0.044894057617057115 0.0011527361693879357
0.04514497780473903 0.0011607915157583193
0.04514497780473903 0.0011607915157583193
0.04514497780473903 0.0011607915157583193
0.04514497780473903 0.0011607915157583193
0.044894057617057115 0.0011527361693879357
0.044894057617057115 0.0011527361693879357
0.044894057617057115 0.0011527361693879357
0.044894057617057115 0.0011527361693879357
0.044894057617057115 0.0011527361693879357
0.044894057617057115 0.0011527361693879357
0.04076593596255407 0.0010213367243068205
0.04514497780473903 0.0011607915157583193
0.044894057617057115 0.0011527361693879357
0.04514497780473903 0.0011607915157583193
0.04514497780473903 0.0011607915157583193
0.04514497780473903 0.0011607915157583193
0.04514497780473903 0.0011607915157583193
0.044894057617057115 0.0011527361693879357
0.04514497780473903 0.0011607915157583193
0.04101685615023598 0.0010293920706772042
0.04514497780473903 0.0011607915157583193
0.04514497780473903 0.0011607915157583193
0.044894057617057115 0.0011527361693879357
0.04514497780473903 0.0011607915157583193
0.04514497780473903 0.0011607915157583193
0.044894057617057115 0.0011527361693879357
0.04514497780473903 0.0011607915157583193
0.04514497780473903 0.0011607915157583193
0.04101685615023598 0.0010293920706772042
0.041045521677006036 0.0010314010851288913
0.044894057617057115 0.0011527361693879357
0.044894057617057115 0.0011527361693879357
0.044894057617057115 0.0011527361693879357
0.044894057617057115 0.0011527361693879357
0.044894057617057115 0.0011527361693879357
0.04514497780473903 0.0011607915157583193
0.044894057617057115 0.0011527361693879357
0.044894057617057115 0.0011527361693879357
0.044894057617057115 0.0011527361693879357
0.044894057617057115 0.0011527361693879357
0.044894057617057115 0.0011527361693879357
0.04499972681514919 0.0011540596078702947
0.044894057617057115 0.0011527361693879357
0.044894057617057115 0.0011527361693879357
0.04514497780473903 0.0011607915157583193
0.044894057617057115 0.0011527361693879357
0.04514497780473903 0.0011607915157583193
0.04514497780473903 0.0011607915157583193
0.044894057617057115 0.0011527361693879357
0.044894057617057115 0.0011527361693879357
0.044894057617057115 0.0011527361693879357
0.044894057617057115 0.0011527361693879357
0.044894057617057115 0.0011527361693879357
0.044894057617057115 0.0011527361693879357
0.04514497780473903 0.0011607915157583193
0.04514497780473903 0.0011607915157583193
0.044894057617057115 0.0011527361693879357
0.044894057617057115 0.0011527361693879357
0.04486539209028706 0.0011507271549362486
0.044894057617057115 0.0011527361693879357
0.044894057617057115 0.0011527361693879357
0.044894057617057115 0.0011527361693879357
0.04514497780473903 0.0011607915157583193
0.04076593596255407 0.0010213367243068205
0.04514497780473903 0.0011607915157583193
0.044894057617057115 0.0011527361693879357
0.044894057617057115 0.0011527361693879357
0.04076593596255407 0.0010213367243068205
0.044894057617057115 0.0011527361693879357
0.044894057617057115 0.0011527361693879357
0.044894057617057115 0.0011527361693879357
0.044894057617057115 0.0011527361693879357
0.044894057617057115 0.0011527361693879357
0.04514497780473903 0.0011607915157583193
0.044894057617057115 0.0011527361693879357
0.04076593596255407 0.0010213367243068205
0.04076593596255407 0.0010213367243068205
0.044894057617057115 0.0011527361693879357
0.04514497780473903 0.0011607915157583193
0.04514497780473903 0.0011607915157583193
0.044894057617057115 0.0011527361693879357
0.04514497780473903 0.0011607915157583193
0.04514497780473903 0.0011607915157583193
0.044894057617057115 0.0011527361693879357
0.044894057617057115 0.0011527361693879357
0.04514497780473903 0.0011607915157583193
0.044894057617057115 0.0011527361693879357
0.04514497780473903 0.0011607915157583193
0.04514497780473903 0.0011607915157583193
0.04514497780473903 0.0011607915157583193
0.044894057617057115 0.0011527361693879357
0.04514497780473903 0.0011607915157583193
0.044894057617057115 0.0011527361693879357
0.04514497780473903 0.0011607915157583193
0.04514497780473903 0.0011607915157583193
0.04514497780473903 0.0011607915157583193
0.04514497780473903 0.0011607915157583193
0.04076593596255407 0.0010213367243068205
0.04514497780473903 0.0011607915157583193
0.044894057617057115 0.0011527361693879357
0.04514497780473903 0.0011607915157583193
0.044894057617057115 0.0011527361693879357
0.04514497780473903 0.0011607915157583193
0.04514497780473903 0.0011607915157583193
0.044894057617057115 0.0011527361693879357
0.04514497780473903 0.0011607915157583193
0.044894057617057115 0.0011527361693879357
0.04514497780473903 0.0011607915157583193
0.04514497780473903 0.0011607915157583193
0.041045521677006036 0.0010314010851288913
0.044894057617057115 0.0011527361693879357
0.04514497780473903 0.0011607915157583193
0.04514497780473903 0.0011607915157583193
0.04514497780473903 0.0011607915157583193
0.04499972681514919 0.0011540596078702947
0.044894057617057115 0.0011527361693879357
0.04514497780473903 0.0011607915157583193
0.04514497780473903 0.0011607915157583193
0.044894057617057115 0.0011527361693879357
0.044894057617057115 0.0011527361693879357
0.044894057617057115 0.0011527361693879357
0.04514497780473903 0.0011607915157583193
0.04514497780473903 0.0011607915157583193
0.04101685615023598 0.0010293920706772042
0.044894057617057115 0.0011527361693879357
0.044894057617057115 0.0011527361693879357
0.044894057617057115 0.0011527361693879357
0.044894057617057115 0.0011527361693879357
0.04514497780473903 0.0011607915157583193
0.04076593596255407 0.0010213367243068205
0.044894057617057115 0.0011527361693879357
0.04514497780473903 0.0011607915157583193
0.04472014110069722 0.001143995247048224
0.04514497780473903 0.0011607915157583193
0.04514497780473903 0.0011607915157583193
0.044894057617057115 0.0011527361693879357
0.04514497780473903 0.0011607915157583193
0.044894057617057115 0.0011527361693879357
0.04514497780473903 0.0011607915157583193
0.04514497780473903 0.0011607915157583193
0.044894057617057115 0.0011527361693879357
0.044894057617057115 0.0011527361693879357
0.044894057617057115 0.0011527361693879357
0.044894057617057115 0.0011527361693879357
0.04514497780473903 0.0011607915157583193
0.04514497780473903 0.0011607915157583193
0.044894057617057115 0.0011527361693879357
0.04514497780473903 0.0011607915157583193
0.044894057617057115 0.0011527361693879357
0.04514497780473903 0.0011607915157583193
0.044894057617057115 0.0011527361693879357
0.04514497780473903 0.0011607915157583193
0.044894057617057115 0.0011527361693879357
0.041045521677006036 0.0010314010851288913
0.044894057617057115 0.0011527361693879357
0.04514497780473903 0.0011607915157583193
0.04514497780473903 0.0011607915157583193
0.041045521677006036 0.0010314010851288913
0.04514497780473903 0.0011607915157583193
0.04514497780473903 0.0011607915157583193
0.04076593596255407 0.0010213367243068205
0.04514497780473903 0.0011607915157583193
0.039439182728528976 0.0009405739962176085
0.04514497780473903 0.0011607915157583193
0.04514497780473903 0.0011607915157583193
0.04514497780473903 0.0011607915157583193
0.044894057617057115 0.0011527361693879357
0.04514497780473903 0.0011607915157583193
0.04514497780473903 0.0011607915157583193
0.044894057617057115 0.0011527361693879357
0.04514497780473903 0.0011607915157583193
0.044894057617057115 0.0011527361693879357
0.04514497780473903 0.0011607915157583193
0.044894057617057115 0.0011527361693879357
0.04514497780473903 0.0011607915157583193
0.039439182728528976 0.0009405739962176085
0.04514497780473903 0.0011607915157583193
0.04514497780473903 0.0011607915157583193
0.038673328468576074 0.0008556928429470645
0.04514497780473903 0.0011607915157583193
0.04076593596255407 0.0010213367243068205
0.044894057617057115 0.0011527361693879357
0.04514497780473903 0.0011607915157583193
0.038673328468576074 0.0008556928429470645
0.04514497780473903 0.0011607915157583193
0.044894057617057115 0.0011527361693879357
0.044894057617057115 0.0011527361693879357
0.04514497780473903 0.0011607915157583193
0.044894057617057115 0.0011527361693879357
0.044894057617057115 0.0011527361693879357
0.04514497780473903 0.0011607915157583193
0.04514497780473903 0.0011607915157583193
0.044894057617057115 0.0011527361693879357
0.04514497780473903 0.0011607915157583193
0.044894057617057115 0.0011527361693879357
0.04514497780473903 0.0011607915157583193
0.04514497780473903 0.0011607915157583193
0.04514497780473903 0.0011607915157583193
0.04514497780473903 0.0011607915157583193
0.04472014110069722 0.001143995247048224
0.044894057617057115 0.0011527361693879357
0.04514497780473903 0.0011607915157583193
0.044894057617057115 0.0011527361693879357
0.04514497780473903 0.0011607915157583193
0.04101685615023598 0.0010293920706772042
0.04076593596255407 0.0010213367243068205
0.044894057617057115 0.0011527361693879357
0.04514497780473903 0.0011607915157583193
0.04514497780473903 0.0011607915157583193
0.04040537623222917 0.0009984434415173382
0.044894057617057115 0.0011527361693879357
0.04076593596255407 0.0010213367243068205
0.04514497780473903 0.0011607915157583193
0.044894057617057115 0.0011527361693879357
0.04514497780473903 0.0011607915157583193
0.044894057617057115 0.0011527361693879357
0.044894057617057115 0.0011527361693879357
0.04514497780473903 0.0011607915157583193
0.044894057617057115 0.0011527361693879357
0.038673328468576074 0.0008556928429470645
0.04514497780473903 0.0011607915157583193
0.044894057617057115 0.0011527361693879357
0.044894057617057115 0.0011527361693879357
0.04076593596255407 0.0010213367243068205
0.044894057617057115 0.0011527361693879357
0.04514497780473903 0.0011607915157583193
0.044894057617057115 0.0011527361693879357
0.044894057617057115 0.0011527361693879357
0.04514497780473903 0.0011607915157583193
0.04472014110069722 0.001143995247048224
0.044894057617057115 0.0011527361693879357
0.04514497780473903 0.0011607915157583193
0.04514497780473903 0.0011607915157583193
0.04514497780473903 0.0011607915157583193
0.044894057617057115 0.0011527361693879357
0.0406447714776732 0.0010111690646681382
0.04514497780473903 0.0011607915157583193
0.04514497780473903 0.0011607915157583193
0.044894057617057115 0.0011527361693879357
0.04514497780473903 0.0011607915157583193
0.044894057617057115 0.0011527361693879357
0.03850892960326746 0.0008337629329844276
0.044894057617057115 0.0011527361693879357
0.04076593596255407 0.0010213367243068205
0.04514497780473903 0.0011607915157583193
0.04514497780473903 0.0011607915157583193
0.04472014110069722 0.001143995247048224
0.041045521677006036 0.0010314010851288913
0.044894057617057115 0.0011527361693879357
0.04514497780473903 0.0011607915157583193
0.04472014110069722 0.001143995247048224
0.044894057617057115 0.0011527361693879357
0.044894057617057115 0.0011527361693879357
0.04514497780473903 0.0011607915157583193
0.044894057617057115 0.0011527361693879357
0.044894057617057115 0.0011527361693879357
0.04514497780473903 0.0011607915157583193
0.04514497780473903 0.0011607915157583193
0.04514497780473903 0.0011607915157583193
0.04514497780473903 0.0011607915157583193
0.04514497780473903 0.0011607915157583193
0.044894057617057115 0.0011527361693879357
0.04514497780473903 0.0011607915157583193
0.044894057617057115 0.0011527361693879357
0.044894057617057115 0.0011527361693879357
0.04514497780473903 0.0011607915157583193
0.04514497780473903 0.0011607915157583193
0.04486539209028706 0.0011507271549362486
0.04514497780473903 0.0011607915157583193
0.04076593596255407 0.0010213367243068205
0.04514497780473903 0.0011607915157583193
0.04514497780473903 0.0011607915157583193
0.044894057617057115 0.0011527361693879357
0.04514497780473903 0.0011607915157583193
0.044894057617057115 0.0011527361693879357
0.04514497780473903 0.0011607915157583193
0.04514497780473903 0.0011607915157583193
0.041045521677006036 0.0010314010851288913
0.04514497780473903 0.0011607915157583193
0.04514497780473903 0.0011607915157583193
0.044894057617057115 0.0011527361693879357
0.04514497780473903 0.0011607915157583193
0.04472014110069722 0.001143995247048224
0.04076593596255407 0.0010213367243068205
0.044894057617057115 0.0011527361693879357
0.04514497780473903 0.0011607915157583193
0.04514497780473903 0.0011607915157583193
0.044894057617057115 0.0011527361693879357
0.044894057617057115 0.0011527361693879357
0.04514497780473903 0.0011607915157583193
0.04076593596255407 0.0010213367243068205
0.04514497780473903 0.0011607915157583193
0.04514497780473903 0.0011607915157583193
0.04486539209028706 0.0011507271549362486
0.04514497780473903 0.0011607915157583193
0.04076593596255407 0.0010213367243068205
0.04486539209028706 0.0011507271549362486
0.04514497780473903 0.0011607915157583193
0.044894057617057115 0.0011527361693879357
0.04514497780473903 0.0011607915157583193
0.04076593596255407 0.0010213367243068205
0.044894057617057115 0.0011527361693879357
0.04514497780473903 0.0011607915157583193
0.04076593596255407 0.0010213367243068205
0.044894057617057115 0.0011527361693879357
0.04514497780473903 0.0011607915157583193
0.04076593596255407 0.0010213367243068205
0.044894057617057115 0.0011527361693879357
0.044894057617057115 0.0011527361693879357
0.04514497780473903 0.0011607915157583193
0.04514497780473903 0.0011607915157583193
0.04076593596255407 0.0010213367243068205
0.04514497780473903 0.0011607915157583193
0.044894057617057115 0.0011527361693879357
0.044894057617057115 0.0011527361693879357
0.04514497780473903 0.0011607915157583193
0.04514497780473903 0.0011607915157583193
0.04514497780473903 0.0011607915157583193
0.044894057617057115 0.0011527361693879357
0.04514497780473903 0.0011607915157583193
0.04076593596255407 0.0010213367243068205
0.04514497780473903 0.0011607915157583193
0.04514497780473903 0.0011607915157583193
0.044894057617057115 0.0011527361693879357
0.044894057617057115 0.0011527361693879357
0.04087160516064614 0.0010226601627891796
0.04101685615023598 0.0010293920706772042
0.04514497780473903 0.0011607915157583193
0.04514497780473903 0.0011607915157583193
0.044894057617057115 0.0011527361693879357
0.04514497780473903 0.0011607915157583193
0.03969010291621089 0.0009486293425879921
0.044894057617057115 0.0011527361693879357
0.04514497780473903 0.0011607915157583193
0.044894057617057115 0.0011527361693879357
0.04514497780473903 0.0011607915157583193
0.044894057617057115 0.0011527361693879357
0.04472014110069722 0.001143995247048224
0.044894057617057115 0.0011527361693879357
0.041045521677006036 0.0010314010851288913
0.044894057617057115 0.0011527361693879357
0.044894057617057115 0.0011527361693879357
0.04514497780473903 0.0011607915157583193
0.04514497780473903 0.0011607915157583193
0.044894057617057115 0.0011527361693879357
0.044894057617057115 0.0011527361693879357
0.044894057617057115 0.0011527361693879357
0.044894057617057115 0.0011527361693879357
0.04076593596255407 0.0010213367243068205
0.04514497780473903 0.0011607915157583193
0.04076593596255407 0.0010213367243068205
0.04514497780473903 0.0011607915157583193
0.044894057617057115 0.0011527361693879357
0.044894057617057115 0.0011527361693879357
0.044894057617057115 0.0011527361693879357
0.044894057617057115 0.0011527361693879357
0.04514497780473903 0.0011607915157583193
0.04514497780473903 0.0011607915157583193
0.039439182728528976 0.0009405739962176085
0.04514497780473903 0.0011607915157583193
0.04472014110069722 0.001143995247048224
0.04514497780473903 0.0011607915157583193
0.044894057617057115 0.0011527361693879357
0.04514497780473903 0.0011607915157583193
0.04514497780473903 0.0011607915157583193
0.04514497780473903 0.0011607915157583193
0.044894057617057115 0.0011527361693879357
0.044894057617057115 0.0011527361693879357
0.04514497780473903 0.0011607915157583193
0.04514497780473903 0.0011607915157583193
0.044894057617057115 0.0011527361693879357
0.044894057617057115 0.0011527361693879357
0.044894057617057115 0.0011527361693879357
0.04514497780473903 0.0011607915157583193
0.044894057617057115 0.0011527361693879357
0.04514497780473903 0.0011607915157583193
0.04514497780473903 0.0011607915157583193
0.04514497780473903 0.0011607915157583193
0.04076593596255407 0.0010213367243068205
0.04514497780473903 0.0011607915157583193
0.044894057617057115 0.0011527361693879357
0.04514497780473903 0.0011607915157583193
0.04472014110069722 0.001143995247048224
0.044894057617057115 0.0011527361693879357
0.04514497780473903 0.0011607915157583193
0.04514497780473903 0.0011607915157583193
0.044894057617057115 0.0011527361693879357
0.044894057617057115 0.0011527361693879357
0.04514497780473903 0.0011607915157583193
0.044894057617057115 0.0011527361693879357
0.04514497780473903 0.0011607915157583193
0.044894057617057115 0.0011527361693879357
0.04514497780473903 0.0011607915157583193
0.044894057617057115 0.0011527361693879357
0.04514497780473903 0.0011607915157583193
0.04514497780473903 0.0011607915157583193
0.044894057617057115 0.0011527361693879357
0.044894057617057115 0.0011527361693879357
0.04514497780473903 0.0011607915157583193
0.04514497780473903 0.0011607915157583193
0.044894057617057115 0.0011527361693879357
0.044894057617057115 0.0011527361693879357
0.04076593596255407 0.0010213367243068205
0.044894057617057115 0.0011527361693879357
0.04514497780473903 0.0011607915157583193
0.044894057617057115 0.0011527361693879357
0.04514497780473903 0.0011607915157583193
0.041045521677006036 0.0010314010851288913
0.044894057617057115 0.0011527361693879357
0.039439182728528976 0.0009405739962176085
0.04514497780473903 0.0011607915157583193
0.04076593596255407 0.0010213367243068205
0.044894057617057115 0.0011527361693879357
0.044894057617057115 0.0011527361693879357
0.04514497780473903 0.0011607915157583193
0.044894057617057115 0.0011527361693879357
0.044894057617057115 0.0011527361693879357
0.0406447714776732 0.0010111690646681382
