0.04514497780473903 0.0011607915157583193
0.04514497780473903 0.0011607915157583193
0.04514497780473903 0.0011607915157583193
0.04514497780473903 0.0011607915157583193
0.044894057617057115 0.0011527361693879357
0.04514497780473903 0.0011607915157583193
0.04514497780473903 0.0011607915157583193
0.04514497780473903 0.0011607915157583193
0.04514497780473903 0.0011607915157583193
0.044894057617057115 0.0011527361693879357
0.04514497780473903 0.0011607915157583193
0.04514497780473903 0.0011607915157583193
0.04514497780473903 0.0011607915157583193
0.04514497780473903 0.0011607915157583193
0.04514497780473903 0.0011607915157583193
0.04514497780473903 0.0011607915157583193
0.04514497780473903 0.0011607915157583193
0.04514497780473903 0.0011607915157583193
0.041045521677006036 0.0010314010851288913
0.04076593596255407 0.0010213367243068205
0.044894057617057115 0.0011527361693879357
0.04076593596255407 0.0010213367243068205
0.04076593596255407 0.0010213367243068205
0.044894057617057115 0.0011527361693879357
0.04076593596255407 0.0010213367243068205
0.044894057617057115 0.0011527361693879357
0.03970631479751319 0.0009356239886528783
0.04514497780473903 0.0011607915157583193
0.04514497780473903 0.0011607915157583193
0.04514497780473903 0.0011607915157583193
0.04514497780473903 0.0011607915157583193
0.04514497780473903 0.0011607915157583193
0.04386557306861505 0.001113672817382394
0.04514497780473903 0.0011607915157583193
0.04514497780473903 0.0011607915157583193
0.04514497780473903 0.0011607915157583193
0.044894057617057115 0.0011527361693879357
0.044894057617057115 0.0011527361693879357
0.044894057617057115 0.0011527361693879357
0.04514497780473903 0.0011607915157583193
0.04514497780473903 0.0011607915157583193
0.04514497780473903 0.0011607915157583193
0.044894057617057115 0.0011527361693879357
0.044894057617057115 0.0011527361693879357
0.04101685615023598 0.0010293920706772042
0.04514497780473903 0.0011607915157583193
0.044894057617057115 0.0011527361693879357
0.044894057617057115 0.0011527361693879357
0.044894057617057115 0.0011527361693879357
0.04514497780473903 0.0011607915157583193
0.044894057617057115 0.0011527361693879357
0.04514497780473903 0.0011607915157583193
0.044894057617057115 0.0011527361693879357
0.04514497780473903 0.0011607915157583193
0.044894057617057115 0.0011527361693879357
0.04101685615023598 0.0010293920706772042
0.04514497780473903 0.0011607915157583193
0.04486539209028706 0.0011507271549362486
0.04514497780473903 0.0011607915157583193
0.04065245867241174 0.0009937688867012184
0.044894057617057115 0.0011527361693879357
0.044894057617057115 0.0011527361693879357
0.04076593596255407 0.0010213367243068205
0.04514497780473903 0.0011607915157583193
0.04514497780473903 0.0011607915157583193
0.04514497780473903 0.0011607915157583193
0.041045521677006036 0.0010314010851288913
0.04514497780473903 0.0011607915157583193
0.04076593596255407 0.0010213367243068205
0.04514497780473903 0.0011607915157583193
0.044894057617057115 0.0011527361693879357
0.04514497780473903 0.0011607915157583193
0.044894057617057115 0.0011527361693879357
0.04514497780473903 0.0011607915157583193
0.044894057617057115 0.0011527361693879357
0.04514497780473903 0.0011607915157583193
0.044894057617057115 0.0011527361693879357
0.04514497780473903 0.0011607915157583193
0.04514497780473903 0.0011607915157583193
0.04514497780473903 0.0011607915157583193
0.04514497780473903 0.0011607915157583193
0.044894057617057115 0.0011527361693879357
0.04514497780473903 0.0011607915157583193
0.04514497780473903 0.0011607915157583193
0.04076593596255407 0.0010213367243068205
0.04101685615023598 0.0010293920706772042
0.04076593596255407 0.0010213367243068205
0.044894057617057115 0.0011527361693879357
0.04514497780473903 0.0011607915157583193
0.04514497780473903 0.0011607915157583193
0.04514497780473903 0.0011607915157583193
0.04514497780473903 0.0011607915157583193
0.04076593596255407 0.0010213367243068205
0.04076593596255407 0.0010213367243068205
0.044894057617057115 0.0011527361693879357
0.04514497780473903 0.0011607915157583193
0.044894057617057115 0.0011527361693879357
0.04514497780473903 0.0011607915157583193
0.04514497780473903 0.0011607915157583193
0.04514497780473903 0.0011607915157583193
0.044894057617057115 0.0011527361693879357
0.04076593596255407 0.0010213367243068205
0.04514497780473903 0.0011607915157583193
0.044894057617057115 0.0011527361693879357
0.04514497780473903 0.0011607915157583193
0.04076593596255407 0.0010213367243068205
0.044894057617057115 0.0011527361693879357
0.04514497780473903 0.0011607915157583193
0.044894057617057115 0.0011527361693879357
0.044894057617057115 0.0011527361693879357
0.044894057617057115 0.0011527361693879357
0.04514497780473903 0.0011607915157583193
0.04076593596255407 0.0010213367243068205
0.04514497780473903 0.0011607915157583193
0.04076593596255407 0.0010213367243068205
0.044894057617057115 0.0011527361693879357
0.04514497780473903 0.0011607915157583193
0.04514497780473903 0.0011607915157583193
0.04514497780473903 0.0011607915157583193
0.04514497780473903 0.0011607915157583193
0.04514497780473903 0.0011607915157583193
0.04514497780473903 0.0011607915157583193
0.04514497780473903 0.0011607915157583193
0.04514497780473903 0.0011607915157583193
0.04514497780473903 0.0011607915157583193
0.04076593596255407 0.0010213367243068205
0.04514497780473903 0.0011607915157583193
0.04514497780473903 0.0011607915157583193
0.044894057617057115 0.0011527361693879357
0.04514497780473903 0.0011607915157583193
0.04514497780473903 0.0011607915157583193
0.044894057617057115 0.0011527361693879357
0.044894057617057115 0.0011527361693879357
0.044894057617057115 0.0011527361693879357
0.044894057617057115 0.0011527361693879357
0.04076593596255407 0.0010213367243068205
0.044894057617057115 0.0011527361693879357
0.04514497780473903 0.0011607915157583193
0.04514497780473903 0.0011607915157583193
0.044894057617057115 0.0011527361693879357
0.044894057617057115 0.0011527361693879357
0.04514497780473903 0.0011607915157583193
0.04514497780473903 0.0011607915157583193
0.044894057617057115 0.0011527361693879357
0.044894057617057115 0.0011527361693879357
0.044894057617057115 0.0011527361693879357
0.04514497780473903 0.0011607915157583193
0.04514497780473903 0.0011607915157583193
0.041045521677006036 0.0010314010851288913
0.044894057617057115 0.0011527361693879357
0.04514497780473903 0.0011607915157583193
0.04514497780473903 0.0011607915157583193
0.04514497780473903 0.0011607915157583193
0.04514497780473903 0.0011607915157583193
0.04076593596255407 0.0010213367243068205
0.04076593596255407 0.0010213367243068205
0.04514497780473903 0.0011607915157583193
0.04514497780473903 0.0011607915157583193
0.04076593596255407 0.0010213367243068205
0.04514497780473903 0.0011607915157583193
0.04076593596255407 0.0010213367243068205
0.04514497780473903 0.0011607915157583193
0.04514497780473903 0.0011607915157583193
0.044894057617057115 0.0011527361693879357
0.04076593596255407 0.0010213367243068205
0.04514497780473903 0.0011607915157583193
0.04101685615023598 0.0010293920706772042
0.04076593596255407 0.0010213367243068205
0.04514497780473903 0.0011607915157583193
0.04514497780473903 0.0011607915157583193
0.04514497780473903 0.0011607915157583193
0.04514497780473903 0.0011607915157583193
0.044894057617057115 0.0011527361693879357
0.04514497780473903 0.0011607915157583193
0.044894057617057115 0.0011527361693879357
0.044894057617057115 0.0011527361693879357
0.04514497780473903 0.0011607915157583193
0.044894057617057115 0.0011527361693879357
0.04076593596255407 0.0010213367243068205
0.04514497780473903 0.0011607915157583193
0.04514497780473903 0.0011607915157583193
0.04514497780473903 0.0011607915157583193
0.044894057617057115 0.0011527361693879357
0.04514497780473903 0.0011607915157583193
0.04514497780473903 0.0011607915157583193
0.04514497780473903 0.0011607915157583193
0.04486539209028706 0.0011507271549362486
0.044894057617057115 0.0011527361693879357
0.04514497780473903 0.0011607915157583193
0.04076593596255407 0.0010213367243068205
0.04514497780473903 0.0011607915157583193
0.04514497780473903 0.0011607915157583193
0.041045521677006036 0.0010314010851288913
0.044894057617057115 0.0011527361693879357
0.04076593596255407 0.0010213367243068205
0.04514497780473903 0.0011607915157583193
0.04514497780473903 0.0011607915157583193
0.04514497780473903 0.0011607915157583193
0.044894057617057115 0.0011527361693879357
0.044894057617057115 0.0011527361693879357
0.04514497780473903 0.0011607915157583193
0.044894057617057115 0.0011527361693879357
0.04514497780473903 0.0011607915157583193
0.044894057617057115 0.0011527361693879357
0.044894057617057115 0.0011527361693879357
0.04514497780473903 0.0011607915157583193
0.04514497780473903 0.0011607915157583193
0.044894057617057115 0.0011527361693879357
0.04514497780473903 0.0011607915157583193
0.04514497780473903 0.0011607915157583193
0.044894057617057115 0.0011527361693879357
0.04076593596255407 0.0010213367243068205
0.04514497780473903 0.0011607915157583193
0.04514497780473903 0.0011607915157583193
0.04514497780473903 0.0011607915157583193
0.041045521677006036 0.0010314010851288913
0.044894057617057115 0.0011527361693879357
0.04514497780473903 0.0011607915157583193
0.04514497780473903 0.0011607915157583193
0.03970631479751319 0.0009356239886528783
0.04472014110069722 0.001143995247048224
0.04514497780473903 0.0011607915157583193
0.044894057617057115 0.0011527361693879357
0.04514497780473903 0.0011607915157583193
0.04514497780473903 0.0011607915157583193
0.044894057617057115 0.0011527361693879357
0.04514497780473903 0.0011607915157583193
0.044894057617057115 0.0011527361693879357
0.04514497780473903 0.0011607915157583193
0.04514497780473903 0.0011607915157583193
0.04514497780473903 0.0011607915157583193
0.04514497780473903 0.0011607915157583193
0.04514497780473903 0.0011607915157583193
0.044894057617057115 0.0011527361693879357
0.04514497780473903 0.0011607915157583193
0.041045521677006036 0.0010314010851288913
0.04514497780473903 0.0011607915157583193
0.04076593596255407 0.0010213367243068205
0.04514497780473903 0.0011607915157583193
0.04514497780473903 0.0011607915157583193
0.04076593596255407 0.0010213367243068205
0.04076593596255407 0.0010213367243068205
0.044894057617057115 0.0011527361693879357
0.044894057617057115 0.0011527361693879357
0.04514497780473903 0.0011607915157583193
0.04514497780473903 0.0011607915157583193
0.04514497780473903 0.0011607915157583193
0.04076593596255407 0.0010213367243068205
0.044894057617057115 0.0011527361693879357
0.04514497780473903 0.0011607915157583193
0.04514497780473903 0.0011607915157583193
0.04076593596255407 0.0010213367243068205
0.044894057617057115 0.0011527361693879357
0.04514497780473903 0.0011607915157583193
0.04514497780473903 0.0011607915157583193
0.04514497780473903 0.0011607915157583193
0.04076593596255407 0.0010213367243068205
0.041045521677006036 0.0010314010851288913
0.04514497780473903 0.0011607915157583193
0.041045521677006036 0.0010314010851288913
0.04514497780473903 0.0011607915157583193
0.04514497780473903 0.0011607915157583193
0.04514497780473903 0.0011607915157583193
0.04514497780473903 0.0011607915157583193
0.04514497780473903 0.0011607915157583193
0.04076593596255407 0.0010213367243068205
0.044894057617057115 0.0011527361693879357
0.04514497780473903 0.0011607915157583193
0.044894057617057115 0.0011527361693879357
0.04514497780473903 0.0011607915157583193
0.044894057617057115 0.0011527361693879357
0.04514497780473903 0.0011607915157583193
0.04514497780473903 0.0011607915157583193
0.044894057617057115 0.0011527361693879357
0.041045521677006036 0.0010314010851288913
0.04076593596255407 0.0010213367243068205
0.04514497780473903 0.0011607915157583193
0.04076593596255407 0.0010213367243068205
0.04514497780473903 0.0011607915157583193
0.04514497780473903 0.0011607915157583193
0.041045521677006036 0.0010314010851288913
0.04514497780473903 0.0011607915157583193
0.04514497780473903 0.0011607915157583193
0.04514497780473903 0.0011607915157583193
0.04514497780473903 0.0011607915157583193
0.04514497780473903 0.0011607915157583193
0.04514497780473903 0.0011607915157583193
0.04514497780473903 0.0011607915157583193
0.04514497780473903 0.0011607915157583193
0.04514497780473903 0.0011607915157583193
0.04076593596255407 0.0010213367243068205
0.04514497780473903 0.0011607915157583193
0.04514497780473903 0.0011607915157583193
0.04514497780473903 0.0011607915157583193
0.044894057617057115 0.0011527361693879357
0.044894057617057115 0.0011527361693879357
0.04514497780473903 0.0011607915157583193
0.04514497780473903 0.0011607915157583193
0.04486539209028706 0.0011507271549362486
0.04514497780473903 0.0011607915157583193
0.04514497780473903 0.0011607915157583193
0.04514497780473903 0.0011607915157583193
0.044894057617057115 0.0011527361693879357
0.04514497780473903 0.0011607915157583193
0.044894057617057115 0.0011527361693879357
0.044894057617057115 0.0011527361693879357
0.04514497780473903 0.0011607915157583193
0.04514497780473903 0.0011607915157583193
0.04514497780473903 0.0011607915157583193
0.04514497780473903 0.0011607915157583193
0.04514497780473903 0.0011607915157583193
0.04076593596255407 0.0010213367243068205
0.04514497780473903 0.0011607915157583193
0.041045521677006036 0.0010314010851288913
0.04514497780473903 0.0011607915157583193
0.04514497780473903 0.0011607915157583193
0.04514497780473903 0.0011607915157583193
0.04514497780473903 0.0011607915157583193
0.04514497780473903 0.0011607915157583193
0.041045521677006036 0.0010314010851288913
0.04514497780473903 0.0011607915157583193
0.04514497780473903 0.0011607915157583193
0.04514497780473903 0.0011607915157583193
0.044894057617057115 0.0011527361693879357
0.04514497780473903 0.0011607915157583193
0.04514497780473903 0.0011607915157583193
0.041045521677006036 0.0010314010851288913
0.04514497780473903 0.0011607915157583193
0.04514497780473903 0.0011607915157583193
0.044894057617057115 0.0011527361693879357
0.04514497780473903 0.0011607915157583193
0.044894057617057115 0.0011527361693879357
0.041045521677006036 0.0010314010851288913
0.04514497780473903 0.0011607915157583193
0.04076593596255407 0.0010213367243068205
0.04514497780473903 0.0011607915157583193
0.04514497780473903 0.0011607915157583193
0.04514497780473903 0.0011607915157583193
0.04076593596255407 0.0010213367243068205
0.04514497780473903 0.0011607915157583193
0.04514497780473903 0.0011607915157583193
0.04076593596255407 0.0010213367243068205
0.04514497780473903 0.0011607915157583193
0.04514497780473903 0.0011607915157583193
0.04514497780473903 0.0011607915157583193
0.044894057617057115 0.0011527361693879357
0.04472014110069722 0.001143995247048224
0.03970631479751319 0.0009356239886528783
0.044894057617057115 0.0011527361693879357
0.04514497780473903 0.0011607915157583193
0.04514497780473903 0.0011607915157583193
0.04514497780473903 0.0011607915157583193
0.041045521677006036 0.0010314010851288913
0.04514497780473903 0.0011607915157583193
0.041045521677006036 0.0010314010851288913
0.03970631479751319 0.0009356239886528783
0.044894057617057115 0.0011527361693879357
0.04514497780473903 0.0011607915157583193
0.04514497780473903 0.0011607915157583193
0.044894057617057115 0.0011527361693879357
0.04048037261236459 0.0009892391547055013
0.044894057617057115 0.0011527361693879357
0.044894057617057115 0.0011527361693879357
0.044894057617057115 0.0011527361693879357
0.04514497780473903 0.0011607915157583193
0.04514497780473903 0.0011607915157583193
0.04514497780473903 0.0011607915157583193
0.04514497780473903 0.0011607915157583193
0.04514497780473903 0.0011607915157583193
0.04514497780473903 0.0011607915157583193
0.04514497780473903 0.0011607915157583193
0.04514497780473903 0.0011607915157583193
0.04514497780473903 0.0011607915157583193
0.04076593596255407 0.0010213367243068205
0.041045521677006036 0.0010314010851288913
0.04514497780473903 0.0011607915157583193
0.04472014110069722 0.001143995247048224
0.044894057617057115 0.0011527361693879357
0.04514497780473903 0.0011607915157583193
0.04486539209028706 0.0011507271549362486
0.04514497780473903 0.0011607915157583193
0.04514497780473903 0.0011607915157583193
0.04472014110069722 0.001143995247048224
0.04514497780473903 0.0011607915157583193
0.04514497780473903 0.0011607915157583193
0.041045521677006036 0.0010314010851288913
0.04514497780473903 0.0011607915157583193
0.04514497780473903 0.0011607915157583193
0.04514497780473903 0.0011607915157583193
0.04514497780473903 0.0011607915157583193
0.04514497780473903 0.0011607915157583193
0.04514497780473903 0.0011607915157583193
0.04514497780473903 0.0011607915157583193
0.04514497780473903 0.0011607915157583193
0.04514497780473903 0.0011607915157583193
0.04514497780473903 0.0011607915157583193
0.041045521677006036 0.0010314010851288913
0.04514497780473903 0.0011607915157583193
0.04076593596255407 0.0010213367243068205
0.04514497780473903 0.0011607915157583193
0.04514497780473903 0.0011607915157583193
0.04514497780473903 0.0011607915157583193
0.04514497780473903 0.0011607915157583193
0.04514497780473903 0.0011607915157583193
0.04076593596255407 0.0010213367243068205
0.04514497780473903 0.0011607915157583193
0.04514497780473903 0.0011607915157583193
0.04514497780473903 0.0011607915157583193
0.04514497780473903 0.0011607915157583193
0.041045521677006036 0.0010314010851288913
0.04514497780473903 0.0011607915157583193
0.04076593596255407 0.0010213367243068205
0.041045521677006036 0.0010314010851288913
0.04076593596255407 0.0010213367243068205
0.04514497780473903 0.0011607915157583193
0.044894057617057115 0.0011527361693879357
0.04514497780473903 0.0011607915157583193
0.041045521677006036 0.0010314010851288913
0.04514497780473903 0.0011607915157583193
0.04087160516064614 0.0010226601627891796
0.04514497780473903 0.0011607915157583193
0.04514497780473903 0.0011607915157583193
0.04514497780473903 0.0011607915157583193
0.04514497780473903 0.0011607915157583193
0.044894057617057115 0.0011527361693879357
0.04514497780473903 0.0011607915157583193
0.04514497780473903 0.0011607915157583193
0.04514497780473903 0.0011607915157583193
0.044894057617057115 0.0011527361693879357
0.04076593596255407 0.0010213367243068205
0.04514497780473903 0.0011607915157583193
0.04514497780473903 0.0011607915157583193
0.04514497780473903 0.0011607915157583193
0.044894057617057115 0.0011527361693879357
0.04514497780473903 0.0011607915157583193
0.04514497780473903 0.0011607915157583193
0.04076593596255407 0.0010213367243068205
0.04076593596255407 0.0010213367243068205
0.04514497780473903 0.0011607915157583193
0.04514497780473903 0.0011607915157583193
0.04514497780473903 0.0011607915157583193
0.04514497780473903 0.0011607915157583193
0.041045521677006036 0.0010314010851288913
0.04514497780473903 0.0011607915157583193
0.04514497780473903 0.0011607915157583193
0.04514497780473903 0.0011607915157583193
0.04076593596255407 0.0010213367243068205
0.04514497780473903 0.0011607915157583193
0.044894057617057115 0.0011527361693879357
0.04514497780473903 0.0011607915157583193
0.04514497780473903 0.0011607915157583193
0.044894057617057115 0.0011527361693879357
0.044894057617057115 0.0011527361693879357
0.044894057617057115 0.0011527361693879357
0.044894057617057115 0.0011527361693879357
0.04514497780473903 0.0011607915157583193
0.04514497780473903 0.0011607915157583193
0.04514497780473903 0.0011607915157583193
0.044894057617057115 0.0011527361693879357
0.044894057617057115 0.0011527361693879357
0.04514497780473903 0.0011607915157583193
0.04514497780473903 0.0011607915157583193
0.04514497780473903 0.0011607915157583193
0.044894057617057115 0.0011527361693879357
0.04514497780473903 0.0011607915157583193
0.04514497780473903 0.0011607915157583193
0.04514497780473903 0.0011607915157583193
0.04076593596255407 0.0010213367243068205
0.04514497780473903 0.0011607915157583193
0.04076593596255407 0.0010213367243068205
0.04472014110069722 0.001143995247048224
0.044894057617057115 0.0011527361693879357
0.04514497780473903 0.0011607915157583193
0.04514497780473903 0.0011607915157583193
0.04514497780473903 0.0011607915157583193
0.04514497780473903 0.0011607915157583193
0.041045521677006036 0.0010314010851288913
0.04514497780473903 0.0011607915157583193
0.04514497780473903 0.0011607915157583193
0.04486539209028706 0.0011507271549362486
0.04514497780473903 0.0011607915157583193
0.041045521677006036 0.0010314010851288913
0.044894057617057115 0.0011527361693879357
0.04076593596255407 0.0010213367243068205
0.04514497780473903 0.0011607915157583193
0.04514497780473903 0.0011607915157583193
0.044894057617057115 0.0011527361693879357
0.04076593596255407 0.0010213367243068205
0.04514497780473903 0.0011607915157583193
0.04514497780473903 0.0011607915157583193
0.04514497780473903 0.0011607915157583193
0.044894057617057115 0.0011527361693879357
