0.03770925321970971 0.0003443541451794026
0.037778656296394875 0.000471669085372894
0.03788668422359523 0.0004943866266888723
0.03791907357550195 0.0005121045005033016
0.037927772711669194 0.0005542801450594045
0.038044216639338456 0.0005918901055034327
0.038194187641880775 0.0005919471026058664
0.03824382553957849 0.0005938802970717406
0.03830285664855551 0.0006438526564274959
0.03851207987117631 0.000666840735601027
0.03851607568795999 0.0007376172866049571
0.03876198055783253 0.0007379613913764782
0.03955875294546535 0.0007761378052724921
0.04013746004440363 0.0007768885020221424
0.040822567361965066 0.0008567690859263949
0.04255472442649669 0.0008591308418129924
0.04557136086942247 0.0008866265266989764
0.04615181845372662 0.0008917853155344981
