0.03750715724515891 0.0005047577557567216
0.03761744633456317 0.000525678207639699
0.037629863206601666 0.0006019855171484209
0.03774029390168775 0.0006400189356772183
0.03778627998506928 0.0006549294825007163
0.0378715256854656 0.0006813808137531867
0.03818179794459626 0.0007349589880513683
0.03841905616736065 0.0007488827107807859
0.038588078347646736 0.0007867874891055518
0.03926320235836827 0.0007915933546329795
0.04060428086272423 0.0007964917222788484
0.04068698055729375 0.0008473549369177366
0.041348273609744156 0.0008561693952301454
0.04431507416274667 0.0008700840179087535
0.04433747939887994 0.0009081117008831606
