0.03748385997354396 0.00044121526824454925
0.03755230355900672 0.0004664962573184663
0.037675153759937595 0.0004718992552696496
0.037690255049345874 0.000592086354625909
0.03773581885419616 0.0005944607998586424
0.03785573517618371 0.0005997099164010404
0.03792828224724507 0.0006132426042116311
0.038099099036972166 0.000673569336915082
0.03867020540977146 0.0006793815216291287
0.03870866102726765 0.0006810414694370957
0.03877062616530787 0.0007155028829627564
0.03900742012909908 0.0007346371368711639
0.039980269364911974 0.0007367743468835713
0.04005150904142234 0.0007482711549119299
0.040284303380771935 0.0007600763619903902
0.0403340004342335 0.0007603768823388938
0.04068439013840395 0.00079152566193776
0.042150578167067576 0.0008546020649820285
0.04238921812126709 0.0008785616609111205
0.04371367365861913 0.0009526039647637092
