0.038343935972079635 0.0010630580654833466
0.04050499550066888 0.0011260984392720275
0.041273252689279616 0.0011488777636259329
0.043915731366723776 0.001222453731315909
0.04692302085459232 0.0012900031615572516
0.04597740853205323 0.0012707201822195202
0.042020147666335106 0.0011690245519275777
0.043798847356811166 0.0012189886438136455
0.046299373963847756 0.0012778799900843296
0.04218764998950064 0.0011728994904842693
0.04334082151763141 0.0012026105432596523
0.04335879161953926 0.0012064142647432163
0.042583511443808675 0.0011853226060338784
0.040574838407337666 0.0011287243651167955
0.04166019195690751 0.0011593728922889568
0.04263405210804194 0.0011877789584104903
0.041815025615505874 0.0011637586940196343
0.04384195595048368 0.0012202748366689775
0.04396541905589402 0.0012236075890541542
0.04290588921867311 0.0011943181743845344
0.03878000006079674 0.0010757184682006482
0.042460372438654304 0.001181605715828482
0.042801984352990985 0.0011912818190467078
0.04222949920222163 0.0011739949077309575
0.04669043724425137 0.0012844592019973788
0.038763467222452164 0.0010744696701294743
0.042461297707632184 0.0011816882179118693
0.041582068195566535 0.0011569598282221705
0.04630917031317949 0.0012784107530023903
0.04589450964704156 0.001264760077901883
0.04338460764847696 0.0012070810953446198
0.044152928749099374 0.0012274459695618134
0.0416612452827394 0.0011594251591304783
0.04204434063285589 0.001170470244687749
0.04618337610736489 0.0012753658629662823
0.0438464863691479 0.00122032987565035
0.04595828824676573 0.0012700395855063107
0.04330092575401068 0.0012015997635899112
0.04257899220101535 0.0011849608963530045
0.03789094206877053 0.0010180051731367712
0.040478426264598966 0.0011254837772867177
0.03839101968333125 0.0010642176202964038
0.038740705931559205 0.0010739786230260506
0.04005790106020868 0.0011103076285507996
0.04051184933632612 0.0011267572008364368
0.04244213574565947 0.0011812868251581676
0.04257010016590357 0.0011847946407215204
0.04566678870469332 0.001260784894839162
0.044243334559723735 0.0012301919341553003
0.0421835717279464 0.0011727679993782658
0.041262794635258615 0.0011486811636132188
0.04399723233655095 0.0012244699501025025
0.03903384634759277 0.001082088114344515
0.0427066336851567 0.0011886707034136634
0.04258049081545323 0.0011852260868181475
0.04260923503898084 0.0011860440281452611
0.040458249393850565 0.001124493526731385
0.04298789845779538 0.0011965698467975017
0.04385147453285754 0.0012204575359646697
0.042496864683926105 0.0011828328570118174
0.04600786045193672 0.0012710128576145507
0.042499721283093095 0.0011832855598186143
0.04612112883478403 0.0012733326984744053
0.03985557006672025 0.0011060401520808227
0.039227022090926766 0.0010876117157749832
0.03920702449977398 0.0010866207703656983
0.04171718307770789 0.00116109469672665
0.042985176434740424 0.0011964250552409794
0.03976158029399812 0.0011019637968274765
0.04248315398581326 0.0011824403190985322
0.04222616320475936 0.0011739788460545242
0.0439366907812655 0.0012231024957145564
0.04243584768846631 0.001181128856842406
0.04001663951203227 0.0011073354799009394
0.04418382444418967 0.001228357396030333
0.04376557795330882 0.0012144040774728637
0.04337549791671336 0.001206708559038816
0.04124235769268125 0.001147589115134906
0.040057802805677056 0.0011098442046204582
0.04461211245507002 0.0012368782045086846
0.04320341860875487 0.0011980129529547412
0.04327188269235194 0.0012013387313345447
0.04376030992716551 0.0012128747184760869
0.043837840436026454 0.0012201461067888886
0.04547165660187602 0.001252515306987334
0.04379033832810819 0.0012188086911919527
0.038810264552012086 0.0010760752156784292
0.040361047722399235 0.0011209104086447041
0.04299773136153817 0.0011968042599619366
0.04420688538812101 0.0012288041216379497
0.03984767384827137 0.0011046497311326675
0.04297264339402318 0.0011960425108554773
0.04248666809871793 0.0011825620385934599
0.040308487601578236 0.0011152374863740988
0.04246669146232307 0.001181823005026672
0.040457446593791246 0.0011244734814681578
0.042491877218708396 0.0011828149654320441
0.03783425851725042 0.001004235188702296
0.04630968114361167 0.0012786690203938633
0.04418165539391339 0.0012283051837584935
0.04162717214785516 0.0011590311551117338
0.04335823794826865 0.001203159634314943
0.04173567134421319 0.0011628618158283643
0.04429154237732291 0.0012311425125517417
0.04378535458818078 0.001218537141539855
0.044156404910609126 0.001227574783115415
0.043393451953306794 0.0012074711958121043
0.04550019558519125 0.001254133752809139
0.03909333876799792 0.0010839003807632253
0.045589265413582325 0.0012595389380294364
0.04403943661600351 0.0012252109409018885
0.04057790385559201 0.0011289794092590455
0.04118446761276573 0.001146085935033625
0.040577061707153916 0.0011289764806861058
0.04401851468719542 0.001224948271556059
0.0427166213048622 0.0011889405250258278
0.03969553904607892 0.0011013407420250587
0.04225844098255038 0.0011749574441637378
0.046194933354854584 0.0012756620526488405
0.03730576322413981 0.0009871378279058263
0.043331958120688796 0.001202430979901692
0.04905924806371331 0.0013127214842825197
0.04346542665734887 0.0012102378059353214
0.04169838200323284 0.001160476400400512
0.043776201317086816 0.0012183031903987285
0.043335489463061094 0.0012024424577248283
0.03700854815542698 0.000905621775700638
0.039196078199893236 0.0010864051873795688
0.04057036619633436 0.00112859474029392
0.04379832884296775 0.001218973378854571
0.0409781641792506 0.0011381118129065726
0.039399512112140656 0.0010905178678513039
0.045101295690983534 0.001241928868694231
0.04544995108153671 0.0012511842069216073
0.045171351404860616 0.0012475478069973178
0.038360021309927106 0.001063141109625576
0.03914262284524739 0.0010839271053555422
0.04339848249219358 0.0012081592612958048
0.042230666847899556 0.0011739993169612717
0.038297735154628754 0.0010610094541334547
0.03838113695383072 0.001063986033841502
0.04207426682114601 0.0011710223043337464
0.04155415971763432 0.001155374469817616
0.0424803860951215 0.0011822827000287361
0.04387168330140412 0.0012211365828989074
0.03979917406104505 0.0011031615795218386
0.04331328021362424 0.0012018666748190299
0.03974708169698715 0.001101843619835563
0.0400633723475039 0.0011111094099760521
0.03830463998019695 0.001061186230799649
0.04391217487864196 0.0012221979377500247
0.03954446571879089 0.0010945773210551124
0.04588415229227394 0.0012637762301892508
0.04421968385577202 0.001229197885550093
0.04297990375198424 0.001196267028717557
0.04601221578195691 0.0012711287308775354
0.045835542608983815 0.0012625966264749877
0.043796479469165206 0.001218914669152582
0.04054747894406319 0.0011283316016488243
0.046453830786049366 0.0012804749349015765
0.04254667251370847 0.0011839403487101663
0.045021355617791414 0.0012411024727043696
0.04125365486834198 0.0011484807400847785
0.04468871094286442 0.001238267112057656
0.045115323504433036 0.0012429684356902726
0.041081062285229564 0.0011423209216445684
0.0378469699062407 0.0010161785012314795
0.040346902096644044 0.0011207873321836814
0.03909262828528881 0.0010838665075425524
0.042566566495224833 0.0011846975321532227
0.03989031887613237 0.0011062476623919792
0.038179084891453385 0.001056893353961641
0.04278810205869377 0.0011909258464584127
0.03855847357772291 0.0010699566482799128
0.042391028022393584 0.0011798271953011863
0.040974023984745145 0.0011378644412616268
0.04336394020356238 0.0012065255978086498
0.04358313954435289 0.001211553877510596
0.04676772025413811 0.0012875661814177874
0.04645095532760024 0.0012794451540685259
0.0429284127894789 0.0011950211192015558
0.04382655210793018 0.0012196925927128177
0.042783687356859446 0.0011899225864908658
0.04221095680259168 0.0011733339524653275
0.03946750657632947 0.0010905836315941997
0.04270227439701557 0.0011882423677889165
0.042592936544679105 0.0011855032862513326
0.04292224068194628 0.001194552442029817
0.0438216591719538 0.0012195510971650947
0.0420316809322685 0.001169101356936153
0.04150086734443903 0.0011501124099595472
0.04127173509914428 0.001148792936874088
0.04654034157283604 0.0012826578895328566
0.04380034818314016 0.001219020654389169
0.04382672836072743 0.0012197002215543762
0.04443371971137822 0.0012331086036283523
0.04385530692525208 0.0012206271712784655
0.0415040364023298 0.0011501883891469333
0.04056840529665351 0.0011283322164672427
0.04207374947145581 0.00117062498247833
0.03872471721842885 0.0010732282644312363
0.04143072431907058 0.0011500096989038866
0.04421379347331822 0.0012289108672121074
0.04387286421842873 0.0012215092683618423
0.04345657746307552 0.001209549380291719
0.04086789325810969 0.001129777723690495
0.03904980339575559 0.0010823511402122676
0.04321946925483644 0.0011983303884335328
0.04179281019605696 0.0011630769658950157
0.03949929564259946 0.0010933773228316568
0.03786124009639025 0.0010163598944927799
0.04293934511952102 0.0011953047069255263
0.038722695084288716 0.0010729613059083931
0.03956477763131261 0.001094946768716909
0.04672969039529562 0.001286983668251196
0.043827521847561 0.0012201210265629925
0.03876256011426449 0.0010744518185674679
0.04013806814327836 0.001111431742174318
0.040360226994380355 0.001120887234719703
0.043925822945311666 0.0012227608567627613
0.04353663511574268 0.0012113453922211193
0.03919360716827214 0.001086184121959377
0.04552714456804097 0.0012546766265586484
0.046335326274856925 0.0012789167885784991
0.04386478313244879 0.0012210441600473132
0.04342515184544027 0.0012089339361409657
0.04597271652892232 0.0012703951360890642
0.04004414891824126 0.0011096033485955559
0.044194528833031654 0.0012285733791941311
0.04254141543060541 0.0011838038844871335
0.039893719367682934 0.0011062610792578198
0.040028078481554985 0.001108250296965707
0.03979772771708667 0.00110310463787755
0.0459387821611017 0.001269845146453008
0.03909223526716232 0.0010838310190592892
0.04259719350375235 0.001185637363960268
0.04021548596210778 0.0011117284229840152
0.04262020776513964 0.0011864847438118886
0.040531547740101814 0.0011273970667389221
0.04224990191869438 0.0011746186974050943
0.04201214085333049 0.0011688508857332636
0.042602859204635024 0.001186013461847324
0.044097014935687184 0.0012262251220818143
0.043907251209020615 0.0012220726057421416
0.04224016098305583 0.001174216617073398
0.04332659603096545 0.001202372422994813
0.042498546186834574 0.0011830898074549623
0.04385729832574725 0.0012207602703711018
0.04435115633532405 0.0012311806785874069
0.04572682082653046 0.0012619315202755388
0.04296752670779824 0.0011959593575738836
0.03837080090306699 0.0010639587344485335
0.04490104876458645 0.001239883466041647
0.04291222617030144 0.0011944875077460892
0.042687660665251315 0.0011880573583766818
0.0425096470862627 0.0011833359894808382
0.04125470155850053 0.0011484946771815885
0.04341564956121147 0.00120863877600641
0.041537896264344454 0.0011547596877790056
0.04441597429104149 0.0012320299392740708
0.0461897817440331 0.0012755493771692272
0.04442376806400716 0.0012326741234574001
0.04548485903069377 0.0012535043970274273
0.04598469426855445 0.0012709274888038635
0.044634400866925716 0.001237302647496108
0.03920860693324357 0.0010868741555896122
0.04469487862661481 0.0012387307251628954
0.04206761112436652 0.0011705874057952315
0.042923693312332034 0.001194620541355107
0.03950287017505616 0.0010938510677078739
0.04419432347640395 0.0012284339682082646
0.046480987686663866 0.0012806013182853349
0.04560633306391537 0.0012599467154359445
0.04612286947667599 0.0012734476367768366
0.04617651435546577 0.0012751588328683283
0.03780356189236045 0.0010032962209152174
0.04217898356728256 0.0011726727934728842
0.042084406362846494 0.0011710512153513264
0.04517039284110069 0.0012475222101784311
0.04298720438964665 0.0011965490521106403
0.042952713556587696 0.00119533083125134
0.04405328701250255 0.0012255649962753523
0.04244861728511751 0.001181598796392791
0.04258048383053392 0.001185201599582797
0.04554348229430616 0.0012546939251478761
0.046569389989599586 0.001283297904592473
0.042991159949451685 0.0011965782105107792
0.0400511019397527 0.0011096759044448845
0.041560014709830284 0.0011561430692381691
0.04241834254935384 0.0011804023779404815
0.038171421736478806 0.001056315904861549
0.04612044687382877 0.0012732754257740453
0.0425980263389647 0.0011857673489430454
0.044226125348359346 0.0012295887390791904
0.04381342092528939 0.0012194147311674897
0.049326842185109854 0.0013185908683226444
0.04052591719664633 0.001126913706684718
0.04593369388021529 0.001269347958441358
0.04262683028355241 0.0011867679604620207
0.045551428105682135 0.0012594924992299639
0.04254668648354709 0.0011839409999083728
0.040466132340952754 0.0011250970674154814
0.04540088074281812 0.0012493148278736044
0.04648214974440634 0.0012811060005333275
0.04171226604375988 0.001161004798632348
0.04209467954933643 0.0011712243394867983
0.046725186286494136 0.0012846501194871962
0.0432693085167557 0.0012006292963633314
0.045121085830032825 0.001243002901901491
0.04589003906585276 0.0012639007436519023
0.04166195774450898 0.0011594427051022649
0.04304419527761638 0.0011977667709288653
0.04406430199742317 0.0012258051610842813
0.04513202444650233 0.0012466708722058684
0.04360478068701923 0.001212788116390584
0.03917591320350766 0.001085886931832647
0.04166934371460229 0.001160409829026321
0.042580863810144365 0.0011853086434712168
0.044271935475990176 0.0012309258236200549
0.04392485157586634 0.0012227211518620607
0.044575408566743135 0.0012360967593849637
0.039222071529366076 0.0010869805628317408
0.03953690477646887 0.001094369392376393
0.04033972043544054 0.0011201932320545893
0.042549925623461604 0.0011842806125059724
0.041594320558942854 0.0011577268815017305
0.04417304112575948 0.0012278627473278902
0.04467584774829447 0.0012379650870570913
0.04744752170518041 0.0012993753553018905
0.03979192511178553 0.0011028432127204724
0.04053021525032818 0.001127056559198536
0.040329972049221396 0.0011169616518600378
0.04563605599105358 0.0012601452544913627
0.04358370928093791 0.0012126202127547003
0.04462138144299388 0.0012371472221275326
0.040594481863081455 0.0011291075534245465
0.041528362315148115 0.0011544771696208045
0.04341196711175144 0.0012084051813872065
0.04209328233264387 0.001171130090369843
0.04248738149181008 0.0011826561167254113
0.045958566246554255 0.0012702687599812634
0.03817841107957065 0.001056394732586341
0.038546655443497 0.0010683230975701008
0.042977517703548074 0.0011961863565375097
0.0387296334374696 0.0010734612951637246
0.04345057508908212 0.00120918552056537
0.04345127451233566 0.0012094205667381175
0.043499889550730586 0.0012103561966796406
0.03924367600120604 0.0010879728652071208
0.043823844753205776 0.0012195823837828357
0.04271552572026849 0.0011888695917150471
0.04171995283104479 0.001161223652161425
0.039052586536854506 0.0010837226400326472
0.045713958563283086 0.0012616580315807369
0.0390344001352787 0.0010821077194123063
0.038362754276022315 0.0010631565091898665
0.04461064236238599 0.0012360987057036255
