0.00868545915272989 0.0010217819378226523
0.008685479838277388 0.0010217846594855473
0.008474561925140733 0.000873230178058293
0.02804344285686966 0.0019142924465995748
0.008707052193130949 0.0010245829748782853
0.019049695013109158 0.0016744280715101922
0.008460992102300224 0.0008726911167968865
0.028037872910317674 0.0019142594305776583
0.008687348041348741 0.0010220269462593023
0.008685483957378892 0.0010217851771585629
0.00846186115177261 0.0008727257072678185
0.008461019663627667 0.0008726922649202606
0.008686132287039072 0.001021869289274946
0.027988853660644963 0.0019128368131759999
0.008466280150059902 0.0008729011897230521
0.026482928638870362 0.0017121277790010936
0.008688183253070747 0.0010221353239785458
0.008477135135763092 0.0008733323867318177
0.008685505131325044 0.0010217879317906409
0.028043537845860556 0.0019143462847068804
0.00868553487725876 0.001021791788673454
0.02804975928938802 0.0019145763068308952
0.00868556008572341 0.0010217950718356406
0.019052545080739947 0.0016745466000429587
0.010775827735415078 0.0012929418344356236
0.008685486746799143 0.0010217855460723513
0.0280432110057518 0.001914286386238473
0.01211816285376699 0.0013463017580761516
0.028043515794706764 0.0019142943545489288
0.019049420176543208 0.0016744208426757723
0.008468630408970057 0.0008729945055847566
0.027975807412076392 0.0019124888526107497
0.019049499507673318 0.001674422957535171
0.00846095972974581 0.0008726898651048032
0.012108888020065933 0.0013458715500291873
0.00868542522948701 0.0010217776164154202
0.008461031985461887 0.0008726927557063391
0.019052436723541177 0.0016745437782219597
0.008460985508463637 0.0008726909056804288
0.008461033276944363 0.0008726928276701074
0.00846102730702114 0.0008726925477731129
0.008685451802193711 0.0010217809750088236
0.008461099772830494 0.00087269535276846
0.028043348008395697 0.0019142899071198372
0.027957651038377662 0.001912120145220797
0.02648279696586542 0.0017121216814075524
0.028033921453243238 0.0019140385624609735
0.019052462846957496 0.0016745443643344515
0.012108921289836871 0.0013458946870059663
0.01077582208745298 0.001292941005317516
0.012108930007798335 0.0013459001412456928
0.008693614120602433 0.0010228397992477767
0.028043494325174834 0.0019142938446634616
0.019058594820307917 0.0016748233275620805
0.019052375303544977 0.0016745420360848584
0.012108911795166932 0.0013458881759902397
0.027854018919242662 0.0019092413971293354
0.028003986462863395 0.0019132461501953912
0.008686889872478787 0.0010219675689882024
0.010792821358336369 0.001293753000027209
0.008700531059730565 0.0010237370909180754
0.008461004844320996 0.0008726916346404323
0.008461548062768998 0.0008727132035346585
0.010775842824841675 0.0012929438096875856
0.008685291721121757 0.0010217723848882088
0.008685458396030299 0.001021781883650874
0.008718457894246967 0.0010260625576847815
0.028043326627084753 0.001914289415708481
0.026253061699208047 0.0017015296185718398
0.026483011207346863 0.0017121315511303692
0.01456328130507245 0.0014587207788281376
0.026482856096663454 0.0017121244452482642
0.01905854052893119 0.0016748220278941517
0.012129089331210707 0.0013468253646351513
0.02804349847338017 0.0019142939282801308
0.008691750036632584 0.0010225980301470372
0.026329390271712327 0.0017050487587084717
0.008461012473162555 0.0008726919746777639
0.01934219529539405 0.0016822703713046394
0.008709340906534635 0.0010248799202372538
0.012108918930152868 0.0013458928789304991
0.026482839834898186 0.0017121236638786286
0.028020017903145344 0.0019136678411086905
0.00875020362855139 0.0010301805146468723
0.00846100332455535 0.0008726915615397957
0.019284710207102762 0.0016797285229728232
0.008460984013254347 0.0008726908346261553
0.019058544756262563 0.0016748221792113327
0.012129092725444934 0.001346828562191149
0.008685494692144857 0.0010217866253583452
0.026482704956833913 0.0017121173981422544
0.008473070116451709 0.0008731708851428266
0.008461021680886915 0.0008726923384756446
0.008500143714627484 0.0008742463660382782
0.01905901861937309 0.001674834681352877
0.008461054114377475 0.0008726936018774722
0.028043481077475008 0.0019142934592650818
0.027813692423478642 0.0019081661565110153
0.008460971720523958 0.0008726903457727531
0.012129083028412424 0.0013468217579202246
0.008461063394861412 0.0008726938907557269
0.008460998297778133 0.0008726913976033757
0.008460990162348025 0.0008726910791665432
0.02648233029867697 0.0017117613184041147
0.028034973089233972 0.0019140666133807827
0.028049763938724936 0.0019145765390931047
0.008698518470737326 0.0010234760677008126
0.012108923743653577 0.0013458961274750436
0.008461073518446938 0.0008726943399324227
0.027990500707346655 0.0019128807692823102
0.008461010435894423 0.0008726918670163286
0.008461136917503609 0.0008726969068675317
0.019049306667966448 0.0016744177706300434
0.008461035486106994 0.0008726928458600014
0.008462788199722127 0.0008727625152005203
0.008685483383487735 0.0010217851205425177
0.019081658750110364 0.0016753229971300243
0.02790327213369892 0.0019105547646631749
0.012129076223573065 0.0013468167056771563
0.00871215835923067 0.0010252453452608279
0.008462228898679314 0.0008727402448585053
0.00846101772003749 0.0008726921643074093
0.008460971750537283 0.0008726903485012372
0.008685344007972162 0.0010217760170689871
0.02648234331900312 0.0017117618115776168
0.028033609992235142 0.0019139876960707625
0.028043270869602566 0.0019142878346087855
0.008684866189923923 0.0010217504984098014
0.008685488333867397 0.0010217858043120032
0.008685491426149383 0.0010217861682804141
0.008685489446179417 0.0010217859162935383
0.008461158391583012 0.0008726976761863625
0.010757560326055682 0.0012905741822351047
0.008460965452286473 0.0008726900578039931
0.0084609894456662 0.0008726910468794813
0.02797276953151595 0.0019123654274721957
0.028049748914781958 0.0019145761392564964
0.019082932703895494 0.001675472433817049
0.012129104987252504 0.0013468354097767588
0.008685467430950666 0.0010217831021464008
0.008685556986165466 0.001021794667224185
0.01904953950906929 0.0016744240001003163
0.012129088458095794 0.001346824728784668
0.008692228725522 0.0010226600986129597
0.0084610021485787 0.0008726915018542059
0.008685785823217884 0.0010218242665018806
0.008685484120178444 0.0010217851911988873
0.008461071446618007 0.0008726942854764275
0.00871109475610865 0.0010251073520635146
0.02804349927646399 0.0019142940246297258
0.010764289421786088 0.0012914449726508792
0.010792745473736431 0.001293743308451667
0.008461036875814898 0.0008726929022486729
0.026482856252187048 0.0017121244641202793
0.008461269188046572 0.0008727021217964648
0.010775850242680463 0.0012929447291298857
0.008460985475721827 0.0008726909009055817
0.008685452371537394 0.0010217811003485622
0.028049596578966884 0.0019145720311826153
0.00846398576231877 0.0008728100274311146
0.028035955096129328 0.0019140928005754176
0.028043487226568686 0.0019142937675837857
0.028043443065143947 0.0019142924645052517
0.02794566147895239 0.0019116849798592739
0.008471429391647689 0.0008731057256454733
0.008461091167191626 0.0008726950336495065
0.00868819437437196 0.0010221367454619212
0.010774365236102312 0.001291883165663421
0.008685458922627731 0.001021781917984299
0.026482348273930256 0.0017117620992053162
0.026483010045012634 0.0017121314059522774
0.008461006548714067 0.0008726917018293534
0.008693825951922918 0.001022867327719723
0.008460969984298572 0.0008726902738089848
0.008460997568363382 0.0008726913356440491
0.028009487348754192 0.001913387030526792
0.008685499325110868 0.0010217871673035006
0.012108912270832661 0.0013458882062309385
0.028043308082487783 0.0019142888206715725
0.008460813393867284 0.000872669674208737
0.019049388717121474 0.00167441993500006
0.010775825864584476 0.0012929415336770944
0.008461173474643147 0.0008726983102178565
0.02802520847399137 0.0019139216881285392
0.008712047327207983 0.0010252309412521754
0.008460959366857423 0.0008726898200848154
0.01904928986914456 0.0016744173591973777
0.008461025404358224 0.0008726924572783901
0.008460962264507543 0.000872689950028871
0.008685449268341472 0.0010217806863579426
0.010775793218272156 0.001292937260132021
0.008498400636199221 0.0008741771148379485
0.012108911351788265 0.0013458873344802669
0.010775821650895523 0.0012929409877528997
0.028049825874404632 0.001914578110927323
0.019058559357290505 0.001674822449444946
0.008460922725134878 0.0008726883844474287
0.008686145203682827 0.00102187096678108
0.008685460082233476 0.0010217821213132083
0.008685424683790188 0.0010217775513297056
0.028043327871273505 0.0019142894607853123
0.008685493896336993 0.0010217864714832103
0.028043507852999028 0.0019142942832672816
0.028049676168848237 0.0019145744157640365
0.026482961308829545 0.0017121292440833713
0.028043526715919143 0.0019142946910619685
0.01904937546532892 0.001674419561254581
0.026483020305022364 0.0017121320198612011
0.026481985984901257 0.001711745469606285
0.028059261444013828 0.00191466496065118
0.02648284915176191 0.0017121240135793414
0.008461057152999274 0.0008726937487608666
0.019049544079280167 0.0016744241647757008
0.008685498773957079 0.0010217871399049727
0.008460963513243769 0.0008726899602606863
0.008685460245942522 0.0010217821536002702
0.026483011642994825 0.0017121316058137381
0.00868554752014461 0.0010217934426464126
0.028037262751240632 0.0019141277609833196
0.027969178323473898 0.0019123121689403888
0.008685459345542768 0.0010217819634590342
0.012108915421322308 0.0013458904836056718
0.02790394969179033 0.0019105728217141404
0.008685479806445073 0.0010217846386240126
0.010792794222652446 0.001293749616365858
0.028005873356960365 0.001913290697245884
0.008685350697305694 0.0010217764527169493
0.008483134866764885 0.000873570708108673
0.028043483427609317 0.0019142935284435225
0.010775843221381365 0.0012929438528317405
0.02804351082249923 0.001914294336529565
0.008461020880531578 0.0008726922723099051
0.010775825830933172 0.00129294153077808
0.019049397009439417 0.0016744201575420448
0.008461025101496489 0.0008726924478423825
0.008685510574650834 0.0010217887051453545
0.010775824302982073 0.001292941344843257
0.026482145252884948 0.0017117528629455592
0.012129078591897269 0.0013468188036540596
0.02804344565356587 0.0019142925340815964
0.00846132962306001 0.0008727045542400447
0.00868531133801298 0.00102177306143858
0.008685491920005006 0.001021786228932342
0.028043187281582505 0.0019142856807548014
0.012108920740047324 0.0013458939787938107
0.010775838385598036 0.001292943168095917
0.00846099203954509 0.0008726911107714841
0.008685473966579593 0.0010217838893140652
0.02648306337687245 0.0017121339977848038
0.02790853101396351 0.0019108104162341988
0.008461036393782706 0.0008726928967917047
0.008460965611448046 0.0008726900770170687
0.008460988977276429 0.0008726910184577719
0.00846712381553516 0.0008729346744758004
0.008685204868015717 0.001021767719635136
0.010775768329949642 0.0012929340699088243
0.012108923105643044 0.0013458951158327181
0.012129107693908736 0.0013468376014316163
0.028043349884683266 0.0019142900247288708
0.028043343783792807 0.0019142898751169923
0.008461007037112722 0.0008726917046715243
0.00846099999762373 0.0008726914652470441
0.008685482624969154 0.001021785028171962
0.00846092691153899 0.0008726885575924825
0.008460992618893215 0.000872691152835614
0.007895605093835911 0.0004424363141311005
0.008685542110470124 0.0010217927504072577
0.02797610576817533 0.0019124969521158164
0.019052129708143184 0.0016745355985676724
0.02648284755014174 0.0017121239296784552
0.008461486802843865 0.0008727107557433555
0.01210892625113047 0.0013458975183198163
0.019049411834657803 0.0016744204980341237
0.008460967311293643 0.0008726901736508808
0.008692165260072215 0.0010226519379443744
0.026482903603209706 0.0017121266863568962
0.008461025361611973 0.0008726924529582902
0.008509628300998884 0.0008746231164877827
0.028002718903735513 0.001913206514416288
0.008685533247444255 0.0010217915558428103
0.00871161123359343 0.0010251743632920807
0.0084665206977661 0.0008729107124736402
0.027579929481362342 0.0017507450854736817
0.019052569137784303 0.001674547226798495
0.00846102325431275 0.0008726923906579032
0.027967604534751445 0.0019122701646665519
0.027995776252282667 0.0019131368089801981
0.008460980389827455 0.0008726907005893736
0.027967125369286805 0.001912257358981151
0.008461015289867646 0.0008726920938215699
0.027962674256741593 0.0019121388023677355
0.02648326206326601 0.001712143176405334
0.01905238457129599 0.001674542323200967
0.019058526183471258 0.0016748216008863892
0.012108924609037786 0.0013458966146799867
0.012108933791296295 0.0013459025659017243
0.008461102968794876 0.0008726954905569073
0.010775840206406428 0.0012929434173543086
0.00846105789696594 0.0008726937543315216
0.02804351990289433 0.0019142945403132217
0.008461018603156845 0.0008726922202413334
0.008461126294605492 0.0008726963988010539
0.00868545445791824 0.0010217813233452944
0.008688706089742482 0.0010222031854709712
0.012108926297969447 0.001345897640135263
0.012108913677366218 0.0013458887311799117
0.008467141035907844 0.0008729354292427161
0.028043462466484925 0.0019142929457984792
0.008460956388262275 0.0008726897095812092
0.00846102244213398 0.0008726923495032679
0.028043532277479244 0.0019142948342505406
0.028043315634931787 0.0019142890913030897
0.012108926864129899 0.001345898032354853
0.008690252453561698 0.0010224147922599514
0.026482753850359586 0.0017121196672178485
0.008482404474307259 0.0008735416911349603
0.008472515774883504 0.0008731488868534143
0.01904934207414044 0.00167441864562079
0.008461012312181992 0.0008726919568289304
0.019049305895805446 0.0016744177307259633
0.028043364520272007 0.0019142904202453792
0.008460964061669074 0.0008726899994826454
0.010792750255859573 0.0012937438409608149
0.02648288149248401 0.0017121255823440151
0.027978306417935528 0.0019125555324990273
0.008461003812954004 0.0008726915915531208
0.01212908919842448 0.0013468251107724427
0.012108927633107669 0.0013458985643524102
0.00846094792450458 0.000872689407742655
0.008685457327374024 0.0010217817463740175
0.008460979723167839 0.0008726906763740772
0.008460975270281779 0.0008726905253979567
0.01904945179421702 0.0016744216521260569
0.012108916831039096 0.0013458916270678856
0.028043343349963834 0.0019142898196378155
0.012108909698781645 0.001345886342335234
0.010792733201014926 0.0012937416266822765
0.019049343004098773 0.0016744187036579206
0.012129094546253327 0.0013468288356079938
0.008685425327712437 0.0010217776339800366
0.012108928403904429 0.0013458988927936844
0.008460941199700756 0.0008726890627031025
0.008461111970973434 0.0008726958867555368
0.01904931780336483 0.001674418057064031
0.012108917742352787 0.0013458918866717795
0.028010813054606842 0.0019134223016408214
0.028049498109794513 0.0019145693225937066
0.00868475470406338 0.0010217445292255434
0.02804340347483958 0.0019142915123211424
0.028011254032207944 0.0019135495103910216
0.008685465997587016 0.0010217828661325257
0.012108930142858298 0.0013459005666049961
0.008704745012437343 0.0010242837148553008
0.008460953542453353 0.0008726895578092808
0.008464918255413068 0.0008728470774030939
0.008460967073915526 0.0008726901440923029
0.012129090950111276 0.0013468268363112657
0.01904935049424239 0.0016744189992436986
0.008690937946084887 0.0010224926762703035
0.028049820483829535 0.0019145780211147212
0.027867880375197274 0.0019096109585916565
0.019049530359097844 0.001674423786028001
0.008460988890874432 0.0008726909787810655
0.012118168205233815 0.0013463055283864378
0.026469762348824588 0.0017115207083406858
0.010792791726998985 0.0012937490952253938
0.010792824145028135 0.0012937533779222576
0.012129096023272723 0.001346830369016061
0.008460929303510056 0.0008726886235308484
0.02772449502208474 0.001905787618454724
0.02804323013242538 0.001914286854855618
0.008460958775685867 0.000872689804964466
0.008689836979101528 0.0010223498713912704
0.00875684023139911 0.0010310414348850827
0.012108918042031291 0.001345892214487776
0.008685471143508039 0.0010217835666708197
0.012129083303079824 0.001346821804645515
0.008467216677672695 0.0008729383944228175
0.008461064832772536 0.0008726940120595827
0.012108922640436504 0.0013458950309086504
0.019049459306643257 0.0016744218339113104
0.02804338461282896 0.0019142909882248205
0.01210892536710162 0.0013458974073614627
0.00869229160980467 0.001022668278551464
0.008461022391202278 0.0008726923407493814
0.028043457993589982 0.0019142928542805748
0.008685425970725191 0.00102178067351133
0.012129095410273294 0.0013468292099787504
0.02804344670403225 0.0019142925734740857
0.01904937081008029 0.001674419444952946
0.008460963711513614 0.0008726899851581038
0.008694966211805877 0.001023015211785605
0.010775878138701955 0.0012929483633570271
0.008460968853796658 0.0008726902204898579
0.00870707725880493 0.0010245887690985
0.00868545516186714 0.0010217814583484142
0.028043171185345273 0.0019142852797244814
0.01905224887377699 0.001674538796237357
0.008685462579705927 0.0010217824068945447
0.008460999960334448 0.0008726914597900759
0.01904936532537249 0.0016744193404178986
0.01077585834536876 0.001292945685520408
0.01904930865202914 0.0016744179592365072
0.012108916323541052 0.0013458910646590994
0.010775831553473836 0.001292942249904172
0.008460990151434089 0.0008726910778023012
0.028043485508533195 0.001914293663674016
0.01212908971683646 0.0013468260452782488
0.019052444170483795 0.0016745438361454035
0.028049481298694445 0.0019145687986110715
0.00846104559423111 0.0008726932898071027
0.008461048159006168 0.0008726932954914446
0.008460979389383283 0.0008726906058882378
0.012108917506338912 0.001345891828123058
0.008685492430231534 0.0010217863490993295
0.008210694218178105 0.0007465440223768383
0.012108925317534158 0.0013458974016202774
0.02648227975168993 0.0017117590754764933
0.012108925379834545 0.0013458974088393916
0.02648287719603104 0.0017121253940786119
0.012129092439863598 0.0013468277732044953
0.01210892375002004 0.0013458961282708515
0.008688231824635295 0.0010221416609397238
0.008461092168545292 0.000872695101293175
0.008685495279678435 0.0010217866558832611
0.012129085065680556 0.001346822888422139
0.008460971464046452 0.0008726903137130648
0.026482804526494874 0.001712121927539556
0.008461010850624007 0.0008726919163564162
0.008460954441943613 0.0008726896412554197
0.008685457513820438 0.0010217817805369123
0.008460989785817219 0.0008726910608629623
0.02804349117559468 0.0019142938049867553
0.008460992735308537 0.0008726911960366124
0.008460930715045833 0.0008726886253498378
0.01904916879675511 0.001674414157719184
0.028043399673151725 0.0019142913893688274
0.027919641787775618 0.0019109911992245543
0.026482825088351092 0.0017121229268468596
0.012129087870562216 0.001346824370102695
0.008461000337774749 0.0008726914772978489
0.01212908572233573 0.00134682293116839
0.008685503182277898 0.0010217876752562915
0.019058696053434687 0.0016748261020893551
0.010775842569273664 0.00129294365314081
0.010791126609547064 0.0012935331662902172
0.008460995631139667 0.0008726912675456333
0.008460956409180653 0.0008726897412998369
0.008461306668323232 0.0008727036055233839
0.008685464148584288 0.0010217826726375279
0.010775868462587823 0.001292947100694164
0.012108923354844592 0.0013458959035119733
0.008460932384878106 0.0008726887465400068
0.010775867666779959 0.0012929470250355735
0.008462416822112573 0.0008727476998728889
0.019052586131692806 0.0016745820109917986
0.00846092542178667 0.00087268848722033
0.00846104989250307 0.0008726934773903849
0.008461038077257399 0.0008726930196871763
0.026482868117454927 0.0017121249286446982
0.014566533893230371 0.001458850082144636
0.026482891905288852 0.0017121259811574419
0.019049378305226128 0.0016744196829563407
0.02784457308553101 0.0019091049446160469
0.008685396866894735 0.0010217775454748335
0.00868559036644001 0.0010217990110277242
0.019052056221880775 0.0016745336271242195
0.010775787320199015 0.00129293655498941
0.008460991562969866 0.0008726911095209289
0.02802756322944333 0.0019139844747542156
0.01210892365725158 0.001345896001168967
0.026482228083295922 0.0017117565452053896
0.0262028767974698 0.0016992158505217958
0.02648201865667943 0.0017117469603249447
0.008487505359880743 0.0008737443149584578
0.008461067774987896 0.0008726940600354283
0.008461031158731203 0.0008726927120505934
0.008461042362796434 0.0008726931184810383
0.008685452646204794 0.001021781133033528
0.01212908002344193 0.0013468201002524438
0.02648247366778378 0.001712106764557575
0.008460998275040765 0.0008726913957843863
0.019052557806389814 0.001674547038817309
0.010792800490889931 0.001293750356808232
0.008685488015544252 0.0010217857096677108
0.010792784425575519 0.0012937482624693075
0.008461021428956883 0.0008726923078938853
0.008685499349667225 0.0010217871875397577
0.008460954491965822 0.0008726896481903168
0.008460928166641679 0.0008726885686201058
0.008460951830784325 0.0008726895188146955
0.008460972928332922 0.0008726903519118423
0.008508287263794045 0.000874569834650174
0.008461013823762187 0.0008726920281105777
0.028034776680215145 0.0019140614414823176
0.01294366901174726 0.0014060514649827383
0.00868550336053886 0.0010217876996421182
0.008685460820743174 0.0010217821829883178
0.008685497246915475 0.0010217869249231626
0.0086854579494684 0.0010217817889497383
