0.012354477541521192 0.0013635386785608716
0.011843709507957101 0.0013326349035196472
0.008801933086942881 0.0010147692992177326
0.01081412483472377 0.0012568573911266867
0.018221222679130733 0.0016345237381756306
0.018279297568369657 0.0016366162126359995
0.009360374184325337 0.0010420682810945436
0.02690702336258255 0.0018520891353546176
0.014101405860856175 0.0014540853444486856
0.0278105353936553 0.001890562409244012
0.011199594184290618 0.0013145789635018446
0.009457623469643295 0.0010444233193993568
0.008641798776807263 0.000937841179620591
0.028308168868534267 0.0019038717800867744
0.018651111284270883 0.0016474936055601574
0.010882846603635699 0.0012858927402703557
0.0274511503521353 0.0018787517619784921
0.018001251155510545 0.0016269539555651136
0.011515915510244668 0.0013240656408015639
0.02750444650882855 0.001880226394860074
0.0189613833790645 0.0016538748823222704
0.014092038618400693 0.0014516973242280073
0.02759353187866509 0.0018840405973605812
0.010320939356461167 0.0010881845373660326
0.008675433695316315 0.0009976526707760058
0.009787980001419783 0.0010596386418910697
0.010173524729907513 0.0010803153563756496
0.010829387814737856 0.0012577895431604702
0.012388220231514424 0.0013690375853911974
0.010813688801135868 0.0012554844179248903
0.008737188880331814 0.0010097084996232297
0.008582939568441361 0.0009193320911435876
0.01235461444593966 0.001364443225611467
0.014256810070946813 0.0014608560886699706
0.027540978393517435 0.0018815754956449382
0.018866697908379138 0.001652323036978487
0.027872075559571385 0.0018926393531728536
0.009329393389634788 0.001039900969772134
0.025857199216261506 0.0017126113307313062
0.01786642719525844 0.0016221315745497122
0.026300185301806778 0.00173355067090597
0.011512718396261334 0.0013239165127743036
0.027554883854463696 0.001882463569927495
0.013282145373523235 0.0014158042540657334
0.01100592699367553 0.0012998436723137274
0.011015149240847677 0.001300615920627024
0.008996176882646978 0.0010288303237757646
0.011853362462716177 0.0013336395095393527
0.011171182384714484 0.0013117491544107907
0.00902275909902528 0.0010309393546776846
0.012347528478130698 0.0013633832713821903
0.008561021997593343 0.000913597486942308
0.00807350198738277 0.0005505549343070015
0.010078278020955622 0.001076072789146565
0.01774398353882134 0.0016113547644636128
0.01788593304809183 0.0016227901360252872
0.027083980792667717 0.0018591447951621376
0.0156838889233768 0.0015066764754010364
0.02742508315714076 0.001877559392596595
0.01857214339543134 0.0016454453725600615
0.018175161094404757 0.0016322840529028326
0.01758050118223764 0.0016051655729825143
0.017917540622875094 0.001623919204575941
0.010247196536511183 0.001083938463125378
0.009344430640339851 0.0010411647090222687
0.010237552924081683 0.0010837854933924973
0.012057049199938774 0.0013459388646879233
0.011185186798684299 0.0013132379317539744
0.02664301876211539 0.001839802283939207
0.009027207735925913 0.0010312090671504848
0.018056550936307758 0.0016285033416352235
0.018198866571765393 0.0016335338004864752
0.027266342367511243 0.0018720433727139607
0.00898526853416115 0.001027694743243046
0.008914654550608248 0.0010261335410177708
0.02760234143352136 0.0018843341676983982
0.008564713469240814 0.0009137948090938153
0.027003767114365473 0.0018558812625997234
0.010418281191959977 0.0010919680207734928
0.010523808421567082 0.0010958688508253545
0.01785255689173937 0.001621955685550347
0.011843003885587677 0.001332048217591364
0.009350628824904561 0.0010412049523438327
0.01844173518475145 0.0016424695822934154
0.008760978118516505 0.0010110109360539354
0.017725191893987358 0.0016109151001728605
0.017605892120627686 0.0016056787244451698
0.012462761020287871 0.0013764854302280582
0.02729941951110959 0.0018732120006461628
0.025614856567699462 0.0017027065332513303
0.012224984122440219 0.0013548076167353429
0.01902055845130235 0.0016543202218599617
0.01892108516767621 0.0016529825879842974
0.02754891850054264 0.0018821928606485017
0.010353096760809422 0.0010886091622523963
0.010110143106430769 0.001076639600796625
0.01816401188261807 0.0016320204886142164
0.011008583067450672 0.0013002259875065647
0.018276033573783934 0.0016353748651454225
0.008649451308883727 0.000994087731669424
0.017932985036168247 0.0016243240170297213
0.015756938373669982 0.001508060799096711
0.017927223641891032 0.0016239705582847819
0.01116981718223542 0.0013114980174577795
0.009972306666895747 0.0010735392934293486
0.009903485304675996 0.0010655447258614004
0.026932802196824923 0.0018528712462284602
0.02794089145027101 0.001894232424092479
0.014003696269355714 0.001449119343305938
0.010884648829232901 0.0012862629373557866
0.008992674702312797 0.0010284493255312555
0.017844210553448647 0.0016215875584748574
0.010251321597024798 0.0010840410250239074
0.017906517488881946 0.0016233631176874042
0.017880088125821203 0.0016226631341851316
0.010230477200821042 0.001083149792975746
0.00807779812021181 0.0005515453085536137
0.015788653399795294 0.0015092751273186877
0.027382292551919818 0.001876089627330657
0.010193973314017057 0.0010815926943905652
0.01147924771066755 0.0013215922299423255
0.027737982687540352 0.0018883561861002818
0.01827728416537866 0.0016355745538021438
0.01837114745285362 0.0016385708440793678
0.008697462501004338 0.0010010563746618573
0.009966079494915903 0.0010690409690141678
0.012227647006511688 0.001354983076453209
0.028402919531799853 0.001905254670418799
0.008603037451393902 0.0009272918596252566
0.01100837194826454 0.0013001136321690865
0.02716719647287391 0.0018678209999052342
0.012034456478431821 0.0013452484054141678
0.018151554570067674 0.0016311242652591318
0.027541483053937554 0.0018820865370798856
0.01088422758039087 0.0012860973183705937
0.01251615263754502 0.0013833929333486594
0.017722525808494538 0.0016107543706311844
0.014154583914205432 0.001457999285776168
0.027273850806523114 0.001872292734333314
0.010890996607486159 0.0012873492851213086
0.010832499829120934 0.0012616994536074344
0.018187152745667845 0.001633336127270013
0.018514739233069122 0.0016437592057627626
0.02685441213543527 0.0018499327343306504
0.01808287639869377 0.0016294034357997589
0.010946681548375636 0.0012946990245836787
0.027668146998621523 0.0018869593368435744
0.025868788186926395 0.001713955010927748
0.010970117815304548 0.001296593061852036
0.027624334674328566 0.0018851270651794039
0.010511968983337283 0.0010952056181849912
0.009894856601022184 0.0010653725767042488
0.011467349249869585 0.0013206211879150942
0.027481766359414905 0.0018796823933371343
0.014169789152219892 0.0014595187676604837
0.012010850012302399 0.0013442465642583556
0.027024704264476895 0.0018590385225252248
0.018123985966667533 0.0016304061355185695
0.0104334712959826 0.0010927102266578004
0.010199781972914934 0.0010818099835887551
0.010999768390320241 0.0012993497657589614
0.02666149564902298 0.0018410369157209061
0.011509447707794607 0.001323295960901305
0.027706088905688375 0.0018879206909332424
0.0269879576517269 0.0018549664891907014
0.025946495356038213 0.0017170721403090283
0.009844192769378424 0.0010625186478137039
0.00889664952410385 0.0010215182119281963
0.010775695322081447 0.001206125065436936
0.00901277584489435 0.0010299232890247367
0.01831975218374282 0.0016377832434955053
0.026020067220088094 0.0017217207423527725
0.026943244418362156 0.0018533803086029366
0.008770139364060014 0.001011474356346298
0.011480127577669919 0.0013216225343057886
0.011128403421025723 0.0013080396165605634
0.017681220604572445 0.0016097726547741331
0.027924191090278327 0.0018940734153147787
0.0278816589852795 0.0018933566825580783
0.008637578052002937 0.0009299708235630533
0.027415476564783603 0.0018775363059830852
0.027782837685663253 0.0018899696951848455
0.011006167973391712 0.0012999102837056853
0.011846274690469727 0.0013332748385437299
0.027841729810461402 0.00189169317309279
0.01792725210543722 0.0016239840624621138
0.010263663716614246 0.0010849751997739077
0.008771237276960164 0.0010124096224899404
0.0178970939014107 0.0016232251800829545
0.017792685597669333 0.0016132691634993535
0.011215031670872122 0.0013163893672754057
0.012334298575296998 0.0013622999977087602
0.012380449450574815 0.0013660623808391392
0.027484974008984864 0.0018798363089445047
0.00891314068576321 0.0010220849871984683
0.009074059431441128 0.0010321469089831226
0.01026378502137959 0.0010849859390873462
0.012235325295478106 0.001356656190182548
0.017990085878409445 0.0016259546973742545
0.012774794362485409 0.001388471391692292
0.011004589032381773 0.001299749954341678
0.011477214633487165 0.0013214778155088425
0.019028771901503205 0.0016545438484172337
0.008703342056833208 0.0010056894680019468
0.009334740228950977 0.001040541275870055
0.008666477049700916 0.0009967211735784076
0.009353399276733398 0.0010416810764581896
0.010263901203870773 0.0010852765844902024
0.010737899807281792 0.0011933563655475155
0.015451312763616443 0.0014996816462371498
0.027348758769221604 0.0018751327515929006
0.008573297411203384 0.0009187222858599853
0.008796289679594338 0.0010139122314285487
0.009957168134860694 0.0010685299130273052
0.017787493066862226 0.0016131142219819594
0.01117971376515925 0.0013127886195434257
0.011161234229803085 0.0013111934531480074
0.027426597196608782 0.0018778278099489398
0.011165382049512118 0.001311323867412284
0.012234556605108082 0.001355877895548474
0.027097012847661972 0.00185935722765862
0.018107267562299967 0.001629466234589927
0.01799802132882178 0.0016263903889921494
0.01571751805022359 0.0015074650291353464
0.010857743793167174 0.0012802751916751731
0.011122801108285785 0.0013071569701423869
0.011818483821116388 0.0013275267119752243
0.012322921073064208 0.0013617746226373129
0.014124279841780663 0.0014562590004061349
0.01015338720753789 0.0010792405373649672
0.028119795490056276 0.001900644383567851
0.010043429909273982 0.0010743235689005814
0.008986928616650403 0.0010278219342580996
0.008994166215416044 0.0010286740507581271
0.010224281810224056 0.0010823360935319215
0.010796381800901145 0.0012514894042396918
0.010893857688643038 0.0012886554504802916
0.0122017270186916 0.0013534358658944257
0.010257515590637922 0.001084657065803185
0.011008345172740519 0.0013000376166019123
0.00867674412438646 0.0009978653324651532
0.012281215051189065 0.0013586258864961565
0.010153047973290086 0.0010788958024932072
0.028046811814419925 0.0018984758571605198
0.012262737611308694 0.0013567878486355767
0.01795752061298117 0.0016249150066869333
0.011137415887787938 0.0013083561134408228
0.009174032835289836 0.0010393690317869186
0.01116840826580301 0.0013114097455400042
0.02622610074467957 0.00173170034395298
0.0180240286863409 0.0016270625419565476
0.008566256379708648 0.00091397747019073
0.009425519616343081 0.0010437801029183902
0.010513490298762918 0.0010952387237921357
0.018417532555758953 0.0016397523577325046
0.028430404723621905 0.001906521778437309
0.01208709878847003 0.0013478474065777846
0.009953272878192365 0.0010679414845071733
0.010885733470786363 0.0012865240860264748
0.017980065196752548 0.0016257555325864814
0.008552519197110087 0.0009113401556533063
0.018712063087150455 0.001651063772442285
0.027981158928014338 0.0018965286144521087
0.014144500251859426 0.0014565988167305477
0.01749089837539941 0.0016013762215152383
0.026984873868059367 0.0018548502630437724
0.011148795718327165 0.001309926388785243
0.026916592090856284 0.0018523046674090438
0.010862055933102965 0.0012846439276472665
0.027997995261102915 0.0018969201846630313
0.017809663782827556 0.0016138243045134004
0.01102184015326202 0.0013013928255531937
0.0088980647851713 0.0010215513757430017
0.008992097806185484 0.0010282893490511924
0.014100228785537183 0.0014518290627165698
0.027113390067825094 0.0018600688854348846
0.027331318124197423 0.0018743224427453242
0.019004610599949956 0.0016538877025595866
0.00900532107334584 0.001029468243359588
0.011168109136633575 0.0013113779277773574
0.010999349993653595 0.0012989676652068738
0.008998323522973806 0.0010290186110069044
0.009379180148243904 0.0010434657378937118
0.01842017739545554 0.0016406804425059818
0.027523961558472365 0.0018810757610481232
0.010844495089258999 0.0012657035840675235
0.01880940329283476 0.001651275269978214
0.02687434054678306 0.001850813740020385
0.018058784131426364 0.0016286704340018332
0.02569569565821439 0.001706870156340301
0.027967579662799835 0.0018955203631776385
0.014257370494306087 0.0014609252684749663
0.009847764624282718 0.001063831128703896
0.02839197649154812 0.001904936485516373
0.026628084655385464 0.0018385621297056787
0.010386720765382051 0.0010894816514337435
0.027319069660734385 0.0018740033483481966
0.01072913926327601 0.0011895531351910904
0.010186457773670554 0.0010804123157868162
0.01797112770145759 0.0016256411909125745
0.00855160114588216 0.000910935586944106
0.011464903596788645 0.0013204769638832659
0.02684309837059118 0.0018495009680918884
0.012445768341422081 0.0013739075438934378
0.02693648581043817 0.001852898254583124
0.0178877217695117 0.0016229148968704976
0.010532505810260773 0.001096342908567749
0.012479365395847708 0.0013831834075972438
0.02694650477496907 0.0018536744355515111
0.017779652669560164 0.0016127460512507241
0.017535139282699674 0.0016030274709919468
0.027111149684060365 0.0018599404247652274
0.0277434493182227 0.0018889937673520762
0.010258596390485764 0.0010847234079847112
0.026140310219489038 0.0017241039604414254
0.0180005066213198 0.001626430639589671
0.00865865993546322 0.000995127556961961
0.0090366211370565 0.0010315798062947579
0.027587114193011075 0.001883348733827006
0.017550297896377742 0.0016032265120884404
0.027391029230784625 0.0018762852996587753
0.027871049125678837 0.0018926095362985507
0.017943827551789582 0.0016245296428678557
0.008987595851067454 0.0010281947543262504
0.027267843193840235 0.0018720946172834374
0.017773702507838607 0.001612713200302096
0.01236875622998923 0.0013644906430272385
0.027447183267213404 0.0018784023559419438
0.009466125746257603 0.0010452236238052137
0.010220448952168226 0.0010821934847626835
0.026884198741754517 0.0018519456825742964
0.012311579193919897 0.0013606828724732623
0.015496930573135614 0.0015055992553243414
0.02635128697147593 0.001739904677378945
0.01744438474997878 0.0015980031130311545
0.02737938694190234 0.0018757767247734591
0.009017792297527194 0.0010304922034265473
0.008619585598353297 0.000927590317587601
0.017938403936568648 0.0016243789432337508
0.027572436083573848 0.0018828640750143677
0.012311418307945132 0.0013606199354398996
0.008286835916806012 0.0007684621450607665
0.01196878997143358 0.0013415274588624015
0.027510524610988796 0.0018806328007485718
0.008962596766650677 0.0010265215387335047
0.01243102498119697 0.001371035847114399
0.008659405866637826 0.0009951805222954135
0.01796077989274636 0.0016251397973974235
0.009758327738381922 0.0010581194001133554
0.010984943015500903 0.0012979735984117724
0.011230363335926086 0.001317217102041468
0.008285915362648666 0.0007683478070248384
0.014085377450101078 0.001451552649086807
0.010431221220642328 0.0010920113272732124
0.009814540389925241 0.00106099943513982
0.011451370432041585 0.0013197246080380864
0.01422943314537406 0.0014605378382839262
0.027512783592101187 0.0018810395267792046
0.026968767226208 0.0018541421341069508
0.01097608363488689 0.001296781705605099
0.011031694652047008 0.0013022856874158606
0.015862976666539907 0.0015099596639629453
0.008978381287306547 0.0010274731976096518
0.008995478739961982 0.0010287543555023149
0.01865546207409352 0.0016488088585902005
0.01417423551902175 0.0014599108399124816
0.018365124182309955 0.0016385264389100485
0.017760761780664325 0.0016126024784171022
0.01115245372056961 0.0013101145887048915
0.008995233220048249 0.001028712526021991
0.017534172104205936 0.0016028698337322567
0.012511165463365614 0.0013832215845468454
0.02752828027587384 0.0018814826325979084
0.009924638085067272 0.0010663326975191012
0.008811905339825898 0.001020674466417404
0.02712393898400478 0.0018640817361301742
0.026707750163041055 0.0018430219643050805
0.008681523613631725 0.0009999130488722585
0.017833628808148205 0.0016213425260502845
0.02709581548697315 0.0018593047570902854
0.026930894557153806 0.0018528353102738038
0.008993372844997793 0.001028525352012366
0.00873620604397729 0.00100919444594183
0.019007451250217855 0.0016540318974875845
0.008678990765474737 0.000998651703412179
0.010057145031169057 0.0010753396491054446
0.026566349668428302 0.0018354518542764708
0.01765930058900267 0.0016092082260001916
0.010917917767073959 0.001293607670959318
0.013882312312489375 0.0014264559467846993
0.026066701509989798 0.00172335695970105
0.028272917144931853 0.0019032630443689413
0.008723116712644696 0.001006197817332577
0.012079866603016853 0.0013477870816132054
0.014119468862190843 0.0014553728615283035
0.009465459967032075 0.0010447317981743254
0.026956332905683666 0.0018539327866164967
0.009367326158098876 0.0010424842403153889
0.027656224789097905 0.0018855318558053114
0.025976310367695987 0.0017198872374137864
0.014275109628215432 0.0014612435188610107
0.02733780798735097 0.0018745277266134508
0.02765330928377807 0.0018853341243811883
0.011157874425407499 0.0013104280515108258
0.0180457120295614 0.0016284430093946867
0.0283210810739547 0.0019040631595999002
0.011144083691760898 0.0013092561421217397
0.01012123515829444 0.0010771114320959896
0.010730303241871297 0.001190422119179857
0.028303438797593117 0.0019033149583265185
0.017630016285693273 0.0016065698546299245
0.01026016823016107 0.0010848816309589893
0.010139212012290955 0.0010787113205878995
0.01797093398636207 0.00162563086632872
0.017957715201191604 0.0016249254476861097
0.018277117051184177 0.0016354078616132028
0.018248195352498442 0.0016346178599633276
0.008987405453808606 0.001027882688504178
0.017947633692529052 0.0016247230742010288
0.011112573731224984 0.0013064881568425335
0.0273061694460921 0.0018734688201220706
0.026160547975450754 0.001728103066852782
0.011187489377334714 0.0013135052577126771
0.014349607285112143 0.001461374296923168
0.01779051445191726 0.00161314157594461
0.018264982441905886 0.001635173182876315
0.010994801355991513 0.0012987722075195052
0.018308092025108635 0.0016366784911951981
0.008695211727172136 0.001000776403088821
0.01040309015661478 0.0010911648714682087
0.011437141569331288 0.0013186942451284267
0.026873454713495448 0.0018505725529394113
0.02685273194219917 0.0018499161124054808
0.026820664468687028 0.001848718758992618
0.009068200830370188 0.0010318966960767284
0.010947928240057081 0.0012956612918060273
0.026216642290819436 0.0017314430733677
0.011460960609838367 0.0013198263550293632
0.009943188168108463 0.0010672300995793194
0.0190290545579046 0.001654550687817391
0.012269841157831252 0.001357643021037802
0.027371439966373146 0.00187549322436098
0.026995702064596117 0.0018554169109847862
0.018355651467572898 0.0016381033783545718
0.008982517174445093 0.0010275010572513565
0.010778551979456097 0.0012069171116309008
0.017554084595758468 0.0016036743509175722
0.026138953515328467 0.0017238356085726991
0.00896938145160675 0.0010268120167893358
0.011520711705088615 0.0013249509138404392
0.0176607770845294 0.0016092548139567953
0.011130001686979085 0.0013083523299428634
0.01881946122739464 0.0016515900424565189
0.018542969948612154 0.0016448869282612577
0.02591877488885075 0.0017170054270536639
0.01781947520794347 0.0016210147005040199
0.008801205432973802 0.0010141152270080056
0.027409980131778866 0.001876970156445168
0.01803028304129839 0.001627780613489449
0.018525327323004603 0.0016442505730083212
0.008728598128072917 0.0010091686817759182
0.027475950424559414 0.0018794849602272734
0.026281961472705007 0.0017330910195596516
0.011168837954755872 0.0013114626635797322
0.026234866003505886 0.001731902826577425
0.009002551611047238 0.0010292540900991298
0.01120395032921806 0.0013150170489097945
0.027442088001407683 0.0018782040642690845
0.008566493634134531 0.00091793932915607
0.01005680684465915 0.0010753126189229079
0.01817201031371951 0.0016320957074640319
0.008329272153787315 0.0007967379860929213
0.026739991852082312 0.0018435591518937144
0.008790084451902658 0.0010134279073099606
0.008964214590378106 0.0010265448654536158
0.027094104618299752 0.001859163588960655
0.010979169979691505 0.001297353894187836
0.011183622234966606 0.0013128694554325193
0.017859380692243576 0.0016221282930928282
0.027565656462684274 0.0018824686121661216
0.018453413620591164 0.0016425160465587396
0.011018663411960006 0.0013009812064410653
0.017707125807646662 0.0016103937159641646
0.010940283129457384 0.00129413852118887
0.026917187409708276 0.0018524920560594182
0.010432299925014377 0.0010926504037342966
0.014158308506011963 0.0014585060416720808
0.027426165819633752 0.0018776450378936715
0.010125097818672657 0.0010785864578792825
0.011175831779837608 0.0013123484386596829
0.028100822819396853 0.0018989348463946953
0.01761726339464076 0.0016062818722275551
0.015371646848507226 0.001491426744905766
0.010854632419068366 0.0012795620314136613
0.017520502005936578 0.0016024560427467804
0.025660165352746844 0.0017054931886377744
0.015492738923057914 0.0015045878099044785
0.026043586141895503 0.00172270619077608
0.011497675906866789 0.0013230128533905372
0.011213113670237362 0.0013161282404325902
