0.008985922147985548 0.0010381404681538697
0.02595892670797184 0.0018208250039606355
0.015912118600681424 0.001498461962910369
0.018410323711577803 0.0016214670467888936
0.014491302194073796 0.001453063901863061
0.008825445256661624 0.0009429083511349745
0.010375388897955418 0.0011039232485927641
0.011326777515932918 0.0012929001240991056
0.01889396458864212 0.0016466858141939156
0.026428196113556623 0.0018420375636196695
0.00914316123817116 0.0010481067074579187
0.018465404340531677 0.001624417334824102
0.01842545560793951 0.0016221874502662104
0.00914063397794962 0.0010476060851942748
0.02527852065395564 0.0016876843001227826
0.026056097995024174 0.001827163989219116
0.012410415802150965 0.0013442312338156626
0.026295376505004242 0.0018361608563282061
0.018892328604124486 0.0016459444887004793
0.018968712771311402 0.001653184910537675
0.00893392536090687 0.0010309489189239684
0.010630374017637223 0.001230715737619903
0.0107300408417359 0.001264076774532441
0.015956744784489274 0.0014998923288658261
0.01963535335380584 0.0016715911260689609
0.019536926178261638 0.0016697497485438362
0.027224222430959344 0.0018742961183306761
0.012864644406363368 0.0013758476779912598
0.016046752920374274 0.0015038091223686934
0.01072219159686938 0.0012634948470804375
0.012025358388200402 0.0013220133550930768
0.010891774552874267 0.0012763218546751887
0.027132753981277347 0.0018714295656536706
0.016046486096456647 0.00150367223250214
0.018425592686980963 0.0016221920704992954
0.010667106020264328 0.0012563237178255804
0.016030553495511413 0.0015027323825052008
0.027164504281245172 0.0018721580127021298
0.02712652226909995 0.0018714038378675468
0.02630279745790176 0.0018364854222454596
0.01405334722949192 0.0014118825274636038
0.009141623741015792 0.0010478294134372845
0.014457670506089926 0.001451656295103021
0.010784547601360828 0.0012706406050710939
0.02656562067568302 0.0018555803981143981
0.014515143353492022 0.0014536050875904039
0.01847189961699769 0.0016255656955763698
0.012342883506789804 0.0013414868444669992
0.01287012011744082 0.0013764689501840621
0.026438921224325895 0.0018469114220351912
0.01594264735467732 0.0014994049997767434
0.012354231672361493 0.00134195206919685
0.009512097109109163 0.0010633311394485645
0.01076064829248935 0.0012701070299954154
0.011219749110750854 0.0012883237504865974
0.019490722683258355 0.001667952397838235
0.025278429966419935 0.0016872979322215542
0.012072988087311387 0.001330204882833641
0.012560737901367247 0.0013641269979416393
0.010702551517169923 0.00126003300465527
0.018518069351557642 0.001627242541871965
0.010939786559902132 0.0012831724743591622
0.014542633900418878 0.0014551283093169332
0.011752201244235039 0.00130583773352555
0.02593177027301863 0.001818905493564671
0.012483448314014822 0.0013557689599110745
0.018273929483257234 0.0016149362636497244
0.009015933726914227 0.0010410784962004982
0.015972809167578816 0.001500265032518655
0.01588576380163431 0.0014973527868278325
0.009508448536507785 0.0010632199118845165
0.01894451567204669 0.0016516349642188288
0.027190840686671436 0.0018732840471784584
0.01600572862662375 0.0015015695680631325
0.009121450071688741 0.001044650656695012
0.008945834415499121 0.001032198571920162
0.008847886230796576 0.0010164126324525569
0.019318225444294512 0.0016646076983306557
0.011778983287513256 0.0013076863360765856
0.018554438487626612 0.0016295960595016368
0.015985327307134867 0.0015010638308012858
0.026055997790535912 0.0018265562757733278
0.013474187930114567 0.0014027717334101908
0.012544778059236705 0.0013634404203912709
0.014539516065269709 0.0014546993334079161
0.011392062297090888 0.0013026916712988168
0.0197558420477435 0.001675358333159238
0.012083463836461306 0.0013320307843969204
0.012053619604557753 0.0013263054861454293
0.012361598201096058 0.0013423399941530079
0.014164828520733863 0.0014183377716108225
0.01843453850597143 0.0016224364371737465
0.01847541198367253 0.0016260110860457644
0.018834465881809592 0.0016434668359579518
0.01858250715304166 0.001633892927202396
0.01041719550266862 0.0011068747407989576
0.00944791198708117 0.0010613778795232065
0.027212168322876096 0.0018740375817287713
0.014603639952838421 0.0014565897145075724
0.012393987039104104 0.0013438244204735383
0.026516885380260646 0.0018528666550992057
0.008745573635678738 0.0009142888375208713
0.012151825707405806 0.0013352475652936846
0.01135670195799321 0.0012940893429913558
0.018542803212767467 0.0016292323161906097
0.011335430666804314 0.0012931903766002506
0.012566943507408723 0.0013695737579837441
0.010760108940303326 0.0012672842422034591
0.014626020099967718 0.0014572713989764452
0.02649751427816227 0.0018523350154282525
0.00822039635386318 0.0005052640408393927
0.011228077462874353 0.0012884881725767627
0.027066443231888115 0.0018697233244893141
0.014504920225590467 0.0014534513029502705
0.012201191391795874 0.001336189772700891
0.011762269015889615 0.0013062195102975238
0.012514939880929887 0.0013617548538604751
0.008806805359199643 0.0009393489963258617
0.02682116918731481 0.001864431324065663
0.012375679099932313 0.001342833522357978
0.026477887062355876 0.001848945947131142
0.014540575444698334 0.001454756042221561
0.00901892629917711 0.0010419553000247106
0.01926702377386391 0.0016633163759252056
0.010895746818277985 0.0012785502331098542
0.018428205279633403 0.0016222835911321454
0.016008661361411214 0.0015020520513644442
0.02655298326862976 0.0018552204564912245
0.009140818554442376 0.0010476477109477855
0.010930653079412878 0.0012817879469366744
0.01237471867352724 0.0013426655204966664
0.01240247511304915 0.001344011863693595
0.01598123856820166 0.001501054284744896
0.01070751651423052 0.0012601058006111998
0.01846802086220123 0.001625406428502174
0.027199467876926064 0.0018734748227871023
0.008802908239886165 0.000933000526856631
0.009170993755105883 0.0010539321810938418
0.009442793321795762 0.0010565402044449002
0.018257378309499472 0.0016140234547492582
0.014032722334377468 0.0014085645962040871
0.01607172703370452 0.0015041541191749275
0.008928132127039135 0.0010301470501872245
0.010754483984783292 0.0012671220210904721
0.026241110725095496 0.0018353243394813035
0.01253412221558392 0.0013628670749312732
0.012430923990905285 0.0013456180167850107
0.00914476450998336 0.0010482203870196827
0.010237963637337089 0.001093082915758714
0.008473692694678903 0.0007591752655571327
0.026183921872870997 0.0018345035168749746
0.026472097728401423 0.0018471716975909658
0.01832610252313316 0.0016169052141776774
0.026806348469108343 0.0018640882699401118
0.012540447351057082 0.0013630272151203826
0.026084937358973548 0.0018273478926857933
0.018377060594502836 0.0016197967815969605
0.026000046986155212 0.0018241786528960802
0.018332034931518137 0.001617633239220595
0.012530385283753276 0.0013623806626128498
0.01074823591625318 0.0012669233219639864
0.009126117452979088 0.0010470588968019001
0.008961098501458764 0.001034047392749926
0.010607409349177033 0.0011787610656028846
0.018973989703226835 0.0016552763881918509
0.02732368221040815 0.0018786291911965236
0.026486711169127375 0.001849494561611209
0.009165815019514412 0.0010523948585614562
0.019072664552368224 0.0016576428497501183
0.027366574970073998 0.0018788343222695403
0.010679412342142314 0.0012570322469400708
0.01239027758128941 0.0013435444998322055
0.012158252764493227 0.0013354649126995355
0.025250388542190194 0.0016846679864102043
0.01880076597444713 0.0016422868211520836
0.026116372959222645 0.0018321280222153291
0.008956373552791774 0.0010334951657569036
0.00897634366992861 0.0010361313034081832
0.0252233300707303 0.0016844730052980594
0.009267516783438623 0.0010546194171183743
0.012455094372853637 0.0013462176866596565
0.01597900129854679 0.0015006041649030522
0.01287623425014317 0.0013776928899460472
0.008935066813137382 0.001031180814607069
0.011230489588342607 0.0012885947435279377
0.012869054917246103 0.0013764089526375756
0.014435808639973402 0.0014506037696264684
0.026925573125481606 0.0018667626864043996
0.012161388993263245 0.0013355738774407655
0.012477498967200518 0.0013469700497807935
0.019534865859895945 0.0016689383846824057
0.010425827233120799 0.001107225616578944
0.011315392679534853 0.0012928064679726958
0.01337848394177854 0.0014008991201990284
0.009109088103286922 0.0010441920312587172
0.025184978498145938 0.0016837695002323017
0.01594819501042366 0.0014998454425949603
0.019548534299246967 0.0016700530613888986
0.012002178700640798 0.0013204625574871898
0.018601479940116405 0.0016345145959348883
0.014033279498107731 0.001411329456459498
0.018300238880328834 0.0016156133679032791
0.012445230968296528 0.0013458055473165587
0.011222431436181068 0.0012883360832347535
0.012383525259792805 0.0013431539991870522
0.014541166368871927 0.0014551000203937292
0.026599857956171036 0.0018561652323114686
0.01215083128772676 0.001334764005150646
0.016027773264795542 0.0015026416949694976
0.009593623341061175 0.00106406158010941
0.018302412005141377 0.0016164714033948258
0.013371308450587094 0.0014008178040967323
0.018456352117937058 0.00162433365767356
0.009150028985459358 0.0010486875908100046
0.026231433206703514 0.001835028342611622
0.01132923539262265 0.001292912507778965
0.010890377743635327 0.0012757333752233535
0.0185568303859327 0.0016297309812216554
0.010314605897292495 0.0010994946569553576
0.011331338318996131 0.0012930869925185107
0.019490001490339637 0.0016675179576850496
0.015975847374647856 0.0015005999302957207
0.012507772771641612 0.001359192538075149
0.025131029717158526 0.001678507549513597
0.014533987967297435 0.0014542320423061028
0.00895676901564002 0.001033547734550666
0.012876919994596392 0.001377876367769204
0.010568979836534709 0.001170489857031498
0.012348086573183537 0.001341837618383579
0.008993555326014757 0.0010382562068116385
0.019210056809242815 0.001660124384216033
0.010683093394618481 0.00125739214126952
0.011987884994596243 0.0013196473591960967
0.009123600088059902 0.0010461956117069349
0.010739497723989189 0.0012653929225052707
0.01240046601742506 0.0013438966998364776
0.02612272696569562 0.0018322734504181426
0.0158914050552994 0.001497548772022128
0.02675221156096086 0.0018597999514895491
0.027378041413612664 0.0018803684288286604
0.014441150706261396 0.0014509842003462836
0.008975997508969158 0.001036032335832715
0.02668556448770687 0.0018574971836642362
0.012333290185779333 0.0013412052212515846
0.014106198854278773 0.0014143842781777494
0.018329420476220548 0.0016175118362298235
0.02679576992522925 0.0018606370649649762
0.015927141532301903 0.0014987292961450294
0.018846540013328195 0.0016441166735603474
0.0124404551461339 0.0013456598535412923
0.012481326470151544 0.001347160228760913
0.01422888645902276 0.0014434495533350855
0.01825387857388705 0.0016138660612341482
0.0266647154930979 0.0018570565734989941
0.01452821516431868 0.0014542245626216754
0.02680297230836004 0.00186407159344526
0.0108652314520441 0.001271578854357358
0.01601954991929233 0.0015025940228952095
0.02703031338751316 0.0018693416204769164
0.011352471075952053 0.001293732704652939
0.008838318521156907 0.0009440172871109098
0.01597489253617823 0.0015003503940533847
0.008195505477488041 0.0004108575840291451
0.01906032906845212 0.0016561933953198604
0.01906072930432856 0.0016572033346164972
0.012875496118795127 0.001377311178657692
0.019495568936690688 0.0016688285395503044
0.026085064047947526 0.0018316247660550289
0.01889394363388419 0.0016460100378026254
0.01838405049056746 0.0016205245337914675
0.010701905470341444 0.001259529817616567
0.010886348667554557 0.0012746383654302917
0.018429634714266285 0.0016223489146796055
0.010993467003572732 0.0012864235177403316
0.01428847387433052 0.0014474257768597454
0.012556841073092073 0.0013639939243148547
0.010721553058829159 0.0012627442738448735
0.01069776137592271 0.0012589111756824423
0.010697246761992574 0.0012587770834215917
0.018282924429513514 0.0016153679753188044
0.02711658866610378 0.0018708302741288207
0.008949526003561914 0.0010329669530619867
0.010483601596206427 0.0011084706638939679
0.011326169013045728 0.0012928956057294272
0.012368026422336698 0.0013425573270069435
0.010699011443648487 0.0012592507155204657
0.014117712242295966 0.0014150547031022143
0.018881938885897398 0.0016456627199659124
0.0185941782547161 0.001634385120269144
0.02673414145829156 0.0018587630256661214
0.00899678049609065 0.0010396826837677509
0.018882071133702993 0.0016456709781778045
0.01598108885809779 0.0015008279151516035
0.026765401882585138 0.0018601008850964718
0.019710957072675228 0.0016735496319597587
0.010423950618132949 0.0011071788030676544
0.008960902108810842 0.0010340440057916567
0.01841931720264256 0.001621713727217866
0.014257609844207764 0.0014442864485317841
0.010872942337300628 0.0012738910809275694
0.01068493555067107 0.001257661686395295
0.012340761488303542 0.0013412306434474885
0.025274909276049584 0.0016872060441528447
0.0184390083886683 0.0016236809715337586
0.013278773869387805 0.0013817508734064177
0.00898511934792623 0.0010367988870711997
0.00913315563229844 0.0010475669041625224
0.01919021602952853 0.0016592828469583765
0.019311458687298 0.001663856157392729
0.011367546627297997 0.0012946723290951923
0.010576894448604435 0.001171239402538049
0.018527404783526435 0.0016276746137009468
0.012239143485203385 0.0013376553542912006
0.026826553512364626 0.0018645388845470734
0.015912370290607214 0.0014984710433054715
0.01137063605710864 0.0013004071224713698
0.026694980799220502 0.001858519302913919
0.00914561451645568 0.001048357182298787
0.018529127642977983 0.0016280502204608638
0.009103712567593902 0.0010438827885081992
0.0252863610512577 0.0016884384749573655
0.012864778458606452 0.0013759782086708583
0.012872072809841484 0.00137680621992331
0.018527885258663446 0.0016278199946100358
0.015962657053023577 0.0015001657739048824
0.01074639376020059 0.0012666538350458723
0.014463652623817325 0.0014518460229737684
0.01067984220571816 0.001257117011846276
0.018677896790904924 0.0016366613781428896
0.02521695027826354 0.0016841227989061736
0.018821697332896292 0.0016433549681096338
0.018840329721570015 0.0016437397134723142
0.00901016138959676 0.0010407342815597076
0.018434766301652417 0.0016225284816755448
0.014619950437918305 0.001457074045902118
0.01594548299908638 0.0014997291145846248
0.025932246877346188 0.0018189711627201177
0.009163119364529848 0.001052072853781283
0.025931727199349552 0.00181889930536272
0.014440328115597367 0.0014509607281070203
0.012488683161791414 0.0013572178504546173
0.018281459982972592 0.0016151794479810633
0.018416326987789944 0.0016216892036027275
0.008970493916422129 0.0010357978135289159
0.026358657312812284 0.0018391553603578359
0.011365114711225033 0.0012945275157107972
0.025163165875710547 0.0016809145527076907
0.01134854822885245 0.0012937215651618317
0.010697426390834153 0.001258792144653853
0.026850605849176645 0.0018650332640390843
0.0190873687970452 0.0016579953698965255
0.01853965991176665 0.0016283859149552882
0.012517275230493397 0.0013618611774290912
0.00901649589650333 0.0010412430929136463
0.012377857929095626 0.0013429110404103994
0.014438743237406015 0.0014507791202049702
0.010570677288342267 0.0011709506834449712
0.010871951642911881 0.001273677553399466
0.019439716124907136 0.001667438235017471
0.010863824980333447 0.0012711292438325472
0.0141465573979076 0.0014181161604938097
0.01039035595022142 0.0011054707574658096
0.01192178763449192 0.001314258886850439
0.019696155562996864 0.0016733887969166972
0.02615555710508488 0.0018329306731175166
0.019478591973893344 0.0016674566286383197
0.011362099321559072 0.0012944864938617684
0.018589834246085957 0.0016340963593393099
0.009162765112705529 0.00105200369580416
0.012209871551021934 0.001336747023742646
0.012414716649800539 0.0013445718213915825
0.012326508993282914 0.0013409332459559664
0.010711605835240334 0.0012608717261173297
0.015987310791388154 0.001501082384493202
0.010851214290596545 0.001270709777600132
0.010898475535213947 0.0012807530038116965
0.008980141312349588 0.0010366726310166996
0.01967532665003091 0.0016727512193028815
0.01889633503742516 0.0016491976130055264
0.01419180235825479 0.0014363714581122622
0.027266641496680677 0.001875678623036947
0.008472217188682407 0.0007573598159069661
0.016037959838286042 0.0015029971837066114
0.018895770772360265 0.001646754244575277
0.01073711784556508 0.001264316470042104
0.013398634502664208 0.001401327557687182
0.011365202255547047 0.0012945292692165822
0.009464854490943253 0.001061408307577949
0.010870363446883857 0.0012729466034215875
0.019785508164204657 0.0016762074301368557
0.012532579072285444 0.0013624860366689973
0.016073788283392787 0.0015050306683406234
0.012564376374939457 0.0013645218423334882
0.02722566924057901 0.001875444024335593
0.01940506580285728 0.0016648040036670864
0.019727845094166696 0.0016743699452490546
0.026923807221464813 0.001866444043116644
0.01088075980078429 0.0012744376363116316
0.014581657014787197 0.0014558786933775991
0.018312056316062808 0.00161661990932771
0.012384865898638964 0.0013434444990707561
0.02687682001851499 0.0018655919775483198
0.011240844731219113 0.0012925146365887485
0.009120891045313329 0.0010442279672133736
0.00895127869443968 0.0010331698940717615
0.014475806383416057 0.001452536613214761
0.011342745157890022 0.001293497443839442
0.010877262917347252 0.0012742202598019503
0.026269538240740076 0.0018356601976847742
0.018847562954761088 0.0016444077919004485
0.01836800778983161 0.0016190843634831253
0.010915892838966101 0.0012808048850274645
0.01961259951349348 0.001670942765485961
0.014062073838431388 0.0014125998823146801
0.014088918862398714 0.0014137842772470322
0.019658231758512557 0.0016726187895983458
0.011787384544732049 0.0013093465677229688
0.018785326625220478 0.0016412012992077507
0.015894143609330058 0.0014976850943639874
0.012371181277558208 0.0013425575016299263
0.012424675514921546 0.0013448908284772187
0.014515931950882077 0.0014540763077093288
0.012342166621237993 0.0013414249260677025
0.015995945315808058 0.0015012443473096937
0.019600715138949454 0.0016708347102394328
0.010867385542951524 0.0012723569379886612
0.018913964449893683 0.0016496167299919762
0.01833676331443712 0.0016184886408154853
0.01885265449527651 0.0016446849913336337
0.018343090312555432 0.0016186813409149181
0.01942389307077974 0.0016662029156577773
0.011354247806593776 0.0012938216168549843
0.01593838445842266 0.001499319332651794
0.008839015383273363 0.0009486653907515574
0.012371590593829751 0.0013426172372419387
0.01451802533119917 0.001454173936508596
0.014075272250920534 0.001413112819136586
0.014445332577452064 0.0014511264016618952
0.010708171175792813 0.001260466353414813
0.012137620942667127 0.0013344182661967352
0.018564711412182078 0.0016319130518240854
0.008917064231354743 0.0010247251339023933
0.01975863112602383 0.0016754159441916272
0.009150048135779798 0.0010495611859369092
0.011176010477356613 0.001286932652874384
0.010698507830966264 0.0012589947400556412
0.014122359367320314 0.0014151075993140694
0.02669223805423826 0.001857731222116854
0.010319796856492758 0.0010998007346643135
0.0190241631353274 0.0016561162265134044
0.010340671986341476 0.0011013065231963992
0.011360230739228427 0.0012941701206727885
0.01599174365401268 0.0015012065559858456
0.01596109103411436 0.0015001500869402662
0.019599313382059336 0.0016707993199815974
0.009122483723331243 0.0010461163983563893
0.015959155280143023 0.001499949605204165
0.01967902493197471 0.001672788719588425
0.010713796480558813 0.0012615396481123753
0.008918149454984814 0.0010256759269395843
0.012248916551470757 0.0013408941304078326
0.010303928749635816 0.0010966303379973397
0.02688310225494206 0.001865856655058451
0.01286599348532036 0.0013761465161223896
0.018397715146420524 0.0016208996894420125
0.012882889190223068 0.0013788011783617549
0.018437313585309312 0.0016228369895543437
0.01340850896667689 0.0014026820354047231
0.016067997086793184 0.001503999053966254
0.019647156936116517 0.0016722814834793098
0.01963809784501791 0.001672076883551199
0.011981192976236343 0.001318243972491473
0.012859487382229418 0.0013751112419413403
0.014129291579592973 0.001417814833985176
0.014347414951771498 0.0014503740821965039
0.010386436246335506 0.001105368632124737
0.018411555094644427 0.001621471397811547
