0.012811933760531247 0.0013639931348734535
0.018886636942625046 0.0016433213604614139
0.025928652612492442 0.0018166352310799994
0.008854673884343356 0.000924012296309229
0.018058595072943717 0.0016032799103413709
0.012391688651405275 0.0013489188931998797
0.019324021181091666 0.0016566707199672237
0.01869186165276915 0.001635944274312351
0.013513587065972388 0.0014029687954462133
0.012402555206790566 0.0013526191105484031
0.009041544573847204 0.0010365879643359222
0.010718885867390782 0.0012564376447699033
0.02601756912190467 0.0018203504441771656
0.01935499196406454 0.0016578022405155934
0.01978176215197891 0.0016670095719746314
0.009241050574928522 0.0010508969644433819
0.010654283629264683 0.0012219036325404886
0.009090124862268567 0.0010398728627478704
0.011587944580242038 0.0013045580344623886
0.02640485146548599 0.0018421452332404442
0.01936917449347675 0.0016582926546107046
0.014651301549747586 0.0014555460220435634
0.012436966004315764 0.0013558055434259586
0.02631247090175748 0.001839298383856658
0.019776337081566453 0.0016668604293954559
0.02682288270443678 0.0018560617027105764
0.00966476066969335 0.0010640022737788968
0.009230303228832781 0.0010490190907148644
0.010853551211766899 0.0012681326625170186
0.027129039051942527 0.0018653440347407013
0.013978703878819942 0.0014060915709706023
0.009119612746872008 0.001042771888023708
0.009025030012708157 0.0010361368258600123
0.018766497261822224 0.0016393856130889617
0.02620522689539939 0.0018351907274336554
0.018018968461547047 0.001601840827788692
0.018613595864735544 0.0016332648374373093
0.016191304428502917 0.0015039257414173335
0.011049036285839975 0.00128370074526174
0.014208721928298473 0.001415221020579338
0.008938675164245069 0.001020975447318051
0.02703568700235337 0.001863439341832418
0.009107758640311658 0.0010416606382932514
0.018217254139017314 0.001609428618394304
0.027135098353028297 0.0018653761435416527
0.011403966345824301 0.0012906404081149958
0.019587302580475807 0.0016658758831908926
0.011001045000739396 0.0012794575450243428
0.019480447052046657 0.0016624988566036336
0.02590510924346745 0.0018160259787691757
0.011063824407756329 0.001283818761294242
0.0185965831624344 0.0016326918776030652
0.012293736101128161 0.001333056810835842
0.026583226746879518 0.0018495539043215103
0.012419636885169894 0.0013536439291783608
0.01912943774368614 0.001650647544011008
0.010562707087956369 0.0011391662228561472
0.014761828584596515 0.0014633897662861273
0.027321586851030588 0.0018687722476897761
0.009012875496409833 0.0010349327058065683
0.018222489103209227 0.0016107509873108938
0.013174839317798615 0.001372045575408265
0.014846279053017497 0.0014679989544674754
0.010690106893889606 0.001247581501957029
0.025900066713802516 0.0018157864979002625
0.008766826882492751 0.0008987627879832871
0.018278353789355606 0.0016112001176225021
0.026727389893494546 0.001852393579611089
0.017879076476674527 0.0015969746527844109
0.00896090705646202 0.00102404040080728
0.026409282349050045 0.0018428649782435969
0.02580240898532793 0.0018108449585270137
0.012255265028215945 0.0013245387526694685
0.014027731260284781 0.0014100981352385134
0.011085745645686984 0.001285951817408204
0.010736557538621128 0.0012582446943270043
0.019123444915749133 0.0016506227475474589
0.02603734197327867 0.0018222547550976742
0.0107521420577541 0.001260200864635408
0.018094837781973183 0.0016047245444497094
0.01943188172299415 0.0016604887568973936
0.025585536495782435 0.0018034492677543312
0.014745419844985008 0.0014614219253417104
0.009092324995435774 0.001039988943375647
0.01093831635080278 0.0012732624818454497
0.008924743509851396 0.0010186537983827293
0.010749660083092749 0.0012593206993187778
0.008756787225138396 0.0008951810013968498
0.009278498240746558 0.0010533978420426138
0.009255864308215678 0.0010510872743907385
0.019077528035268188 0.001649246500164736
0.014538439456373453 0.0014485069405054674
0.01845503255026415 0.0016179665326490067
0.019343293854035437 0.0016571256346651353
0.008756031340453774 0.0008949835719249677
0.01957546838093549 0.0016657515370752662
0.01943332958035171 0.0016607703219051473
0.016545306192710996 0.0015203937800833955
0.026664807577617466 0.0018514008552301675
0.027052524383179843 0.001863497673184611
0.012799683143384755 0.001360819282126613
0.010757609212305397 0.0012610354533535428
0.014012836385518312 0.0014084093418205157
0.01281332946382463 0.0013643427373608574
0.027251549763605 0.001867407678219024
0.014817969873547554 0.0014664625487057492
0.011071320273913443 0.0012844751399825327
0.019387619337067008 0.001658728564507328
0.026434750529006124 0.0018436062528053299
0.009724640054628253 0.0010679385814000852
0.018108685442712158 0.0016052368882810697
0.00909582816530019 0.0010402869447716512
0.026372349238954484 0.00184171548607992
0.008994163596071303 0.0010327744457754306
0.019568160525523126 0.001665036535996478
0.018158372957259417 0.0016081289650173858
0.01078668812988326 0.0012630863056983799
0.018644222640432417 0.001634668733458966
0.025757567957043648 0.00180933324736543
0.01893898192793131 0.0016442697597085498
0.010995174990966916 0.0012781578479916789
0.012275623506866395 0.0013317116827238351
0.009223213302902877 0.0010481141580385156
0.011037986259907484 0.0012831980275223032
0.011418251087889075 0.0012922454625368118
0.0196876663248986 0.0016666757001075894
0.019171665306203067 0.0016525267128599808
0.018066736811306328 0.0016037886962294579
0.018391195917502046 0.0016153143442352302
0.009110930492170155 0.0010418301899335347
0.010656789934728295 0.0012256275840627495
0.008978404861409217 0.0010292677179677412
0.01247421558946371 0.0013573241885751486
0.010636337159667164 0.00121570209012134
0.019541632966138422 0.0016638739398331381
0.018960676854476333 0.0016470999471493997
0.011092806002125144 0.0012863980955444276
0.026807319838553667 0.001855585323937703
0.012825481360778213 0.0013697568720090203
0.010724025196395814 0.0012574325082823634
0.018630282138474286 0.001633807180041913
0.026365086203441024 0.0018415904196444899
0.010551480168942362 0.0011271771727479063
0.01863539475016296 0.0016340228758053854
0.008595343853812665 0.0007673601867281832
0.018649789039045572 0.001635308435652405
0.019525601877830923 0.0016637748121866025
0.010829544859007001 0.0012671685253735632
0.019031276693567634 0.0016478787656524219
0.019409322063438594 0.0016596361019765027
0.027318857260979712 0.00186847873555962
0.02678373653907329 0.0018551895045675337
0.008932400145567954 0.0010206238366663456
0.012826833291910589 0.0013699188639293425
0.013504702132195234 0.0014015385604579933
0.008955197874456644 0.0010237688547931612
0.01464013452641666 0.0014543821744155139
0.011523904395289719 0.0012997670128243044
0.02567453688243404 0.0018063542811432853
0.014091732446104288 0.0014129045011941344
0.010646556445863098 0.0012174230250820983
0.017813876504078507 0.0015946638086461462
0.02682142227422446 0.0018556012291810475
0.026870142086409032 0.0018578113231342286
0.010783784557133913 0.0012623352813534439
0.014308296842500567 0.0014203858954715542
0.02648169849999249 0.0018455678145983256
0.012808628380298615 0.0013615829520858824
0.010595059196930379 0.001151082557043992
0.01948415278457105 0.001662518916418776
0.027232644031755626 0.001866593782324344
0.009212301461957395 0.0010475625313119963
0.02588671538978815 0.0018152583579649217
0.025966001441702247 0.001819203305785777
0.011429422302171588 0.0012945401103934273
0.008829217520542443 0.0009188400908897165
0.018772236886434257 0.0016396278588217683
0.019677012343890965 0.0016662023117532954
0.011535528115928173 0.0013000710168853402
0.01153874711599201 0.0013003580388613045
0.017823338916059583 0.0015949708176776767
0.014911810867488384 0.001471417403081432
0.017945270403288305 0.0015991241598385386
0.018742407322861254 0.0016378599757445045
0.01839487359393388 0.0016167073044925928
0.011384270619601011 0.001290004962356761
0.015061858110129833 0.0014720379112986848
0.012387505907099694 0.001348646437691059
0.010763239348307252 0.0012611436541192234
0.0270214700140059 0.0018630701160873286
0.01871193922124803 0.001636789682379458
0.010997308185324073 0.0012782937628799118
0.011117898277007043 0.00128910897183232
0.009749379358254373 0.0010694659868022427
0.012280064751394093 0.0013319934005266987
0.009728165459819138 0.0010682404972612858
0.011640744283795357 0.0013083307567285374
0.015100837452337146 0.0014730348339071497
0.010669392882846296 0.0012437871118891053
0.009105333359912038 0.0010414881326141767
0.018938412074930966 0.0016439701212220825
0.009054040419869125 0.0010370114614488557
0.018297771806828678 0.001611979736480862
0.02678341686259955 0.0018546803767094389
0.026720488793216646 0.001851615590567235
0.019543047877959907 0.0016640244866721332
0.019326366833411157 0.0016567222046433017
0.018958592205308378 0.0016453174102935009
0.009775643469765782 0.0010707475594244897
0.019333849544636905 0.0016570553416386247
0.018455447512678802 0.0016184060586965643
0.010619747685268521 0.001210446633194806
0.012812978820875287 0.001364142714010086
0.01786361710401252 0.0015964037665980868
0.008962149207945913 0.0010256344539811835
0.026904101949185133 0.001859192612755578
0.012561257521156222 0.0013575945995398797
0.025579495122656226 0.0018030048231594265
0.018199229845777154 0.0016084843155113049
0.013187696575187147 0.0013725655880989507
0.011102486285381019 0.0012876203982159495
0.009374835412018001 0.0010638896710588597
0.010883270530030131 0.0012713550895568915
0.013475378043949604 0.0013973973400425166
0.025736945564858615 0.0018086672425852157
0.02611150045413524 0.0018336150023969822
0.009192781522870064 0.001045117896865122
0.009236761834472418 0.0010503770536161028
0.018766243243589997 0.0016391474709962495
0.026256490498781204 0.0018386008378001861
0.011079964111559093 0.0012853929947596043
0.014635025523602962 0.0014510868059005588
0.014688609866425395 0.0014604789321310818
0.014399637817405164 0.0014216656927601434
0.01643657125532627 0.0015184738585958257
0.010853571584448218 0.0012693816315731965
0.025628004514146596 0.0018045803954009898
0.019347305176779628 0.0016576314810663462
0.014537034323439002 0.0014484405401162803
0.011490689939819276 0.0012963899644091725
0.0151724882889539 0.0014757982571609318
0.010828883212525398 0.0012667231931118295
0.018903658841736615 0.0016435247162007727
0.012397187063470483 0.0013490265046129934
0.015073176939040422 0.0014721121406182647
0.009738383116200566 0.001068716410372872
0.01109186396934092 0.0012863094598287717
0.019272102741524577 0.0016547946725040674
0.018901602714322507 0.0016434215431218036
0.019468511338345706 0.0016617173023405485
0.027343776426278055 0.0018694296013563871
0.0162420857232064 0.0015089404914760962
0.013520672568120062 0.0014037526489119045
0.025803802243899554 0.0018118459993274882
0.01149425155017525 0.0012973586563020945
0.00922869157511741 0.0010481283388799056
0.011510838521644473 0.0012979120219824836
0.01830591802718118 0.0016122805900522508
0.008522283984348178 0.0005068617683718912
0.010650473646819592 0.0012216527065902483
0.009075738838873804 0.0010392105687060393
0.02584046672564 0.0018133653356926516
0.026571275433525443 0.0018488791029085405
0.011020967504009604 0.0012800404365407303
0.014779770048335195 0.0014637567510362715
0.019232449936680496 0.0016546811457374133
0.012445991218555719 0.0013572834941442125
0.025871652062050998 0.001813868060708046
0.016200635582208633 0.0015058107092045248
0.019109946792013943 0.0016493708972120658
0.018795832293108106 0.0016406271170126274
0.014484051964245737 0.001421982393367216
0.01619615126401186 0.0015057211712701246
0.00884605519240722 0.0009190604141622316
0.018134139594621956 0.001606061079655774
0.01803642068989575 0.0016027065430535004
0.016581154195591807 0.0015211740683298558
0.012365427683107555 0.0013465657975757495
0.009305938030593097 0.001057259003573563
0.02689875359646976 0.0018590880135889165
0.010807901970110834 0.0012660535212489776
0.01855068770237267 0.001631124883715529
0.01480010966770351 0.0014648887445218861
0.018300823983736336 0.0016121348526212387
0.018002806638833135 0.0016014534485293552
0.009262207429856062 0.001051605308020953
0.0193495680578053 0.0016576738053117879
0.02640476159285754 0.0018419618718326092
0.02569199906429276 0.0018068729841616005
0.009055370115675032 0.0010380791281932034
0.012814503628760576 0.0013692846623598598
0.01790695934323594 0.0015979951058398
0.026331069646403193 0.0018401791603537276
0.026756509323604405 0.001853968387877103
0.014671304496005177 0.001456398022128269
0.026024070975836366 0.0018206029271823354
0.01838973572012037 0.0016151153977261856
0.026355142472311854 0.0018414423830108717
0.018480732280295342 0.0016217179800150916
0.014566066674888134 0.0014500132674584165
0.013533478486351669 0.0014052152982912958
0.025778049952350557 0.001810669775295537
0.01238155853934586 0.001347965357126668
0.01244179462082684 0.001357157809252385
0.014071828685700893 0.0014122074062470347
0.009105376433581114 0.0010415081633254886
0.01350998634006828 0.0014020096132298931
0.013479655259288847 0.0013975803012726828
0.010623465874232352 0.0012115719546272885
0.02568626299034804 0.0018066988995997235
0.009200072730891407 0.0010468009422766045
0.011096439440734684 0.0012867019686382264
0.014072856400161982 0.001412535013514571
0.01071953191421926 0.0012572989944601431
0.011401805095374584 0.0012904386385343969
0.013507945230230689 0.0014017641224199906
0.027070448151789606 0.0018636685563251376
0.01904058433137834 0.0016482161590829492
0.014567690901458263 0.0014505008584819734
0.01867464347742498 0.0016353799510397948
0.012833804648835212 0.0013719873313675635
0.012300663976930082 0.00133449376153294
0.01873148779850453 0.0016371602469007485
0.011491119395941496 0.0012971439646207727
0.010971613344736397 0.0012758808297803625
0.008441014564596117 0.0004940140497637913
0.010730623616836965 0.0012577397865243256
0.010771692148409784 0.0012616346721188165
0.010624738351907581 0.001212119786941912
0.010556046210695058 0.0011314630864944775
0.018149693438317627 0.0016066121243056841
0.017880083294585347 0.0015972586115822196
0.026948697865009308 0.0018609272374305874
0.026510977069847286 0.0018459758211974986
0.018015938228927553 0.0016017329908208922
0.014800528064370155 0.0014650089433416724
0.026016671734396368 0.0018203139552497305
0.01063052291283384 0.0012139077225583605
0.008954804856330156 0.001022972894134
0.00900129956426099 0.0010341173547203653
0.027008521487005055 0.0018623697178554721
0.01890561729669571 0.0016435573124908842
0.017913596821017563 0.0015983457997208461
0.019150044419802725 0.0016509603592567146
0.01281218254007399 0.0013640327524626628
0.02665343985427171 0.0018512054957682267
0.01795931556262076 0.0015996586007531732
0.009100807248614728 0.0010408676971565
0.014041661284863949 0.001410285520250909
0.008814364380668849 0.0009143847528321203
0.01837369444547221 0.0016145981498993933
0.027096029021777213 0.0018643584626261145
0.011416207533329725 0.0012915265033370815
0.008974370604846627 0.0010287827462889254
0.010681921150535345 0.0012464551400626078
0.02692619408480823 0.0018598159731482156
0.010747104824986309 0.0012587515739141963
0.027340611559338868 0.0018693678357522003
0.02591168915387243 0.0018162128544645384
0.0195634039118886 0.0016647986412863247
0.010972708696499467 0.001277913419471588
0.025706826942041516 0.00180831337638665
0.01094473956618458 0.0012732907707686536
0.014662085101008415 0.0014557153335772455
0.013490255223587155 0.0013977160560898483
0.025919968145899475 0.0018166004665545188
0.026460777036845684 0.0018444717570673674
0.014530033804476261 0.0014481099642580375
0.0182851729914546 0.0016119538122438826
0.025852205231785774 0.0018136241851607338
0.008971168892458081 0.0010277287874487229
0.008207385835703462 0.00047789557720534503
0.00976009655278176 0.0010700603525037877
0.010968204936943948 0.001275389855436515
0.009292627451941371 0.0010536810805206187
0.016255968948826194 0.001510784204583615
0.019372306880541146 0.0016584185796091333
0.014794614166021347 0.001464760396629572
0.01800199330318719 0.0016010053004720248
0.02606359514174983 0.001823173570301151
0.019307684153318405 0.0016559514915570617
0.011512432480230927 0.001298695948207751
0.01883903914131224 0.001642404546146281
0.00890928553417325 0.0010164521518163383
0.019388409913517535 0.001658975896134507
0.018451338168233633 0.001617577152501326
0.025601803383324295 0.0018040965660475194
0.026840116595849395 0.0018568632513051853
0.01085849420633167 0.001269877735467162
0.011566022876650095 0.0013025615189690143
0.018687116680666804 0.0016356510168407112
0.01628246996551752 0.0015121577307581902
0.016358019318431616 0.0015160835318965837
0.026927142054773867 0.0018607945530675352
0.01077122165588662 0.0012613276994670741
0.014002003706991673 0.0014063833732507192
0.011579088168218732 0.0013034029543632641
0.01064095477340743 0.0012162861057731789
0.011101159267127514 0.0012873386731371284
0.018329510872717947 0.0016129834184539504
0.009304251288995147 0.0010553689789958298
0.019227811484597623 0.0016531572982785292
0.016286483267322183 0.0015130917599890381
0.019834716571494937 0.001667640193772968
0.012390730145853013 0.001348797173704952
0.00894629955291748 0.0010211169719696045
0.019162868964485824 0.0016515450770384632
0.014557194896042347 0.0014493925991700962
0.01911848143208772 0.001650497164519038
0.010895421262830496 0.001273052032047417
0.009747158735990524 0.0010688989859772846
0.01657503447495401 0.0015208437835099176
0.0105767558561638 0.001139352454629261
0.018378286447841674 0.0016147585920407437
0.01916616572998464 0.0016516082905582152
0.019027133123017848 0.001647662094910629
0.027154082781635225 0.0018665923416847363
0.012432639137841761 0.0013545684560085647
0.015149233164265752 0.0014748452231287956
0.01480208127759397 0.0014655730337835848
0.02672490489203483 0.0018516371710575186
0.011395823676139116 0.0012900171568617225
0.025896200095303357 0.0018155065044993535
0.01080263190669939 0.0012645636015804484
0.013527257717214525 0.0014046052456251346
0.01873199420515448 0.0016372804166167043
0.018116037477739155 0.0016053386134444736
0.010649289062712342 0.0012212833935336675
0.026181975845247507 0.0018341410759603605
0.018603949574753642 0.0016327331104548648
0.01647650683298707 0.001519024051958695
0.01062605035258457 0.0012136397781432606
0.01952263864222914 0.0016634380590403453
0.02651980973314494 0.0018476088880561292
0.026428579702042043 0.001843394413299393
0.025942835782188922 0.0018181520572397858
0.0258846667711623 0.001814448412915226
0.009074281435459852 0.0010390679453848861
0.025642532331403345 0.0018055002510664053
0.009665345307439566 0.001064758274878841
0.016195867909118533 0.0015053454117150977
0.025876271072775126 0.001814373244997114
0.013498349348083138 0.0013997002024552785
0.011563743697479367 0.0013021965060033835
0.010952204000204802 0.001274479815037921
0.01951016776729375 0.0016625386124360375
0.0109955562511459 0.0012782205594703555
0.019414045033045113 0.0016597307549091056
0.01467746589332819 0.0014567339967470616
0.009064479963853955 0.0010390109164291061
0.008800410549156368 0.0009129397803917527
0.00892768008634448 0.0010198312520515174
0.01647476409561932 0.0015187787503236905
0.009211229742504656 0.0010468020991538651
0.025525233533699065 0.0018009857230936177
0.009702222421765327 0.0010653880090103485
0.018943655537441373 0.001644661278987769
0.011383880279026926 0.0012893302919110283
0.01945980661548674 0.0016610659004072659
0.01932839397341013 0.001656830841966439
0.01154163561295718 0.0013007569723413326
0.025961258041206747 0.0018186440574936569
0.018121408531442285 0.001605486024345737
0.013500991743057966 0.0014000794326420873
0.012265911558642983 0.0013262934080557898
0.017898110090754926 0.0015974364505382255
0.019096839241683483 0.00164934901840752
0.00898188236169517 0.0010294336316292174
0.01796736486721784 0.0016001158364815637
0.018064261821564287 0.0016034736181609333
0.010780308861285448 0.001261980680283159
0.018711677519604564 0.0016364521870855242
0.010706342349294573 0.0012527440849225968
0.009123477269895375 0.001043233416567091
0.011574910953640938 0.0013030876434640959
0.02644589019473642 0.0018438042316120118
0.01947393943555653 0.0016619077505310997
0.01641505304723978 0.0015163874049903825
0.010646448761690408 0.0012173910727142356
0.014731456991285086 0.0014611768128816038
0.009273866540752351 0.0010525438410695642
0.018151079711969942 0.0016066881798906252
0.013485599891282618 0.001397686624841299
0.013531384174712002 0.0014048756347619928
0.01906271744519472 0.001649197525694035
0.01625082455575466 0.00150996983575169
0.019426372833549976 0.0016602304458501749
0.018570281798020005 0.0016316170658683404
0.01351333991624415 0.0014025180280441418
0.011096964706666768 0.001286730017454829
0.01959800289478153 0.0016661384361214004
0.018499321304261684 0.001629484810109716
0.02696670382283628 0.0018621081399032846
0.02640602260362357 0.001842186633439269
0.010633151687216014 0.001214503401570255
0.026224400149658322 0.0018375598883721977
0.008573143393732607 0.0007648109676665626
0.010708348825573921 0.0012543345437734388
0.009760447544977069 0.0010703454972826876
0.012436484161298722 0.0013550923176808283
