0.04482501745223999 0.001495842938311398
0.04482501745223999 0.001495842938311398
0.04482501745223999 0.001495842938311398
0.04482501745223999 0.001495842938311398
0.04482501745223999 0.001495842938311398
0.04482501745223999 0.001495842938311398
0.04482501745223999 0.001495842938311398
0.04482501745223999 0.001495842938311398
0.04482501745223999 0.001495842938311398
0.04482501745223999 0.001495842938311398
0.04482501745223999 0.001495842938311398
0.04482501745223999 0.001495842938311398
0.04482501745223999 0.001495842938311398
0.04482501745223999 0.001495842938311398
0.04482501745223999 0.001495842938311398
0.04482501745223999 0.001495842938311398
0.04482501745223999 0.001495842938311398
0.04482501745223999 0.001495842938311398
0.04482501745223999 0.001495842938311398
0.04482501745223999 0.001495842938311398
0.04482501745223999 0.001495842938311398
0.04482501745223999 0.001495842938311398
0.04482501745223999 0.001495842938311398
0.04482501745223999 0.001495842938311398
0.04482501745223999 0.001495842938311398
0.04482501745223999 0.001495842938311398
0.04482501745223999 0.001495842938311398
0.04482501745223999 0.001495842938311398
0.05102028138935566 0.0015665520331822336
0.04017760045826435 0.0013115400652168319
0.04017760045826435 0.0013115400652168319
0.04482501745223999 0.001495842938311398
0.04236980248242617 0.0013872105337213725
0.05102028138935566 0.0015665520331822336
0.04017760045826435 0.0013115400652168319
0.029027340933680534 0.0008191132801584899
0.029027340933680534 0.0008191132801584899
0.04236980248242617 0.0013872105337213725
0.05102028138935566 0.0015665520331822336
0.05102028138935566 0.0015665520331822336
0.04017760045826435 0.0013115400652168319
0.04017760045826435 0.0013115400652168319
0.04017760045826435 0.0013115400652168319
0.04482501745223999 0.001495842938311398
0.04482501745223999 0.001495842938311398
0.04017760045826435 0.0013115400652168319
0.04017760045826435 0.0013115400652168319
0.04017760045826435 0.0013115400652168319
0.0585304219275713 0.0016835415444802493
0.03799990005791187 0.0012177841854281723
0.03798718377947807 0.0012172412243671715
0.039094798266887665 0.0012646865943679586
0.038835941813886166 0.0012537800648715347
0.03907984681427479 0.0012640458444366232
0.03668300434947014 0.00113659945782274
0.03908634930849075 0.0012643245281651616
0.029027340933680534 0.0008191132801584899
0.038329499773681164 0.0012320757086854428
0.03788908198475838 0.0012130922405049205
0.03668911661952734 0.001136810431489721
0.03800277877599001 0.001217907585669309
0.03916752152144909 0.001268054431420751
0.04174086079001427 0.0013470406993292272
0.03908877819776535 0.0012644297239603475
0.03860050532966852 0.001243643171619624
0.041736602783203125 0.0013467871176544577
0.037998310290277004 0.0012177165190223604
0.05381450802087784 0.0016108909039758146
0.056471673771739006 0.0016522745718248188
0.03800963331013918 0.0012182009522803128
0.038004457019269466 0.0012179785699117929
0.03909468464553356 0.0012646818504435942
0.0420771948993206 0.0013678045943379402
0.042136816307902336 0.001372338243527338
0.03798519726842642 0.0012171556300017983
0.042082078754901886 0.001368105469737202
0.036696724593639374 0.0011370630818419158
0.03668293170630932 0.0011365968093741685
0.05382239259779453 0.0016110129654407501
0.051166631281375885 0.0015688748680986464
0.03797253128141165 0.0012166134256403893
0.039094836451113224 0.0012646884133573622
0.03964253468438983 0.001288389423280023
0.03800241928547621 0.001217892102431506
0.0380004346370697 0.0012178077013231814
0.0380041291937232 0.0012179659388493747
0.03800312243402004 0.00121792167192325
0.04210663866251707 0.0013697776885237545
0.04173844587057829 0.001346899225609377
0.03800117690116167 0.001217839540913701
0.04174251388758421 0.0013471429992932826
0.041732787154614925 0.0013465550728142262
0.05384479742497206 0.0016113639576360583
0.053860063664615154 0.0016116027254611254
0.038003383204340935 0.0012179338664282113
0.05648551322519779 0.0016524918610230088
0.04482501745223999 0.001495842938311398
0.05381658114492893 0.0016109227435663342
0.038000958040356636 0.001217830227687955
0.03800109028816223 0.0012178347678855062
0.053692594170570374 0.0016089911805465817
0.053819683380424976 0.0016109715215861797
0.038897838443517685 0.0012567184894578531
0.029027340933680534 0.0008191132801584899
0.042334611527621746 0.0013848810631316155
0.03665884491056204 0.0011357699986547232
0.036737178452312946 0.0011385642283130437
0.04482501745223999 0.001495842938311398
0.03800327796489 0.001217929064296186
0.05691218562424183 0.001666586089413613
0.04173406399786472 0.00134663688368164
0.05381904635578394 0.0016109613934531808
0.03909119311720133 0.0012645326496567577
0.036664425395429134 0.0011359613563399762
0.036664425395429134 0.0011359613563399762
0.03798165824264288 0.0012170036789029837
0.03668296430259943 0.0011365983518771827
0.039091204293072224 0.001264532926143147
0.029027340933680534 0.0008191132801584899
0.029027340933680534 0.0008191132801584899
0.03799998015165329 0.0012177882599644363
0.03799750469624996 0.0012176816235296428
0.029027340933680534 0.0008191132801584899
0.0391013715416193 0.0012649688578676432
0.03799838572740555 0.0012177193420939147
0.03800685238093138 0.0012180809571873397
0.03800391126424074 0.001217955956235528
0.037977627478539944 0.0012168312969151884
0.04159563221037388 0.0013386680511757731
0.038000513799488544 0.0012178112228866667
0.04207692015916109 0.0013677871611434966
0.03928897622972727 0.0012730940652545542
0.04173635225743055 0.0013467757089529186
0.037998875603079796 0.0012177404423709959
0.05223715491592884 0.0015858603874221444
0.03908945620059967 0.0012644577218452469
0.03871837258338928 0.0012487147032516077
0.041734879836440086 0.0013466835080180317
0.03798230364918709 0.0012170315312687308
0.03799881786108017 0.0012177378521300852
0.03800448775291443 0.0012179803161416203
0.03971523838117719 0.0012916347186546773
0.053820702247321606 0.001610986073501408
0.04173844587057829 0.001346899225609377
0.039094251580536366 0.001264663296751678
0.041734606958925724 0.0013466676464304328
0.029027340933680534 0.0008191132801584899
0.04224402457475662 0.0013791884994134307
0.04482501745223999 0.001495842938311398
0.04213603399693966 0.001371713005937636
0.03799582179635763 0.0012176095915492624
0.03664462547749281 0.0011352772125974298
0.03758026286959648 0.001200007100123912
0.03668790031224489 0.0011367677652742714
0.04004247114062309 0.0013057223404757679
0.03799668047577143 0.0012176467571407557
0.04219555016607046 0.0013760847214143723
0.036675282754004 0.001136339153163135
0.05385733116418123 0.0016115604666993022
0.03909335285425186 0.0012646246614167467
0.03909134678542614 0.001264538848772645
0.036067198030650616 0.0011170418583787978
0.029027340933680534 0.0008191132801584899
0.0380054572597146 0.001218021585373208
0.03800375293940306 0.0012179490586277097
0.03909228276461363 0.0012645786337088794
0.0366915138438344 0.0011368907580617815
0.04206260945647955 0.0013675955997314304
0.04173230845481157 0.0013465304800774902
0.04482501745223999 0.001495842938311398
0.039105008356273174 0.0012651244906010106
0.03908467199653387 0.0012642529618460685
0.053837365470826626 0.001611247076652944
0.053810532204806805 0.0016108290292322636
0.038713750429451466 0.0012485182523960248
0.041477072052657604 0.001331833831500262
0.03909043408930302 0.001264500111574307
0.03800411242991686 0.0012179640762042254
0.053848208859562874 0.0016114163445308805
0.039094140753149986 0.0012646589311771095
0.03697178419679403 0.001147155388025567
0.04233644995838404 0.0013850830146111548
0.03800411242991686 0.0012179641053080559
0.03800144884735346 0.0012178500765003264
0.053852394223213196 0.0016114837490022182
0.03668394964188337 0.0011366323451511562
0.05381132196635008 0.0016108409618027508
0.039085302501916885 0.0012642792135011405
0.029027340933680534 0.0008191132801584899
0.0366834606975317 0.001136614941060543
0.039076496846973896 0.0012639012275030836
0.041735163889825344 0.0013467019889503717
0.03908675443381071 0.001264341815840453
0.037992581725120544 0.0012174715520814061
0.04482501745223999 0.001495842938311398
0.03800121042877436 0.0012178397155366838
0.037995701655745506 0.0012176043528597802
0.04482501745223999 0.001495842938311398
0.04482501745223999 0.001495842938311398
0.037979768589138985 0.0012169246037956327
0.039566141087561846 0.0012852145446231589
0.05383037589490414 0.0016111382865346968
0.04216100089251995 0.0013738828711211681
0.03908589202910662 0.001264303340576589
0.041735908947885036 0.001346745266346261
0.0518374890089035 0.0015795192739460617
0.036669421941041946 0.0011361360375303775
0.04144495818763971 0.0013299835845828056
0.05383148975670338 0.001611153595149517
0.03800071682780981 0.0012178188771940768
0.03668588772416115 0.0011367002443876117
0.04482501745223999 0.001495842938311398
0.029027340933680534 0.0008191132801584899
0.03908930625766516 0.0012644511298276484
0.03665048349648714 0.0011354792804922909
0.036684698425233364 0.0011366574908606708
0.03909083176404238 0.001264516933588311
0.05384942330420017 0.001611436891835183
0.039081403985619545 0.0012641119974432513
0.03909895662218332 0.0012648655683733523
0.037573251873254776 0.0011997080873697996
0.04236980248242617 0.0013872105337213725
0.029027340933680534 0.0008191132801584899
0.03908450994640589 0.0012642456422327086
0.040149565786123276 0.001310326944803819
0.03909125365316868 0.0012645351962419227
0.04173651151359081 0.0013467826356645674
0.029027340933680534 0.0008191132801584899
0.029027340933680534 0.0008191132801584899
0.04482501745223999 0.001495842938311398
0.0380023755133152 0.0012178912293165922
0.037976126186549664 0.0012167663080617785
0.036556776612997055 0.0011333517904859036
0.029027340933680534 0.0008191132801584899
0.053489925339818 0.0016057341126725078
0.05382342264056206 0.0016110290889628232
0.038448999635875225 0.00123712164349854
0.03668578714132309 0.0011366954422555864
0.03800198156386614 0.0012178736797068268
0.029027340933680534 0.0008191132801584899
0.041736699640750885 0.0013467920070979744
0.05383090116083622 0.0016111453878693283
0.038008504547178745 0.0012181515921838582
0.04207572992891073 0.0013677205133717507
0.03861691802740097 0.00124434704775922
0.051354218274354935 0.001571850065374747
0.03667078725993633 0.0011361808283254504
0.03800036013126373 0.0012178034812677652
0.03800524491816759 0.0012180123885627836
0.05619986541569233 0.001647647499339655
0.0379946231842041 0.0012175588053651154
0.038009398616850376 0.0012181906204205006
0.037989708594977856 0.0012173483264632523
0.03799858037382364 0.0012177272292319685
0.041728656738996506 0.0013463072828017175
0.053842632099986076 0.0016113308374769986
0.03800331801176071 0.0012179310724604875
0.0417349748313427 0.0013466874952428043
0.03908653371036053 0.0012643322988878936
0.029027340933680534 0.0008191132801584899
0.037996080704033375 0.0012176214368082583
0.04235572274774313 0.0013862749765394256
0.053830708377063274 0.0016111431759782135
0.037997860461473465 0.0012176967284176499
0.0538144763559103 0.0016108903218992054
0.038458770141005516 0.0012375393707770854
0.038008151575922966 0.001218136923853308
0.03666352666914463 0.0011359308555256575
0.029027340933680534 0.0008191132801584899
0.03799128346145153 0.001217416167492047
0.03797294292598963 0.0012166310916654766
0.037995933555066586 0.0012176147429272532
0.04482501745223999 0.001495842938311398
0.039098216220736504 0.00126483260828536
0.036117647774517536 0.001118643005611375
0.03800112288445234 0.0012178360775578767
0.03668597340583801 0.0011367042316123843
0.0417387867346406 0.0013469212281052023
0.037998869083821774 0.0012177396565675735
0.029027340933680534 0.0008191132801584899
0.05102028138935566 0.0015665520331822336
0.03974526561796665 0.0012929270596941933
0.039094869047403336 0.0012646900140680373
0.03908767085522413 0.0012643809604924172
0.038008883595466614 0.0012181691126897931
0.03801147639751434 0.0012182790087535977
0.037990390323102474 0.0012173771974630654
0.037998282350599766 0.0012177150347270072
0.03743623662739992 0.0011939062387682498
0.03908930718898773 0.0012644512025872245
0.053792417980730534 0.001610544801224023
0.03666579816490412 0.0011360083881299943
0.036687769927084446 0.0011367641563992947
0.036677036434412 0.0011363998055458069
0.03668002784252167 0.0011364981764927506
0.056469373404979706 0.0016522409277968109
0.04175135400146246 0.0013477327593136579
0.04173497948795557 0.0013466876116581261
0.036683191545307636 0.001136609906097874
0.03908763453364372 0.0012643786612898111
0.039107236079871655 0.0012652205332415178
0.0416980292648077 0.0013445551448967308
0.03799064178019762 0.0012173880240879953
0.03800174966454506 0.001217863435158506
0.056448113173246384 0.001651911181397736
0.039101000875234604 0.001264953869394958
0.03799441549926996 0.0012175510928500444
0.0379995396360755 0.0012177697790320963
0.03801014740020037 0.0012182216451037675
0.04017760045826435 0.0013115400652168319
0.03799862414598465 0.0012177292665001005
0.04173860978335142 0.0013469088880810887
0.03908928297460079 0.0012644502567127347
0.03668771218508482 0.0011367626721039414
0.03800331428647041 0.0012179299083072692
0.03908932488411665 0.0012644523667404428
0.03801055531948805 0.0012182385544292629
0.05382608622312546 0.0016110714059323072
0.03909793868660927 0.001264820748474449
0.053817229345440865 0.0016109331627376378
0.03908975049853325 0.0012644701928365976
0.03668730799108744 0.0011367480910848826
0.05390218086540699 0.0016123558743856847
0.05383784230798483 0.0016112555749714375
0.03909462317824364 0.0012646800023503602
0.036682309582829475 0.0011365721584297717
0.037995995953679085 0.0012176177988294512
0.04193118494004011 0.0013592175964731723
0.039081369526684284 0.001264110702322796
0.04177168104797602 0.0013490284327417612
0.038000911474227905 0.0012178270262666047
0.041735767386853695 0.0013467395619954914
0.039098601788282394 0.0012648499105125666
0.04173203185200691 0.001346511475276202
0.03909675870090723 0.0012647725670831278
0.036679524928331375 0.001136485778260976
0.03910302836447954 0.001265039769350551
0.039086571894586086 0.0012643342633964494
0.03799349442124367 0.001217509969137609
0.03908800147473812 0.0012643962545553222
0.037993970327079296 0.0012175303127150983
0.03800229728221893 0.0012178865727037191
0.0379857886582613 0.0012171806883998215
0.05649029929190874 0.0016525652026757598
0.039091010577976704 0.0012645246024476364
0.05383481923490763 0.001611208135727793
0.041828389279544353 0.0013529407733585685
0.03667270019650459 0.0011362511431798339
0.05383228976279497 0.0016111669247038662
0.04173321649432182 0.0013465864467434585
0.03799478616565466 0.001217565790284425
0.03965862886980176 0.0012890850484836847
0.05385852511972189 0.0016115785692818463
0.039204536471515894 0.001269437008886598
0.03668424114584923 0.0011366403487045318
0.037994067184627056 0.0012175347947049886
0.03799156751483679 0.0012174277508165687
0.053819648921489716 0.0016109710559248924
0.036661057732999325 0.001135846134275198
0.05103028006851673 0.0015667106199543923
0.03909344784915447 0.0012646293034777045
0.051466986536979675 0.0015736398345325142
0.03908871579915285 0.0012644266680581495
0.03800499625504017 0.0012180015037301928
0.03909694869071245 0.0012647788971662521
0.03666227962821722 0.0011358872870914638
0.03908862080425024 0.0012644221278605983
0.03667254559695721 0.0011362413642928004
0.0380015317350626 0.0012178535689599812
0.03939237166196108 0.0012777335214195773
0.041735985316336155 0.001346752978861332
0.039087194949388504 0.0012643611844396219
0.03799603600054979 0.0012176195159554482
0.05383430793881416 0.0016112009179778397
0.03800356388092041 0.0012179407058283687
0.039091014303267 0.0012645248207263649
0.041731687262654305 0.0013464861258398741
0.05381591897457838 0.0016109123826026917
0.0379944397136569 0.001217551645822823
0.041738564148545265 0.001346904638921842
0.04173500835895538 0.0013466929085552692
0.053813992999494076 0.0016108819982036948
0.041739714331924915 0.0013469740224536508
0.038006726652383804 0.0012180751655250788
0.03800335433334112 0.0012179314799141139
0.03799800854176283 0.0012177036260254681
0.04221332259476185 0.0013768492790404707
0.0538320392370224 0.0016111626755446196
0.053841362707316875 0.0016113100573420525
0.03799353539943695 0.0012175127340015024
0.053834532387554646 0.001611202722415328
0.03800056874752045 0.0012178129400126636
0.037998407147824764 0.001217720448039472
0.039091561920940876 0.0012645484239328653
0.03668322693556547 0.0011366110120434314
0.056496914476156235 0.0016527179977856576
0.03798554930835962 0.0012171702983323485
0.03799815382808447 0.001217709417687729
0.036685564555227757 0.0011366883118171245
0.03799612354487181 0.001217622571857646
0.03668618015944958 0.001136707840487361
0.0379943298175931 0.0012175456795375794
0.037988780066370964 0.0012173086579423398
0.04216147679835558 0.0013739116257056594
0.038789582438766956 0.0012517822469817474
0.051325954496860504 0.0015714020701125264
0.03821167256683111 0.001226901018526405
0.04173620976507664 0.0013467637181747705
0.056474666111171246 0.001652323640882969
0.05383501295000315 0.0016112112207338214
0.03800242766737938 0.001217893383000046
0.03783991280943155 0.0012110063689760864
0.03798993118107319 0.0012173576396889985
0.03909219056367874 0.0012645750539377332
0.03907252196222544 0.0012637304462259635
0.036679345183074474 0.0011364789388608187
0.04204371199011803 0.0013663996651303023
0.03668115008622408 0.001136538339778781
0.03668368048965931 0.0011366275721229613
0.03799582738429308 0.001217610522871837
0.03909240569919348 0.0012645844253711402
0.038004434667527676 0.0012179767072666436
0.04173161927610636 0.0013464819348882884
0.03799767792224884 0.0012176907621324062
0.03800211939960718 0.001217878598254174
0.04209177754819393 0.0013694620865862817
0.0540118208155036 0.0016135962214320898
0.0390955526381731 0.0012647188414121047
0.056452310644090176 0.0016519759956281632
0.039084344170987606 0.001264238526346162
0.03721670713275671 0.0011846583511214703
0.038011868484318256 0.0012182931823190302
0.053836251609027386 0.0016112304874695837
0.04173561278730631 0.0013467275130096823
0.036683996208012104 0.001136635459261015
0.04173576459288597 0.0013467356620822102
0.03906464297324419 0.001263624129933305
0.056497007608413696 0.001652720180572942
0.03799555171281099 0.0012175978918094188
0.04173395875841379 0.001346625096630305
0.041735912673175335 0.0013467474782373756
0.039109638426452875 0.0012655613099923357
0.03908504359424114 0.0012642692163353786
0.05383821204304695 0.0016112643061205745
0.039092945866286755 0.001264606966287829
0.052204689010977745 0.0015853482182137668
0.039092800579965115 0.001264601101865992
0.03799255006015301 0.0012174694566056132
0.041736156679689884 0.0013467594399116933
0.03798607271164656 0.001217193464981392
0.039090150967240334 0.0012644875823752955
0.05382745526731014 0.0016110912547446787
0.038956151343882084 0.001258953139767982
0.03799908887594938 0.0012177493481431156
0.03800062742084265 0.001217814686242491
0.03908824734389782 0.0012644067755900323
0.04173495341092348 0.001346686010947451
0.041739544831216335 0.0013469657860696316
0.03909271117299795 0.001264597405679524
0.038006910122931004 0.0012180841877125204
0.056444715708494186 0.0016518630145583302
0.037995174527168274 0.0012175820884294808
0.05382844805717468 0.0016111088916659355
0.03668169863522053 0.0011365512618795037
0.03908611088991165 0.0012643147201742977
0.0417340537533164 0.0013466314994730055
0.05645771324634552 0.0016520611534360796
0.05647080950438976 0.0016522631631232798
0.03800086956471205 0.0012178266479168087
0.05647620838135481 0.0016524633101653308
0.0390901193022728 0.0012644860980799422
0.037996857427060604 0.0012176546442788094
0.04173630941659212 0.0013467688113451004
0.038003040477633476 0.001217919634655118
0.039091805927455425 0.0012645596580114216
0.05647152941673994 0.0016522733785677701
0.036689942702651024 0.0011368408158887178
0.03908837679773569 0.0012644114467548206
0.03666970692574978 0.0011361458746250719
0.041735533624887466 0.0013467245735228062
0.039095157757401466 0.0012647018884308636
0.037999698892235756 0.0012177760945633054
0.037996419705450535 0.0012176363379694521
0.03669034410268068 0.0011368481791578233
0.03909242060035467 0.0012645848910324275
0.05660638492554426 0.0016543736564926803
0.03622756991535425 0.0011221256863791496
0.053826672956347466 0.0016110798460431397
0.03800493851304054 0.0012179995828773826
0.03985906904563308 0.0012978263112017885
