0.029027340933680534 0.0008191132801584899
0.029027340933680534 0.0008191132801584899
0.029027340933680534 0.0008191132801584899
0.029027340933680534 0.0008191132801584899
0.029027340933680534 0.0008191132801584899
0.029027340933680534 0.0008191132801584899
0.029027340933680534 0.0008191132801584899
0.029027340933680534 0.0008191132801584899
0.029027340933680534 0.0008191132801584899
0.029027340933680534 0.0008191132801584899
0.029027340933680534 0.0008191132801584899
0.029027340933680534 0.0008191132801584899
0.029027340933680534 0.0008191132801584899
0.029027340933680534 0.0008191132801584899
0.029027340933680534 0.0008191132801584899
0.029027340933680534 0.0008191132801584899
0.029027340933680534 0.0008191132801584899
0.029027340933680534 0.0008191132801584899
0.029027340933680534 0.0008191132801584899
0.029027340933680534 0.0008191132801584899
0.029027340933680534 0.0008191132801584899
0.029027340933680534 0.0008191132801584899
0.04017760045826435 0.0013115400652168319
0.04017760045826435 0.0013115400652168319
0.05102028138935566 0.0015665520331822336
0.05102028138935566 0.0015665520331822336
0.04017760045826435 0.0013115400652168319
0.05102028138935566 0.0015665520331822336
0.04482501745223999 0.001495842938311398
0.04236980248242617 0.0013872105337213725
0.04236980248242617 0.0013872105337213725
0.04236980248242617 0.0013872105337213725
0.029027340933680534 0.0008191132801584899
0.05102028138935566 0.0015665520331822336
0.04017760045826435 0.0013115400652168319
0.04017760045826435 0.0013115400652168319
0.04017760045826435 0.0013115400652168319
0.04017760045826435 0.0013115400652168319
0.04017760045826435 0.0013115400652168319
0.08324074745178223 0.0020941731054335833
0.05102028138935566 0.0015665520331822336
0.04017760045826435 0.0013115400652168319
0.04236980248242617 0.0013872105337213725
0.04236980248242617 0.0013872105337213725
0.04236980248242617 0.0013872105337213725
0.04196047317236662 0.0013618446828331798
0.03697327245026827 0.0011482166009955108
0.04196128435432911 0.001361894712317735
0.05546774435788393 0.0016358905122615397
0.0543027576059103 0.0016177457000594586
0.05385627783834934 0.00161078228848055
0.038434963673353195 0.0012368526076897979
0.054307373240590096 0.0016178174992091954
0.036812701262533665 0.0011426995624788105
0.029027340933680534 0.0008191132801584899
0.04181471932679415 0.0013528528506867588
0.05430609267205 0.0016177976212929934
0.03835498634725809 0.0012334248749539256
0.05102028138935566 0.0015665520331822336
0.05430238135159016 0.0016177398501895368
0.04181498754769564 0.001352869439870119
0.03697436396032572 0.0011482543486636132
0.055467032827436924 0.0016358794237021357
0.029027340933680534 0.0008191132801584899
0.03883379139006138 0.0012539355520857498
0.03835292346775532 0.0012333364284131676
0.038356563076376915 0.0012334923376329243
0.03697440028190613 0.0011482554546091706
0.05432082153856754 0.0016180271049961448
0.029027340933680534 0.0008191132801584899
0.04196039121598005 0.0013618395605590194
0.041814410127699375 0.00135283381678164
0.0399950142018497 0.0013037145836278796
0.029027340933680534 0.0008191132801584899
0.036973483860492706 0.001148223876953125
0.04181414283812046 0.001352817314909771
0.0419607562944293 0.0013618620578199625
0.054137272760272026 0.001615164685063064
0.029027340933680534 0.0008191132801584899
0.029027340933680534 0.0008191132801584899
0.04195999447256327 0.0013618149678222835
0.038352152332663536 0.0012333033373579383
0.05430205911397934 0.0016177347570192069
0.054304664954543114 0.0016177752695512027
0.041814967058598995 0.00135286821750924
0.05430434364825487 0.0016177704383153468
0.038353550247848034 0.0012333632621448487
0.05546877905726433 0.0016359066066797823
0.05430352594703436 0.0016177576617337763
0.05430352594703436 0.0016177576617337763
0.038356831297278404 0.0012335037463344634
0.036974201910197735 0.0011482486152090132
0.05430471431463957 0.0016177760844584554
0.05102028138935566 0.0015665520331822336
0.041814759373664856 0.0013528555282391608
0.038354311138391495 0.0012333958584349602
0.05430774763226509 0.001617823407286778
0.05102028138935566 0.0015665520331822336
0.039125511422753334 0.0012664486421272159
0.04236980248242617 0.0013872105337213725
0.05102028138935566 0.0015665520331822336
0.029027340933680534 0.0008191132801584899
0.029027340933680534 0.0008191132801584899
0.05430652014911175 0.0016178043151739985
0.041813950054347515 0.0013528054696507752
0.03883070778101683 0.0012538034206954762
0.04196106642484665 0.0013618812372442335
0.05102028138935566 0.0015665520331822336
0.05102028138935566 0.0015665520331822336
0.03697528224438429 0.0011482858681119978
0.055468449369072914 0.001635901426197961
0.05430104769766331 0.0016177190118469298
0.03883379977196455 0.0012539358576759696
0.04217569716274738 0.0013751961232628673
0.04017701558768749 0.0013115150213707238
0.03835331089794636 0.0012333530758041888
0.03835528716444969 0.0012334376515354961
0.05430535227060318 0.0016177859506569803
0.036974016577005386 0.0011482422705739737
0.036974016577005386 0.0011482422705739737
0.03835473861545324 0.001233414135640487
0.036834812723100185 0.0011434920597821474
0.03835443127900362 0.0012334010389167815
0.04236980248242617 0.0013872105337213725
0.04181420058012009 0.0013528222625609487
0.0554600702598691 0.0016357710119336843
0.0383526561781764 0.0012333249615039676
0.03736426681280136 0.0011910168686881661
0.03835987485945225 0.0012336342479102314
0.0388348875567317 0.0012539824529085308
0.03883387614041567 0.0012539391464088112
0.054305280558764935 0.0016177849611267447
0.03926293691620231 0.0012723385443678126
0.04181391932070255 0.0013528036652132869
0.04181430581957102 0.0013528275303542614
0.04181393515318632 0.001352804567432031
0.038354666903615 0.0012334110797382891
0.04017760045826435 0.0013115400652168319
0.05430570896714926 0.0016177915676962584
0.04181426391005516 0.001352824823698029
0.03697401471436024 0.00114824203774333
0.0554612223058939 0.0016357888525817543
0.03883318416774273 0.0012539095478132367
0.038831393234431744 0.0012538328155642375
0.038834559731185436 0.0012539684830699116
0.0383540028706193 0.0012333826743997633
0.036972696892917156 0.0011481965484563261
0.03883417043834925 0.001253951748367399
0.05584219843149185 0.0016416986763942987
0.03835290018469095 0.001233335438882932
0.03883215878158808 0.0012538655573735014
0.03835362568497658 0.0012333664926700294
0.03835362568497658 0.0012333664926700294
0.041814097203314304 0.0013528144045267254
0.055471472442150116 0.00163594851619564
0.03697462007403374 0.0011482630216050893
0.03835834935307503 0.0012335688224993646
0.03882369585335255 0.001253503025509417
0.04236980248242617 0.0013872105337213725
0.05547154415398836 0.0016359495930373669
0.054319366812705994 0.0016179867670871317
0.04236980248242617 0.0013872105337213725
0.05546173360198736 0.0016357967688236386
0.03835323918610811 0.00123334996169433
0.038352797739207745 0.0012333310151007026
0.04196104593575001 0.0013618800148833543
0.041960209608078 0.0013618282973766327
0.04236980248242617 0.0013872105337213725
0.04196091182529926 0.0013618716620840132
0.03835391812026501 0.0012333790364209563
0.03883353155106306 0.001253924347111024
0.041814159601926804 0.0013528190611395985
0.04181479662656784 0.0013528575655072927
0.05430413596332073 0.0016177671786863357
0.03708324022591114 0.0011789840355049819
0.038833039812743664 0.0012539033486973494
0.038354394026100636 0.0012333994673099369
0.041612219996750355 0.0013404318015091121
0.05546973831951618 0.0016359215078409761
0.03860720992088318 0.0012442348815966398
0.054307302460074425 0.0016178164223674685
0.04181468207389116 0.0013528508134186268
0.03697419539093971 0.0011482483823783696
0.03697401471436024 0.00114824203774333
0.039559022057801485 0.0012850283965235576
0.0528685562312603 0.0015953778056427836
0.0419606389477849 0.0013618548109661788
0.03883011918514967 0.0012537781294668093
0.038355475291609764 0.0012334456550888717
0.0383529644459486 0.001233338174642995
0.041960916481912136 0.0013618719240184873
0.05112343840301037 0.001568160834722221
0.03697250969707966 0.001148190232925117
0.03883373457938433 0.0012539330346044153
0.04185802675783634 0.0013555456243921071
0.04185802675783634 0.0013555456243921071
0.05429971311241388 0.0016176982317119837
0.055464114993810654 0.0016358339926227927
0.03835396561771631 0.0012333810736890882
0.04181417729705572 0.001352819352177903
0.05430411174893379 0.001617766683921218
0.03835567366331816 0.001233454211615026
0.03697450831532478 0.00114825923810713
0.03697280026972294 0.0011482002155389637
0.04208041913807392 0.0013692776556126773
0.038741594180464745 0.0012500253942562267
0.05546362791210413 0.0016358263383153826
0.03684568405151367 0.0011438328074291348
0.05430475156754255 0.0016177767247427255
0.041960883885622025 0.0013618699158541858
0.03697363380342722 0.0011482386908028275
0.03697418887168169 0.001148248149547726
0.04236980248242617 0.0013872105337213725
0.055467559956014156 0.0016358875727746636
0.041960702277719975 0.0013618587690871209
0.038832916878163815 0.001253898095455952
0.03883350733667612 0.0012539232848212123
0.05546577554196119 0.0016358598077204078
0.05546797253191471 0.0016358939465135336
0.05430218670517206 0.0016177368233911693
0.04196116700768471 0.0013618873781524599
0.05304834246635437 0.0015981817850843072
0.041814301162958145 0.0013528270937968045
0.03835349902510643 0.0012333610793575644
0.03835349064320326 0.0012333606428001076
0.03883263003081083 0.0012538857699837536
0.04196120612323284 0.0013618897937703878
0.03967964323237538 0.0012901981390314177
0.0543139586225152 0.0016179201484192163
0.04196064919233322 0.001361855596769601
0.055466423742473125 0.0016358699067495763
0.05547043588012457 0.0016359322762582451
0.038356623612344265 0.001233494927873835
0.03883417043834925 0.001253951748367399
0.05430425703525543 0.0016177690704353154
0.04196108505129814 0.0013618824013974518
0.04196069948375225 0.00136185871087946
0.041499944403767586 0.0013335283438209444
0.03697508480399847 0.001148279057815671
0.03697293717414141 0.0011482049594633281
0.03994201077148318 0.00130144102149643
0.05546689312905073 0.0016358773282263428
0.04181463550776243 0.0013528478157240897
0.038354803808033466 0.0012334169587120414
0.03982967138290405 0.0012966356880497187
0.04009352717548609 0.0013079367927275598
0.038834020495414734 0.0012539453309727833
0.04196057468652725 0.0013618507073260844
0.04181383829563856 0.0013527986884582788
0.03835676144808531 0.0012335008359514177
0.03727005235850811 0.001186983019579202
0.04196050111204386 0.0013618463126476854
0.03836023807525635 0.0012336497893556952
0.03882971312850714 0.0012537607690319419
0.054300897754728794 0.0016177166835404932
0.03697444684803486 0.001148257142631337
0.05289293825626373 0.0015957580180838704
0.036974234506487846 0.0011482497211545706
0.05547039303928614 0.0016359317814931273
0.04196069575846195 0.0013618583616334945
0.0547147449105978 0.0016241559642367065
0.05546731315553188 0.0016358837310690433
0.03697465732693672 0.0011482642439659685
0.03883564844727516 0.001254014961887151
0.03697290923446417 0.001148204057244584
0.05430460721254349 0.0016177743673324585
0.041960906237363815 0.0013618714292533696
0.0418157447129488 0.0013529161224141717
0.041814050637185574 0.0013528117269743234
0.05430737975984812 0.0016178175865206867
0.04214137885719538 0.0013730550999753177
0.0418627243489027 0.0013558143400587142
0.054311275482177734 0.0016178782971110195
0.04203213844448328 0.0013662856363225728
0.03835644572973251 0.0012334872735664248
0.038355481810867786 0.0012334460043348372
0.041814494878053665 0.0013528422568924725
0.038354380056262016 0.0012333988270256668
0.03835441544651985 0.0012334003404248506
0.04205680452287197 0.0013678371615242213
0.041688247583806515 0.0013450856786221266
0.04181433655321598 0.001352829480310902
0.054301249794662 0.0016177221259567887
0.036973332054913044 0.0011482185800559819
0.0369736272841692 0.001148228853708133
0.041814617812633514 0.001352846680674702
0.0543099008500576 0.0016178568475879729
0.05431034788489342 0.0016178639198187739
0.038832719437777996 0.00125388968444895
0.041814559139311314 0.001352842984488234
0.0383582366630435 0.0012335640494711697
0.03883294854313135 0.0012538994196802378
0.03883221186697483 0.0012538678420241922
0.03835395444184542 0.0012333806662354618
0.04181479196995497 0.001352857449091971
0.03697564639151096 0.0011482983536552638
0.03883212711662054 0.0012538642040453851
0.03835567366331816 0.001233454211615026
0.05430854391306639 0.0016178358637262136
0.05430770758539438 0.001617822767002508
0.05547002796083689 0.001635926018934697
0.054143900983035564 0.001615268032765016
0.0543061476200819 0.0016177984070964158
0.03711432125419378 0.0011803153320215642
0.03711432125419378 0.0011803153320215642
0.04196012020111084 0.0013618227385450155
0.03835468739271164 0.0012334119819570333
0.03835386969149113 0.001233377231983468
0.041814085096120834 0.0013528138515539467
0.041814747266471386 0.0013528548297472298
0.04181399382650852 0.0013528082054108381
0.0419604629278183 0.0013618439843412489
0.05429929308593273 0.0016176846693269908
0.05102028138935566 0.0015665520331822336
0.055441669188439846 0.001635484368307516
0.05430794321000576 0.001617826463188976
0.03835692349821329 0.0012335078208707273
0.03835692349821329 0.0012335078208707273
0.03846065327525139 0.0012379535764921457
0.04195996653288603 0.0013618133089039475
0.054305375553667545 0.001617786503629759
0.03697534464299679 0.0011482880217954516
0.05545017495751381 0.001635616907151416
0.0554689597338438 0.0016359094006475061
0.05546689312905073 0.0016358773282263428
0.05430517625063658 0.0016177833313122392
0.04195990785956383 0.0013618097873404622
0.03697325196117163 0.001148215786088258
0.038450089283287525 0.0012375007790978998
0.041814680211246014 0.001352850638795644
0.04196113720536232 0.0013618855155073106
0.05546141415834427 0.0016357918502762914
0.03835411835461855 0.0012333875929471105
0.05546582397073507 0.0016358606226276606
0.03835400566458702 0.0012333828199189156
0.05546658206731081 0.0016358723805751652
0.05547047778964043 0.001635933091165498
0.04195988178253174 0.0013618081575259566
0.05546931363642216 0.001635914930375293
0.055264247581362724 0.0016327178163919598
0.054309326224029064 0.0016178480291273445
0.054304223507642746 0.0016177685174625367
0.05430775508284569 0.0016178234363906085
0.05430919211357832 0.0016178458172362298
0.03697414882481098 0.0011482468398753554
0.038356916047632694 0.0012335075298324227
0.0383555144071579 0.0012334474013186991
0.04181411862373352 0.0013528159470297396
0.05546828545629978 0.0016358989523723722
0.038831762969493866 0.0012538486189441755
0.05546422954648733 0.0016358357679564506
0.05430372338742018 0.0016177606885321438
0.041814264841377735 0.0013528250274248421
0.05430625379085541 0.0016178000369109213
0.03883375786244869 0.0012539340677903965
0.04196108132600784 0.0013618821103591472
0.03883234318345785 0.0012538734736153856
0.03883197624236345 0.0012538578012026846
0.038353617303073406 0.0012333662016317248
0.03697298001497984 0.001148206414654851
0.03835384827107191 0.0012333760096225888
0.0523749403655529 0.0015876719262450933
0.041960855945944786 0.0013618681696243584
0.05686581414192915 0.001657635933952406
0.055468497797846794 0.0016359021537937224
0.04195939749479294 0.0013617782096844167
0.05183905363082886 0.0015793171187397093
0.041960280388593674 0.0013618325756397098
0.04195977933704853 0.0013618016964755952
0.04220217280089855 0.0013768348144367337
0.04181441571563482 0.001352834195131436
0.05545967537909746 0.0016357649001292884
0.036973281763494015 0.001148216804722324
0.03835639730095863 0.0012334852362982929
0.041813965886831284 0.0013528064591810107
0.05544624384492636 0.001635555614484474
0.03883044607937336 0.001253792259376496
0.03697328269481659 0.0011482168920338154
0.038352795876562595 0.0012333309859968722
0.03882996924221516 0.0012537717266241089
0.04200331214815378 0.0013644991850014776
0.05430560186505318 0.0016177899960894138
0.04181380104273558 0.0013527962437365204
0.05546352732926607 0.0016358248249161988
0.05546985939145088 0.0016359233704861253
0.038353320211172104 0.0012333533959463239
0.03697656746953726 0.001148330164141953
0.03697512298822403 0.001148280396591872
0.04181388393044472 0.001352801249595359
0.03835496865212917 0.0012334240309428424
0.055471320636570454 0.0016359462169930339
0.03883304260671139 0.0012539034069050103
0.03883328940719366 0.0012539140006992966
0.03697776887565851 0.0011483717244118452
0.03835671115666628 0.0012334986822679639
0.03835565038025379 0.0012334531638771296
0.04196137562394142 0.0013619002420455217
0.054304877296090126 0.0016177785873878747
0.03883260767906904 0.001253884780453518
0.04181368090212345 0.0013527888513635844
0.051109516993165016 0.0015679437492508441
0.038832674734294415 0.0012538876617327332
0.03697478864341974 0.0011482687550596893
0.04181409440934658 0.0013528142007999122
0.03995930356904864 0.0013021840859437361
0.03821641765534878 0.0012275022163521498
0.03821641765534878 0.0012275022163521498
0.04196049086749554 0.0013618456141557544
0.042075419798493385 0.0013689893239643425
0.036975616589188576 0.0011482974223326892
0.04196128435432911 0.001361894712317735
0.03835315257310867 0.001233346207300201
0.03835398517549038 0.001233381888596341
0.05546879954636097 0.001635906839510426
0.03835443966090679 0.001233401388162747
0.038355317898094654 0.001233439048519358
0.05430375412106514 0.0016177611541934311
0.05136295594274998 0.0015718963695690036
0.03883220162242651 0.0012538673909148201
0.036975009366869926 0.0011482764966785908
0.04196128435432911 0.001361894712317735
0.038830094039440155 0.0012537771108327433
0.03697302844375372 0.0011482081899885088
0.05546636879444122 0.0016358676948584616
0.055465638637542725 0.0016358576831407845
0.0388328991830349 0.0012538972805486992
0.05430307798087597 0.0016177506768144667
0.03883342258632183 0.0012539196904981509
0.03835504502058029 0.0012334272905718535
0.05430685542523861 0.0016178094665519893
0.05430260859429836 0.0016177433426491916
0.04196034651249647 0.0013618368247989565
0.054301475174725056 0.0016177257057279348
0.038830933161079884 0.0012538130540633574
0.04196103848516941 0.001361879491014406
0.03697511926293373 0.0011482802801765501
0.04196041077375412 0.0013618406956084073
0.03835738729685545 0.0012335276114754379
0.036972858011722565 0.0011482021945994347
0.03883375786244869 0.0012539340532384813
0.05546138994395733 0.0016357915301341563
0.038353645242750645 0.0012333673948887736
0.054308741353452206 0.0016178389778360724
0.03882958833128214 0.0012537553993752226
0.04181421268731356 0.001352823048364371
0.04195991065353155 0.0013618098455481231
0.051438162103295326 0.0015730669547338039
0.05430046934634447 0.0016177099896594882
0.03911005053669214 0.0012658090272452682
0.05344013683497906 0.001604279037564993
0.042258831672370434 0.0013803335605189204
0.03697603475302458 0.0011483119160402566
0.054307302460074425 0.0016178164223674685
0.03835253603756428 0.0012333198683336377
0.04181443993002176 0.0013528356794267893
0.039349937811493874 0.0012760672689182684
0.03883057367056608 0.0012537975853774697
0.03713228367269039 0.0011810843425337225
0.03883123304694891 0.001253825961612165
0.04181460477411747 0.0013528458366636187
0.03883249219506979 0.0012538798473542556
0.03835774026811123 0.0012335427745711058
0.03835362195968628 0.0012333663180470467
0.0554589806124568 0.0016357540152966976
0.05430143419653177 0.0016177250072360039
0.05344138480722904 0.0016043114592321217
0.03697672858834267 0.0011483358102850616
0.04196038097143173 0.0013618389493785799
0.03883287776261568 0.0012538963201222941
0.03852516133338213 0.0012407183239702135
0.03947347076609731 0.0012813564389944077
0.03883376158773899 0.001253934227861464
0.055469172075390816 0.0016359127184841782
0.04181441105902195 0.0013528338458854705
0.03757757134735584 0.0012001496506854892
0.05429999902844429 0.001617702713701874
0.05430640559643507 0.0016178025107365102
0.036977010779082775 0.001148345647379756
0.04196051228791475 0.0013618468947242945
0.03850574046373367 0.0012398859835229814
0.05430955998599529 0.0016178515797946602
0.041814724914729595 0.0013528531708288938
0.05546591058373451 0.0016358618449885398
