0.04482501745223999 0.001495842938311398
0.04482501745223999 0.001495842938311398
0.04482501745223999 0.001495842938311398
0.04482501745223999 0.001495842938311398
0.04482501745223999 0.001495842938311398
0.04482501745223999 0.001495842938311398
0.04482501745223999 0.001495842938311398
0.04482501745223999 0.001495842938311398
0.04482501745223999 0.001495842938311398
0.04482501745223999 0.001495842938311398
0.04482501745223999 0.001495842938311398
0.04482501745223999 0.001495842938311398
0.04482501745223999 0.001495842938311398
0.04482501745223999 0.001495842938311398
0.04482501745223999 0.001495842938311398
0.04482501745223999 0.001495842938311398
0.04482501745223999 0.001495842938311398
0.04482501745223999 0.001495842938311398
0.04482501745223999 0.001495842938311398
0.04482501745223999 0.001495842938311398
0.04482501745223999 0.001495842938311398
0.04482501745223999 0.001495842938311398
0.04482501745223999 0.001495842938311398
0.04482501745223999 0.001495842938311398
0.04482501745223999 0.001495842938311398
0.04482501745223999 0.001495842938311398
0.04482501745223999 0.001495842938311398
0.04482501745223999 0.001495842938311398
0.04482501745223999 0.001495842938311398
0.04482501745223999 0.001495842938311398
0.04482501745223999 0.001495842938311398
0.04482501745223999 0.001495842938311398
0.04482501745223999 0.001495842938311398
0.04482501745223999 0.001495842938311398
0.04482501745223999 0.001495842938311398
0.04482501745223999 0.001495842938311398
0.04482501745223999 0.001495842938311398
0.04017760045826435 0.0013115400652168319
0.04482501745223999 0.001495842938311398
0.04482501745223999 0.001495842938311398
0.04017760045826435 0.0013115400652168319
0.04017760045826435 0.0013115400652168319
0.04482501745223999 0.001495842938311398
0.04017760045826435 0.0013115400652168319
0.04017760045826435 0.0013115400652168319
0.04017760045826435 0.0013115400652168319
0.05102028138935566 0.0015665520331822336
0.08324074745178223 0.0020941731054335833
0.08324074745178223 0.0020941731054335833
0.08324074745178223 0.0020941731054335833
0.05102028138935566 0.0015665520331822336
0.03877181280404329 0.0012513001856859773
0.03841838147491217 0.0012361601111479104
0.03841838147491217 0.0012361601111479104
0.03877049032598734 0.0012512435059761629
0.038420507684350014 0.0012362512352410704
0.03842129651457071 0.0012362850247882307
0.03842129651457071 0.0012362850247882307
0.03884501475840807 0.0012544407363748178
0.03884501475840807 0.0012544407363748178
0.03884501475840807 0.0012544407363748178
0.0384196387603879 0.0012362140987534076
0.0384196387603879 0.0012362140987534076
0.0384196387603879 0.0012362140987534076
0.03841810952872038 0.0012361484987195581
0.03842097148299217 0.0012362710840534419
0.03841832932084799 0.0012361578701529652
0.039253254886716604 0.001271933113457635
0.03944835299625993 0.0012802927813027054
0.03877418301999569 0.0012514016270870343
0.03934505628421903 0.0012758667435264215
0.03934505628421903 0.0012758667435264215
0.05270085856318474 0.0015927408239804208
0.05270085856318474 0.0015927408239804208
0.05270085856318474 0.0015927408239804208
0.05270085856318474 0.0015927408239804208
0.05270085856318474 0.0015927408239804208
0.03877013549208641 0.0012512283719843253
0.04001152468845248 0.0013044238148722798
0.038448914885520935 0.0012374684447422624
0.038448914885520935 0.0012374684447422624
0.038771579042077065 0.0012512901448644698
0.038771579042077065 0.0012512901448644698
0.038771579042077065 0.0012512901448644698
0.038771579042077065 0.0012512901448644698
0.055296641774475574 0.001633191219298169
0.03933015465736389 0.0012752282345900312
0.03933015465736389 0.0012752282345900312
0.03842098545283079 0.0012362716370262206
0.03877024259418249 0.0012512329703895375
0.038771526888012886 0.0012512879620771855
0.03877339605242014 0.0012513679539551958
0.03842324297875166 0.0012363684072624892
0.03975121211260557 0.001293269859161228
0.03975121211260557 0.001293269859161228
0.03876978065818548 0.0012512131361290812
0.038419692777097225 0.0012362162815406919
0.038419692777097225 0.0012362162815406919
0.038770182989537716 0.001251230394700542
0.03842110652476549 0.0012362769048195332
0.03851143829524517 0.001240149314980954
0.03851143829524517 0.001240149314980954
0.03841719217598438 0.0012361092085484415
0.03841978870332241 0.0012362203560769558
0.038420879282057285 0.0012362671550363302
0.038420879282057285 0.0012362671550363302
0.038420879282057285 0.0012362671550363302
0.038420879282057285 0.0012362671550363302
0.03841960709542036 0.0012362126435618848
0.038421246223151684 0.0012362828711047769
0.038794335909187794 0.0012522692559286952
0.038770802319049835 0.001251256893738173
0.03842122945934534 0.001236282172612846
0.03842122945934534 0.001236282172612846
0.03842066414654255 0.001236257900018245
0.03842066414654255 0.001236257900018245
0.03842066414654255 0.001236257900018245
0.03786383755505085 0.0012124127533752471
0.03786383755505085 0.0012124127533752471
0.03786383755505085 0.0012124127533752471
0.03890088200569153 0.0012568345700856298
0.03842017985880375 0.0012362370907794684
0.0386210298165679 0.0012448433553799987
0.03877120744436979 0.0012512742832768708
0.03877120744436979 0.0012512742832768708
0.03877127077430487 0.0012512768880696967
0.03842035587877035 0.001236244774190709
0.03842035587877035 0.001236244774190709
0.0384174445644021 0.00123611994786188
0.04000908508896828 0.0013043193757766858
0.040140703320503235 0.0013099589123157784
0.039480322040617466 0.001281662640394643
0.03842084389179945 0.0012362656416371465
0.03842084389179945 0.0012362656416371465
0.038421803154051304 0.0012363067362457514
0.0387744065374136 0.0012514151894720271
0.0387744065374136 0.0012514151894720271
0.03841960709542036 0.0012362126435618848
0.03841794468462467 0.0012361413682810962
0.03918309649452567 0.0012689269642578438
0.03918309649452567 0.0012689269642578438
0.03841946739703417 0.0012362066190689802
0.03842149116098881 0.0012362933193799108
0.03842149116098881 0.0012362933193799108
0.03841719590127468 0.0012361093540675938
0.03877325728535652 0.0012513620167737827
0.03877325728535652 0.0012513620167737827
0.038419222459197044 0.0012361961125861853
0.038419222459197044 0.0012361961125861853
0.038419222459197044 0.0012361961125861853
0.03905710857361555 0.0012635285675060004
0.03905710857361555 0.0012635285675060004
0.03905710857361555 0.0012635285675060004
0.03905710857361555 0.0012635285675060004
0.038419236429035664 0.001236196723766625
0.039200082421302795 0.0012696548219537362
0.0384213263168931 0.0012362863635644317
0.0384213263168931 0.0012362863635644317
0.0384213263168931 0.0012362863635644317
0.03850249573588371 0.0012397643004078418
0.039986198768019676 0.0013033387949690223
0.038421536795794964 0.0012362953566480428
0.038421536795794964 0.0012362953566480428
0.038420772179961205 0.0012362625857349485
0.038420772179961205 0.0012362625857349485
0.039143803995102644 0.0012672433804254979
0.038421232253313065 0.0012362823181319982
0.038421232253313065 0.0012362823181319982
0.03749281447380781 0.001196524390252307
0.03877323120832443 0.00125136089627631
0.038419127464294434 0.001236192008946091
0.03847004845738411 0.0012383739522192627
0.03847004845738411 0.0012383739522192627
0.03847004845738411 0.0012383739522192627
0.03847004845738411 0.0012383739522192627
0.03847004845738411 0.0012383739522192627
0.038415245711803436 0.0012360257969703525
0.03846510220319033 0.0012381620763335377
0.03846510220319033 0.0012381620763335377
0.03846510220319033 0.0012381620763335377
0.039963208604604006 0.0013023535429965705
0.039963208604604006 0.0013023535429965705
0.03858967311680317 0.0012434997479431331
0.04017183883115649 0.0013112930610077456
0.039701093919575214 0.0012911224621348083
0.039701093919575214 0.0012911224621348083
0.038422033190727234 0.0012363166315481067
0.03841931372880936 0.001236200041603297
0.04017699044197798 0.0013115138717694208
0.038772501051425934 0.0012513296242104843
0.038772501051425934 0.0012513296242104843
0.03841994609683752 0.0012362271663732827
0.054452382028102875 0.0016200417303480208
0.038419960997998714 0.0012362278357613832
0.03841706924140453 0.001236103882547468
0.03973873285576701 0.0012927352217957377
0.03842131607234478 0.001236285868799314
0.03842131607234478 0.001236285868799314
0.03842131607234478 0.001236285868799314
0.04009690089151263 0.0013080822391202673
0.03841818869113922 0.0012361519038677216
0.03841818869113922 0.0012361519038677216
0.038418871350586414 0.0012361810950096697
0.038418871350586414 0.0012361810950096697
0.03842280898243189 0.0012363497517071664
0.03842280898243189 0.0012363497517071664
0.03842280898243189 0.0012363497517071664
0.03842280898243189 0.0012363497517071664
0.03842280898243189 0.0012363497517071664
0.03842030093073845 0.0012362423003651202
0.03842030093073845 0.0012362423003651202
0.03974033612757921 0.0012928039213875309
0.03974033612757921 0.0012928039213875309
0.03876996599137783 0.0012512210669228807
0.038770836777985096 0.0012512583925854415
0.038772947154939175 0.0012513487599790096
0.04017760045826435 0.0013115400652168319
0.03842180874198675 0.0012363069108687341
0.038555532693862915 0.001242036814801395
0.038555532693862915 0.001242036814801395
0.03841962106525898 0.0012362131965346634
0.03841335978358984 0.0012359450047370046
0.03841335978358984 0.0012359450047370046
0.03841335978358984 0.0012359450047370046
0.03841898124665022 0.0012361858098302037
0.03841898124665022 0.0012361858098302037
0.03920692438259721 0.0012699479702860117
0.0384187325835228 0.0012361752160359174
0.03877005632966757 0.001251224966836162
0.03877005632966757 0.001251224966836162
0.03877005632966757 0.001251224966836162
0.038420744240283966 0.0012362613342702389
0.04009763477370143 0.0013081135548418388
0.04009763477370143 0.0013081135548418388
0.039495771285146475 0.001282324650674127
0.039495771285146475 0.001282324650674127
0.039159178733825684 0.001267902203835547
0.038415808230638504 0.0012360499240458012
0.038415808230638504 0.0012360499240458012
0.038415808230638504 0.0012360499240458012
0.03842068091034889 0.0012362586567178369
0.03842068091034889 0.0012362586567178369
0.038771726191043854 0.001251296533155255
0.038419974967837334 0.0012362283887341619
0.03841841220855713 0.001236161420820281
0.03841841220855713 0.001236161420820281
0.03841841220855713 0.001236161420820281
0.038834246806800365 0.0012539793824544176
0.03876974247395992 0.0012512114917626604
0.03876974247395992 0.0012512114917626604
0.037070159800350666 0.0011784250964410603
0.037070159800350666 0.0011784250964410603
0.037070159800350666 0.0011784250964410603
0.037070159800350666 0.0011784250964410603
0.03841841034591198 0.0012361613335087895
0.03976321313530207 0.0012937841238453984
0.03976321313530207 0.0012937841238453984
0.03976321313530207 0.0012937841238453984
0.03841756843030453 0.0012361252156551927
0.03877215273678303 0.00125131469394546
0.03841981664299965 0.0012362216366454959
0.03841981664299965 0.0012362216366454959
0.03841829393059015 0.001236156327649951
0.03821706585586071 0.0012275425251573324
0.03821706585586071 0.0012275425251573324
0.038916644640266895 0.0012575099390232936
0.038916644640266895 0.0012575099390232936
0.03842139523476362 0.0012362893030513078
0.03842318616807461 0.0012363659334369004
0.039625785779207945 0.0012878955312771723
0.03860733192414045 0.0012442560691852123
0.03860733192414045 0.0012442560691852123
0.03860733192414045 0.0012442560691852123
0.03877148311585188 0.0012512860266724601
0.03877148311585188 0.0012512860266724601
0.03841975051909685 0.0012362188135739416
0.0393919856287539 0.0012778775853803381
0.03842122945934534 0.0012362822017166764
0.03842122945934534 0.0012362822017166764
0.039626212790608406 0.0012879138812422752
0.03954135347157717 0.001284277779632248
0.03842026274651289 0.0012362407287582755
0.039682270493358374 0.0012903158203698695
0.038420483469963074 0.001236250187503174
0.038420483469963074 0.001236250187503174
0.038420483469963074 0.001236250187503174
0.03842162899672985 0.0012362992856651545
0.03842110838741064 0.0012362769921310246
0.03842110838741064 0.0012362769921310246
0.038419137708842754 0.0012361925037112087
0.038419137708842754 0.0012361925037112087
0.038973006419837475 0.0012599250039784238
0.03841960709542036 0.0012362126435618848
0.03841903991997242 0.0012361884000711143
0.03841898310929537 0.0012361858680378646
0.03877067193388939 0.0012512513203546405
0.03877089265733957 0.0012512608082033694
0.038420574739575386 0.0012362540874164551
0.038772186264395714 0.001251316221896559
0.038772186264395714 0.001251316221896559
0.038772186264395714 0.001251316221896559
0.038419727236032486 0.0012362177949398756
0.03842111025005579 0.001236277021234855
0.03886738698929548 0.0012553993583424017
0.0384201817214489 0.0012362372945062816
0.03842123318463564 0.0012362823472358286
0.03866048622876406 0.0012465339241316542
0.038421617820858955 0.0012362987909000367
0.038421024568378925 0.0012362733541522175
0.038418879732489586 0.0012361814733594656
0.03889851737767458 0.00125673325965181
0.03889851737767458 0.00125673325965181
0.038421123288571835 0.0012362776324152946
0.038421123288571835 0.0012362776324152946
0.038421123288571835 0.0012362776324152946
0.05556928738951683 0.0016374286788050085
0.03842115681618452 0.0012362790293991566
0.04482501745223999 0.001495842938311398
0.04482501745223999 0.001495842938311398
0.0384212052449584 0.0012362810666672885
0.03945133928209543 0.0012804208236047998
0.03782944567501545 0.001210940070450306
0.038769884034991264 0.0012512176035670564
0.03911198582500219 0.0012658800696954131
0.03877341281622648 0.0012513686378952116
0.03842030465602875 0.0012362425331957638
0.038418617099523544 0.0012361701810732484
0.034343421459198 0.0009688348218332976
0.038419727236032486 0.0012362177949398756
0.03842141479253769 0.0012362900888547301
0.038692896254360676 0.0012479226134018973
0.038692896254360676 0.0012479226134018973
0.03842009324580431 0.0012362334528006613
0.038413251750171185 0.0012359403481241316
0.0384207172319293 0.001236260199220851
0.0384214548394084 0.001236291805980727
0.03841709531843662 0.0012361050175968558
0.03841754235327244 0.0012361241970211267
0.05529672373086214 0.0016331924998667091
0.05529672373086214 0.0016331924998667091
0.05529672373086214 0.0016331924998667091
0.03972757654264569 0.001292257133172825
0.03841902781277895 0.0012361877888906747
0.03833307884633541 0.0012325109855737537
0.03841781988739967 0.0012361360422801226
0.03842115681618452 0.0012362790293991566
0.038415245711803436 0.0012360257969703525
0.038419751450419426 0.001236218842677772
0.0387720949947834 0.0012513123074313626
0.03841985948383808 0.0012362234701868147
0.03842060174793005 0.001236255222465843
0.03877418301999569 0.0012514016270870343
0.03841919265687466 0.0012361948611214757
0.038420881144702435 0.0012362672132439911
0.038420659489929676 0.0012362577253952622
0.038802703842520714 0.0012526277860160917
0.038421024568378925 0.0012362733541522175
0.0387700954452157 0.0012512266112025827
0.03841754235327244 0.0012361241970211267
0.034271021373569965 0.0009164865186903626
0.03841903619468212 0.0012361882254481316
0.03877104725688696 0.0012512673565652221
0.03953910944983363 0.0012841816351283342
0.0384213887155056 0.0012362889829091728
0.03841900359839201 0.0012361867993604392
0.03842185251414776 0.0012363088317215443
0.03842185251414776 0.0012363088317215443
0.03821947705000639 0.0012276424677111208
0.039019616320729256 0.0012619221670320258
0.03842091653496027 0.0012362687848508358
0.03842087183147669 0.0012362668348941952
0.038420711643993855 0.0012362598499748856
0.038420711643993855 0.0012362598499748856
0.03841886296868324 0.0012361807166598737
0.03885695897042751 0.0012549524835776538
0.03877019416540861 0.0012512308167060837
0.0384207172319293 0.001236260199220851
0.03841912001371384 0.0012361917761154473
0.03842166159301996 0.0012363007117528468
0.038418978452682495 0.0012361856934148818
0.038418978452682495 0.0012361856934148818
0.0384210254997015 0.0012362734705675393
0.038418760523200035 0.0012361763510853052
0.038418153300881386 0.0012361503613647074
0.038418153300881386 0.0012361503613647074
0.038419692777097225 0.0012362162815406919
0.05529672186821699 0.0016331924707628787
0.04482501745223999 0.001495842938311398
0.03842132445424795 0.0012362863053567708
0.0384207796305418 0.0012362629058770835
0.038420189172029495 0.001236237643752247
0.038415245711803436 0.0012360257969703525
0.03842095099389553 0.0012362701818346977
0.05444966536015272 0.0016199993551708758
0.038422392681241035 0.0012363320274744183
0.03877144679427147 0.0012512844696175307
0.038418104872107506 0.001236148294992745
0.03876995947211981 0.0012512207322288305
0.03841870091855526 0.0012361738190520555
0.03842083364725113 0.00123626523418352
0.03842033538967371 0.0012362439010757953
0.038770513609051704 0.0012512444518506527
0.04010895173996687 0.0013085984683129936
0.03842033538967371 0.0012362439010757953
0.03840211313217878 0.0012354632490314543
0.03841903619468212 0.0012361882254481316
0.038418617099523544 0.0012361701810732484
0.038418617099523544 0.0012361701810732484
0.03842071071267128 0.0012362598499748856
0.03842071071267128 0.0012362598499748856
0.03841709531843662 0.0012361050175968558
0.03841983899474144 0.001236222597071901
0.03841983899474144 0.001236222597071901
0.03877079673111439 0.0012512566900113598
0.03841738402843475 0.001236117328517139
0.038418494164943695 0.0012361650296952575
0.03842132445424795 0.0012362863053567708
0.034271021373569965 0.0009164865186903626
0.038754197768867016 0.001250549394171685
0.038754197768867016 0.001250549394171685
0.038091426715254784 0.0012221619545016438
0.03877135179936886 0.001251280467840843
0.0371901523321867 0.001183563843369484
0.03841955680400133 0.0012362104607746005
0.038420962169766426 0.0012362707348074764
0.038420381024479866 0.001236245851032436
0.038415245711803436 0.0012360257969703525
0.038421131670475006 0.0012362780107650906
0.03841707296669483 0.0012361040571704507
0.03876936994493008 0.0012511955574154854
0.03842105157673359 0.0012362745183054358
0.038421278819441795 0.0012362842971924692
0.03877339605242014 0.0012513679539551958
0.03841903619468212 0.0012361882254481316
0.03842054679989815 0.0012362528941594064
0.03842054679989815 0.0012362528941594064
0.03841709531843662 0.0012361050175968558
0.03959241975098848 0.001286465922021307
0.038421036675572395 0.0012362739071249962
0.04017760045826435 0.0013115400652168319
0.03876928612589836 0.0012511919776443392
0.03876936994493008 0.0012511955574154854
0.03841928951442242 0.001236199081176892
0.03842115681618452 0.0012362790293991566
0.03842007461935282 0.0012362326961010695
0.03877100348472595 0.0012512654648162425
0.038420881144702435 0.0012362672132439911
0.038769884034991264 0.0012512176035670564
0.038421268574893475 0.0012362838606350124
0.04482501745223999 0.001495842938311398
0.03842054773122072 0.0012362529232632369
0.034271021373569965 0.0009164865186903626
0.03877013549208641 0.001251228342880495
0.05444966536015272 0.0016199993551708758
0.05444966536015272 0.0016199993551708758
0.038421242497861385 0.0012362826964817941
0.038770255632698536 0.0012512335233623162
0.038774109445512295 0.0012513985420810059
0.03841736074537039 0.0012361164262983948
0.03876313380897045 0.0012509322259575129
0.03876995947211981 0.0012512207322288305
0.039838321041315794 0.0012970024399692193
0.03842115681618452 0.0012362790293991566
0.03877060208469629 0.001251248351763934
0.03877411223948002 0.0012513986002886668
0.03841737378388643 0.0012361169792711735
0.038421024568378925 0.0012362733541522175
0.03841592278331518 0.001236054813489318
0.03840888012200594 0.0012357531231828034
0.03841748088598251 0.0012361215194687247
0.03877155017107725 0.0012512889079516754
0.03842385206371546 0.0012363946007099003
0.0384181123226881 0.0012361485860310495
0.03842104319483042 0.0012362741690594703
0.038421654142439365 0.001236300333403051
0.03877339605242014 0.0012513679539551958
0.03840888012200594 0.0012357531231828034
0.038772645406425 0.0012513358233263716
0.03877346217632294 0.0012513708061305806
0.03841736074537039 0.0012361164262983948
0.03842143062502146 0.0012362907291390002
0.03841709531843662 0.0012361050175968558
0.03842071071267128 0.0012362598499748856
0.03841754235327244 0.0012361241970211267
0.05530077125877142 0.0016332555387634784
0.0384207172319293 0.001236260199220851
0.038420953787863255 0.00123627032735385
0.03877018764615059 0.0012512306275311857
0.03877171501517296 0.0012512959510786459
0.03877307940274477 0.0012513544206740335
0.038824099116027355 0.0012535444693639874
0.03841985948383808 0.0012362234701868147
0.038420530036091805 0.0012362521374598145
0.03877307940274477 0.0012513544206740335
0.03877339605242014 0.0012513679539551958
0.038769994862377644 0.0012512223183875903
0.03841905016452074 0.0012361888075247407
0.03877171501517296 0.0012512959510786459
0.03877188265323639 0.0012513031833805144
0.038771514780819416 0.0012512873800005764
