0.04236980248242617 0.0013872105337213725
0.04236980248242617 0.0013872105337213725
0.04236980248242617 0.0013872105337213725
0.04236980248242617 0.0013872105337213725
0.04017760045826435 0.0013115400652168319
0.04017760045826435 0.0013115400652168319
0.04236980248242617 0.0013872105337213725
0.04236980248242617 0.0013872105337213725
0.04017760045826435 0.0013115400652168319
0.04236980248242617 0.0013872105337213725
0.04017760045826435 0.0013115400652168319
0.04017760045826435 0.0013115400652168319
0.04017760045826435 0.0013115400652168319
0.04017760045826435 0.0013115400652168319
0.05102028138935566 0.0015665520331822336
0.04017760045826435 0.0013115400652168319
0.04017760045826435 0.0013115400652168319
0.04017760045826435 0.0013115400652168319
0.05102028138935566 0.0015665520331822336
0.04017760045826435 0.0013115400652168319
0.04017760045826435 0.0013115400652168319
0.04017760045826435 0.0013115400652168319
0.04482501745223999 0.001495842938311398
0.08324074745178223 0.0020941731054335833
0.05102028138935566 0.0015665520331822336
0.05102028138935566 0.0015665520331822336
0.04179519787430763 0.0013512384321074933
0.04017760045826435 0.0013115400652168319
0.03826573118567467 0.0012294593325350434
0.038893978111445904 0.0012563721393235028
0.04207467846572399 0.0013685971789527684
0.05421774461865425 0.0016166697314474732
0.038261585868895054 0.0012292821193113923
0.03920834371820092 0.001269883054192178
0.039872003719210625 0.001298405579291284
0.041988691315054893 0.001363173796562478
0.03889345470815897 0.0012563497584778816
0.04179572965949774 0.0013512709992937744
0.041795067489147186 0.001351230195723474
0.05574449151754379 0.0016404478810727596
0.05172858014702797 0.0015776539512444288
0.03889410849660635 0.0012563777272589505
0.054204060696065426 0.0016164554690476507
0.057215647771954536 0.0016632041661068797
0.03841492813080549 0.0012358975072856992
0.05419410113245249 0.00161629993817769
0.0388961061835289 0.0012564633798319846
0.03889589011669159 0.0012564541539177299
0.055745321325957775 0.0016404608322773129
0.03688148781657219 0.0011447576398495585
0.038173384964466095 0.0012255159963387996
0.03668310772627592 0.0011380159994587302
0.04200178291648626 0.0013639829703606665
0.05419831909239292 0.0016163658001460135
0.03991154255345464 0.0013001052720937878
0.04198822285979986 0.001363144430797547
0.03890574723482132 0.0012568762322189286
0.039427419658750296 0.0012792986672138795
0.04179822374135256 0.0013514220190700144
0.038319443352520466 0.001231766218552366
0.038319443352520466 0.001231766218552366
0.04216867685317993 0.0013746186450589448
0.03828164841979742 0.0012301414681132883
0.041990628466010094 0.0013632946065627038
0.038893502205610275 0.001256351693882607
0.05420325603336096 0.0016164430999197066
0.038893094286322594 0.0012563341879285872
0.03783028945326805 0.0012108692317269742
0.03909121919423342 0.0012648476986214519
0.03889414947479963 0.0012563793716253713
0.03826129902154207 0.0012292697792872787
0.03886022139340639 0.0012548275844892487
0.0388945871964097 0.0012563982891151682
0.036525349132716656 0.0011325227096676826
0.0398635258898139 0.001298041664995253
0.03889486659318209 0.001256410265341401
0.038893953897058964 0.001256371077033691
0.03973363619297743 0.0012924591574119404
0.04198950529098511 0.001363225281238556
0.038893663324415684 0.0012563584314193577
0.038541655987501144 0.00124130625044927
0.054205275140702724 0.0016164746193680912
0.052233634516596794 0.0015855310193728656
0.03889365587383509 0.001256358256796375
0.03964185016229749 0.0012885144678875804
0.03939491370692849 0.001277937859413214
0.04199046362191439 0.0013632851769216359
0.054210513830184937 0.0016165563720278442
0.03889514412730932 0.001256422241567634
0.055749429389834404 0.0016405247442889959
0.05574875231832266 0.0016405145870521665
0.05574416741728783 0.0016404428170062602
0.038892125710844994 0.0012562925403472036
0.03890173602849245 0.0012567045341711491
0.03890667762607336 0.0012569161626743153
0.03889406193047762 0.0012563757045427337
0.03990414831787348 0.0012997874000575393
0.05418981797993183 0.0016162336978595704
0.05574174877256155 0.0016404053894802928
0.04179682396352291 0.001351337559754029
0.0557402940467 0.0016403826302848756
0.05574195273220539 0.0016404084744863212
0.03890589624643326 0.0012568824458867311
0.03674742206931114 0.0011400113289710134
0.041792077012360096 0.001351045910269022
0.05281709507107735 0.0015946576604619622
0.05573275499045849 0.0016402658075094223
0.05102028138935566 0.0015665520331822336
0.057022773660719395 0.0016601592942606658
0.03916850406676531 0.0012681707012234256
0.03889736719429493 0.0012565175857162103
0.03825892321765423 0.001229168236022815
0.04192657396197319 0.0013594645133707672
0.054199338890612125 0.0016163817199412733
0.041796076111495495 0.0013512918376363814
0.03889242000877857 0.0012563053023768589
0.03915347717702389 0.0012676693149842322
0.03889892715960741 0.0012565841898322105
0.03826005384325981 0.0012292166356928647
0.05102028138935566 0.0015665520331822336
0.051166852936148643 0.0015688447165302932
0.038894386030733585 0.0012563895725179464
0.03682958800345659 0.0011427311692386866
0.038892204873263836 0.001256296003703028
0.051234589889645576 0.0015699112263973802
0.036893995478749275 0.0011449536250438541
0.05574800167232752 0.0016405028000008315
0.03889250662177801 0.0012563088384922594
0.03689401596784592 0.0011449542944319546
0.03826170228421688 0.0012292870378587395
0.05419434141367674 0.0016163036634679884
0.03889515530318022 0.001256422561709769
0.03999305935576558 0.0013036085438216105
0.05420277081429958 0.001616435736650601
0.05392078589648008 0.0016120154759846628
0.039160444401204586 0.0012678243219852448
0.052119024097919464 0.0015837381361052394
0.03889492806047201 0.0012564127828227356
0.038261898793280125 0.0012292953906580806
0.05421119835227728 0.001616567198652774
0.04201032221317291 0.001364510040730238
0.041796447709202766 0.0013513151789084077
0.05574382562190294 0.0016404374910052866
0.03889541234821081 0.0012564336793730035
0.04179672058671713 0.0013513312442228198
0.055742752738296986 0.0016404208727180958
0.053017836064100266 0.0015978622250258923
0.03888700157403946 0.0012560727627715096
0.0517144612967968 0.0015774103230796754
0.038894081488251686 0.0012563764321384951
0.055745125748217106 0.0016404577472712845
0.042284490540623665 0.0013818299630656838
0.05576113238930702 0.001640706934267655
0.05574328172951937 0.001640429167309776
0.054208009503781796 0.0016165173437912017
0.038195544853806496 0.0012264533434063196
0.054220943711698055 0.0016167199646588415
0.03729946445673704 0.0011882074468303472
0.05575079843401909 0.001640546106500551
0.04233949910849333 0.0013852992560714483
0.054210265167057514 0.0016165522974915802
0.03826030716300011 0.0012292274041101336
0.03889231290668249 0.0012563004565890878
0.05574353225529194 0.0016404330090153962
0.03884942922741175 0.0012544636410893872
0.039300073869526386 0.0012738253717543557
0.038894519209861755 0.001256395349628292
0.038895019330084324 0.0012564167700475082
0.041795214638113976 0.0013512397999875247
0.039769120048731565 0.0012939841690240428
0.038890233263373375 0.0012562112242449075
0.03889212757349014 0.0012562927440740168
0.039953984785825014 0.001301929383771494
0.056477985344827175 0.0016517953481525183
0.03689475264400244 0.0011449792073108256
0.029027340933680534 0.0008191132801584899
0.05420583114027977 0.0016164833796210587
0.03889241348952055 0.0012563048949232325
0.05420137569308281 0.001616413617739454
0.03632183000445366 0.0011072171619161963
0.041795266792178154 0.0013512425357475877
0.03826009389013052 0.0012292183528188616
0.05573128163814545 0.001640242786379531
0.05573427304625511 0.0016402890032622963
0.039312430657446384 0.0012743564147967845
0.0382621455937624 0.001229305926244706
0.054201457649469376 0.0016164149274118245
0.03507879190146923 0.0009729457815410569
0.054205914959311485 0.0016164847183972597
0.05419857706874609 0.0016163698164746165
0.04179518949240446 0.0013512383738998324
0.05415808130055666 0.0016157353529706597
0.0382597167044878 0.0012292022001929581
0.03826060611754656 0.0012292402097955346
0.04179215431213379 0.0013510507124010473
0.03889091219753027 0.0012562406191136688
0.041795697063207626 0.0013512689620256424
0.04166989028453827 0.0013437929446808994
0.055737199261784554 0.0016403347544837743
0.041990188881754875 0.0013632678892463446
0.038262562826275826 0.001229323766892776
0.05422868952155113 0.0016168411530088633
0.03888947609812021 0.0012561785115394741
0.041794645600020885 0.0013512048171833158
0.05420153774321079 0.001616416295291856
0.04198959097266197 0.001363230578135699
0.041793293319642544 0.0013511208235286176
0.038262116722762585 0.0012293047329876572
0.038892571814358234 0.0012563117634272203
0.03826042450964451 0.0012292323226574808
0.04236980248242617 0.0013872105337213725
0.03885285463184118 0.0012546104262582958
0.055615189485251904 0.001638425572309643
0.03886269871145487 0.001254942108062096
0.041991558857262135 0.0013633510970976204
0.03826227318495512 0.0012293113977648318
0.03826022706925869 0.0012292239698581398
0.054185785353183746 0.0016161710664164275
0.04017760045826435 0.0013115400652168319
0.03976005641743541 0.0012935946142533794
0.05570104345679283 0.0016397714498452842
0.03826090507209301 0.0012292528699617833
0.04017522605136037 0.0013114380708429962
0.05421506054699421 0.0016166272398550063
0.055737828835844994 0.0016403443878516555
0.04198940936475992 0.0013632193440571427
0.04179518297314644 0.0013512378500308841
0.05420635174959898 0.0016164913831744343
0.05574708245694637 0.0016404881316702813
0.05420390143990517 0.0016164530534297228
0.03826058469712734 0.00122923927847296
0.041794645600020885 0.0013512048171833158
0.054194062016904354 0.001616299501620233
0.041989315301179886 0.0013632134068757296
0.038892049342393875 0.0012562892661662772
0.038892864249646664 0.0012563242635224015
0.04224944580346346 0.0013796196144539863
0.04230962414294481 0.001383415044983849
0.04017760045826435 0.0013115400652168319
0.03909715451300144 0.0012651042343350127
0.055752853862941265 0.001640577771468088
0.038257808424532413 0.0012291205930523574
0.041794861666858196 0.0013512180303223431
0.03825726546347141 0.0012290971353650093
0.03826058469712734 0.00122923927847296
0.03825920261442661 0.0012291801103856415
0.05165934935212135 0.0015765687567181885
0.03889275435358286 0.0012563196796691045
0.05420266930013895 0.0016164341941475868
0.04017760045826435 0.0013115400652168319
0.05433124769479036 0.0016184919222723693
0.03827065788209438 0.0012296699569560587
0.03826306760311127 0.0012293453910388052
0.04198938701301813 0.0013632173358928412
0.04199089761823416 0.0013633116614073515
0.03889274597167969 0.0012563192285597324
0.03889151383191347 0.0012562662013806403
0.03826060611754656 0.0012292402680031955
0.04179630987346172 0.0013513064768631011
0.03689423482865095 0.001144961715908721
0.03826006967574358 0.0012292172759771347
0.03889690525829792 0.0012564977660076693
0.03888664022088051 0.0012560572649817914
0.03826271370053291 0.0012293303152546287
0.05420231074094772 0.0016164281405508518
0.03889426961541176 0.0012563846976263449
0.04199168551713228 0.0013633590715471655
0.05430553387850523 0.0016181872924789786
0.055750131607055664 0.0016405355709139258
0.04017760045826435 0.0013115400652168319
0.03886485658586025 0.0012550394458230585
0.05420637596398592 0.0016164918488357216
0.04179580230265856 0.0013512752193491906
0.041795818135142326 0.0013512760924641043
0.05425884481519461 0.0016174065531231463
0.04234131518751383 0.0013854137214366347
0.05572518613189459 0.0016401472967118025
0.038895574398338795 0.0012564404605655
0.038272932171821594 0.0012297682114876807
0.04482501745223999 0.001495842938311398
0.038891701959073544 0.001256274525076151
0.037014962173998356 0.0011491891636978835
0.03826098144054413 0.0012292561877984554
0.038895768113434315 0.0012564488570205867
0.04179716110229492 0.0013513581361621618
0.055727715604007244 0.0016401874599978328
0.03889791574329138 0.0012565410434035584
0.03950981376692653 0.0012828398175770417
0.0388918062672019 0.001256278861546889
0.036893850192427635 0.0011449484445620328
0.05420904420316219 0.0016165335837285966
0.05574224889278412 0.0016404131602030247
0.0382606852799654 0.0012292435858398676
0.03826229926198721 0.001229312620125711
0.03826081845909357 0.0012292492610868067
0.054200644604861736 0.001616402470972389
0.04198957793414593 0.0013632297341246158
0.04198957793414593 0.0013632297341246158
0.055629003793001175 0.0016386493516620249
0.05420098453760147 0.0016164074186235666
0.054206972010433674 0.0016165011038538069
0.03888842836022377 0.0012561343173729256
0.03888304345309734 0.0012559028109535575
0.038894398137927055 0.0012563901400426403
0.03689320478588343 0.0011449266748968512
0.04198908992111683 0.0013631988549605012
0.03689523506909609 0.001144996116636321
0.037186356261372566 0.0011833870375994593
0.054210624657571316 0.0016165581764653325
0.03883825894445181 0.0012539907620521262
0.04179575201123953 0.0013512721052393317
0.03889681026339531 0.0012564936914714053
0.03889602981507778 0.0012564602075144649
0.03889257833361626 0.0012563120108097792
0.0388924079015851 0.0012563047785079107
0.05415100324898958 0.0016156289202626795
0.05420352518558502 0.0016164470289368182
0.03889481816440821 0.001256408213521354
0.03689516335725784 0.0011449936137069017
0.05419874284416437 0.0016163726686500013
0.04179263114929199 0.001351080136373639
0.03826219215989113 0.0012293079635128379
0.03890577703714371 0.0012568775709951296
0.04153601173311472 0.0013356537092477083
0.03689253889024258 0.0011449031007941812
0.03689659386873245 0.0011450420715846121
0.038893936201930046 0.0012563702184706926
0.05102028138935566 0.0015665520331822336
0.0388900525867939 0.001256203540833667
0.0388953210785985 0.0012564296775963157
0.0368948383256793 0.0011449819430708885
0.05116773955523968 0.0015688632556702942
0.05420519784092903 0.0016164731932803988
0.05114775523543358 0.001568545907502994
0.03889294434338808 0.0012563278432935476
0.04179560765624046 0.0013512632867787033
0.05421329848468304 0.0016165999986696988
0.038895624689757824 0.001256442759768106
0.0388968400657177 0.0012564949865918607
0.054208360612392426 0.0016165226406883448
0.05421030335128307 0.0016165533161256462
0.041986314579844475 0.0013630247267428786
0.03826394025236368 0.0012293826439417899
0.03826528135687113 0.0012294404150452465
0.03889371547847986 0.0012563608615892008
0.03889524191617966 0.001256426316103898
0.03826163895428181 0.0012292844185139984
0.054202412255108356 0.001616429683053866
0.038263347931206226 0.0012293574982322752
0.03826152626425028 0.0012292794708628207
0.054203358478844166 0.0016164446424227208
0.05573173984885216 0.0016402496257796884
0.03374918783083558 0.0009211986616719514
0.03889048658311367 0.0012562225601868704
0.0368952015414834 0.0011449944286141545
0.0557462852448225 0.00164047593716532
0.05573179293423891 0.0016402508481405675
0.04017760045826435 0.0013115400652168319
0.038895050063729286 0.0012564180215122178
0.03890067059546709 0.001256658579222858
0.055745975114405155 0.0016404709604103118
0.05420216638594866 0.0016164258413482457
0.038894169963896275 0.0012563802738441154
0.052872434258461 0.0015956731513142586
0.03825815115123987 0.001229135348694399
0.038870823569595814 0.001255313356523402
0.04017760045826435 0.0013115400652168319
0.05420850683003664 0.001616525201825425
0.04199030064046383 0.0013632748450618237
0.038261814042925835 0.001229291781783104
0.0542036322876811 0.0016164487460628152
0.03689683973789215 0.001145050977356732
0.03704060148447752 0.001150166499428451
0.038260724395513535 0.0012292452447582036
0.05421211291104555 0.0016165811102837324
0.05421096459031105 0.0016165635897777975
0.03889288194477558 0.0012563250784296542
0.039980691857635975 0.0013030864211032167
0.038259358145296574 0.001229186775162816
0.055741614662110806 0.0016404034686274827
0.041989194229245186 0.0013632055197376758
0.0388947082683444 0.001256403382285498
0.05420731194317341 0.0016165062843356282
0.054142666049301624 0.0016154989134520292
0.041795902885496616 0.001351281622191891
0.04179609939455986 0.0013512932637240738
0.04017760045826435 0.0013115400652168319
0.0388925913721323 0.0012563126510940492
0.054194554686546326 0.001616306893993169
0.038260726258158684 0.001229245332069695
0.054209029302001 0.0016165331180673093
0.05574140418320894 0.0016404000634793192
0.03889488335698843 0.0012564109783852473
0.03889502491801977 0.0012564170028781518
0.04215097241103649 0.0013735110114794225
0.05365223530679941 0.0016077213222160935
0.04199005477130413 0.0013632593036163598
0.054204787127673626 0.0016164667322300375
0.041795795783400536 0.0013512751029338688
0.05573925655335188 0.001640366594074294
0.05574420839548111 0.0016404434572905302
0.038263024762272835 0.001229343586601317
0.03889056760817766 0.0012562259653350338
0.038891686126589775 0.0012562736810650676
0.055745975114405155 0.0016404709604103118
0.03884496912360191 0.0012541253090603277
0.041795454919338226 0.0013512542354874313
0.041792986914515495 0.001351102051557973
0.041795916855335236 0.0013512823497876525
0.04179980792105198 0.0013515226601157337
0.03888777084648609 0.0012561057519633323
0.03889089170843363 0.0012562395568238571
0.05421356949955225 0.0016166043351404369
0.038887024857103825 0.0012560735194711015
0.054202934727072716 0.0016164383268915117
0.0542078809812665 0.0016165153356269002
0.0382621455937624 0.001229305926244706
0.038258763030171394 0.0012291613675188273
0.03889377973973751 0.001256363611901179
0.05418489873409271 0.0016161570674739778
0.0388915054500103 0.0012562657648231834
0.05573928728699684 0.0016403709596488625
0.05420563742518425 0.001616480090888217
0.038265627808868885 0.0012294549378566444
0.04179774597287178 0.001351392944343388
0.041989823803305626 0.001363245100947097
0.0382620245218277 0.0012293006584513932
0.0542078809812665 0.0016165153356269002
0.03889196924865246 0.001256285817362368
0.039573042187839746 0.001285556412767619
0.05421110428869724 0.0016165658889804035
0.05419551953673363 0.0016163220279850066
0.04224391933530569 0.0013792711833957583
0.035294284112751484 0.000996805538306944
0.05432160943746567 0.0016183376719709486
0.038894698955118656 0.0012564029457280412
0.03885749354958534 0.0012547015940072015
0.03826099634170532 0.0012292566825635731
0.05574382748454809 0.0016404377238359302
0.03826462384313345 0.0012294119514990598
0.04160693474113941 0.0013398734154179692
0.05420571006834507 0.0016164813714567572
0.03889377135783434 0.0012563631607918069
0.03826194070279598 0.0012292970495764166
0.04017760045826435 0.0013115400652168319
0.03826553001999855 0.001229450514074415
0.0383687149733305 0.00123387121129781
0.03889239113777876 0.0012563041818793863
0.054025440476834774 0.0016136556514538825
0.04179548658430576 0.0013512560399249196
0.03889453038573265 0.0012563958298414946
0.05420367233455181 0.0016164493572432548
0.04016162548214197 0.0013108557177474722
0.038893803022801876 0.0012563646159833297
0.0382618922740221 0.001229295041412115
0.04177754372358322 0.0013501732901204377
0.05420465301722288 0.0016164646367542446
0.03825951740145683 0.001229193527251482
0.038265660405159 0.0012294562766328454
0.05420068558305502 0.0016164029075298458
0.038261846639215946 0.0012292932951822877
0.038894466124475 0.001256393050425686
0.05421069636940956 0.0016165590204764158
0.0382607476785779 0.0012292460887692869
0.055742621421813965 0.0016404190100729465
0.03480226639658213 0.0009415965323569253
0.037897358648478985 0.0012137324665673077
0.038891916163265705 0.0012562835618155077
0.05420991592109203 0.0016165474080480635
0.03889474831521511 0.001256405230378732
0.055746921338140965 0.001640485628740862
0.04179526772350073 0.001351242623059079
0.038894616067409515 0.0012563995260279626
0.03826011624187231 0.0012292191677261144
0.05420339573174715 0.0016164450789801776
0.041994222439825535 0.0013635165232699364
