0.037154081307551885 0.0006703034942349643
0.037713877917979866 0.0007337459155608126
0.03783447128245061 0.0007616781019374862
0.03785873583588925 0.0008057159774374361
0.03795984691926818 0.0008088544305097352
0.03835630943733759 0.0008216789452749864
0.03835630943733759 0.0008216789452749864
0.03835630943733759 0.0008216789452749865
0.03838791255939309 0.0008464503354622115
0.03842107365905463 0.000866438413566459
0.038460277268539046 0.0008786735113999429
0.03847399785891784 0.0008862554530810173
0.0385199792837927 0.0008894594670915255
0.038603426437271514 0.0008915318440402166
0.03861322349278905 0.0008925653954284204
0.0386564767795492 0.0008997978559952959
0.038737152481639475 0.0009029340294602038
0.038783179978653576 0.0009107219615048163
0.03919376701072211 0.000933718132895619
0.03965945407131262 0.0009404803663333489
0.039758485838465155 0.0009519503922989363
0.04030717672971058 0.0009539406233889301
0.04031697378522811 0.0009549741747771339
0.04031697378522811 0.0009549741747771339
0.040350650079996886 0.0009695752338048717
0.04049197749692304 0.0009697587520848991
0.040512955832083475 0.0009891679457625505
0.04238247718488606 0.0009961431180756492
0.04251670655230985 0.0010127373469592286
0.043264456455108194 0.0010312772727976021
0.04332051266278449 0.001034312657161732
0.043379727523669205 0.001043754484536748
0.04340681457793383 0.0010462767078806424
0.0435645520595407 0.0010510944307953003
0.04360288348135734 0.0010554729217958222
0.04377489573642097 0.0010727614394789758
0.04462768361403469 0.0010815444843869564
0.0451639935070885 0.0010830491121648135
0.04560540665525282 0.0010899695816771577
0.04767044342448898 0.0011014527232276244
