0.037346216999864956 0.0006745577738296671
0.03767264244713453 0.0007035749623521203
0.0377057071520594 0.0007371986215847418
0.0377057071520594 0.0007371986215847418
0.0377057071520594 0.0007371986215847419
0.0378184336596629 0.0008148524243235298
0.0383802409702299 0.000840344298965527
0.03841461164500618 0.0008544001019169464
0.03841461164500619 0.0008544001019169464
0.03842107365905463 0.0008664384135664588
0.03847466230688029 0.0008670523636874723
0.0384746623068803 0.0008670523636874724
0.03859499016123978 0.0008751793365832267
0.03859774718862301 0.0008791913831436147
0.0386082766328391 0.0008849297335903339
0.038670861739901724 0.0008895015385321218
0.03871787014237772 0.0009076797819044303
0.038783179978653576 0.0009107219615048163
0.03917560396955858 0.0009162905087295377
0.039382643302413284 0.0009235911184099706
0.039959819024306446 0.0009270375177453777
0.04014875605621787 0.0009310173172317247
0.04022983500943758 0.0009472866885775395
0.04023459540494004 0.0009495585143510942
0.04047742119413633 0.0009588597961095657
0.04062443371010363 0.00098001237853666
0.04064053773525225 0.000980786867921916
0.040990034221097316 0.000992614770274765
0.041732220108926354 0.000999216264218196
0.04255689701012704 0.0010100760845560093
0.04336656018797633 0.0010159335624958113
0.04340425365120699 0.0010238949040766113
0.04349626471641572 0.0010379313135057385
0.04375325553146218 0.001092452376620993
0.04628869369397888 0.0011034320613254145
