0.03824601 0.0009038875
0.038361102 0.00091755844
0.03825838 0.0009082702
0.038284518 0.0009147229
0.03831123 0.0009170871
0.038272228 0.00090827694
0.039966762 0.0010421673
0.046260618 0.0012129935
0.046225548 0.0012111157
0.046236843 0.0012119801
0.04613165 0.0012108793
0.038559403 0.0009505653
0.04664612 0.0012217199
0.0462687 0.0012133191
0.0460973 0.0012096191
0.04607154 0.0012087906
0.03865772 0.0009531188
0.0464736 0.00121541
0.03902051 0.0010039194
0.046521254 0.0012163994
0.03793496 0.00075941463
0.04664507 0.0012199897
0.04606541 0.0012084709
0.03863301 0.00095264876
0.046090573 0.0012089624
0.046085224 0.0012088647
0.04605336 0.0012078972
0.046070058 0.0012086802
0.046356868 0.0012142566
0.038205788 0.00089218834
0.04088898 0.0010804131
0.041354235 0.0010956646
0.043846656 0.0011687158
0.04404027 0.0011744946
0.04367072 0.0011621682
0.042255696 0.0011235934
0.04391281 0.0011707904
0.0437602 0.0011658603
0.040971745 0.0010835136
0.04515184 0.0011999443
0.043722723 0.0011653044
0.043812845 0.0011672142
0.043799248 0.001166974
0.04129562 0.0010944081
0.041400682 0.0010967776
0.041568115 0.0011012213
0.045473773 0.0012055426
0.044443443 0.001183127
0.04073519 0.0010738376
0.042639017 0.0011343844
0.041244395 0.00109199
0.043529924 0.0011579111
0.04035598 0.0010647387
0.043891035 0.0011696648
0.045008145 0.0011952535
0.042733304 0.0011363713
0.04518916 0.001200865
0.042675886 0.0011353518
0.04282872 0.0011403712
0.042097487 0.0011194738
0.043850098 0.0011695198
0.040924344 0.0010825252
0.044372406 0.0011809375
0.039538227 0.0010171477
0.041559514 0.0011008565
0.04413527 0.001175685
0.042857196 0.0011411088
0.040995173 0.0010838837
0.039001163 0.0009863281
0.044190954 0.0011778338
0.04393287 0.0011718569
0.04414518 0.0011762292
0.040468175 0.0010674644
0.045430947 0.0012050079
0.04184481 0.0011097782
0.039578203 0.0010260601
0.042546585 0.0011316024
0.0411401 0.0010895845
0.038901504 0.0009769165
0.03882086 0.0009732827
0.040067352 0.0010531166
0.042588122 0.0011333589
0.041118234 0.0010890274
0.040920585 0.001081855
0.041549288 0.0011002256
0.040529486 0.001068343
0.042984977 0.0011468033
0.039984845 0.001050737
0.04391665 0.0011713678
0.04281728 0.0011387293
0.040542938 0.0010684265
0.04280509 0.001138633
0.043234996 0.0011524648
0.039700504 0.0010319288
0.04288576 0.0011437839
0.041462164 0.0010981562
0.043591592 0.0011601979
0.043700315 0.0011639526
0.043824412 0.0011674484
0.0438968 0.001170656
0.041104577 0.0010884065
0.043352384 0.0011540524
0.040453974 0.00106645
0.043497264 0.0011568285
0.043803018 0.001167141
0.042408504 0.001126938
0.042419676 0.0011270045
0.04355729 0.0011590102
0.043784544 0.0011661228
0.044285968 0.0011801478
0.042139094 0.0011207667
0.040714033 0.0010714905
0.044778362 0.0011898212
0.041925304 0.0011150974
0.04124126 0.0010917276
0.04203034 0.0011168991
0.044347722 0.0011808481
0.042466514 0.0011271513
0.042110067 0.0011197468
0.0425931 0.0011337994
0.045114104 0.0011979828
0.041239552 0.0010917024
0.043893155 0.0011696887
0.041228414 0.0010916913
0.04083929 0.0010797504
0.0420942 0.0011189164
0.041630328 0.0011023092
0.03890208 0.0009769758
0.04096878 0.0010834928
0.039789815 0.0010401121
0.041118477 0.0010891495
0.0411407 0.0010896205
0.045227297 0.001201907
0.04264864 0.0011347561
0.040563334 0.0010692354
0.040791593 0.001076736
0.041349337 0.0010955591
0.040510654 0.0010681157
0.043623213 0.0011615431
0.04353116 0.0011582673
0.040507644 0.0010680138
0.043449894 0.0011563444
0.043485735 0.0011563898
0.04396963 0.0011723007
0.042067 0.0011188624
0.039550643 0.0010233088
0.04423983 0.0011792276
0.041447904 0.0010978639
0.044079658 0.0011752316
0.04360588 0.0011606795
0.03990719 0.0010407494
0.040980034 0.0010835998
0.04322456 0.0011509949
0.040739954 0.0010740996
0.042800415 0.001137299
0.042801876 0.0011380583
0.043499194 0.0011572868
0.0388197 0.0009732054
0.043216262 0.0011504156
0.044002984 0.0011732477
0.039259683 0.001010196
0.042266045 0.0011240643
0.04100871 0.0010847165
0.041648567 0.0011037368
0.04124516 0.0010930958
0.041419998 0.0010969556
0.04236905 0.0011267131
0.04102927 0.0010874437
0.04015659 0.0010607999
0.040791996 0.001077043
0.039629538 0.0010266021
0.03966448 0.0010290563
0.040693913 0.0010713688
0.044336848 0.0011805809
0.043563545 0.0011596383
0.04309683 0.0011475013
0.043387696 0.0011547221
0.042030912 0.0011175162
0.040932044 0.0010825354
0.041399896 0.0010962385
0.04379864 0.0011668283
0.041867938 0.0011102883
0.04235006 0.0011258803
0.041881744 0.0011125674
0.039279368 0.0010123793
0.04126316 0.0010933285
0.041789986 0.0011092905
0.042272173 0.0011248875
0.04076693 0.001076247
0.0422033 0.0011215103
0.04375157 0.0011654954
0.039551556 0.0010240193
0.044815406 0.0011909985
0.04220748 0.0011232621
0.041471347 0.0010982775
0.04203352 0.0011187897
0.04116034 0.0010915184
0.04319086 0.0011501281
0.04074709 0.0010746459
0.0433881 0.0011548051
0.043342255 0.0011531953
0.041648 0.0011036438
0.044742446 0.0011877309
0.04106885 0.0010876236
0.043839276 0.0011682964
0.041285865 0.0010936065
0.045201983 0.0012011913
0.04378799 0.00116674
0.042969756 0.0011446389
0.044190437 0.0011778158
0.041433334 0.001097712
0.04511811 0.0011996006
0.04054316 0.0010691591
0.043578006 0.0011600727
0.0384905 0.00093325856
0.03768792 0.00068613194
0.038378727 0.0009220713
0.03774671 0.0007251076
0.0384335 0.0009276568
0.0397812 0.0010371233
0.038954765 0.0009788782
0.03793997 0.0008212956
0.038687322 0.00096580375
0.03898493 0.000981724
0.03976109 0.0010360014
0.0388816 0.00097464724
0.03881335 0.0009679661
0.038983833 0.0009790385
0.039740838 0.0010320459
0.038066983 0.0008693654
0.038431223 0.0009232422
0.038289294 0.00091531174
0.03849195 0.0009338453
0.037996348 0.0008617417
0.038099676 0.00087565114
0.03830543 0.0009154382
0.038017154 0.00086254603
0.03808168 0.0008731268
0.03851755 0.0009378257
0.038472008 0.0009293934
