0.040516652 0.0007778944
0.041392557 0.00083688303
0.04485154 0.0009968301
0.044083413 0.0009598057
0.04401158 0.000953744
0.042590212 0.0009068946
0.044974077 0.0009980642
0.04496418 0.0009980617
0.039458472 0.00058962667
0.041625872 0.0008501664
0.039591026 0.00060486805
0.042364236 0.00090598234
0.041276857 0.00082782214
0.043255676 0.0009213388
0.040497884 0.0007721463
0.044499617 0.0009960937
0.039841454 0.0006868665
0.041773595 0.000868934
0.041179333 0.0008259061
0.039793715 0.0006827397
0.044483945 0.0009921679
0.040173884 0.0007193569
0.045613408 0.001027203
0.04425381 0.0009697726
0.044421535 0.0009766108
0.04011573 0.00071032695
0.04546818 0.0010148578
0.041449565 0.0008481311
0.040469866 0.0007565297
0.04231996 0.00090529607
0.044460945 0.0009847094
0.03990164 0.000695241
0.039716434 0.0006298543
0.039144244 0.0004741532
0.039330117 0.0005895431
0.0454966 0.0010149963
0.045845557 0.0010365641
0.04367602 0.0009304556
0.04045822 0.00075093313
0.03973865 0.0006689829
0.039750252 0.0006759002
0.044276606 0.00097353826
0.045241494 0.0010131823
0.04052036 0.00079395773
0.039898388 0.0006893347
0.044996705 0.0010057474
0.04389121 0.0009509665
0.045640618 0.0010298907
0.039760634 0.00068177626
0.04137626 0.00083320885
0.042626783 0.00091306726
0.04102055 0.00080050115
0.039322715 0.00058936776
0.041770212 0.0008684208
0.043566786 0.000927322
0.045510456 0.0010219533
0.04164777 0.00086617086
0.043502063 0.00092426053
0.04388099 0.0009309037
