0.034699623 0.0008612203
0.034387596 0.00085469417
0.03437618 0.0008474612
0.03398366 0.000831685
0.033918176 0.0007811893
0.032835588 0.0006754585
0.0376154 0.0010824159
0.050329484 0.0014375672
0.047935534 0.0013795306
0.04690411 0.001357747
0.046354275 0.0013446695
0.04546698 0.0013429504
0.045339566 0.0013389078
0.044928882 0.0013333012
0.039392136 0.0011818107
0.039207596 0.0011614272
0.03694723 0.0010363273
0.03674284 0.001018021
0.036462195 0.0010083471
0.03642157 0.0009969816
0.036243208 0.0009918964
0.036116198 0.0009783078
0.035572443 0.0009540724
0.035457857 0.0009398394
0.036759563 0.0010295494
0.035409488 0.00091714715
0.034779616 0.00086976896
0.03377944 0.0007771125
0.03304623 0.0007129836
0.033730444 0.00072262576
0.056100514 0.0015208852
0.043318674 0.001302594
0.043245554 0.0012836728
0.043066334 0.0012810548
0.04257153 0.0012582659
0.04249179 0.0012406083
0.033929158 0.0007976136
0.03301193 0.0006982251
0.037481837 0.0010655854
0.032978266 0.0006852835
0.047879834 0.0013590802
0.04092808 0.0012264132
0.038965717 0.0011496345
0.03895318 0.0011415153
0.03873007 0.0011238629
0.03542555 0.0009182933
0.035203017 0.0009017223
0.03565444 0.0009569847
0.042198412 0.001239968
0.053033706 0.0015063651
0.052520994 0.0014708026
0.052262653 0.001461772
0.052090447 0.0014481405
0.052085858 0.0014437947
0.05008804 0.0014091618
0.04978315 0.0013987655
0.049347214 0.0013962619
0.041590847 0.0012352028
0.040449027 0.0012257238
0.040256355 0.0011915214
0.039131768 0.0011556116
0.032822374 0.00056228304
0.05790943 0.0015996058
0.05743658 0.0015450311
0.056473702 0.0015445913
0.0541353 0.0015165311
0.043899123 0.0013061519
0.03825766 0.00112338
0.03762163 0.0010971569
0.037374746 0.0010588056
0.037353557 0.0010546405
0.037291292 0.0010458687
0.03705026 0.0010389062
0.037047785 0.0010375709
0.035782807 0.0009660746
0.05012386 0.001411517
