[54, 10, 13, 22, 2, 25, 9, 24, 48]
[0.00013421, 0.000998813, 0.0101671, 0.0106231, 0.01097, 0.0155278, 0.0862038, 0.430905, 0.43447]

[2, 40, 23, 41, 38, 48, 1, 24, 55]
[0.00083649, 0.00140365, 0.00461068, 0.00518381, 0.00605533, 0.0339465, 0.0748682, 0.273175, 0.599921]

[1, 10, 33, 2, 22, 55, 24, 48, 9]
[0.000885073, 0.00202934, 0.00541556, 0.00719095, 0.00898636, 0.00923215, 0.0710309, 0.131876, 0.763354]

[4, 45, 54, 40, 23, 2, 55, 48, 24]
[0.000400928, 0.000537206, 0.00142823, 0.00248934, 0.00459395, 0.00853567, 0.245749, 0.368065, 0.368201]

[48, 34, 41, 38, 22, 1, 31, 24, 55]
[0.000496262, 0.00386012, 0.00962304, 0.0168275, 0.0191612, 0.0320106, 0.0642624, 0.225749, 0.62801]

[42, 12, 27, 41, 1, 31, 9, 48, 24]
[9.28658e-5, 0.000814187, 0.00252298, 0.00566068, 0.00793928, 0.0114927, 0.302183, 0.318003, 0.351292]

[39, 36, 41, 2, 25, 31, 55, 24, 48]
[0.000151651, 0.000584303, 0.00172812, 0.00459405, 0.00854874, 0.0332504, 0.0744735, 0.276342, 0.600328]

[43, 51, 12, 27, 38, 23, 55, 24, 48]
[0.000190607, 0.00160606, 0.00201705, 0.00427425, 0.006801, 0.0423987, 0.0925522, 0.424097, 0.426063]

[41, 27, 51, 23, 25, 38, 24, 48, 55]
[0.00263679, 0.00307083, 0.00715493, 0.0113497, 0.0246113, 0.0432578, 0.047401, 0.142689, 0.717829]

[35, 40, 17, 31, 25, 48, 1, 55, 24]
[9.99747e-5, 0.00128343, 0.00277291, 0.0109734, 0.0255734, 0.0434151, 0.0547955, 0.0909167, 0.770169]

[7, 42, 23, 51, 33, 48, 1, 24, 9]
[0.0042708, 0.00624546, 0.00950326, 0.0129428, 0.0234503, 0.0305277, 0.0340781, 0.149746, 0.729235]

[3, 27, 51, 19, 42, 12, 2, 1, 55]
[0.000349075, 0.00258513, 0.00437525, 0.00762229, 0.00805339, 0.0117679, 0.0123024, 0.0561967, 0.896748]

[33, 40, 48, 41, 37, 25, 31, 55, 24]
[0.000181411, 0.000482063, 0.00334498, 0.00693894, 0.010652, 0.0116427, 0.0194063, 0.21196, 0.735392]

[33, 23, 38, 2, 48, 55, 31, 24, 9]
[0.000842307, 0.00845342, 0.019068, 0.0195404, 0.02925, 0.039355, 0.0772872, 0.231033, 0.575171]

[44, 22, 13, 25, 33, 1, 48, 55, 24]
[0.000302618, 0.0019469, 0.00299157, 0.00328943, 0.00397452, 0.00805909, 0.270981, 0.347917, 0.360538]

[41, 20, 43, 25, 38, 31, 9, 48, 24]
[6.17218e-5, 0.000772744, 0.00126749, 0.0098738, 0.0192565, 0.0792252, 0.255322, 0.293376, 0.340845]

[32, 15, 2, 41, 23, 31, 48, 55, 24]
[0.00052815, 0.000872683, 0.0017443, 0.0118899, 0.0145166, 0.040451, 0.203949, 0.323334, 0.402714]

[47, 31, 52, 51, 38, 1, 48, 24, 55]
[0.000142012, 0.00112019, 0.00156401, 0.011408, 0.0252948, 0.0270572, 0.145299, 0.356958, 0.431157]

[42, 37, 55, 25, 23, 31, 48, 9, 24]
[0.000612367, 0.00122355, 0.00416944, 0.0071393, 0.0141658, 0.0224571, 0.265678, 0.291768, 0.392786]

[30, 20, 52, 31, 2, 1, 55, 48, 24]
[0.000150674, 0.000282134, 0.000898769, 0.00982784, 0.0127053, 0.0155172, 0.284887, 0.337335, 0.338396]

[23, 1, 22, 60, 31, 25, 24, 48, 55]
[0.00210916, 0.00212934, 0.00368199, 0.00566795, 0.0106275, 0.050229, 0.0965881, 0.388282, 0.440685]

[37, 14, 13, 23, 1, 55, 31, 48, 24]
[0.000756759, 0.000814766, 0.00312555, 0.00755728, 0.0145492, 0.173263, 0.233244, 0.272114, 0.294576]

[42, 25, 1, 41, 51, 31, 9, 48, 24]
[0.000504195, 0.00422023, 0.0059811, 0.0150467, 0.0210389, 0.0227112, 0.08808, 0.405078, 0.43734]

[27, 41, 34, 22, 1, 48, 31, 55, 24]
[0.00161389, 0.00446956, 0.00554666, 0.00681983, 0.0121463, 0.0164189, 0.0380898, 0.439421, 0.475474]

[37, 41, 20, 51, 1, 31, 55, 24, 48]
[0.00051884, 0.00204203, 0.00440702, 0.00654812, 0.00761302, 0.00801496, 0.184558, 0.381499, 0.404799]

[4, 6, 42, 1, 13, 22, 25, 24, 48]
[0.000927044, 0.00137743, 0.00257518, 0.00705322, 0.0121653, 0.0151373, 0.0318637, 0.248285, 0.680616]

[34, 2, 38, 25, 1, 23, 48, 24, 9]
[0.000283646, 0.00471302, 0.0048078, 0.00530281, 0.0107703, 0.0514955, 0.108041, 0.200962, 0.613623]

[22, 5, 1, 23, 25, 60, 24, 48, 55]
[0.00240362, 0.00435051, 0.013733, 0.0198457, 0.0393801, 0.060183, 0.0611795, 0.0714998, 0.727425]

[34, 22, 27, 1, 23, 38, 48, 24, 55]
[0.002399, 0.00265921, 0.00444309, 0.0159604, 0.0213227, 0.0253976, 0.109772, 0.356548, 0.461498]

[4, 22, 1, 2, 55, 25, 9, 24, 48]
[0.00106638, 0.00147396, 0.00500794, 0.00804123, 0.0156927, 0.0290254, 0.0494012, 0.181999, 0.708292]

