[8, 22, 45, 51, 15, 42, 13, 2, 27, 48, 23, 38, 31, 1, 55]
[0.00156662, 0.00160231, 0.00248698, 0.00317106, 0.00333752, 0.00520327, 0.00663358, 0.0176662, 0.0262363, 0.0331892, 0.0769571, 0.152765, 0.166535, 0.235895, 0.266754]

[29, 47, 5, 38, 32, 13, 48, 41, 33, 2, 23, 24, 31, 55, 1]
[0.000101848, 0.000690107, 0.00159084, 0.00224036, 0.00458726, 0.00852403, 0.0109521, 0.0137094, 0.0273732, 0.0660565, 0.0727215, 0.18416, 0.184425, 0.202628, 0.22024]

[34, 44, 30, 27, 21, 3, 54, 51, 33, 2, 23, 31, 1, 24, 55]
[0.000139803, 0.000177954, 0.0005679, 0.00117438, 0.00142578, 0.00184205, 0.00355787, 0.00576542, 0.00782673, 0.0495438, 0.063485, 0.150867, 0.210301, 0.248676, 0.254649]

[8, 5, 15, 26, 54, 32, 12, 33, 51, 55, 22, 31, 9, 48, 24]
[0.000778014, 0.000940319, 0.00198521, 0.00200453, 0.00259052, 0.00416991, 0.00484062, 0.00605332, 0.0311671, 0.099726, 0.116414, 0.121282, 0.188825, 0.204708, 0.214516]

[29, 53, 21, 20, 47, 2, 13, 27, 25, 23, 38, 55, 24, 31, 48]
[0.000188345, 0.00147547, 0.00326346, 0.00331956, 0.00623294, 0.00916395, 0.0117565, 0.0124409, 0.0257942, 0.0715126, 0.119229, 0.139019, 0.175211, 0.188632, 0.232761]

[49, 32, 26, 6, 23, 34, 43, 20, 2, 31, 25, 38, 24, 55, 1]
[0.000439204, 0.000903447, 0.00160698, 0.00572928, 0.00887935, 0.0105634, 0.010904, 0.0168799, 0.0230455, 0.0521736, 0.0743399, 0.0802091, 0.162298, 0.275752, 0.276276]

[42, 33, 20, 35, 34, 41, 51, 1, 38, 37, 31, 9, 24, 48, 25]
[0.00180514, 0.00284755, 0.00631494, 0.00664613, 0.0069889, 0.0085677, 0.00956705, 0.0343499, 0.0603441, 0.062411, 0.0662297, 0.135588, 0.186511, 0.200341, 0.211488]

[49, 35, 33, 19, 50, 6, 15, 52, 17, 37, 2, 20, 38, 1, 55]
[0.000496072, 0.000831683, 0.00112047, 0.0023357, 0.00459745, 0.0118934, 0.0163809, 0.0175632, 0.0220968, 0.0310394, 0.0601039, 0.0794864, 0.0985351, 0.296981, 0.356539]

[49, 44, 43, 25, 6, 5, 13, 24, 2, 41, 38, 1, 31, 55, 48]
[0.000273064, 0.000729902, 0.00146829, 0.00148657, 0.00402874, 0.00642227, 0.00787134, 0.0162798, 0.0305693, 0.0330149, 0.0499911, 0.106263, 0.154145, 0.290296, 0.297161]

[45, 16, 30, 17, 27, 5, 51, 48, 2, 31, 23, 25, 38, 55, 1]
[0.000643402, 0.000932038, 0.00246828, 0.00258632, 0.00631864, 0.00853333, 0.00854277, 0.010632, 0.0127062, 0.0237564, 0.0481721, 0.177783, 0.197897, 0.211546, 0.287483]

[53, 18, 37, 51, 60, 38, 55, 13, 25, 22, 1, 9, 31, 48, 24]
[2.58652e-5, 0.00304324, 0.00361816, 0.00926677, 0.0117639, 0.0153668, 0.033412, 0.045663, 0.0467403, 0.0643182, 0.0645127, 0.080284, 0.20318, 0.205401, 0.213404]

[57, 54, 16, 33, 20, 2, 1, 51, 25, 38, 31, 24, 48, 9, 55]
[0.000300579, 0.00273794, 0.00430472, 0.00514035, 0.00963729, 0.0118395, 0.011904, 0.0301269, 0.0406869, 0.0520852, 0.115329, 0.139286, 0.164178, 0.177867, 0.234576]

[20, 22, 33, 13, 12, 2, 23, 58, 25, 38, 1, 9, 31, 24, 48]
[0.000105574, 0.000246515, 0.000421286, 0.00419267, 0.0140586, 0.0274915, 0.028498, 0.0292389, 0.0298827, 0.0366206, 0.0885004, 0.123658, 0.194122, 0.195511, 0.227451]

[60, 51, 22, 34, 5, 33, 23, 2, 13, 25, 48, 38, 24, 1, 55]
[0.00240028, 0.00266783, 0.00275846, 0.00643765, 0.00782037, 0.0110035, 0.0232887, 0.0246964, 0.0523437, 0.0557205, 0.103101, 0.112586, 0.141194, 0.215187, 0.238794]

[58, 2, 56, 15, 27, 53, 35, 60, 23, 25, 24, 1, 55, 48, 31]
[0.000947314, 0.00157809, 0.00243937, 0.00342306, 0.00711735, 0.00722411, 0.00747158, 0.00969547, 0.0380632, 0.0708069, 0.0960748, 0.124764, 0.200403, 0.20298, 0.227011]

[56, 35, 5, 10, 6, 41, 1, 23, 51, 55, 25, 48, 24, 9, 31]
[0.000880093, 0.00124776, 0.0037468, 0.00660055, 0.00794192, 0.0109155, 0.0177687, 0.0189708, 0.0196698, 0.0492138, 0.0546345, 0.181658, 0.183167, 0.201262, 0.242323]

[33, 10, 27, 37, 41, 38, 51, 2, 25, 24, 1, 31, 55, 9, 48]
[0.000781858, 0.00107296, 0.00165559, 0.00327448, 0.00491163, 0.0161901, 0.0205809, 0.0287313, 0.0480374, 0.0928556, 0.09746, 0.105708, 0.155911, 0.156305, 0.266524]

[47, 15, 22, 31, 2, 37, 23, 60, 38, 25, 55, 1, 48, 24, 9]
[0.0028932, 0.00740548, 0.00756847, 0.00824516, 0.00874729, 0.0117391, 0.0160624, 0.0170537, 0.0244049, 0.0476212, 0.112602, 0.114055, 0.187015, 0.212407, 0.22218]

[43, 60, 15, 37, 25, 41, 23, 2, 31, 1, 51, 55, 9, 24, 48]
[0.00222132, 0.00236959, 0.00256391, 0.00438659, 0.00637669, 0.00715148, 0.0369092, 0.0452615, 0.0875313, 0.0926283, 0.10791, 0.108069, 0.144877, 0.164429, 0.187315]

[58, 12, 34, 43, 6, 15, 9, 27, 25, 38, 55, 24, 48, 1, 31]
[8.56737e-5, 0.000779512, 0.00176668, 0.00240666, 0.00250124, 0.00525785, 0.0137601, 0.0254402, 0.0350979, 0.0463442, 0.139153, 0.146825, 0.182274, 0.187532, 0.210777]

[5, 16, 2, 22, 20, 51, 4, 38, 31, 1, 25, 55, 9, 24, 48]
[0.000125675, 0.00175822, 0.00222914, 0.00327292, 0.00688769, 0.0125014, 0.0139628, 0.0148352, 0.109303, 0.115034, 0.130344, 0.133716, 0.139501, 0.157967, 0.158562]

[34, 51, 2, 21, 23, 22, 41, 35, 1, 25, 55, 48, 31, 38, 24]
[0.00223449, 0.00403358, 0.00435738, 0.00530561, 0.0054627, 0.00624001, 0.0128825, 0.0199163, 0.0416548, 0.0575916, 0.0583986, 0.15448, 0.194513, 0.203297, 0.229633]

[29, 39, 35, 13, 46, 4, 8, 38, 25, 48, 1, 23, 24, 31, 55]
[0.000389291, 0.00112585, 0.00125977, 0.0016942, 0.00365378, 0.00969603, 0.0168158, 0.0374595, 0.0688008, 0.0707868, 0.0993641, 0.12882, 0.178046, 0.183101, 0.198988]

[48, 9, 18, 29, 60, 13, 24, 34, 8, 17, 25, 38, 1, 23, 55]
[0.00018746, 0.000403188, 0.000768602, 0.00315843, 0.00547833, 0.00567447, 0.00645638, 0.0277528, 0.0306032, 0.0467242, 0.0468528, 0.0491942, 0.243901, 0.263461, 0.269384]

[17, 3, 36, 34, 19, 26, 38, 22, 2, 1, 31, 9, 48, 55, 24]
[0.000373248, 0.000804037, 0.000977357, 0.00202355, 0.00261395, 0.00420871, 0.00697037, 0.0254696, 0.0301615, 0.0414517, 0.163451, 0.170551, 0.17682, 0.179397, 0.194727]

[15, 7, 10, 41, 22, 52, 28, 2, 51, 23, 31, 25, 55, 24, 1]
[0.000108188, 0.000185885, 0.000206456, 0.0020248, 0.00329788, 0.00357657, 0.00838126, 0.0103779, 0.0120883, 0.020197, 0.0655998, 0.161421, 0.201016, 0.246638, 0.26488]

[10, 42, 11, 21, 37, 51, 20, 22, 23, 41, 31, 55, 25, 48, 24]
[0.000230605, 0.00159301, 0.0025408, 0.00310513, 0.00505846, 0.00609426, 0.0151173, 0.0151684, 0.0557014, 0.0842335, 0.10487, 0.160259, 0.164054, 0.178646, 0.203328]

[59, 19, 42, 53, 6, 20, 51, 37, 2, 38, 55, 24, 31, 48, 9]
[2.29154e-7, 0.000144091, 0.00181433, 0.00243474, 0.0033791, 0.00405173, 0.00441324, 0.00902258, 0.0283587, 0.117073, 0.14865, 0.164657, 0.165882, 0.172559, 0.17756]

[41, 43, 37, 46, 47, 11, 33, 2, 1, 51, 31, 55, 9, 48, 24]
[0.00137365, 0.00141208, 0.00202547, 0.00248169, 0.00314801, 0.00329346, 0.00656499, 0.0223672, 0.0245388, 0.0247117, 0.041986, 0.150471, 0.221285, 0.240124, 0.254217]

[11, 26, 53, 37, 13, 35, 2, 23, 20, 1, 31, 25, 48, 38, 55]
[0.00122587, 0.00184093, 0.00203787, 0.00211056, 0.00321516, 0.0175026, 0.0194747, 0.0203451, 0.050064, 0.0556421, 0.0578882, 0.106544, 0.137738, 0.221928, 0.302444]

