0.06364034814760089 0.0017164086675620638
0.034681323915719986 0.0010727140615927055
0.06364845321513712 0.0017169018392451108
0.06625995552167296 0.0018218096374766901
0.04175597964785993 0.0013757361739408225
0.035363766364753246 0.001095094092306681
0.06559938611462712 0.0017997622344410047
0.04292556969448924 0.0013968451967230067
0.04175484599545598 0.001375717474729754
0.03949920833110809 0.0012722070241579786
0.03953918581828475 0.0012740199163090438
0.035358299035578966 0.0010948655690299347
0.03783334046602249 0.0012174021685495973
0.041753847850486636 0.0013756439802818932
0.03387503931298852 0.0010033621219918132
0.03373478027060628 0.00046330281475093216
0.04742864519357681 0.001499646168667823
0.054531159810721874 0.001610275692655705
0.054571795742958784 0.0016109373536892235
0.04740297049283981 0.0014992815849836916
0.054542276076972485 0.0016104562528198585
0.06501376954838634 0.001763375083100982
0.04072476620785892 0.0013412666958174668
0.05391103541478515 0.0015731989697087556
0.0378696727566421 0.0012189492263132706
0.04076113901101053 0.001342817151453346
0.04076685872860253 0.0013430742183118127
0.041765672620385885 0.001376174644974526
0.06559170689433813 0.0017994346271734685
0.03723573498427868 0.0011807787814177573
0.0648743505589664 0.0017561594577273354
0.037853329442441463 0.0012182479695184156
0.0650099846534431 0.001763231455697678
0.03725522477179766 0.001181544503197074
0.041769261471927166 0.0013763837996521033
0.03935971576720476 0.001250683402759023
0.04175409721210599 0.0013756835178355686
0.0395242259837687 0.0012733387702610344
0.04073821613565087 0.0013418364178505726
0.04847229551523924 0.0015329474408645183
0.03949605347588658 0.001272059729672037
0.03724734205752611 0.0011812223092420027
0.042104027699679136 0.0013890213740523905
0.037880712654441595 0.0012194306764286011
0.041752573335543275 0.0013756211337749846
0.037092008627951145 0.0011571043796720915
0.06557755218818784 0.0017992337670875713
0.06477765529416502 0.0017533125865156762
0.039514899253845215 0.0012729071022477
0.04173374152742326 0.0013747572374995798
0.056043708231300116 0.0016432688717031851
0.04210607893764973 0.0013891715934732929
0.03787633217871189 0.0012192460562800989
0.041720790322870016 0.0013741588190896437
0.048372031189501286 0.00153124745702371
0.0378435212187469 0.0012178493634564802
0.0407772792968899 0.0013435214423225261
0.04742076341062784 0.0014995236997492611
0.0655777221545577 0.0017992564826272428
0.04072692710906267 0.0013413504275376908
0.03785256389528513 0.0012182228383608162
0.04174708458594978 0.0013753545863437466
0.041756682796403766 0.0013758020650129765
0.05450909398496151 0.0016099276253953576
0.03727346193045378 0.0011821276566479355
0.03952494403347373 0.0012733754119835794
0.039500764571130276 0.0012722957762889564
0.06500217178836465 0.0017631588416406885
0.0473873782902956 0.0014990194467827678
0.04838395304977894 0.001531459391117096
0.040766218677163124 0.001343037176411599
0.039522984996438026 0.0012732837640214711
0.04838227666914463 0.0015314197225961834
0.03949721856042743 0.0012721149832941592
0.03951518936082721 0.001272923414944671
0.06364342011511326 0.001716725128062535
0.048448024317622185 0.001532550115371123
0.04077697591856122 0.0013435103319352493
0.03939290810376406 0.001251834342838265
0.04176226584240794 0.0013760620640823618
0.04076552204787731 0.0013430080362013541
0.03522438881918788 0.0010735567047959194
0.04837958421558142 0.0015313906769733876
0.03358954843133688 0.0004380605314509012
0.04210918257012963 0.0013893753639422357
0.037246123887598515 0.0011811534204753116
0.03786501893773675 0.0012187574320705608
0.041763407876715064 0.001376064697979018
0.03536169370636344 0.0010950306750601158
0.039512726943939924 0.0012728134752251208
0.039362384006381035 0.0012507727806223556
0.04171714745461941 0.001373991894070059
0.04077119752764702 0.0013432619598461315
0.041746851755306125 0.0013753539533354342
0.039513492956757545 0.0012728382425848395
0.04074218752793968 0.0013420086761470884
0.0417397131677717 0.0013750254365731962
0.03467955254018307 0.0010726187465479597
0.041752043180167675 0.0013756000917055644
0.04173466004431248 0.0013747926932410337
0.03939433582127094 0.0012518786097643897
0.039523009210824966 0.0012732869072351605
0.037251895759254694 0.0011815353500423953
0.037865547463297844 0.0012187835964141414
0.037258236669003963 0.0011816672631539404
0.03523491136729717 0.0010739222925622016
0.041748089250177145 0.0013754157916991971
0.0474362475797534 0.0014997789694461972
0.0662776343524456 0.0018221216596430168
0.041698864195495844 0.0013731506551266648
0.03466055355966091 0.0010717853292590007
0.0393865997903049 0.0012516684655565768
0.04175725858658552 0.0013758386485278606
0.04173806170001626 0.00137494793307269
0.053938145749270916 0.0015739749069325626
0.03786072414368391 0.0012185824161861092
0.03787671821191907 0.0012192581489216536
0.03921341896057129 0.0012269707294763066
0.03796523017808795 0.0012230490683577955
0.03391674580052495 0.0010111032606801018
0.042112686205655336 0.001389552460750565
0.04838222358375788 0.0015314165211748332
0.03951407363638282 0.0012728633591905236
0.048377896659076214 0.0015313553740270436
0.037851148750633 0.001218157063703984
0.06615718174725771 0.0018009904015343636
0.04174890019930899 0.0013754625397268683
0.03536306833848357 0.0010950718424282968
0.05390062415972352 0.0015730238519608974
0.0353533960878849 0.0010947289847536013
0.03467615181580186 0.0010724734893301502
0.039545665960758924 0.001274316047783941
0.06499519292265177 0.0017631069931667298
0.05454296059906483 0.0016104674868984148
0.06613169983029366 0.001800652069505304
0.04173957393504679 0.0013750176221947186
0.035367381758987904 0.001095223196898587
0.06497495900839567 0.0017626024055061862
0.06613524816930294 0.0018007468315772712
0.041739918291568756 0.0013750349753536284
0.05389623576775193 0.0015729360893601552
0.0372824976220727 0.0011824106622952968
0.039505986496806145 0.0012725101842079312
0.05453845113515854 0.001610389503184706
0.034675567876547575 0.0010724537569331005
0.039504383224993944 0.0012724316766252741
0.06626632483676076 0.001821941157686524
0.036777973640710115 0.0011037365038646385
0.03950274270027876 0.0012723567779175937
0.03522074967622757 0.0010733557573985308
0.04210852365940809 0.0013893172144889832
0.05449877167120576 0.0016097836050903425
0.03788338182494044 0.001219546582433395
0.0417584334500134 0.001375877793179825
0.06369811436161399 0.0017177902773255482
0.04073892114683986 0.0013418665184872225
0.03941639279946685 0.0012526205537142232
0.03785837162286043 0.0012184693478047848
0.05450685182586312 0.001609905157238245
0.040786961326375604 0.001343941105005797
0.035214618779718876 0.001072813305654563
0.037856785114854574 0.0012183995422674343
0.06369815906509757 0.0017177913468913175
0.06501457467675209 0.0017633777461014688
0.039392630103975534 0.0012518329021986574
0.05601123487576842 0.0016426124784629792
0.06496561411768198 0.0017624363681534305
0.04176799347624183 0.0013762604212388396
0.039494735188782215 0.0012720008235191926
0.053866992238909006 0.0015723267279099673
0.041739579290151596 0.001375022271531634
0.03951263381168246 0.0012728037836495787
0.03936879662796855 0.0012510257947724313
0.040763229597359896 0.0013429071332211606
0.03467974765226245 0.0010726272594183683
0.03786272229626775 0.0012186498352093622
0.06629726244136691 0.001822450416511856
0.04173777042888105 0.0013749382342211902
0.04172689747065306 0.0013744302777922712
0.05599449295550585 0.001642215356696397
0.06556462263688445 0.0017990166379604489
0.05454511474817991 0.001610514969797805
0.0393665567971766 0.001250924266059883
0.0407521752640605 0.0013424338540062308
0.04308814508840442 0.0014216841955203563
0.037110453471541405 0.001157142804004252
0.041724925162270665 0.0013743471427005716
0.047381010837852955 0.0014989003830123693
0.03537014499306679 0.0010953476157737896
0.04836347792297602 0.001531118992716074
0.0353737473487854 0.0010954610479529947
0.04170931875705719 0.0013736267428612337
0.037250427063554525 0.0011812965094577521
0.040750601794570684 0.0013423751734080724
0.041744506219401956 0.0013752502491115592
0.05396100925281644 0.0015743477415526286
0.04749293625354767 0.001500628946814686
0.03725191066041589 0.0011815355537692085
0.047584022395312786 0.0015020550054032356
0.06479295366443694 0.0017545833106851205
0.03938058763742447 0.0012515784037532285
0.0483594024553895 0.0015310378512367606
0.06369343912228942 0.0017177237459691241
0.04742560442537069 0.001499600155511871
0.04836260247975588 0.0015310963499359787
0.06363743613474071 0.0017163870361400768
0.04740471392869949 0.001499287667684257
0.0661293244920671 0.0018004370504058897
0.04684416390955448 0.0014904114214004949
0.04308912018314004 0.0014218287833500654
0.0650079371407628 0.0017631918599363416
0.0649821967817843 0.001762736967066303
0.04175555403344333 0.0013757311317021959
0.04076892323791981 0.0013431618208414875
0.054496435448527336 0.0016097292100312188
0.06626021722331643 0.0018218639597762376
0.04077613400295377 0.0013435057044262066
0.0655826604925096 0.0017993289220612496
0.05449648853391409 0.0016097298503154889
0.041766479378566146 0.0013762426970060915
0.03936183080077171 0.0012507392093539238
0.040749301901087165 0.0013423059572232887
0.04079271084628999 0.0013442253184621222
0.03787382040172815 0.0012191305722808465
0.03951972257345915 0.0012731243768939748
0.03950969083234668 0.0012726672721328214
0.04292749101296067 0.0013971241351100616
0.04174990300089121 0.0013754931205767207
0.054518678691238165 0.0016100826615002006
0.03791437530890107 0.0012208803818793967
0.04078147909604013 0.0013437460220302455
0.0378977176733315 0.0012201660865684971
0.0407847692258656 0.001343864067166578
0.053944711573421955 0.001574040245031938
0.03784360224381089 0.0012178761680843309
0.03392266156151891 0.001011183121590875
0.041740307584404945 0.0013750534417340532
0.04852051194757223 0.0015337731456384063
0.06535500055179 0.0017953610513359308
0.04741706699132919 0.0014994818775448948
0.04211171064525843 0.0013895121664972976
0.0353632653132081 0.0010950786236207932
0.041754857171326876 0.0013757179112872109
0.06369227101095021 0.0017175665561808273
0.04170976462773979 0.0013736418695771135
0.037263038102537394 0.0011818500788649544
0.034085385501384735 0.0010359584557591006
0.039519852958619595 0.0012731428141705692
0.035368720069527626 0.0010952782176900655
0.03521897038444877 0.0010731831134762615
0.04742292407900095 0.001499572506872937
0.06625818507745862 0.0018218094919575378
0.04077305877581239 0.0013433393105515279
0.041728778975084424 0.0013745231772190891
0.040773755172267556 0.0013433699787128717
0.048436788842082024 0.0015323448169510812
0.03950969222933054 0.001272675464861095
0.04834584705531597 0.0015308315632864833
0.041731741512194276 0.0013746591430390254
0.04308868898078799 0.0014217087300494313
0.0650317408144474 0.0017636809352552518
0.048515914008021355 0.0015337056538555771
0.040763167664408684 0.0013429033060674556
0.043091020081192255 0.0014219728473108262
0.04738197010010481 0.001498935860581696
0.04211616097018123 0.001389817669405602
0.041756076039746404 0.0013757882188656367
0.0417441027238965 0.0013752189042861573
0.04175894195213914 0.0013759166467934847
0.06617576442658901 0.001801458332920447
0.03523110272362828 0.0010737200209405273
0.047468881122767925 0.0015002824657130986
0.03950824914500117 0.0012726052373182029
0.0407215824816376 0.001341135510301683
0.054471954703330994 0.0016093477606773376
0.039350172970443964 0.001249740962521173
0.06496583670377731 0.001762440413585864
0.06631507677957416 0.0018227611581096426
0.04076608456671238 0.0013430337930913083
0.03954319469630718 0.0012742090329993516
0.05621258355677128 0.0016653951024636626
0.0417492282576859 0.0013754871906712651
0.0662621445953846 0.0018218682380393147
0.048379525542259216 0.001531389687443152
0.054536689538508654 0.0016103464586194605
0.056097755674272776 0.0016443518834421411
0.06616470450535417 0.00180104911851231
0.04076327523216605 0.0013429091704892926
0.039365268778055906 0.0012508765794336796
0.042924342676997185 0.0013966355618322268
0.056183645501732826 0.0016648506425553933
0.041772919008508325 0.0013764784889644943
0.03536379849538207 0.001095095489290543
0.04175968677736819 0.0013759432840743102
0.06360910786315799 0.0017150267303804867
0.03783601988106966 0.001217542274389416
0.04815078433603048 0.0015277916536433622
0.06366129196248949 0.0017169866696349345
0.0662538381293416 0.0018216850003227592
0.03536878107115626 0.001095309344236739
0.041729198303073645 0.0013745381511398591
0.06629488477483392 0.001822415244532749
0.056181497406214476 0.0016648358578095213
0.03522825939580798 0.001073597595677711
0.048369504511356354 0.0015311936440411955
0.04077564738690853 0.001343457930488512
0.03950363490730524 0.0012723962863674387
0.054507865104824305 0.0016099237254820764
0.04076787969097495 0.0013431171464617364
0.040764149045571685 0.001342944749922026
0.03954378142952919 0.0012742300023091957
0.04173233546316624 0.0013746955955866724
0.042112791910767555 0.0013895728188799694
0.04176587308757007 0.0013761810259893537
0.04838747251778841 0.001531521265860647
0.040758840972557664 0.0013427202211460099
0.040764480363577604 0.001342965435469523
0.03785884706303477 0.0012184851802885532
0.03951697098091245 0.0012729986337944865
0.06500463746488094 0.0017631724767852575
0.042926177848130465 0.0013969192223157734
0.04850262776017189 0.0015334732306655496
0.047396968118846416 0.0014991634816396981
0.04172924882732332 0.0013745404503424652
0.04834664799273014 0.0015308410220313817
0.03949399245902896 0.0012719656369881704
0.04176112194545567 0.0013759943685727194
0.04174398095346987 0.0013752015365753323
0.047414918430149555 0.001499448175309226
0.041716550942510366 0.0013739491332671605
0.04176189796999097 0.001376003652694635
0.042923979461193085 0.0013965292455395684
0.03708957647904754 0.001157013000920415
0.04076981241814792 0.0013432027481030673
0.05450156517326832 0.001609816143172793
0.04175408696755767 0.001375667707179673
0.039500126615166664 0.001272264649742283
0.04744159150868654 0.0014998450642451644
0.04309086734429002 0.0014219442527974024
0.04174266895279288 0.0013751600563409738
0.04071158170700073 0.0013407026926870458
0.05449266731739044 0.001609683982678689
0.039516042452305555 0.001272961642825976
0.04077589209191501 0.0013434854918159544
0.03536778874695301 0.0010952369484584779
0.03952783113345504 0.0012734920892398804
0.05586123187094927 0.001618175010662526
0.04077956057153642 0.0013436399967758916
0.037245646584779024 0.0011810916766989976
0.04173692571930587 0.001374900559312664
0.04174488899298012 0.00137526464095572
0.04170023719780147 0.001373208433506079
0.043087342754006386 0.001421560999006033
0.04175129998475313 0.0013755782929365523
0.039512200746685266 0.001272776396945119
0.05601951805874705 0.0016427799127995968
0.054517123848199844 0.0016100631473818794
0.06503528030589223 0.001763808133546263
0.03536280198022723 0.0010950499854516238
0.03949914546683431 0.0012722044775728136
0.04075403278693557 0.0013425196229945868
0.06500528240576386 0.0017631803930271417
0.04292580345645547 0.0013969054853077978
0.042922540567815304 0.0013963143865112215
0.03951289039105177 0.001272826557396911
0.06504048174247146 0.0017638740391703323
0.03782993881031871 0.0012172259157523513
0.04077380453236401 0.0013433742860797793
0.04210768733173609 0.0013892722490709275
0.03536438196897507 0.0010951210133498535
0.05449457373470068 0.001609705010196194
0.06482680165208876 0.0017551087657921016
0.03468031482771039 0.0010726729524321854
0.06627484643831849 0.0018220519268652424
0.047387187369167805 0.0014990184281487018
0.04173786169849336 0.0013749415811616927
0.04170337622053921 0.0013733556406805292
0.0483667366206646 0.0015311716706492007
0.039359388407319784 0.0012506198836490512
0.048373859375715256 0.00153129460522905
0.03952230652794242 0.0012732543400488794
0.04308873228728771 0.001421749868313782
0.05609530117362738 0.0016443253407487646
0.03536107065156102 0.0010950046562356874
0.05602981802076101 0.0016430930118076503
0.042113364674150944 0.0013896765012759715
0.04174556094221771 0.0013752967934124172
0.06626976886764169 0.0018219745834358037
0.054523258469998837 0.0016101363580673933
0.043086005840450525 0.0014213152753654867
0.0407851601485163 0.0013438702662824653
0.04175006691366434 0.0013755011386820115
0.037893292028456926 0.0012199721531942487
0.06561893504112959 0.001799883393687196
0.06364054279401898 0.0017166606558021158
0.03392431978136301 0.0010113086318597198
0.06370293302461505 0.001717831240966916
0.039495610166341066 0.0012720415979856625
0.05606454564258456 0.0016440599138149992
0.037845979910343885 0.0012179454788565636
0.04074986046180129 0.0013423427371890284
0.04211382148787379 0.0013897581811761484
0.04076174832880497 0.0013428404126898386
0.06359361158683896 0.0017141451753559522
0.041741611901670694 0.0013751064252573997
0.04174579959362745 0.0013753074090345763
0.03523283824324608 0.0010738159762695432
0.037837712559849024 0.0012175886367913336
0.04758572857826948 0.0015020940627437085
0.04292308073490858 0.0013964434911031276
0.047384762205183506 0.0014989748306106776
0.03784154215827584 0.0012177648459328339
0.03949417220428586 0.001271972490940243
0.04076458024792373 0.0013429751925286837
0.05394927132874727 0.0015741093520773575
0.05449119582772255 0.0016096550680231303
0.04078391706570983 0.0013438068417599425
0.04077361128292978 0.0013433692074613646
0.03950777091085911 0.0012725642591249198
0.06616847217082977 0.0018011402717093006
0.03785260394215584 0.0012182439968455583
0.05618934100493789 0.001664965006057173
0.03536647651344538 0.001095206112950109
0.06625615525990725 0.0018217069591628388
0.03936159843578935 0.0012507379578892142
0.03465747740119696 0.0010716367687564343
0.03468302730470896 0.0010727707121986896
0.037250982597470284 0.0011814869358204305
0.048332867212593555 0.0015306671557482332
0.06485400721430779 0.0017556065577082336
0.047384378500282764 0.001498973579145968
0.0417387040797621 0.0013749729914707132
0.06632465217262506 0.0018229004490422085
0.05449695838615298 0.001609754195669666
0.03951025381684303 0.0012727031135000288
0.04834157321602106 0.001530786044895649
0.0395151530392468 0.001272919966140762
0.03784854430705309 0.0012180690100649372
0.06557174259796739 0.0017992030625464395
0.04209450492635369 0.0013884240906918421
0.04836846608668566 0.001531188579974696
0.06478298758156598 0.001754030519805383
0.06563740968704224 0.0018001929565798491
0.0407795540522784 0.0013436007720883936
0.03788198530673981 0.0012194872979307547
0.04172361153177917 0.0013742857772740535
0.039529281668365 0.0012735733471345156
0.03536603460088372 0.0010951844305964187
0.03964116144925356 0.0012787121231667697
0.03935274248942733 0.001250391869689338
0.03467337368056178 0.001072339087841101
0.04309761431068182 0.0014222352037904784
0.06558348657563329 0.0017993723013205454
0.03951076790690422 0.0012727231805911288
0.04307399271056056 0.0014193570095812902
0.0395148741081357 0.0012729010049952194
0.03951628739014268 0.0012729752343147993
0.0353542217053473 0.001094797218684107
0.03786767879500985 0.0012188737309770659
0.03952638478949666 0.0012734380579786375
0.047444310039281845 0.0014999119157437235
0.041748774237930775 0.0013754460087511688
0.06629667617380619 0.001822439386160113
0.0346550727263093 0.0010715737444115803
0.06557140545919538 0.0017991455097217113
0.05605907691642642 0.0016437193844467402
0.03785033104941249 0.0012181256752228364
0.041772590251639485 0.0013764612886006944
0.039402368478477 0.001252160785952583
0.047401128336787224 0.0014992503565736115
0.03793428651988506 0.0012217223265906796
0.056062213610857725 0.0016437485464848578
0.048400104977190495 0.0015317235374823213
0.04078270401805639 0.0013437891757348552
0.03786884713917971 0.001218917896039784
0.040762547170743346 0.0013428807142190635
0.03467878932133317 0.0010725805041147396
0.0394957042299211 0.0012720460363198072
0.06367681222036481 0.0017173534288303927
0.04078524746000767 0.0013438766618492082
0.0421188217587769 0.0013899188925279304
0.05391188431531191 0.0015732416359242052
0.04077824018895626 0.0013435614018817432
0.06612132536247373 0.0018003480217885226
0.04174343449994922 0.0013751947408309206
0.0560717168264091 0.00164417274936568
0.03950416436418891 0.0012724276166409254
0.04078952199779451 0.0013440799157251604
0.037857092916965485 0.0012184146762592718
0.03784650983288884 0.0012179839541204274
0.03725081915035844 0.0011813055607490242
0.03950352594256401 0.0012723917461698875
0.04075261205434799 0.0013424614007817581
0.04839251935482025 0.0015316166682168841
0.03937512682750821 0.0012512383400462568
0.04077497962862253 0.0013434189750114456
0.03951034788042307 0.0012727060238830745
0.035346842370927334 0.001094414241379127
0.06481273635290563 0.00175478510936955
0.04741079639643431 0.0014993826625868678
