0.03377010440453887 0.00103006798599381
0.04186851158738136 0.0013769707002211362
0.04183786176145077 0.0013757116030319594
0.04097552038729191 0.0013361098972382024
0.040990321431308985 0.001336749381152913
0.033742501866072416 0.0010288327030139044
0.06600748095661402 0.0017269485106226057
0.041863215155899525 0.0013767254786216654
0.03374558687210083 0.0010289654310327023
0.04018815327435732 0.001321301271673292
0.031094095204025507 0.0008472045010421425
0.04336716281250119 0.001428586503607221
0.047831819392740726 0.0015007697511464357
0.040994483046233654 0.0013369389344006777
0.03908091550692916 0.0012738813093164936
0.06655544182285666 0.001744927852996625
0.04102887073531747 0.001338470436166972
0.040208736434578896 0.0013222150882938877
0.04187381826341152 0.0013772435995633714
0.04017311241477728 0.0013206661169533618
0.03092537261545658 0.0008214779081754386
0.04101747367531061 0.0013379562587942928
0.06691730068996549 0.0017671365858404897
0.04005095874890685 0.0013154093976481818
0.03301568189635873 0.0009763218404259533
0.040032289922237396 0.001314614390139468
0.040178689174354076 0.0013209130629547872
0.0401925053447485 0.0013214943901402876
0.0410052677616477 0.0013374123227549717
0.040157799143344164 0.0013200002285884693
0.03090668423101306 0.0008211560998461209
0.03376759309321642 0.0010299605637555942
0.04183854768052697 0.0013757517881458625
0.04101329203695059 0.0013377787108765915
0.06676381407305598 0.0017639231300563551
0.043295671697705984 0.0014164082385832444
0.04184106504544616 0.0013758528657490388
0.040971568785607815 0.0013359358126763254
0.03073285613209009 0.0007927041879156604
0.031072620302438736 0.0008453824411844835
0.041011471301317215 0.0013377096765907481
0.06899040238931775 0.00185831353883259
0.06929172528907657 0.001867983301053755
0.04101620428264141 0.0013379171869019046
0.06649668049067259 0.0017436515336157754
0.04101107083261013 0.0013376986607909203
0.04337074048817158 0.0014286954974522814
0.0659491834230721 0.0017257375875487924
0.043185762129724026 0.0014006255951244384
0.03911928413435817 0.0012755007919622585
0.06781072448939085 0.001795180571207311
0.040993761736899614 0.0013369062362471595
0.04138669325038791 0.0013532489247154444
0.03298691613599658 0.0009747345320647582
0.0675773466937244 0.0017901566898217425
0.0409827521070838 0.0013364046026254073
0.033991822972893715 0.0010369830124545842
0.03375431802123785 0.001029405277222395
0.041839294135570526 0.0013757638589595445
0.033758371602743864 0.0010295612300978974
0.03106129402294755 0.0008445457860943861
0.06928994785994291 0.0018679345957934856
0.041000271681696177 0.0013372022076509893
0.033997143153101206 0.0010372063552495092
0.040985045954585075 0.0013365005142986774
0.06877069547772408 0.0018218126642750576
0.03179042832925916 0.000900709317647852
0.03159348480403423 0.0008624965776107274
0.038408254738897085 0.0012323886039666831
0.03107567736878991 0.0008456113573629409
0.04139204416424036 0.0013538490020437166
0.03354330640286207 0.0009934517438523471
0.03307950496673584 0.0009877093834802508
0.047720798291265965 0.0014990531199146062
0.041003935970366 0.0013373730180319399
0.034023928456008434 0.0010383760381955653
0.03377628745511174 0.0010303714516339824
0.04184887558221817 0.0013761344889644533
0.039100388530641794 0.0012747426517307758
0.04138945834711194 0.001353759245830588
0.06582479830831289 0.0017014886252582073
0.038096490781754255 0.001182961103040725
0.06834436813369393 0.0018175851000705734
0.03300940524786711 0.0009760801331140101
0.041832682210952044 0.0013753921812167391
0.0409968588501215 0.0013370562955969945
0.04937651101499796 0.0015531657554674894
0.04337056167423725 0.0014286900695879012
0.04018502729013562 0.0013211362238507718
0.06927985604852438 0.0018677079497138038
0.04018655838444829 0.0013211876212153584
0.034046140033751726 0.0010392542753834277
0.04098510043695569 0.0013365044724196196
0.04018174950033426 0.0013210488395998254
0.03376487735658884 0.001029860126436688
0.04019780969247222 0.0013216385414125398
0.0410054842941463 0.0013374369009397924
0.06676089018583298 0.00176388026739005
0.03715064097195864 0.0011470601457403973
0.04102808190509677 0.001338462418061681
0.0390984290279448 0.0012746399879688397
0.03302407683804631 0.0009763912530615926
0.03402988892048597 0.0010386187059339136
0.04781582113355398 0.001500441343523562
0.04773396532982588 0.00149927957681939
0.03405599435791373 0.0010397026926511899
0.041824153624475 0.0013750148063991219
0.03906912449747324 0.001273371948627755
0.04099423764273524 0.0013369265216169879
0.06882227957248688 0.001823470724048093
0.04097055271267891 0.0013358705182326958
0.0676455469802022 0.0017916784854605794
0.04017363488674164 0.0013206855510361493
0.0390550778247416 0.0012726727727567777
0.039071069564670324 0.0012734528572764248
0.049375658854842186 0.0015531602257397026
0.03351633343845606 0.0009924669720930979
0.03376463474705815 0.0010298492852598429
0.04189738491550088 0.0013783599279122427
0.04100774182006717 0.0013375389971770346
0.04015524312853813 0.0013198642918723635
0.06566178193315864 0.001673682956607081
0.04186403565108776 0.001376837164571043
0.040976460091769695 0.0013361452147364616
0.03907432174310088 0.0012735109339701012
0.03405157616361976 0.0010394995188107714
0.041003912687301636 0.00133733511029277
0.0390804773196578 0.0012738326622638851
0.04019421525299549 0.0013215919607318938
0.04016339220106602 0.0013202192712924443
0.03406602796167135 0.0010401375766377896
0.03839795896783471 0.0012320343812461942
0.04100013617426157 0.001337194029474631
0.04020935157313943 0.0013222495254012756
0.03909481503069401 0.0012744738487526774
0.03910422930493951 0.0012749203306157142
0.04019882809370756 0.0013217587184044532
0.04103790037333965 0.001338917383691296
0.03299647709354758 0.0009755116770975292
0.040211265441030264 0.0013223077112343162
0.0684545636177063 0.0018194475705968216
0.04102423135191202 0.0013382900651777163
0.0398522880859673 0.0013068855478195474
0.03395519917830825 0.0010353256366215646
0.06678566662594676 0.0017648121502134018
0.04761278536170721 0.0014973092766012996
0.06600032979622483 0.0017269169038627297
0.04095644177868962 0.001335254157311283
0.04171120887622237 0.001373500024783425
0.04101683525368571 0.0013379520387388766
0.039088303688913584 0.0012741570972139016
0.03163868887349963 0.0008655316632939503
0.04021421819925308 0.0013224289723439142
0.033595890272408724 0.0009971363906515762
0.043106583412736654 0.001384007882734295
0.0491751478984952 0.0015165040094871074
0.03376809414476156 0.0010300136636942625
0.04138665134087205 0.001353246218059212
0.0658168257214129 0.0017011326999636367
0.0401719082146883 0.0013205365830799565
0.04196530766785145 0.0013811740864184685
0.06640980904921889 0.0017403809033567086
0.03375369030982256 0.0010293986415490508
0.03914123214781284 0.0012764681596308947
0.06893732864409685 0.001857678551459685
0.03840944916009903 0.001232495327712968
0.04024646291509271 0.0013237810562714003
0.041723412461578846 0.0013742784649366513
0.06934407353401184 0.0018688644049689174
0.04189585242420435 0.001378261214995291
0.03401604387909174 0.0010380549938417971
0.03273254260420799 0.0009334443748230115
0.049454499036073685 0.0015545725473202765
0.04023360228165984 0.0013232712517492473
0.041406949516385794 0.001354611711576581
0.041859664022922516 0.0013765455078100786
0.03912548674270511 0.0012757771473843604
0.06901889760047197 0.0018590595136629418
0.0418756902217865 0.0013773812897852622
0.03842760296538472 0.001233241826412268
0.04670101962983608 0.0014361148932948709
0.03378037828952074 0.0010305623582098633
0.04019121592864394 0.0013213646307121962
0.06831054575741291 0.001817048221710138
0.04184032836928964 0.001375783424009569
0.041730635333806276 0.0013747456250712276
0.038405975792557 0.0012321971007622778
0.04185936041176319 0.0013764866744168103
0.03822717536240816 0.0012043651368003339
0.03908808995038271 0.0012741549726342782
0.04017815040424466 0.0013208721284172498
0.04184381430968642 0.0013759903813479468
0.06929202051833272 0.0018679912900552154
0.039057002402842045 0.001272740846616216
0.039097152184695005 0.0012745988060487434
0.04945031553506851 0.0015544571506325155
0.06601141626015306 0.001727509283227846
0.06907400535419583 0.0018645384116098285
0.06836751336231828 0.0018181072518927976
0.0410467223264277 0.0013393058034125715
0.03159900289028883 0.0008631039381725714
0.043280876241624355 0.0014155183889670298
0.06931874994188547 0.0018684168753679842
0.03912694985046983 0.0012758360389852896
0.03309233020991087 0.0009884451137622818
0.0317979478277266 0.0009014997413032688
0.03902967739850283 0.0012716415076283738
0.06938388990238309 0.0018695163453230634
0.046773966401815414 0.0014375929022207856
0.06832643924281001 0.0018173561693402007
0.039132445119321346 0.0012761089601553977
0.04106103768572211 0.001339967522653751
0.03906041011214256 0.0012729340960504487
0.041389408987015486 0.0013535625621443614
0.06643205042928457 0.0017411255539627746
0.047699782997369766 0.0014985637099016458
0.04012863105162978 0.0013186822761781514
0.0409739944152534 0.00133599599939771
0.0692987758666277 0.0018680277571547776
0.04103576671332121 0.001338816073257476
0.03911606501787901 0.0012753190094372258
0.03292209329083562 0.00096189983014483
0.03308081906288862 0.0009879577992251143
0.039160086307674646 0.0012772506452165544
0.04016953939571977 0.0013204882125137374
0.04018811834976077 0.0013212337071308866
0.06903220387175679 0.00185934774344787
0.031596940476447344 0.000862989567394834
0.03298413194715977 0.0009746381838340312
0.04096427001059055 0.0013356172567000613
0.03273050021380186 0.0009332461340818554
0.03300314536318183 0.0009756430517882109
0.04935856629163027 0.0015528887452092022
0.04095130367204547 0.001334978558588773
0.0410219905897975 0.0013381824683165178
0.04019851656630635 0.0013217506275395863
0.06755891954526305 0.001789770154573489
0.06773057673126459 0.0017935973592102528
0.04171580960974097 0.0013738655688939616
0.040083237923681736 0.0013167808137950487
0.03843393595889211 0.0012335063074715436
0.038412352092564106 0.0012326465512160212
0.034017248544842005 0.001038104121107608
0.03905591927468777 0.00127269841323141
0.0664875297807157 0.0017426464182790369
0.040964868385344744 0.0013356347335502505
0.034036400727927685 0.0010388822411186993
0.06936406251043081 0.0018690660799620673
0.03712771087884903 0.001144661131547764
0.04676663037389517 0.0014374729071278125
0.04016547370702028 0.0013203445269027725
0.04100813763216138 0.0013375615671975538
0.03715253062546253 0.0011475067149149254
0.03840283816680312 0.0012320691021159291
0.03910593595355749 0.0012749997986247763
0.06931306887418032 0.0018683208909351379
0.04318546270951629 0.0014005741541041061
0.0390602583065629 0.0012728891015285626
0.03400850296020508 0.0010377285798313096
0.04775591194629669 0.0014995401143096387
0.03910820884630084 0.0012750739697366953
0.06590203894302249 0.0017238970031030476
0.031613452825695276 0.0008639896477689035
0.04100952949374914 0.0013375894341152161
0.06564774503931403 0.0016734668461140245
0.06901167891919613 0.001858996503870003
0.04772309772670269 0.0014990672352723777
0.04189134994521737 0.0013780837834929116
0.04020285792648792 0.0013219546381151304
0.06644821865484118 0.0017418866336811334
0.04765710420906544 0.0014978426042944193
0.040971627458930016 0.0013359548465814441
0.06935618072748184 0.0018689636781346053
0.04172243969514966 0.0013741966686211526
0.033721722196787596 0.001027942227665335
0.06584406364709139 0.0017018160870065913
0.0418454073369503 0.0013760519650531933
0.03402272192761302 0.0010383269836893305
0.06936592236161232 0.0018691225704969838
0.040135543793439865 0.001319045179116074
0.04101102892309427 0.001337686728220433
0.06924851797521114 0.0018672641017474234
0.04020003695040941 0.0013218185777077451
0.040917505510151386 0.0013336822885321453
0.03399691544473171 0.0010371990501880646
0.03400274598971009 0.0010376559075666592
0.04001907538622618 0.0013140458177076653
0.04774008598178625 0.0014993163058534265
0.033757774624973536 0.0010294253734173253
0.03841234603896737 0.0012326010910328478
0.04182941932231188 0.0013752791710430756
0.06835173536092043 0.0018177561578340828
0.06689530424773693 0.0017665131599642336
0.03405110677704215 0.0010394553682999685
0.066568692214787 0.0017456817877246067
0.06929468922317028 0.0018680037464946508
0.033766436856240034 0.0010299346322426572
0.041841649916023016 0.0013758753921138123
0.032996388617902994 0.0009754995553521439
0.04182480741292238 0.0013750388243352063
0.0477793850004673 0.0014998768747318536
0.06599006848409772 0.0017263301415368915
0.038234476931393147 0.001205109219881706
0.0410020356066525 0.0013372762477956712
0.040119217708706856 0.0013183053306420334
0.06880918238312006 0.00182270715595223
0.040982882492244244 0.0013364439946599305
0.06925808032974601 0.0018674474413273856
0.049478620290756226 0.0015549708041362464
0.06933173350989819 0.0018686066177906469
0.04102198872715235 0.0013381324824877083
0.04940473474562168 0.0015536506834905595
0.041851891204714775 0.0013762964445049874
0.06828380236402154 0.001816490024793893
0.03375009261071682 0.00102937119663693
0.03838528785854578 0.0012314062478253618
0.04098978033289313 0.0013367360807023942
0.06928152171894908 0.0018678605265449733
0.06927406648173928 0.0018676965410122648
0.06586787384003401 0.00172319685225375
0.03376800613477826 0.0010299717396264896
0.06904573179781437 0.001859614800196141
0.06931626657024026 0.0018683818052522838
0.031791666988283396 0.0009007964981719851
0.04098034184426069 0.001336331872153096
0.04310859041288495 0.0013842281477991492
0.04098718846216798 0.0013366469938773662
0.04099937900900841 0.0013371636887313798
0.04021689482033253 0.0013224957074271515
0.031604277435690165 0.0008632896278868429
0.040978341829031706 0.0013362168101593852
0.033500758931040764 0.0009914746187860146
0.03842461947351694 0.0012329780438449234
0.04188146349042654 0.0013775760307908058
0.0390631384216249 0.0012730113230645657
0.03307050187140703 0.000987516512395814
0.04019233305007219 0.0013214677965152077
0.03404606319963932 0.001039251044858247
0.06577898096293211 0.0017000063526211306
0.03840923635289073 0.0012324673007242382
0.04329876694828272 0.0014169370115268975
0.03401021473109722 0.0010377459693700075
0.06902800314128399 0.0018591839907458052
0.06593888951465487 0.00172475739964284
0.03912159660831094 0.0012755866773659363
0.04022848326712847 0.0013230959521024488
0.06658386811614037 0.0017460385424783453
0.03377270931378007 0.001030199447995983
0.04172659618780017 0.0013745670294156298
0.049408191815018654 0.0015537346771452576
0.040193477645516396 0.0013215040235081688
0.0337779289111495 0.0010304134775651619
0.0409778761677444 0.0013361997989704832
0.0402195593342185 0.0013226852533989586
0.03158582793548703 0.0008619115033070557
0.06903937039896846 0.001859470474300906
0.06837526708841324 0.0018182052590418607
0.040200626477599144 0.0013218739550211467
0.039048777893185616 0.0012724307598546147
0.06906755082309246 0.0018599531176732853
0.03161066863685846 0.0008639530060463585
0.040985599625855684 0.0013365470222197473
0.040989083237946033 0.0013366855564527214
0.06899998569861054 0.0018588134553283453
0.04173364816233516 0.0013747623597737402
0.040937880519777536 0.0013345102197490633
0.04098375700414181 0.0013364726910367608
0.03404225595295429 0.0010391138348495588
0.03402845608070493 0.0010385442001279444
0.04186198115348816 0.0013766805132036097
0.03309761779382825 0.0009885817707981914
0.04096081526950002 0.0013354703114600852
0.04783976823091507 0.0015008175978437066
0.04098537564277649 0.0013365199120016769
0.0316229285672307 0.0008644868939882144
0.06653661374002695 0.001744612236507237
0.06931019853800535 0.0018682645168155432
0.04183348221704364 0.0013755004620179534
0.03376320330426097 0.001029838720569387
0.04184313677251339 0.0013758881759713404
0.04098086478188634 0.0013363646721700206
0.06676623690873384 0.00176393808942521
0.040997046045958996 0.0013370855886023492
0.047740912064909935 0.001499344245530665
0.04183048754930496 0.0013753258608630858
0.0340375816449523 0.0010388931259512901
0.04019645042717457 0.0013216194056440145
0.039068469777703285 0.0012733062321785837
0.04020681418478489 0.0013220762484706938
0.03905624896287918 0.0012727120192721486
0.04185583395883441 0.0013764587565674447
0.06930848956108093 0.0018681855290196836
0.03910703770816326 0.0012750172609230503
0.03911639330908656 0.00127542536938563
0.0693555548787117 0.0018689596035983413
0.04103214992210269 0.001338541493169032
0.06923498259857297 0.0018670427816687152
0.039075372740626335 0.0012735621858155355
0.06830402184277773 0.0018168923706980422
0.03376014856621623 0.001029727834975347
0.04099559271708131 0.0013369754888117313
0.047729650512337685 0.0014992186333984137
0.04095790768042207 0.0013353391696000472
0.03299255948513746 0.0009751108736963943
0.040998258627951145 0.0013371079257922247
0.06763070402666926 0.001790971749869641
0.04328911332413554 0.001416105340467766
0.06927191512659192 0.0018676830804906785
0.046670686453580856 0.0014355459716171026
0.04935039393603802 0.0015528207586612552
0.06901958724483848 0.0018590801919344813
0.033766333013772964 0.0010298801498720422
0.06649202667176723 0.001743435364915058
0.0668168137781322 0.0017650522204348817
0.0391510259360075 0.0012768732267431915
0.03276354121044278 0.0009387245154357515
0.0477503752335906 0.0014995316741988063
0.03377348370850086 0.0010302388109266758
0.040176423732191324 0.0013208049276727252
0.06829366134479642 0.0018166867666877806
0.040162761230021715 0.0013202073532738723
0.06905676517635584 0.0018599080212879926
0.04318037396296859 0.0014003496035002172
0.06899268180131912 0.0018583200871944427
0.04098601778969169 0.0013365509075811133
0.043281744699925184 0.0014155658864183351
0.039081498980522156 0.001273954301723279
0.03405813220888376 0.0010398083250038326
0.047767593525350094 0.0014997180842328817
0.041840994730591774 0.0013758149871136993
0.06770328152924776 0.00179304870107444
0.04184368811547756 0.001375965221086517
0.03908436978235841 0.001273961563128978
0.04101485759019852 0.0013378190487856045
0.06932422239333391 0.0018684811511775479
0.03377374401316047 0.0010302421287633479
0.03845201665535569 0.0012340151879470795
0.04139100667089224 0.0013538288039853796
0.03405143087729812 0.001039498412865214
0.06927081663161516 0.0018675932806218043
0.04100080579519272 0.0013372275425354019
0.041837192606180906 0.0013756860644207336
0.031055119819939137 0.0008442405014648102
0.03374380897730589 0.0010288823395967484
0.04694432904943824 0.0014392766606761143
0.06924558570608497 0.0018672473961487412
0.040176978800445795 0.0013208158561610617
0.0692024645395577 0.0018664459930732846
0.0401819315738976 0.0013210536853875965
0.06773132365196943 0.001793640636606142
0.038449056912213564 0.0012338964297669008
0.03163785208016634 0.0008654813500470482
0.06772847939282656 0.001793388080841396
0.0337226539850235 0.001028004873660393
0.041006237268447876 0.0013374793488765135
0.03909186040982604 0.0012743530533043668
0.04937303252518177 0.0015531184035353363
0.04182135919108987 0.0013748856654274277
0.06674330774694681 0.001763678781571798
0.03909706650301814 0.001274555892450735
0.049481553956866264 0.0015549837262369692
0.03377386229112744 0.0010302636510459706
0.034043703228235245 0.0010391303367214277
0.030900522600859404 0.0008197938368539326
0.043366983998566866 0.0014285810175351799
0.031569515354931355 0.0008613725221948698
0.04097526706755161 0.0013360727753024548
0.040989264845848083 0.0013366952916840091
0.03374658012762666 0.0010290798672940582
0.04328725719824433 0.0014160117571009323
0.0689654122106731 0.0018581547192297876
0.033048674929887056 0.000986743048997596
0.04018484428524971 0.0013211313198553398
0.033776982221752405 0.0010304025636287406
0.06930932076647878 0.001868249848484993
0.04186971206218004 0.0013770074292551726
0.04768161755055189 0.0014983699657022953
0.03378732968121767 0.0010308498312951997
0.04782808758318424 0.0015006396861281246
0.041015636175870895 0.0013379071897361428
0.0391339142806828 0.0012761306861648336
0.0676002181135118 0.0017907812289195135
0.06677200412377715 0.0017641135782469064
0.06827934365719557 0.001816480711568147
0.033745160792022943 0.0010289437195751816
0.040205392986536026 0.0013220686596469022
0.04096846794709563 0.0013358030992094427
0.04760533198714256 0.0014969297626521438
0.039190152660012245 0.0012785248691216111
0.03401840943843126 0.0010381274914834648
0.03907655877992511 0.0012736324279103428
0.031086213421076536 0.000846526789246127
0.049388292245566845 0.0015534281556028873
0.043281073682010174 0.001415529113728553
0.0660178973339498 0.0017277939477935433
0.04096173634752631 0.001335475331870839
0.06930214585736394 0.001868146428023465
0.0683242017403245 0.001817077150917612
0.04018289037048817 0.001321060692134779
0.04337181057780981 0.0014288809179561213
