0.04791334457695484 0.0015054768591653556
0.040473765693604946 0.001331497413048055
0.047800772823393345 0.0015037254197522998
0.0477916095405817 0.0015035802498459816
0.04046815587207675 0.0013312574592418969
0.043025963474065065 0.0013993483589729294
0.049044269137084484 0.0015443209849763662
0.04903198964893818 0.0015441055002156645
0.04047157382592559 0.0013314030220499262
0.054608806502074 0.0016394971462432295
0.03426700923591852 0.0008534627486369573
0.03426782647147775 0.0008534912776667625
0.041689271572977304 0.001371411890431773
0.05461251735687256 0.001639560767216608
0.04046935401856899 0.001331308732915204
0.06465051113627851 0.001729393821733538
0.04046294232830405 0.001331034283793997
0.054619899950921535 0.0016396853316109627
0.04302569990977645 0.0013993189495522529
0.04046551696956158 0.0013311437433003448
0.040475630667060614 0.001331577885139268
0.04779800400137901 0.0015036826371215284
0.04169541085138917 0.0013716919929720461
0.04169241851195693 0.0013715550594497472
0.04779004491865635 0.001503557403339073
0.054611966013908386 0.0016395505517721176
0.03771602641791105 0.0012010540085611865
0.04008815251290798 0.0012979245075257495
0.049024770967662334 0.0015439841663464904
0.03326866403222084 0.000820566521724686
0.04780448228120804 0.0015037807752378285
0.054590421728789806 0.0016392098914366215
0.03917098557576537 0.0012512687826529145
0.06461652275174856 0.001728557464957703
0.040470631793141365 0.0013313660019775853
0.041944666765630245 0.00138205211260356
0.037713675294071436 0.0012009816418867558
0.049026500433683395 0.0015440138231497258
0.04901840817183256 0.0015438816917594522
0.047882200218737125 0.0015049924841150641
0.05461709573864937 0.0016396400751546025
0.03837852133437991 0.0012417451798683032
0.040442947298288345 0.0013301772851264104
0.04046671278774738 0.0013311948496266268
0.054619192611426115 0.001639674388570711
0.04902945552021265 0.0015440763090737164
0.03837289893999696 0.001241502061020583
0.047814768739044666 0.0015039420104585588
0.03837229125201702 0.001241476711584255
0.054608967155218124 0.0016395000275224447
0.0400897110812366 0.001297997878282331
0.041689838748425245 0.0013714376473217271
0.040083992294967175 0.001297733877436258
0.04169486230239272 0.0013716672838199884
0.052897972986102104 0.001583113771630451
0.04008938418701291 0.0012979811435798183
0.040466840378940105 0.0013312030278029852
0.040058324579149485 0.0012965564237674698
0.039938646368682384 0.0012742246472043917
0.06561600277200341 0.0017614639073144644
0.040088018868118525 0.0012979197199456394
0.04008523654192686 0.0012977908190805465
0.033273151610046625 0.0008207944556488656
0.04169263271614909 0.0013715651657548733
0.04169202921912074 0.0013715381210204214
0.04047603905200958 0.0013315941178007051
0.06614687852561474 0.001780794424121268
0.04169265553355217 0.0013715665700146928
0.04046491952612996 0.0013311180955497548
0.04169048648327589 0.0013714673405047506
0.04009256744757295 0.0012981278559891507
0.04780157469213009 0.0015037380799185485
0.04779235739260912 0.0015035919786896557
0.040470289532095194 0.00133134893985698
0.04046669090166688 0.0013311936418176629
0.04898550920188427 0.001543378282804042
0.04780806694179773 0.0015038391866255552
0.047805351205170155 0.0015037946577649564
0.047857106663286686 0.0015046015905681998
0.04781523998826742 0.0015039484715089202
0.054621955845505 0.0016397208673879504
0.05289035243913531 0.0015829935728106648
0.0416901521384716 0.0013714527813135646
0.04902011901140213 0.0015439029957633466
0.0478027667850256 0.00150375728844665
0.039938466623425484 0.0012742217222694308
0.047828925773501396 0.0015041623846627772
0.04169611632823944 0.0013717244801227935
0.04009564686566591 0.0012982682965230197
0.040471508633345366 0.0013314005409483798
0.04778906237334013 0.0015035413089208305
0.05460958136245608 0.001639517693547532
0.052955848164856434 0.001584011217346415
0.06560895033180714 0.0017611959483474493
0.05452498979866505 0.0016380630404455587
0.054617355577647686 0.0016396512364735827
0.043029255233705044 0.0013997806527186185
0.06489590788260102 0.0017332372299279086
0.04014531010761857 0.0013005477521801367
0.06563276099041104 0.0017618458368815482
0.03426645416766405 0.0008534397056791931
0.06465595052577555 0.0017295533252763562
0.04046588437631726 0.0013311602378962561
0.04901729058474302 0.0015438537229783833
0.040463305078446865 0.0013310518552316353
0.03323851898312569 0.0008192071836674586
0.03326939605176449 0.0008206211787182838
0.04046471510082483 0.0013311151051311754
0.04046701733022928 0.0013312095979927108
0.04902024660259485 0.0015439052658621222
0.03916864097118378 0.001251263682206627
0.064657166833058 0.001729583069391083
0.04169750399887562 0.0013717873371206224
0.05461627617478371 0.0016396281425841153
0.06461221864446998 0.001728288654703647
0.039935360196977854 0.0012740654783556238
0.0528976870700717 0.0015831078053452075
0.04195317439734936 0.00138258162769489
0.04008919233456254 0.0012979738094145432
0.049033911898732185 0.0015441398427356035
0.05289128189906478 0.0015830110642127693
0.04194384068250656 0.001382002592436038
0.04194326093420386 0.0013819666928611696
0.04008930642157793 0.0012979773455299437
0.040470699314028025 0.0013313665986061096
0.0490256417542696 0.0015440136194229126
0.040102394297719 0.001298578776186332
0.05462053790688515 0.0016396983119193465
0.04009041842073202 0.0012980273313587531
0.04169183783233166 0.0013715291570406407
0.04046935308724642 0.0013313081799424253
0.049043175764381886 0.0015443017473444343
0.04170038946904242 0.0013719218550249934
0.04780899919569492 0.0015038531855680048
0.040088112000375986 0.0012979231687495485
0.047796704806387424 0.0015036627009976655
0.03426913917064667 0.0008535569868399762
0.054614621214568615 0.001639600726775825
0.040463524870574474 0.0013310602880665101
0.04046182939782739 0.0013309883797774091
0.054615607019513845 0.0016396177816204727
0.04009149735793471 0.0012980732426512986
0.040086394641548395 0.001297842973144725
0.0478000920265913 0.0015037155826576054
0.03837743494659662 0.0012417098914738744
0.054611113388091326 0.00163953828450758
0.04168693022802472 0.0013713002990698442
0.04780268203467131 0.001503754552686587
0.04169129999354482 0.0013715044115087949
0.06466610450297594 0.0017298272214247845
0.03837170312181115 0.001241451667738147
0.06432143365964293 0.001681440080574248
0.04169556265696883 0.0013717004912905395
0.041693305131047964 0.0013715953027713113
0.04008787078782916 0.001297911279834807
0.05462927371263504 0.0016398478182964027
0.041689747013151646 0.001371434140310157
0.049013963900506496 0.0015437961847055703
0.040089551359415054 0.0012979890016140416
0.05290525918826461 0.001583223813213408
0.041692787781357765 0.001371572543575894
0.05461524985730648 0.0016396167629864067
0.04169348208233714 0.0013716040994040668
0.04046850046142936 0.0013312734517967328
0.04046776005998254 0.0013312469236552715
0.04008812876418233 0.001297924216487445
0.041707640746608377 0.0013722529693040997
0.06677430216223001 0.001820473073166795
0.04169579967856407 0.001371710233797785
0.03326976718381047 0.0008206418206100352
0.04046723060309887 0.0013312210357980803
0.06724642589688301 0.001836330964579247
0.05461694300174713 0.001639634429011494
0.04047115286812186 0.0013313859308254905
0.04169083572924137 0.0013714827873627655
0.04169065644964576 0.0013714750602957793
0.054607754573225975 0.0016394930134993047
0.04046585829928517 0.001331159051915165
0.040469440165907145 0.0013313131203176454
0.040469569619745016 0.001331317595031578
0.049017456360161304 0.0015438599803019315
0.040472814347594976 0.001331458093773108
0.04779980517923832 0.0015037078992463648
0.04008897999301553 0.0012979623716091737
0.040097002405673265 0.0012983286869712174
0.041691229678690434 0.0013715001332457177
0.041691232938319445 0.0013715007662540302
0.038374815601855516 0.0012415907112881541
0.04169173166155815 0.0013715222012251616
0.04047360410913825 0.0013314905590959825
0.040087517350912094 0.0012978992308489978
0.040084701497107744 0.0012977670994587243
0.04169639013707638 0.0013717356268898584
0.04169243713840842 0.0013715579698327929
0.04650361090898514 0.001423742389306426
0.04779259208589792 0.0015035969263408333
0.04047101782634854 0.0013313790695974603
0.04011201113462448 0.0012990199029445648
0.040465615689754486 0.0013311477814568207
0.039179382380098104 0.0012516614806372672
0.0416986932978034 0.001371841979562305
0.049013434909284115 0.001543790363939479
0.05460410099476576 0.0016394154517911375
0.03641764912754297 0.0010000415641115978
0.040468597784638405 0.0013312755909282714
0.04169656615704298 0.0013717422989429906
0.040464034769684076 0.0013310845024534501
0.04169524973258376 0.0013716856337850913
0.0546199856325984 0.001639688081922941
0.04008732456713915 0.0012978882296010852
0.03426642157137394 0.0008534360167686827
0.03837180510163307 0.0012414727243594825
0.04046710394322872 0.00133121210092213
0.04008761793375015 0.0012979005987290293
0.033270591869950294 0.0008206755010178313
0.05462211696431041 0.0016397232975577936
0.06561337225139141 0.0017613507297937758
0.04008943261578679 0.0012979843886569142
0.041691654827445745 0.0013715200402657501
0.040433578658849 0.0013297759578563273
0.03917229548096657 0.0012513173205661587
0.04047000873833895 0.001331336476141587
0.03590089688077569 0.0009284649859182537
0.04046367993578315 0.0013310667054611258
0.06477981247007847 0.0017312736235908233
0.054618931375443935 0.0016396688879467547
0.04009304894134402 0.0012981479085283354
0.0400920151732862 0.0012981005129404366
0.04169469093903899 0.0013716611720155925
0.03771829605102539 0.0012011205981252715
0.047803367488086224 0.0015037655539344996
0.040084737818688154 0.0012977677106391639
0.049019357189536095 0.001543889957247302
0.04046650277450681 0.0013311862712725997
0.04168970184400678 0.001371431557345204
0.047776306979358196 0.001503341889474541
0.040468772407621145 0.0013312908267835155
0.04778937250375748 0.001503545034211129
0.04046311089769006 0.0013310460635693744
0.04169087717309594 0.0013714842789340764
0.040470420848578215 0.0013313544623088092
0.04169390769675374 0.0013716242392547429
0.04194147698581219 0.0013818630832247436
0.03771259356290102 0.001200925762532279
0.04169561201706529 0.001371703481709119
0.040466092992573977 0.0013311678121681325
0.04317399766296148 0.0014226732455426827
0.04009076114743948 0.0012980420287931338
0.04009153228253126 0.0012980806204723194
0.04195549665018916 0.0013827255024807528
0.04046991467475891 0.0013313325252966024
0.040089895483106375 0.001298006289289333
0.0528869847767055 0.001582943950779736
0.0404627937823534 0.0013310300928424112
0.0416910070925951 0.0013714912201976404
0.06724653718993068 0.0018363357958151028
0.04779025632888079 0.001503559062257409
0.04008378041908145 0.0012977249716641381
0.04046856891363859 0.0013312750015757047
0.04169302340596914 0.0013715846434934065
0.06461532320827246 0.0017285152862314135
0.040087414905428886 0.0012978916347492486
0.054614690132439137 0.0016396021092077717
0.054592451080679893 0.0016392419638577849
0.041689473669975996 0.0013714210872421972
0.04047113610431552 0.0013313852759893052
0.04778951779007912 0.0015035479445941746
0.04046717658638954 0.0013312192895682529
0.04169387184083462 0.00137162278406322
0.0391744920052588 0.001251386413059663
0.0404658461920917 0.0013311588481883518
0.04046329343691468 0.0013310503927641548
0.03837547870352864 0.0012416215031407773
0.041687834076583385 0.0013713451044168323
0.0400908044539392 0.0012980476894881576
0.04047119710594416 0.001331387262325734
0.047813388518989086 0.001503925072029233
0.040087001863867044 0.0012978722079424188
0.04047331167384982 0.0013314791358425282
0.04168722219765186 0.0013713147127418779
0.04008731571957469 0.0012978869926882908
0.041688965167850256 0.0013713968073716387
0.04046763386577368 0.001331235071120318
0.04008552897721529 0.0012978055892745033
0.04009521706029773 0.0012982445623492822
0.040088914800435305 0.0012979610182810575
0.05289369402453303 0.0015830485936021432
0.041689264588057995 0.0013714093583985232
0.039178930688649416 0.0012516417264123447
0.041688579600304365 0.001371380676573608
0.04902762547135353 0.0015440327406395227
0.040480305440723896 0.0013317791090230457
0.0545848966576159 0.001639088659430854
0.041692239698022604 0.0013715493550989777
0.040469526778906584 0.0013313167073647492
0.05289284372702241 0.0015830345364520326
0.04008554853498936 0.0012978064914932474
0.03917139582335949 0.0012512789908214472
0.049031391739845276 0.0015440960705745965
0.040091803297400475 0.0012980925966985524
0.047803785651922226 0.0015037705597933382
0.040470033418387175 0.0013313387607922778
0.04046909976750612 0.0013313001036294736
0.049030586145818233 0.0015440816059708595
0.03993225563317537 0.00127395786694251
0.04780087899416685 0.0015037273115012795
0.06461366778239608 0.001728452611132525
0.034263971261680126 0.0008533364234608598
0.040089592803269625 0.0012979909079149365
0.03773185005411506 0.0012015899847028777
0.05461068591102958 0.00163953127048444
0.03297288529574871 0.0007735861217952333
0.04008730128407478 0.0012978861341252923
0.040096895303577185 0.001298325791140087
0.054588740691542625 0.0016391525568906218
0.040086854714900255 0.0012978670129086822
0.03836337197571993 0.0012411665520630777
0.04048774251714349 0.001332155108684674
0.04046553373336792 0.0013311447255546227
0.04046909511089325 0.0013312977825989947
0.03426893847063184 0.0008535503438906744
0.04008882353082299 0.0012979567109141499
0.04780667368322611 0.001503814128227532
0.04008907079696655 0.0012979680177522823
0.04317399114370346 0.001422666959115304
0.04008835554122925 0.001297935887123458
0.04168769670650363 0.0013713348962482996
0.041692049242556095 0.0013715399327338673
0.0419545192271471 0.0013826642971253023
0.06675331620499492 0.0018201138300355524
0.04169386066496372 0.001371620805002749
0.04169308813288808 0.0013715855311602354
0.04008927894756198 0.001297976981732063
0.04046515980735421 0.0013311292859725654
0.05289530148729682 0.0015830720367375761
0.040472079534083605 0.0013314250390976667
0.054616150446236134 0.0016396240971516818
0.04169412795454264 0.0013716335379285738
0.04778541252017021 0.00150348583701998
0.04008977208286524 0.0012979989260202274
0.041690112091600895 0.0013714493252336979
0.04008153220638633 0.0012976206344319507
0.04047000873833895 0.001331336476141587
0.040086766704916954 0.0012978608720004559
0.041690335143357515 0.0013714591259486042
0.03771272907033563 0.0012009539204882458
0.040089506190270185 0.001297988448641263
0.04008848685771227 0.0012979410967091098
0.040468625258654356 0.001331285820924677
0.04169861460104585 0.001371837584883906
0.0404636743478477 0.001331066079728771
0.04048725194297731 0.0013321330334292725
0.04168627504259348 0.001371273843687959
0.03837549081072211 0.001241625563125126
0.04009329387918115 0.0012981610925635323
0.05288658384233713 0.0015829370386200026
0.04008880723267794 0.001297955954214558
0.04008319368585944 0.0012976975413039327
0.04046986252069473 0.0013313301678863354
0.040085956919938326 0.0012978250451851636
0.041697852313518524 0.0013718052650801837
0.06561632826924324 0.0017615286415093578
0.040088742040097713 0.001297953145694919
0.052907399367541075 0.0015832569770282134
0.041695838794112206 0.0013717119945795275
0.041694134939461946 0.0013716346002183855
0.04169384762644768 0.0013716206594835967
0.04009785456582904 0.0012983710184926167
0.04008968360722065 0.0012979955499758944
0.03426861250773072 0.000853534453199245
0.04047828074544668 0.0013316914191818796
0.04046967765316367 0.001331321822362952
0.0400898652151227 0.0012980042083654553
0.04169554356485605 0.0013716994581045583
0.04046896379441023 0.0013312922164914198
0.047793869860470295 0.0015036153781693429
0.03837056551128626 0.001241400881554
0.04008391546085477 0.0012977303558727726
0.04779198672622442 0.001503585313912481
0.041695973835885525 0.0013717192778130993
0.04009206918999553 0.0012981054605916142
0.041693410370498896 0.0013716010071220808
0.04008996393531561 0.0012980085011804476
0.0656529872212559 0.0017623827370698564
0.0404721493832767 0.0013314288953552023
0.05458530271425843 0.0016390955133829266
0.0416911281645298 0.0013714995220652781
0.040470818523317575 0.0013313705858308822
0.039176458958536386 0.0012514532063505612
0.04902338515967131 0.0015439606795553118
0.04317397205159068 0.001422665038262494
0.03771816100925207 0.0012011172948405147
0.04009029036387801 0.001298022863920778
0.041692016646265984 0.0013715378518099897
0.04047060664743185 0.0013313621457200497
0.04778629448264837 0.0015034917450975627
0.06463064113631845 0.0017289091410930268
0.04046958452090621 0.0013313176241354086
0.0490117697045207 0.0015437612310051918
0.03426652122288942 0.0008534498119843192
0.04047104390338063 0.0013313812596607022
0.04901352059096098 0.001543790625873953
0.038369796238839626 0.0012413693475537002
0.040090106427669525 0.0012980163301108405
0.04008732317015529 0.0012978878221474588
0.040094560477882624 0.001298217466683127
0.04008946334943175 0.0012979853490833193
0.06463733222335577 0.0017291134863626212
0.04009119188413024 0.0012980637548025697
0.041695262771099806 0.001371686412312556
0.04169086320325732 0.0013714842789340764
0.03917308617383242 0.0012513436304288916
0.03837711177766323 0.0012416851677699015
0.063018755055964 0.0016551586013520136
0.049018146470189095 0.0015438765403814614
0.04902754817157984 0.0015440302377101034
0.03327300911769271 0.0008207918290281668
0.04039405146613717 0.001328083177213557
0.040472323540598154 0.0013314367388375103
0.04047392122447491 0.0013315035903360695
0.04901414085179567 0.001543800113722682
0.040465214755386114 0.0013311308648553677
0.04169502714648843 0.0013716754838242196
0.05460212519392371 0.0016393884579883888
0.040090864058583975 0.0012980483734281734
0.041709089651703835 0.0013723192460020073
0.05460850615054369 0.0016394966514781117
0.04169057868421078 0.0013714723245357163
0.047803500667214394 0.001503767358371988
0.040461727418005466 0.0013309849600773305
0.04008594807237387 0.0012978248560102656
0.049034216441214085 0.001544145226944238
0.04902441054582596 0.0015439746784977615
0.054605805315077305 0.0016394873964600265
0.040086199063807726 0.0012978392041986808
0.041696153581142426 0.0013717272740905173
0.040085778106004 0.0012978159356862307
0.06724661448970437 0.001836341296439059
0.047936975955963135 0.0015058450226206332
0.04168402124196291 0.0013711702194996178
0.04046211624518037 0.001330998187768273
0.0478028878569603 0.0015037583943922073
0.06560704158619046 0.0017611199436942115
0.04008781211450696 0.001297909882850945
0.040089371148496866 0.0012979806633666158
0.038361269515007734 0.0012410054041538388
0.04008925287052989 0.0012979767343495041
0.039311787812039256 0.0012561283001559786
0.05460296059027314 0.0016393962723668665
0.04048201674595475 0.0013318513083504513
0.041690968442708254 0.0013714893648284487
0.039171176962554455 0.0012512761168181896
0.047783819027245045 0.001503418810898438
0.04046594351530075 0.001331164014118258
0.04046995099633932 0.0013313332819961943
0.040466387290507555 0.0013311855946085416
0.040472138207405806 0.0013314277821336873
0.03916806308552623 0.0012511601162259467
0.0419428376480937 0.0013819404848618433
0.04008957417681813 0.0012979893654119223
0.04897094890475273 0.0015431416686624289
0.04009345127269626 0.0012981661857338622
0.05460355570539832 0.0016394092817790806
0.046510111540555954 0.0014238818548619747
0.049010694958269596 0.0015437425172422081
0.04170883214101195 0.0013723072697757743
0.043024917133152485 0.0013991761225042865
0.041698197834193707 0.0013718211848754436
0.0400930498726666 0.0012981479667359963
0.04902705363929272 0.001544021157315001
0.04779577814042568 0.0015036461409181356
0.040467803832143545 0.0013312490409589373
0.04008521977812052 0.0012977907754248008
0.05459887953475118 0.0016393268160754815
0.0546300602145493 0.0016398597654188052
0.04169434169307351 0.0013716448811464943
0.04778748471289873 0.0015035160758998245
0.04008767055347562 0.0012979027669643983
0.04008940374478698 0.0012979826715309173
0.03770780423656106 0.0012007641344098374
0.04901763517409563 0.0015438670525327325
0.05461293086409569 0.0016395834245486185
0.04046449065208435 0.001331099723756779
0.04046500846743584 0.001331123523414135
0.04044073401018977 0.0013300822320161387
0.04008718952536583 0.0012978818558622152
0.041692699771374464 0.0013715686145587824
0.04169228672981262 0.0013715541717829183
0.03475245600566268 0.0008718005119590089
0.049133602529764175 0.0015458460547961295
0.05443246243521571 0.0016364813054678962
0.04195038927718997 0.0013824033812852576
0.040469424333423376 0.00133131103211781
0.06302191084250808 0.0016552564047742635
0.039936989545822144 0.0012741694081341848
0.04009054135531187 0.0012980338069610298
0.04009173484519124 0.0012980853207409382
0.040470028296113014 0.0013313366289366968
0.04046897171065211 0.0013312976152519695
0.054618317633867264 0.001639659094507806
