0.03744484484195709 0.001197631805553101
0.03744484484195709 0.001197631805553101
0.05556625593453646 0.001648792065680027
0.0380596574395895 0.001224261912284419
0.061195251531898975 0.0017398386116838083
0.03648362820968032 0.001152986427769065
0.03648362820968032 0.001152986427769065
0.06151418527588248 0.0017448497092118487
0.06151418527588248 0.0017448497092118487
0.03888449212536216 0.00125846458831802
0.04179700091481209 0.0013585910492110997
0.03848247602581978 0.0012420217972248793
0.05827848706394434 0.0016903213982004672
0.06102231005206704 0.0017367006366839632
0.03786017559468746 0.0012155587028246373
0.06074317917227745 0.0017330999398836866
0.03748415410518646 0.0011990958591923118
0.037727007642388344 0.0012095565034542233
0.037727007642388344 0.0012095565034542233
0.038215638138353825 0.0012309282610658556
0.038215638138353825 0.0012309282610658556
0.05846805311739445 0.0016934082377701998
0.03740434208884835 0.0011953130306210369
0.03795946855098009 0.0012197638279758394
0.03795946855098009 0.0012197638279758394
0.06227358430624008 0.001756879428285174
0.038356113247573376 0.0012366815353743732
0.038356113247573376 0.0012366815353743732
0.03657401725649834 0.001158097933512181
0.03679787879809737 0.0011674720735754818
0.03665488725528121 0.0011609929206315428
0.03665488725528121 0.0011609929206315428
0.03736591525375843 0.001193607080494985
0.042290154844522476 0.0013886687811464071
0.03844941966235638 0.0012403556611388922
0.061587389558553696 0.00174612071714364
0.03703744988888502 0.0011776731407735497
0.03703744988888502 0.0011776731407735497
0.060009435284882784 0.0017205906624440104
0.060009435284882784 0.0017205906624440104
0.03762316703796387 0.0012050434306729585
0.06074299709871411 0.0017327231325907633
0.03738780552521348 0.0011945134901907295
0.06215967424213886 0.0017550471238791943
0.04155811481177807 0.00134655914735049
0.039627359714359045 0.0012907537893624976
0.03810587897896767 0.0012261276424396783
0.03671727143228054 0.0011640505690593272
0.03873539995402098 0.0012527059443527833
0.03799858596175909 0.0012214621237944812
0.037892524152994156 0.0012166538508608937
0.04197640158236027 0.0013727978221140802
0.04197640158236027 0.0013727978221140802
0.06147863995283842 0.0017440395458834246
0.06159703293815255 0.001746193171129562
0.03725101239979267 0.0011881802056450397
0.06205683620646596 0.0017535153310745955
0.03726569889113307 0.0011891910689882934
0.04194507747888565 0.0013713463849853724
0.0606097518466413 0.0017304451612289995
0.03701039403676987 0.001177011348772794
0.036421835888177156 0.0011504330323077738
0.036421835888177156 0.0011504330323077738
0.03763009328395128 0.0012053176178596914
0.038365776650607586 0.001237178745213896
0.038365776650607586 0.001237178745213896
0.038219002075493336 0.0012311357713770121
0.038219002075493336 0.0012311357713770121
0.04154900927096605 0.0013444993237499148
0.04154900927096605 0.0013444993237499148
0.03663937235251069 0.0011601112491916865
0.03663937235251069 0.0011601112491916865
0.03813436161726713 0.0012273601605556905
0.04201149195432663 0.0013752418890362605
0.04201149195432663 0.0013752418890362605
0.0610400871373713 0.001737583545036614
0.03765903366729617 0.0012068939686287194
0.03683882998302579 0.0011693933338392526
0.03859204798936844 0.00124678599240724
0.041886030696332455 0.0013665434089489281
0.059336131904274225 0.0017108806787291542
0.05940895015373826 0.0017124186706496403
0.062446949537843466 0.0017591772193554789
0.06252607703208923 0.0017606074106879532
0.06210522586479783 0.0017539125983603299
0.037336803041398525 0.0011921036057174206
0.058509619906544685 0.0016940631030593067
0.06170231243595481 0.0017479035595897585
0.06133923539891839 0.0017422140517737716
0.06133923539891839 0.0017422140517737716
0.06173958024010062 0.0017484596755821258
0.06173958024010062 0.0017484596755821258
0.03793782647699118 0.0012189312546979636
0.03737446013838053 0.0011941482371184975
0.03737446013838053 0.0011941482371184975
0.038086649030447006 0.0012256703048478812
0.03774991538375616 0.0012108872761018574
0.03788761422038078 0.0012166232045274228
0.037768589332699776 0.0012114644050598145
0.03593480587005615 0.0011273001437075436
0.037126423325389624 0.0011830218863906339
0.061862907372415066 0.0017507923766970634
0.03726763650774956 0.001189417380373925
0.058685122057795525 0.0017010799783747643
0.058685122057795525 0.0017010799783747643
0.038676860742270947 0.0012504441692726687
0.03746284218505025 0.0011978996626567096
0.03746284218505025 0.0011978996626567096
0.06142586609348655 0.0017433985485695302
0.03798223938792944 0.0012209955893922597
0.0421923641115427 0.0013852868869435042
0.061459409072995186 0.0017439614166505635
0.03731069806963205 0.0011915114591829479
0.03779131919145584 0.0012126586807426065
0.03779131919145584 0.0012126586807426065
0.042122531682252884 0.001380808636895381
0.06265620468184352 0.0017635504045756534
0.03734938055276871 0.0011931273329537362
0.03692224621772766 0.0011730401311069727
0.049140047281980515 0.001420341752236709
0.03825855813920498 0.0012325294374022633
0.03825855813920498 0.0012325294374022633
0.0585060715675354 0.0016937825712375343
0.05975286243483424 0.0017167311743833125
0.06128721544519067 0.0017407393315806985
0.06128721544519067 0.0017407393315806985
0.03776414506137371 0.0012112957774661481
0.03776414506137371 0.0012112957774661481
0.03809551987797022 0.0012256728950887918
0.03787271864712238 0.0012159112084191293
0.03787271864712238 0.0012159112084191293
0.038714729249477386 0.0012520883028628305
0.038714729249477386 0.0012520883028628305
0.03885877877473831 0.0012581847258843482
0.06136261951178312 0.001742858934449032
0.03750246111303568 0.0011997227557003498
0.0372116407379508 0.0011866164568345994
0.03750670840963721 0.0011999061680398881
0.03750670840963721 0.0011999061680398881
0.04014889104291797 0.0013133050670148805
0.04186307918280363 0.0013659013493452221
0.04184019658714533 0.0013646210427396
0.03709257394075394 0.0011810121941380203
0.06063377019017935 0.0017307324014836922
0.0386210223659873 0.0012482790334615856
0.06167946057394147 0.0017474855412729084
0.06167946057394147 0.0017474855412729084
0.038482118397951126 0.0012418958795024082
0.06172778271138668 0.0017479731905041263
0.037611138075590134 0.00120464526116848
0.03723331866785884 0.0011875086929649115
0.036411770619452 0.0011495414655655622
0.05857909983024001 0.0016982036759145558
0.03781690634787083 0.0012136494333390146
0.0420971792191267 0.001380484362016432
0.03749498771503568 0.0011993386433459818
0.0377772799693048 0.0012123116466682404
0.038462601602077484 0.0012411328934831545
0.03692664671689272 0.0011730484548024833
0.03692664671689272 0.0011730484548024833
0.062132086139172316 0.001754543904098682
0.06200192356482148 0.001752921671140939
0.037443498615175486 0.0011974202352575958
0.037164303474128246 0.0011847096175188199
0.06083885207772255 0.0017346692475257441
0.03655209019780159 0.0011556315585039556
0.05606528837233782 0.0016515992756467313
0.062053310219198465 0.0017534432845422998
0.03919324558228254 0.001272455367143266
0.04171900078654289 0.0013567696732934564
0.041379024274647236 0.0013322292070370167
0.038122533820569515 0.0012266004050616175
0.04134962102398276 0.0013312443334143609
0.037150224670767784 0.0011838374484796077
0.03794765938073397 0.0012196545139886439
0.039126827381551266 0.0012695245386566967
0.03769313357770443 0.0012086791393812746
0.035241624340415 0.001014663779642433
0.03818638902157545 0.001229542715009302
0.06295919558033347 0.0017668056534603238
0.03654284682124853 0.0011554692464414984
0.03915725648403168 0.0012708923750324175
0.036148378159850836 0.001137614221079275
0.03856515046209097 0.0012456389231374487
0.03715533250942826 0.001184490043669939
0.03866382595151663 0.0012502551107900217
0.03866382595151663 0.0012502551107900217
0.038407014682888985 0.001239011820871383
0.041931274347007275 0.0013696611858904362
0.03760160878300667 0.0012041085574310273
0.055416759103536606 0.0016417639562860131
0.038110469467937946 0.0012264217948541045
0.038176641799509525 0.0012289320002309978
0.06240821396932006 0.0017586747271707281
0.06196910049766302 0.0017516715597594157
0.03632509056478739 0.0011449092125985771
0.037859104573726654 0.0012152691197115928
0.06112309731543064 0.0017385090759489685
0.037481815088540316 0.001198908343212679
0.060288803186267614 0.0017253534897463396
0.058537150733172894 0.0016942288202699274
0.059764166828244925 0.0017176197288790718
0.0554554583504796 0.001642358023673296
0.04209232609719038 0.0013796585553791374
0.036045427434146404 0.001132713834522292
0.03818492032587528 0.0012294843618292361
0.06191703677177429 0.0017512381309643388
0.05660129152238369 0.001664515963057056
0.06215226463973522 0.0017546376766404137
0.06215226463973522 0.0017546376766404137
0.0382654732093215 0.0012331076140981168
0.03709212504327297 0.0011808342824224383
0.06123111443594098 0.0017400217475369573
0.06274774158373475 0.0017636004486121237
0.0372641091234982 0.0011888642038684338
0.038840136490762234 0.0012573852145578712
0.037180314771831036 0.00118525730795227
0.04229827644303441 0.001389907905831933
0.06005996000021696 0.001721939494018443
0.06005996000021696 0.001721939494018443
0.037529116962105036 0.0012009533820673823
0.06164805684238672 0.0017469543090555817
0.03864394314587116 0.0012489914806792513
0.037524448707699776 0.0012005581229459494
0.03831867780536413 0.0012350287579465657
0.05969185009598732 0.0017134420049842447
0.0374234551563859 0.0011962110875174403
0.03831599932163954 0.001234807597938925
0.04214146127924323 0.00138274252822157
0.037939940579235554 0.001219391037011519
0.03717357572168112 0.0011849557049572468
0.03771546483039856 0.0012091970420442522
0.037510150112211704 0.0011999373091384768
0.03741820668801665 0.0011959170224145055
0.0383624043315649 0.0012371715129120275
0.03771737217903137 0.0012093356635887176
0.038066623732447624 0.0012243166856933385
0.038109938614070415 0.0012263334065210074
0.05928989313542843 0.0017047787550836802
0.03719017608091235 0.0011855778575409204
0.03719017608091235 0.0011855778575409204
0.04221158009022474 0.001385640280204825
0.04221158009022474 0.001385640280204825
0.03873596806079149 0.001252863323315978
0.04214428458362818 0.0013830135721946135
0.03906844183802605 0.0012667569244513288
0.0603697057813406 0.0017264270863961428
0.037174907978624105 0.0011850821611005813
0.037174907978624105 0.0011850821611005813
0.03749619424343109 0.0011996259272564203
0.03749619424343109 0.0011996259272564203
0.03657006844878197 0.0011568820918910205
0.03488106559962034 0.0007046534883556888
0.038031307980418205 0.00122279956121929
0.03739623771980405 0.0011949428590014577
0.03839070536196232 0.0012384015280986205
0.04160932078957558 0.0013478838081937283
0.06226542079821229 0.0017564661102369428
0.03805710282176733 0.0012241857475601137
0.0378338573500514 0.0012144381762482226
0.04225457273423672 0.0013875824079150334
0.03810536302626133 0.0012257005728315562
0.03674124460667372 0.0011645263293758035
0.03686061222106218 0.0011699737515300512
0.06219342350959778 0.0017563263390911743
0.037582894787192345 0.0012033215025439858
0.0378926070407033 0.001216857839608565
0.03722311835736036 0.0011869815352838486
0.03805280942469835 0.00122388920863159
0.04198233224451542 0.0013729516067542136
0.04200031980872154 0.0013745349569944665
0.037213954608887434 0.0011866606073454022
0.042071047239005566 0.001377625740133226
0.03819803986698389 0.001229858200531453
0.037265386432409286 0.0011889810266438872
0.03769121505320072 0.0012079012230969965
0.038547237403690815 0.0012446748878573999
0.038507222197949886 0.0012430739152478054
0.038783248979598284 0.0012550484534585848
0.042282648384571075 0.0013880136830266565
0.037429343443363905 0.0011966849269811064
0.037429343443363905 0.0011966849269811064
0.037675803527235985 0.001207061141030863
0.04183273296803236 0.001361449045361951
0.04183273296803236 0.001361449045361951
0.038562774658203125 0.0012453629315132275
0.05931692663580179 0.0017060990212485194
0.03865980543196201 0.0012500812736107036
0.04189513623714447 0.0013677031092811376
0.03704725671559572 0.0011787200928665698
0.03756046248599887 0.0012024943134747446
0.03756046248599887 0.0012024943134747446
0.03740445338189602 0.0011954048823099583
0.038473041728138924 0.0012415267410688102
0.038473041728138924 0.0012415267410688102
0.036515602841973305 0.001154706405941397
0.03690554294735193 0.0011725822114385664
0.03868052829056978 0.0012506457569543272
0.03871464543044567 0.0012520071759354323
0.03780646529048681 0.0012130722752772272
0.03781269583851099 0.001213323266711086
0.03834863193333149 0.0012364626163616776
0.03834863193333149 0.0012364626163616776
0.03696179762482643 0.0011751350248232484
0.04205209203064442 0.0013771996746072546
0.062111308332532644 0.0017540577100589871
0.037533449940383434 0.001201144012156874
0.037533449940383434 0.001201144012156874
0.03694241074845195 0.0011743756476789713
0.03694241074845195 0.0011743756476789713
0.06160758063197136 0.0017463888798374683
0.03701203688979149 0.0011771022400353104
0.03701203688979149 0.0011771022400353104
0.06251952983438969 0.0017603404849069193
0.04221702739596367 0.001386060132062994
0.03757887985557318 0.001202929182909429
0.03757887985557318 0.001202929182909429
0.03757395129650831 0.0012025275500491261
0.03853354603052139 0.0012443824525689706
0.03853354603052139 0.0012443824525689706
0.037305780686438084 0.0011906191648449749
0.03729591332376003 0.001190410868730396
0.03737966762855649 0.001194435084471479
0.06259785033762455 0.0017611469666007906
0.0602227165363729 0.0017246775823878124
0.0367855173535645 0.0011669305968098342
0.0367855173535645 0.0011669305968098342
0.059890858829021454 0.0017193941457662731
0.03598850313574076 0.0011286701483186334
0.037417811807245016 0.0011958208633586764
0.05931692663580179 0.0017060990212485194
0.05931692663580179 0.0017060990212485194
0.03820900060236454 0.0012303681287448853
0.03820900060236454 0.0012303681287448853
0.04192295763641596 0.0013692918291781098
0.03709113970398903 0.0011797911138273776
0.05904616788029671 0.0017046997090801597
0.03751467354595661 0.0012002811126876622
0.03751467354595661 0.0012002811126876622
0.03759998083114624 0.001203921012347564
0.037591577507555485 0.0012035437976010144
0.03774873726069927 0.001210679649375379
0.042040868662297726 0.0013755766849499196
0.03773553669452667 0.001210035232361406
0.042182241566479206 0.0013841949257766828
0.03802089672535658 0.0012220907374285161
0.06230878597125411 0.0017573489603819326
0.06045765755698085 0.0017284935747738928
0.06045765755698085 0.0017284935747738928
0.0420821737498045 0.0013794488331768662
0.03791384678333998 0.001217869226820767
0.04191545583307743 0.0013686810561921448
0.06116310879588127 0.0017394344176864251
0.06116310879588127 0.0017394344176864251
0.060077028814703226 0.0017224633338628337
0.036700159311294556 0.00116307262214832
0.03752862196415663 0.0012007464247290045
0.03752862196415663 0.0012007464247290045
0.03753345552831888 0.001201207865960896
0.037016455084085464 0.0011773908627219498
0.03837670758366585 0.0012380563712213188
0.03824485465884209 0.0012321481190156192
0.0623816791921854 0.0017580571729922667
0.06240292452275753 0.0017583744775038213
0.038295844569802284 0.0012341850670054555
0.061440485529601574 0.0017434253823012114
0.061440485529601574 0.0017434253823012114
0.03827461041510105 0.0012333140766713768
0.03830553498119116 0.0012345534341875464
0.03651333320885897 0.0011542205756995827
0.06167565053328872 0.001747428992530331
0.037645827047526836 0.0012061070883646607
0.03764351084828377 0.001205994951305911
0.06209323927760124 0.00175374788523186
0.03767848666757345 0.0012074618716724217
0.06261629983782768 0.0017613291274756193
0.04237665422260761 0.0013917113101342693
0.03699297457933426 0.0011765265080612153
0.037247068248689175 0.0011879208032041788
0.03731026314198971 0.001190756243886426
0.037343185395002365 0.0011926018923986703
0.037343185395002365 0.0011926018923986703
0.03871250059455633 0.0012509232037700713
0.03828023374080658 0.001233578659594059
0.03828023374080658 0.001233578659594059
0.03733395179733634 0.0011920296819880605
0.03733395179733634 0.0011920296819880605
0.03797189798206091 0.0012203857186250389
0.03797189798206091 0.0012203857186250389
0.03714670520275831 0.0011833231546916068
0.03714670520275831 0.0011833231546916068
0.03752943640574813 0.001201013074023649
0.03752943640574813 0.001201013074023649
0.03711834456771612 0.0011819840292446315
0.03730511013418436 0.0011905640421900898
0.04139372520148754 0.0013324697210919112
0.042566297110170126 0.0013977982016513124
0.036377298180013895 0.0011482159607112408
0.03661164827644825 0.0011590034700930119
0.03898373153060675 0.0012630500132218003
0.03886046214029193 0.0012582359777297825
0.03886046214029193 0.0012582359777297825
0.06070459075272083 0.0017311254632659256
0.061771183274686337 0.0017491388716734946
0.061771183274686337 0.0017491388716734946
0.03876351285725832 0.0012541457690531388
0.03786457236856222 0.0012157949386164546
0.03786457236856222 0.0012157949386164546
0.042217621579766273 0.0013869207468815148
0.06283762399107218 0.0017656842101132497
0.03792910184711218 0.0012179057812318206
0.038018133491277695 0.0012220133503433317
0.03676812723278999 0.0011662638862617314
0.042171210050582886 0.00138400039577391
0.036806986667215824 0.0011675000132527202
0.037899618037045 0.0012170897971373051
0.061546280048787594 0.0017451545863877982
0.0380353843793273 0.0012229320709593594
0.0380353843793273 0.0012229320709593594
0.03788396716117859 0.0012164151412434876
0.03788396716117859 0.0012164151412434876
0.038280499167740345 0.0012336228101048619
0.038280499167740345 0.0012336228101048619
0.038124360144138336 0.0012267697020433843
0.0621807393617928 0.001755442688590847
0.03780301567167044 0.0012127824884373695
0.06107171718031168 0.0017378239572281018
0.06107171718031168 0.0017378239572281018
0.03747609490528703 0.0011986969329882413
0.03747609490528703 0.0011986969329882413
0.060402303468436 0.001727463779388927
0.03681972995400429 0.00116851125494577
0.03775828145444393 0.0012110781972296536
0.03754539042711258 0.0012015640968456864
0.03691769950091839 0.0011728527606464922
0.036754975095391273 0.001165221125120297
0.036754975095391273 0.001165221125120297
0.062494657933712006 0.0017602376901777461
0.06063441652804613 0.0017309767863480374
0.03700018487870693 0.0011766319221351296
0.038067517802119255 0.00122463220031932
0.03759260941296816 0.0012036001135129482
0.03759260941296816 0.0012036001135129482
0.04216391174122691 0.0013831467513227835
0.03771884087473154 0.0012093850527890027
0.03815771546214819 0.0012281810340937227
0.060547152534127235 0.0017295347788603976
0.037930116057395935 0.0012182004284113646
0.06264009699225426 0.0017627054621698335
0.0616830256767571 0.001747584668919444
