0.037906802259385586 0.00121739151654765
0.03785408940166235 0.0012150272377766669
0.06221369653940201 0.0017551790515426546
0.038106792606413364 0.0012258603819645941
0.038106792606413364 0.0012258603819645941
0.038386755622923374 0.0012385271256789565
0.03843903448432684 0.0012401866988511756
0.042279180604964495 0.0013872782292310148
0.035752639174461365 0.0010574503394309431
0.03726466465741396 0.0011885184212587774
0.062135502230376005 0.0017535588995087892
0.04012481030076742 0.0013115647452650592
0.041414340026676655 0.0013349352811928838
0.03724663145840168 0.0011878609366249293
0.03724663145840168 0.0011878609366249293
0.04177980497479439 0.0013585524575319141
0.03771004267036915 0.0012086000060662627
0.05595370847731829 0.0016482253558933735
0.05595370847731829 0.0016482253558933735
0.0616508312523365 0.0017463437106925994
0.06268399069085717 0.0017620025319047272
0.037359447218477726 0.0011928503517992795
0.03794029634445906 0.0012188363762106746
0.03717293171212077 0.001185271656140685
0.03732246067374945 0.0011913404159713537
0.03843575716018677 0.001239989884197712
0.04240435874089599 0.0013908732653362677
0.04243916133418679 0.0013928155967732891
0.0373692624270916 0.0011935774236917496
0.037381915375590324 0.001194423733977601
0.037620747461915016 0.0012048240168951452
0.036932178772985935 0.0011733438004739583
0.036932178772985935 0.0011733438004739583
0.06139480182901025 0.001742288179229945
0.0375437056645751 0.0012013114464934915
0.03761392552405596 0.0012044452014379203
0.038421252742409706 0.0012396842939779162
0.03756217658519745 0.0012020905851386487
0.0588711304590106 0.001698497828328982
0.03724247310310602 0.0011877001961693168
0.03827858529984951 0.0012332613987382501
0.03804758936166763 0.001223170111188665
0.03804758936166763 0.001223170111188665
0.03777266666293144 0.0012115034915041178
0.03777266666293144 0.0012115034915041178
0.037288243882358074 0.0011895388888660818
0.0378824807703495 0.0012162014318164438
0.060443708673119545 0.0017248430231120437
0.03768398147076368 0.0012075387930963188
0.06231415458023548 0.0017564727168064564
0.038939380552619696 0.0012609834811883047
0.037328487262129784 0.001191592455143109
0.0627049976028502 0.001762167870765552
0.062328592874109745 0.0017565613379701972
0.06063012685626745 0.0017303733911830932
0.037533706054091454 0.0012008099001832306
0.038415892980992794 0.001238902928889729
0.03718368662521243 0.0011852844909299165
0.03714587166905403 0.0011831987067125738
0.03802837338298559 0.0012225180980749428
0.037212951108813286 0.0011871140741277486
0.061799454502761364 0.001749731949530542
0.03967013722285628 0.0012924290640512481
0.06135154189541936 0.0017419440555386245
0.03884797543287277 0.0012573155981954187
0.03720100177451968 0.0011858580401167274
0.03761265613138676 0.00120442925253883
0.06177535466849804 0.0017482863331679255
0.03702531289309263 0.0011778214247897267
0.06270887609571218 0.0017626831540837884
0.03773072734475136 0.0012097936414647847
0.03905943129211664 0.0012664836249314249
0.04174574092030525 0.00135672083706595
0.03848033677786589 0.001241734848008491
0.03848033677786589 0.001241734848008491
0.03683633357286453 0.001168403890915215
0.03683633357286453 0.001168403890915215
0.038484600372612476 0.0012420787097653374
0.038533628918230534 0.0012442713778000325
0.038742730394005775 0.0012533545086625963
0.037811266258358955 0.001213016250403598
0.037504177540540695 0.0011994512751698494
0.037268917076289654 0.0011886563734151423
0.038548522628843784 0.0012449464556993917
0.0380439767614007 0.0012227481347508729
0.0380439767614007 0.0012227481347508729
0.037456318736076355 0.001197348174173385
0.037456318736076355 0.001197348174173385
0.061007071286439896 0.0017364609375363216
0.0368778258562088 0.0011713953281287104
0.06084897369146347 0.0017347624961985275
0.037787274457514286 0.0012121789914090186
0.037787274457514286 0.0012121789914090186
0.041934085078537464 0.0013697900285478681
0.039249843917787075 0.0012743786646751687
0.03792285453528166 0.0012178699835203588
0.0613428084179759 0.0017418256029486656
0.061979347839951515 0.001751699426677078
0.037401653826236725 0.0011949743202421814
0.036810983903706074 0.001167690264992416
0.03732562344521284 0.0011915334907826036
0.038155789487063885 0.001227774831932038
0.061042648274451494 0.0017372074362356216
0.03473121440038085 0.0010041296918643638
0.03767410945147276 0.001207091292599216
0.0371624706313014 0.001183799293357879
0.03736295457929373 0.0011933001223951578
0.03796480782330036 0.0012196269526612014
0.03819830343127251 0.001229727582540363
0.037039282731711864 0.0011779997148551047
0.03796480782330036 0.0012196269526612014
0.06119959196075797 0.0017392332083545625
0.03744756709784269 0.0011970740160904825
0.06308662239462137 0.0017684087215457112
0.03756021708250046 0.001201790408231318
0.06206324277445674 0.0017529022588860244
0.03761725965887308 0.0012046662159264088
0.03761725965887308 0.0012046662159264088
0.036975300405174494 0.001175672427052632
0.04129879828542471 0.0013246398593764752
0.03828510642051697 0.0012340263347141445
0.03751266747713089 0.0011998132977169007
0.06097115157172084 0.001735924684908241
0.03910418739542365 0.0012686424452112988
0.03910418739542365 0.0012686424452112988
0.03922314429655671 0.0012731291499221697
0.03841058071702719 0.00123879752936773
0.03841058071702719 0.00123879752936773
0.03808319102972746 0.0012247019622009248
0.06072958093136549 0.0017322256608167663
0.0376088535413146 0.0012042061134707183
0.03787866048514843 0.001216062722960487
0.037752147763967514 0.0012106008362025023
0.037752147763967514 0.0012106008362025023
0.037618995644152164 0.0012046842311974615
0.037618995644152164 0.0012046842311974615
0.03742658393457532 0.001196237135445699
0.06114216847345233 0.0017383061349391937
0.03701768536120653 0.0011771961289923638
0.03836448024958372 0.0012367378949420527
0.062354607973247766 0.0017575439414940774
0.05561535060405731 0.0016433123673778027
0.03723777737468481 0.0011876047647092491
0.03723777737468481 0.0011876047647092491
0.040300275199115276 0.0013192994956625625
0.03740779776126146 0.0011952714994549751
0.037008196115493774 0.0011767976393457502
0.06321814516559243 0.0017702448240015656
0.03735269792377949 0.0011926048900932074
0.038318779319524765 0.001235015588463284
0.038318779319524765 0.001235015588463284
0.06089769955724478 0.0017354167066514492
0.03784880228340626 0.001214763760799542
0.03762921039015055 0.001205037726322189
0.037800246849656105 0.0012128675589337945
0.03745044022798538 0.0011971802450716496
0.03728015627712011 0.0011891962203662843
0.036993580870330334 0.001176058256532997
0.03740981640294194 0.00119591731345281
0.0625939005985856 0.0017608513298910111
0.049979922361671925 0.0015458958223462105
0.03844819962978363 0.0012404582812450826
0.06128682801499963 0.0017409530555596575
0.03764191921800375 0.0012057692219968885
0.03752158209681511 0.001200368016725406
0.062105665914714336 0.0017531577323097736
0.04021500004455447 0.001315795088885352
0.037123615853488445 0.0011825575202237815
0.039015619084239006 0.0012651029392145574
0.04025976359844208 0.0013172826438676566
0.0381185170263052 0.0012264214747119695
0.03685279143974185 0.0011699857423081994
0.038094399496912956 0.0012256588961463422
0.04134827386587858 0.0013298790727276355
0.06137376790866256 0.0017422815435566008
0.03544000210240483 0.0010419569443911314
0.03887490648776293 0.0012582781637320295
0.04214919498190284 0.0013839580642525107
0.03678765846416354 0.0011672670079860836
0.038297396153211594 0.0012340389948803931
0.04212282784283161 0.00138119378243573
0.06095632631331682 0.0017356788303004578
0.03713815286755562 0.0011827824637293816
0.04043581336736679 0.0013236374070402235
0.06064151134341955 0.0017314669821644202
0.03987621422857046 0.0013012846175115556
0.03768431954085827 0.0012076213024556637
0.06117174355313182 0.0017389229906257242
0.03852199576795101 0.0012442404549801722
0.06068522296845913 0.0017314879514742643
0.042283554561436176 0.0013872861600248143
0.036872082855552435 0.0011707765224855393
0.04210333898663521 0.0013789680524496362
0.039556590374559164 0.0012869985803263262
0.06157175125554204 0.001746036097756587
0.06148537527769804 0.0017453532054787502
0.038469841703772545 0.0012416060344548896
0.037578200455754995 0.0012033579987473786
0.03686403203755617 0.0011702147021424025
0.06103197718039155 0.0017368188709951937
0.03592357039451599 0.0011267490917816758
0.04201532527804375 0.0013750319776590914
0.060789030976593494 0.001733057142701
0.038999637588858604 0.0012633500882657245
0.06171723688021302 0.0017470051243435591
0.06278606271371245 0.0017640130245126784
0.03805024642497301 0.0012233878951519728
0.062325892969965935 0.0017564948357176036
0.042296423111110926 0.0013880525657441467
0.062116180546581745 0.001753429911332205
0.0386489313095808 0.0012488890788517892
0.03712087916210294 0.0011823187523987144
0.06167336134240031 0.001746872570947744
0.0418095700442791 0.0013625513529404998
0.03706952137872577 0.001180468752863817
0.0371149149723351 0.0011821649095509201
0.03832343313843012 0.0012356315564829856
0.038783838506788015 0.0012548360246000811
0.038452910259366035 0.001240701400092803
0.03825052734464407 0.0012325531570240855
0.04166094679385424 0.001350695441942662
0.04166094679385424 0.001350695441942662
0.06100234715268016 0.0017362380749545991
0.037799577228724957 0.0012127913942094892
0.03934369562193751 0.0012784652935806662
0.037215293385088444 0.0011871535534737632
0.04206792265176773 0.001377750770188868
0.03809092007577419 0.001225388201419264
0.03862819354981184 0.0012479513243306428
0.03866847511380911 0.0012497619027271867
0.03622608073055744 0.0011397508496884257
0.035543426871299744 0.0010423051862744614
0.035543426871299744 0.0010423051862744614
0.03749154135584831 0.001199037564219907
0.03850702662020922 0.0012429867492755875
0.03850702662020922 0.0012429867492755875
0.037442426197230816 0.0011966551246587187
0.03917589597404003 0.0012711910530924797
0.04162096697837114 0.0013489964476320893
0.03786127269268036 0.0012154367286711931
0.04231951432302594 0.0013896880409447476
0.03820416610687971 0.0012302173709031194
0.039270828012377024 0.0012754385388689116
0.039270828012377024 0.0012754385388689116
0.037512168288230896 0.0011994641390629113
0.03687456902116537 0.001171273150248453
0.03736241161823273 0.0011930812033824623
0.03735452797263861 0.00119270128197968
0.04205333907157183 0.0013764149480266497
0.03845029417425394 0.0012406634341459721
0.042275126557797194 0.001387065785820596
0.06163555243983865 0.0017461080860812217
0.03818622883409262 0.0012291306629776955
0.03739548288285732 0.0011946311278734356
0.03989981580525637 0.0013029099500272423
0.06132176332175732 0.0017412281595170498
0.03885964071378112 0.0012579247704707086
0.03890184219926596 0.0012600956251844764
0.03783827926963568 0.00121453806059435
0.038156187161803246 0.0012284533877391368
0.0414805319160223 0.0013422663323581219
0.03726547211408615 0.0011885885323863477
0.03726547211408615 0.0011885885323863477
0.0391949568875134 0.0012723180989269167
0.0391949568875134 0.0012723180989269167
0.06223120680078864 0.0017553101060912013
0.037562974728643894 0.0012021444563288242
0.06143113086000085 0.0017432910099159926
0.037195013370364904 0.001185587898362428
0.03787184413522482 0.001215902273543179
0.03768233489245176 0.0012074636470060796
0.038107236847281456 0.0012258811329957098
0.03846222534775734 0.0012414758384693414
0.03731780173256993 0.0011912644258700311
0.03731780173256993 0.0011912644258700311
0.03703993558883667 0.0011783688969444484
0.03703993558883667 0.0011783688969444484
0.05984135530889034 0.001717603940051049
0.05984135530889034 0.001717603940051049
0.03736148588359356 0.0011929829488508403
0.037375083193182945 0.0011937109229620546
0.03766860719770193 0.0012068034848198295
0.03789639379829168 0.001216576376464218
0.03789639379829168 0.001216576376464218
0.037375083193182945 0.0011937109229620546
0.037648593075573444 0.001205821696203202
0.03783536050468683 0.0012135232100263238
0.037202727515250444 0.001185940607683733
0.037202727515250444 0.001185940607683733
0.06163323437795043 0.0017460988892707974
0.06163323437795043 0.0017460988892707974
0.05957818916067481 0.0017135125526692718
0.05957818916067481 0.0017135125526692718
0.037736994214355946 0.0012098588922526687
0.03774217236787081 0.0012101102620363235
0.03650094289332628 0.0011527725728228688
0.035034849774092436 0.0010192473710048944
0.039072653744369745 0.0012671621516346931
0.037973311729729176 0.0012202866782899946
0.039138018153607845 0.0012695493642240763
0.038267829455435276 0.0012326173309702426
0.0387950399890542 0.001255020935786888
0.0387950399890542 0.001255020935786888
0.06140346173197031 0.0017426374688511714
0.06140346173197031 0.0017426374688511714
0.037142259534448385 0.001183146348921582
0.06240321649238467 0.0017582802975084633
0.06240321649238467 0.0017582802975084633
0.03928741626441479 0.0012760578538291156
0.03928741626441479 0.0012760578538291156
0.061879210639745 0.0017513474012957886
0.061879210639745 0.0017513474012957886
0.03709898144006729 0.0011807410919573158
0.06228200765326619 0.001755685021635145
0.03814185783267021 0.0012274579785298556
0.03734311740845442 0.0011922989215236157
0.03790216241031885 0.0012167284730821848
0.06251070043072104 0.0017594275414012372
0.036057982593774796 0.0011329695407766849
0.03837263025343418 0.0012371315970085561
0.03725829999893904 0.0011883488041348755
0.038133393973112106 0.0012270629813428968
0.03730738069862127 0.0011908490268979222
0.03730738069862127 0.0011908490268979222
0.03719242848455906 0.0011852846946567297
0.035911692306399345 0.001066552271367982
0.03795448690652847 0.0012195667950436473
0.03795338794589043 0.001219517522258684
0.04207709524780512 0.0013784320908598602
0.03796792682260275 0.0012200854544062167
0.062210000585764647 0.0017548741889186203
0.062210000585764647 0.0017548741889186203
0.037110574543476105 0.001181955827632919
0.037110574543476105 0.001181955827632919
0.04205314256250858 0.0013763385213678703
0.03753548674285412 0.0012009326601400971
0.03753548674285412 0.0012009326601400971
0.037357022985816 0.0011927301238756627
0.03670233953744173 0.0011623735772445798
0.03670233953744173 0.0011623735772445798
0.03837359789758921 0.0012371879274724051
0.03837359789758921 0.0012371879274724051
0.037918067537248135 0.001217620330862701
0.037918067537248135 0.001217620330862701
0.061265607830137014 0.0017404889804311097
0.061265607830137014 0.0017404889804311097
0.038001492619514465 0.0012215426831971854
0.03778518456965685 0.001212070812471211
0.03587504290044308 0.0010605216666590422
0.03587504290044308 0.0010605216666590422
0.03923068940639496 0.0012736857606796548
0.03923068940639496 0.0012736857606796548
0.03868582285940647 0.0012503448233474046
0.037698336876928806 0.0012083043984603137
0.03801254462450743 0.0012216101167723536
0.03640494495630264 0.0011482166592031717
0.03882727911695838 0.001256695279153064
0.03882727911695838 0.001256695279153064
0.06082553742453456 0.0017334838048554957
0.03798281121999025 0.0012204970407765359
0.037935806438326836 0.0012186054373160005
0.06228588102385402 0.0017560805717948824
0.06215493520721793 0.0017539963009767234
0.03757214546203613 0.0012024708848912269
0.037381227128207684 0.001193977310322225
0.03900940716266632 0.0012642371730180457
0.03900940716266632 0.0012642371730180457
0.05607091635465622 0.0016499398334417492
0.05616726167500019 0.0016517197655048221
0.037694359198212624 0.0012081821914762259
0.03814323991537094 0.001227498141815886
0.05635753460228443 0.0016540860233362764
0.03689227905124426 0.001171583659015596
0.03689227905124426 0.001171583659015596
0.037474545650184155 0.0011980485287494957
0.038460198789834976 0.0012412619398673996
0.038460198789834976 0.0012412619398673996
0.04185330215841532 0.0013635174254886806
0.038721607998013496 0.0012519469892140478
0.038721607998013496 0.0012519469892140478
0.038571334443986416 0.001245670413482003
0.038571334443986416 0.001245670413482003
0.03759786393493414 0.0012037492997478694
0.03759786393493414 0.0012037492997478694
0.0392551445402205 0.001274917900445871
0.03927534678950906 0.0012759937817463651
0.03716458845883608 0.0011840623337775469
0.03716458845883608 0.0011840623337775469
0.037724487483501434 0.0012093869154341519
0.037724487483501434 0.0012093869154341519
0.0365525521337986 0.0011556826357264072
0.0366704985499382 0.0011609578505158424
0.0370647506788373 0.0011789071140810847
0.03801877424120903 0.001222205231897533
0.03801877424120903 0.001222205231897533
0.03939350647851825 0.0012806424783775583
0.04221209743991494 0.001384702351060696
0.04221459710970521 0.0013849125971319154
0.03813122306019068 0.0012268470891285688
0.03813122306019068 0.0012268470891285688
0.03799713682383299 0.0012207248364575207
0.036679807119071484 0.0011612384114414454
0.035321617033332586 0.001035325592965819
0.03731044055894017 0.0011910343600902706
0.05907261371612549 0.0017054658674169332
0.05907261371612549 0.0017054658674169332
0.03872531559318304 0.0012522352335508913
0.03872531559318304 0.0012522352335508913
0.037630715407431126 0.0012053601676598191
0.037630715407431126 0.0012053601676598191
0.03814586345106363 0.0012276705238036811
0.03814586345106363 0.0012276705238036811
0.03822876513004303 0.0012309776793699712
0.04199740383774042 0.0013727004989050329
0.03821284510195255 0.0012304392002988607
0.03821284510195255 0.0012304392002988607
0.06105817435309291 0.001737389451591298
0.037102168425917625 0.0011812570737674832
0.059435246512293816 0.0017061006801668555
0.037360068410634995 0.00119293131865561
0.038217995315790176 0.0012304625124670565
0.03797390777617693 0.0012203433143440634
0.06253964873030782 0.001759891922120005
0.0377184608951211 0.0012091140379197896
0.0376962861046195 0.0012081830645911396
0.03817169554531574 0.0012289457954466343
0.03818642068654299 0.0012296057830099016
0.03710282826796174 0.0011814918834716082
0.03747973032295704 0.0011983170406892896
0.04223601147532463 0.0013852991396561265
0.03801332600414753 0.0012218169576954097
0.03801332600414753 0.0012218169576954097
0.03843861725181341 0.0012401552230585366
0.03774012625217438 0.0012098975421395153
0.03774012625217438 0.0012098975421395153
0.03751595411449671 0.0012000000278931111
0.03751595411449671 0.0012000000278931111
0.038312884978950024 0.001234505296451971
0.03833359107375145 0.001235847084899433
0.038336909376084805 0.0012360118416836485
0.062154709827154875 0.0017537597741466016
0.059571544639766216 0.0017072574410121888
0.03791979793459177 0.0012177529279142618
0.03791979793459177 0.0012177529279142618
0.03755758237093687 0.0012016914261039346
0.03866857476532459 0.0012500320881372318
0.037745414301753044 0.0012105046189390123
0.037745414301753044 0.0012105046189390123
0.058116469997912645 0.0016913807776290923
0.03738058917224407 0.001193892298033461
0.03789182845503092 0.0012163115316070616
0.03789182845503092 0.0012163115316070616
0.060544753447175026 0.0017269595118705183
0.060544753447175026 0.0017269595118705183
0.03859700541943312 0.0012462744925869629
0.03859700541943312 0.0012462744925869629
0.039387361612170935 0.0012805940059479326
0.039387361612170935 0.0012805940059479326
0.03753251861780882 0.0012004997988697141
0.03753251861780882 0.0012004997988697141
0.03824832197278738 0.00123198312940076
0.037778811529278755 0.0012119072198402137
0.03802960552275181 0.0012226429826114327
0.03802960552275181 0.0012226429826114327
0.03785085119307041 0.0012149809335824102
0.03785085119307041 0.0012149809335824102
0.03812443092465401 0.0012266677513252944
0.03812443092465401 0.0012266677513252944
0.03909274563193321 0.0012680714717134833
0.03909274563193321 0.0012680714717134833
0.03742635529488325 0.001196043798699975
0.04224340384826064 0.0013862512278137729
0.03762323595583439 0.0012048519565723836
0.03762323595583439 0.0012048519565723836
0.039847653824836016 0.0013003031490370631
0.06017198599874973 0.0017232299724128097
0.06017198599874973 0.0017232299724128097
0.03804926387965679 0.001223261991981417
0.060581558384001255 0.0017294160497840494
0.037235893309116364 0.0011873350013047457
0.06224398175254464 0.001755585748469457
0.06100782472640276 0.0017365292296744883
0.036572381388396025 0.0011575972894206643
0.036846814677119255 0.0011692349216900766
0.037864561192691326 0.0012155060248915106
0.037864561192691326 0.0012155060248915106
