0.03776489105075598 0.0012111226678825915
0.037094220984727144 0.0011809745919890702
0.06130773341283202 0.0017411861481377855
0.03785639815032482 0.0012152105337008834
0.03572630137205124 0.0008971045026555657
0.037388711236417294 0.0011941946868319064
0.061037320643663406 0.0017370706191286445
0.042026239447295666 0.0013751761871390045
0.03775117453187704 0.0012105802888981998
0.03795011434704065 0.0012194011360406876
0.03795011434704065 0.0012194011360406876
0.03921884298324585 0.001273458736250177
0.03921884298324585 0.001273458736250177
0.03739942470565438 0.0011950127081945539
0.03739942470565438 0.0011950127081945539
0.03729402273893356 0.0011896474461536855
0.03927964810281992 0.0012756705400533974
0.039198458194732666 0.0012720549275400117
0.03844849206507206 0.001240631696418859
0.04191161040216684 0.0013681466516572982
0.03727285657078028 0.0011894841154571623
0.062055340968072414 0.0017534350481582806
0.037791844457387924 0.0012122862099204212
0.06014664890244603 0.00172302161809057
0.03694771695882082 0.0011739446490537375
0.060498169623315334 0.0017287306545767933
0.03720564115792513 0.0011863198305945843
0.04160491283982992 0.001348424528259784
0.04206540156155825 0.0013773093378404155
0.03814612980931997 0.0012279975053388625
0.03906654380261898 0.0012661563232541084
0.03906654380261898 0.0012661563232541084
0.03776489105075598 0.0012111226678825915
0.0378351965919137 0.001214539137436077
0.03751701954752207 0.0012001227587461472
0.03822972811758518 0.001231328846188262
0.03736092709004879 0.001193092844914645
0.03794661816209555 0.0012192248250357807
0.03794661816209555 0.0012192248250357807
0.03834779467433691 0.0012366527080303058
0.03834779467433691 0.0012366527080303058
0.03712082467973232 0.0011821722146123648
0.03712082467973232 0.0011821722146123648
0.06165069853886962 0.0017462100367993116
0.05882824072614312 0.0017018110665958375
0.03825993090867996 0.0012325180287007242
0.03825993090867996 0.0012325180287007242
0.060620350763201714 0.0017303276108577847
0.03855832014232874 0.0012455553805921227
0.0375093137845397 0.0011998852714896202
0.0378786651417613 0.0012161718914285302
0.041885425336658955 0.0013673225475940853
0.036790935322642326 0.001167147420346737
0.03792762849479914 0.0012182494974695146
0.03860591910779476 0.0012475567782530561
0.03860591910779476 0.0012475567782530561
0.04177098721265793 0.0013586979475803673
0.0389683130197227 0.0012626459210878238
0.03684920212253928 0.001169742812635377
0.038822372909635305 0.00125638629833702
0.038822372909635305 0.00125638629833702
0.06028593564406037 0.0017253697296837345
0.06028593564406037 0.0017253697296837345
0.03807310573756695 0.001224794948939234
0.03739572037011385 0.0011945113074034452
0.03739572037011385 0.0011945113074034452
0.03822069242596626 0.0012306656572036445
0.059094008058309555 0.0017044668493326753
0.059094008058309555 0.0017044668493326753
0.03814332373440266 0.0012275724729988724
0.03772608935832977 0.0012094180565327406
0.03823840618133545 0.001231595641002059
0.03823840618133545 0.001231595641002059
0.037151898723095655 0.0011836159974336624
0.03884322568774223 0.0012577505549415946
0.04180900938808918 0.0013623853446915746
0.038000340573489666 0.0012215311580803245
0.058409015648067 0.0016902567585930228
0.03807310573756695 0.001224794948939234
0.03807310573756695 0.001224794948939234
0.037382121197879314 0.001194183889310807
0.0621424256823957 0.0017547739698784426
0.038032351061701775 0.0012227340193931013
0.038032351061701775 0.0012227340193931013
0.04193101730197668 0.0013694501540157944
0.03844503220170736 0.0012405335874063894
0.061247226782143116 0.0017406012630090117
0.060984925366938114 0.00173575957887806
0.060984925366938114 0.00173575957887806
0.06136595597490668 0.0017419159703422338
0.06136595597490668 0.0017419159703422338
0.037390243262052536 0.0011945060105063021
0.0423042350448668 0.0013881742634112015
0.0423042350448668 0.0013881742634112015
0.03732244484126568 0.0011915655923075974
0.06198057206347585 0.0017520208493806422
0.03730583842843771 0.0011903767008334398
0.03866783995181322 0.0012501288729254156
0.03870921954512596 0.0012514900008682162
0.037724561989307404 0.0012089800147805363
0.038315121084451675 0.0012349509343039244
0.038315121084451675 0.0012349509343039244
0.060824384447187185 0.001733856086502783
0.03786523453891277 0.0012154611758887768
0.06289056036621332 0.0017665142513578758
0.06174308294430375 0.0017485129792476073
0.06174308294430375 0.0017485129792476073
0.037241324316710234 0.001188096619443968
0.042180897668004036 0.0013843097112840042
0.062228883150964975 0.001755422243149951
0.06145884469151497 0.001743991204421036
0.04197090398520231 0.0013720190327148885
0.03805769607424736 0.001224022707901895
0.03694083075970411 0.001173767726868391
0.060877391602844 0.0017342251958325505
0.037549895234405994 0.001201381703140214
0.037549895234405994 0.001201381703140214
0.03776915092021227 0.0012113073898945004
0.03515517618507147 0.0008233756088884547
0.06269810348749161 0.0017628197238082066
0.038393160328269005 0.0012382236163830385
0.03768703620880842 0.0012076529674232006
0.03815556317567825 0.0012281331000849605
0.0607059053145349 0.001731789714540355
0.038974261842668056 0.0012627087126020342
0.038974261842668056 0.0012627087126020342
0.03779951948672533 0.0012127258814871311
0.0369612742215395 0.001174755219835788
0.04198867175728083 0.0013729294296354055
0.04208141937851906 0.0013788714131806046
0.03882250748574734 0.0012567575904540718
0.03662992501631379 0.0011596940457820892
0.037911759689450264 0.0012177502503618598
0.0599003448151052 0.0017202163580805063
0.03737401217222214 0.0011937491362914443
0.03769672568887472 0.00120814549154602
0.037287164479494095 0.001189591275760904
0.03820772282779217 0.001230378809850663
0.03719796892255545 0.0011860892991535366
0.061369044706225395 0.0017425413971068338
0.061369044706225395 0.0017425413971068338
0.03829983714967966 0.001234480892890133
0.0598501805216074 0.001718343875836581
0.06246521882712841 0.0017588576884008944
0.038314543664455414 0.0012347922602202743
0.03814461827278137 0.001227644388563931
0.04193449765443802 0.001370241428958252
0.05768281500786543 0.001679687324212864
0.037939262576401234 0.0012188861437607557
0.037482363637536764 0.0011987546749878675
0.042235242202878 0.0013864190987078473
0.042235242202878 0.0013864190987078473
0.06192904897034168 0.0017512467748019844
0.03597474191337824 0.0011281672050245106
0.03937374660745263 0.0012809229374397546
0.05787196476012468 0.0016834214038681239
0.03732933010905981 0.0011920406541321427
0.038286893628537655 0.0012338968517724425
0.062251776456832886 0.0017567141621839255
0.041992029175162315 0.0013740388094447553
0.03744385531172156 0.0011973438377026469
0.03795743081718683 0.0012197041069157422
0.054155346006155014 0.001620514813112095
0.037679039873182774 0.0012074331752955914
0.03876651357859373 0.0012542734330054373
0.04230586579069495 0.0013918927288614213
0.04215511307120323 0.0013828316587023437
0.061019114684313536 0.001736830803565681
0.06088602356612682 0.0017345464584650472
0.037951597943902016 0.00121963961282745
0.036529959179461 0.0011552171199582517
0.04990688804537058 0.0015450195060111582
0.04137124679982662 0.00133388108224608
0.04208642616868019 0.0013803330948576331
0.038321380503475666 0.001235246323631145
0.04196768067777157 0.001371725316857919
0.040166357066482306 0.0013139976799720898
0.06209891056641936 0.0017541113193146884
0.03783049341291189 0.0012142695777583867
0.037557296454906464 0.001202132407343015
0.03862230386584997 0.001247900552698411
0.03862230386584997 0.001247900552698411
0.03799842856824398 0.0012214241141919047
0.03810484427958727 0.001225486514158547
0.04178072512149811 0.001360199967166409
0.04223339632153511 0.0013860529870726168
0.06224981974810362 0.0017561641143402085
0.05988494586199522 0.0017190013750223443
0.03777125012129545 0.0012115647841710597
0.03779382724314928 0.0012126131914556026
0.03779382724314928 0.0012126131914556026
0.03719315119087696 0.0011856670316774398
0.0370483105070889 0.0011789828131441027
0.057726942002773285 0.0016806891653686762
0.05777243431657553 0.001681425143033266
0.03844884689897299 0.001240684447111562
0.03844884689897299 0.001240684447111562
0.03893069177865982 0.0012618826294783503
0.03695878945291042 0.0011745087977033108
0.03695878945291042 0.0011745087977033108
0.06066873809322715 0.0017314429569523782
0.03826403431594372 0.0012330223980825394
0.060364161152392626 0.0017261436732951552
0.03732398105785251 0.0011916636431124061
0.03732398105785251 0.0011916636431124061
0.03680183086544275 0.001167609792901203
0.03680183086544275 0.001167609792901203
0.039162525441497564 0.001270893175387755
0.03832292463630438 0.0012355015642242506
0.036996031645685434 0.00117681993287988
0.03796734008938074 0.001219948462676257
0.03750271489843726 0.0011998162080999464
0.038178401067852974 0.0012289898295421153
0.06016757385805249 0.0017232090467587113
0.06016757385805249 0.0017232090467587113
0.037933580577373505 0.001218514604261145
0.06264227163046598 0.0017620868020458147
0.06234832154586911 0.0017572494980413467
0.060527140740305185 0.0017288390372414142
0.03702784702181816 0.001177615689812228
0.03765293303877115 0.0012065612827427685
0.042202264070510864 0.001384861665428616
0.06092480476945639 0.0017354088049614802
0.060811513569206 0.0017331330163870007
0.038118320517241955 0.0012266848352737725
0.03800807148218155 0.0012218388728797436
0.037998370826244354 0.001221294020069763
0.037939442321658134 0.0012190444394946098
0.03797449916601181 0.0012204536760691553
0.06016542064025998 0.00172318983823061
0.060373281594365835 0.001726531598251313
0.037440366577357054 0.001196989556774497
0.03810641821473837 0.0012258088099770248
0.03810641821473837 0.0012258088099770248
0.06045500235632062 0.0017279458115808666
0.03690380696207285 0.0011722315393853933
0.06131945922970772 0.001741461644996889
0.06114984070882201 0.0017387325642630458
0.03766241390258074 0.0012067481293343008
0.03780057467520237 0.001212771312566474
0.03780057467520237 0.001212771312566474
0.03728037467226386 0.001189589180285111
0.0364906620234251 0.0011530357296578586
0.037306984420865774 0.0011908540327567607
0.03840503469109535 0.0012391628260957077
0.03838062845170498 0.0012378508545225486
0.04201680701225996 0.0013748936180491
0.04165290854871273 0.0013524378009606153
0.060918543953448534 0.0017348869005218148
0.060918543953448534 0.0017348869005218148
0.038998131174594164 0.0012640984205063432
0.038998131174594164 0.0012640984205063432
0.04207379883155227 0.0013783490285277367
0.038333287462592125 0.0012357448576949537
0.037136250641196966 0.0011831694282591343
0.03764034202322364 0.0012060478911735117
0.060835928190499544 0.0017339439364150167
0.03766838740557432 0.0012069058138877153
0.03766838740557432 0.0012069058138877153
0.038772640749812126 0.001254747054190375
0.03782527521252632 0.0012139173923060298
0.06165725365281105 0.0017464232514612377
0.06165725365281105 0.0017464232514612377
0.061210285406559706 0.0017397051415173337
0.0569182513281703 0.0016543077072128654
0.06066788733005524 0.0017313316056970507
0.037781234830617905 0.0012119052407797426
0.037823052145540714 0.0012137956509832293
0.05868147872388363 0.0016967641713563353
0.05868147872388363 0.0016967641713563353
0.03706858865916729 0.0011796992039307952
0.06101709883660078 0.001736095902742818
0.03989324765279889 0.0012945570051670074
0.03989324765279889 0.0012945570051670074
0.03744822693988681 0.001197412988403812
0.037734007462859154 0.0012100145686417818
0.03757586097344756 0.0012030412326566875
0.03787746839225292 0.0012161079794168472
0.03787746839225292 0.0012161079794168472
0.038861189503222704 0.0012583706120494753
0.038861189503222704 0.0012583706120494753
0.038271281868219376 0.001233109476743266
0.04198420327156782 0.001372785831335932
0.0607301970012486 0.0017321190098300576
0.036937011405825615 0.0011734568688552827
0.036937011405825615 0.0011734568688552827
0.037565652281045914 0.0012021571455989033
0.038083107210695744 0.0012252845335751772
0.03753661038354039 0.0012013330415356904
0.03755241772159934 0.001202095445478335
0.03792079538106918 0.001218154327943921
0.03748968988656998 0.001199004182126373
0.04221595171838999 0.0013856753939762712
0.03797214478254318 0.001220374135300517
0.03796166554093361 0.0012198621407151222
0.038438742980360985 0.0012401167186908424
0.03680701460689306 0.0011679623858071864
0.03680701460689306 0.0011679623858071864
0.037700826302170753 0.0012085685157217085
0.06181534240022302 0.001748914219206199
0.03929288638755679 0.0012765952851623297
0.03857100196182728 0.0012456717377062887
0.03860035818070173 0.0012471952359192073
0.04188345745205879 0.0013665389560628682
0.0617908937856555 0.0017485797579865903
0.0617908937856555 0.0017485797579865903
0.03697207011282444 0.001174919627374038
0.06023523909971118 0.0017240835004486144
0.04205537773668766 0.0013768259959761053
0.0381078515201807 0.0012258993228897452
0.0381078515201807 0.0012258993228897452
0.038051340728998184 0.0012236753245815635
0.04200656898319721 0.0013743511226493865
0.03891914011910558 0.0012606923846760765
0.03891914011910558 0.0012606923846760765
0.03799391910433769 0.0012209629348944873
0.03834000322967768 0.0012361927365418524
0.06127657927572727 0.0017406945844413713
0.03860162850469351 0.0012472418893594295
0.03860162850469351 0.0012472418893594295
0.03862289711833 0.0012482333404477686
0.03862289711833 0.0012482333404477686
0.0421976619400084 0.0013845259236404672
0.0421976619400084 0.0013845259236404672
0.03785490430891514 0.001214663527207449
0.03785490430891514 0.001214663527207449
0.042069737799465656 0.001377863751258701
0.042069737799465656 0.001377863751258701
0.03821496106684208 0.0012304509873501956
0.03821496106684208 0.0012304509873501956
0.062052590772509575 0.0017527222953503951
0.03759367857128382 0.0012035539839416742
0.0375268068164587 0.0012005529424641281
0.036898824386298656 0.0011719448666553944
0.036898824386298656 0.0011719448666553944
0.03718978399410844 0.0011853688629344106
0.03718978399410844 0.0011853688629344106
0.06116299983114004 0.0017389330751029775
0.036917195189744234 0.0011730989208444953
0.04196137376129627 0.001371244463371113
0.04196137376129627 0.001371244463371113
0.06159921642392874 0.001745993853546679
0.06159921642392874 0.001745993853546679
0.038198016583919525 0.0012296827917452902
0.038198016583919525 0.0012296827917452902
0.038128756918013096 0.0012270031438674778
0.037270572036504745 0.001189096161397174
0.037270572036504745 0.001189096161397174
0.03758554998785257 0.0012033609673380852
0.03758554998785257 0.0012033609673380852
0.037818570621311665 0.0012134868302382529
0.03779249079525471 0.0012123169435653836
0.037250620778650045 0.00118852942250669
0.03742034640163183 0.0011955853551626205
0.03827297501266003 0.0012332416663412005
0.038278586231172085 0.00123351946240291
0.062482581939548254 0.0017590404313523322
0.056067236699163914 0.0016540057258680463
0.03711272496730089 0.001181847881525755
0.059454845264554024 0.0017113570356741548
0.041741009801626205 0.0013571390009019524
0.03738108091056347 0.0011937570525333285
0.037744076922535896 0.0012100428575649858
0.037744076922535896 0.0012100428575649858
0.06191519554704428 0.001750779221765697
0.06196476984769106 0.0017515774961793795
0.0375808491371572 0.0012033224920742214
0.06187684088945389 0.0017505866708233953
0.062158653512597084 0.001754796685418114
0.03776421211659908 0.00121112001943402
0.037605807185173035 0.0012042439775541425
0.0378030464053154 0.0012128681410104036
0.0378030464053154 0.0012128681410104036
0.03818455524742603 0.0012293593026697636
0.06027641799300909 0.001725166555843316
0.03686876222491264 0.0011705093493219465
0.037603420205414295 0.001203764957608655
0.06110002566128969 0.0017376571195200086
0.03800482302904129 0.0012216360482852906
0.04204136040061712 0.0013760427827946842
0.06113061588257551 0.0017386933759553358
0.036978844087570906 0.0011762442882172763
0.038038220256567 0.0012231591972522438
0.038038220256567 0.0012231591972522438
0.03735511004924774 0.0011925993312615901
0.04213677253574133 0.001381809008307755
0.04213677253574133 0.001381809008307755
0.03829680662602186 0.0012341067485976964
0.03829680662602186 0.0012341067485976964
0.06244214018806815 0.0017588331102160737
0.03756673168390989 0.001202495041070506
0.0581830395385623 0.0016882603813428432
0.03778316546231508 0.0012119724124204367
0.03778316546231508 0.0012119724124204367
0.037202101200819016 0.0011861337698064744
0.06252904422581196 0.001760115468641743
0.060839655343443155 0.0017340316844638437
0.03702146280556917 0.00117758713895455
0.04182145465165377 0.001362658222205937
0.04182145465165377 0.001362658222205937
0.03705722372978926 0.0011794200690928847
0.03705722372978926 0.0011794200690928847
0.037608899641782045 0.0012046168849337846
0.0627684541977942 0.001764236090821214
0.03806406073272228 0.001224060426466167
0.03806406073272228 0.001224060426466167
0.03781165461987257 0.00121325979125686
0.03781165461987257 0.00121325979125686
0.03823500219732523 0.0012315697968006134
0.03823500219732523 0.0012315697968006134
0.038088735193014145 0.0012253386958036572
0.03820157330483198 0.001229986606631428
0.03820157330483198 0.001229986606631428
0.038280666805803776 0.0012335486244410276
0.037732938304543495 0.0012097264407202601
0.061504729092121124 0.0017451171879656613
0.061504729092121124 0.0017451171879656613
0.04204634577035904 0.0013766898191533983
0.03806826751679182 0.001224437146447599
0.03710948722437024 0.001181829400593415
0.037420911248773336 0.0011960429255850613
0.06173839094117284 0.0017480840906500816
0.06173839094117284 0.0017480840906500816
0.0372757357545197 0.0011895761417690665
0.03722998732700944 0.0011873794719576836
0.037085019052028656 0.0011803250235971063
0.037085019052028656 0.0011803250235971063
0.042033977806568146 0.0013757493143202737
0.03718611132353544 0.0011851030576508492
0.036870567593723536 0.0011707839439623058
0.036870567593723536 0.0011707839439623058
0.036714937537908554 0.0011629708751570433
0.038678381592035294 0.0012502565659815446
0.03843159507960081 0.0012400933483149856
0.03843159507960081 0.0012400933483149856
0.038014124147593975 0.0012221350916661322
0.059410376474261284 0.001709738076897338
0.03734786529093981 0.0011924779682885855
0.03734786529093981 0.0011924779682885855
0.061592469457536936 0.0017456449859309942
0.061592469457536936 0.0017456449859309942
0.04196259379386902 0.0013716774992644787
0.03837832249701023 0.0012378435203572735
0.04227411840111017 0.001387784126563929
0.061870303470641375 0.0017501572001492605
0.037909272126853466 0.0012167887762188911
0.037909272126853466 0.0012167887762188911
0.037752156145870686 0.0012106752838008106
0.03859641868621111 0.0012470392975956202
0.06089814752340317 0.0017348283727187663
0.038329497911036015 0.001235614632605575
0.06172278244048357 0.001747319067362696
0.06172278244048357 0.001747319067362696
0.042203787714242935 0.001385236217174679
0.03743549715727568 0.001196681900182739
0.0382221695035696 0.0012311852187849581
0.037301392294466496 0.0011900942772626877
0.03730255365371704 0.0011901693069376051
