0.030738082867421454 0.0007710786843079809
0.03136326943545052 0.0008136974199283209
0.03140172749308812 0.0008726658792497176
0.03221737314803151 0.000883139334773157
0.032229339741816534 0.000902697919506605
0.03280081176355552 0.0009074846415190834
0.033164490279698075 0.0009352616404509242
0.03371052666769935 0.0009679290494141509
0.034058680444265924 0.0010301882095071564
0.03483325816038823 0.0010552041041503929
0.03515486251338297 0.0010578690373635451
0.03536696455878206 0.0010578779089940493
0.03537014206854909 0.0010765860654228484
0.035761675159046324 0.0010806116400826837
0.03578089651743628 0.0010905702079858299
0.03579757319774422 0.0010932644150309406
0.03580332264257004 0.0011088059086306536
0.035927278486864396 0.0011186596610163958
0.0361842959183397 0.00112054751077565
0.036226292950061544 0.0011275556951660238
0.036282707234969486 0.0011309048239817698
0.03651129966819898 0.0011357183621755723
0.03691005303574362 0.0011446627945935906
0.03698989862904051 0.0011550711806583515
0.03704474185699051 0.0011603620528063945
0.03728702923895265 0.0011673467248268028
0.03732833409254481 0.0011736935452473318
0.03750178351741785 0.0011743336515133136
0.03754937239260443 0.0011750848106997682
0.03768519033597857 0.0011756382877235363
0.03772142133740753 0.0011789931501134322
0.03772142133740753 0.0011789931501134322
0.037915711718262635 0.0011826061072934897
0.037932506510833006 0.0011925403501435016
0.03808657190358616 0.0011954679843575965
0.03812911644307737 0.0011973316234270947
0.038212351533015 0.0012046651482343137
0.03826367318904281 0.0012088740826283065
0.038526988774419235 0.0012143469458831071
0.0385562799277619 0.0012178986068085906
0.038567308463647074 0.001226732280616787
0.038569188195415445 0.0012278869167049985
0.038823875663532084 0.0012335797987010101
0.038930503736413456 0.0012336946327041504
0.03896242060804286 0.0012346419343203883
0.038991055762737384 0.0012459590343467967
0.03901937295585797 0.001247608708967807
0.03916957592643458 0.0012505712086464094
0.039211429970092804 0.0012519381301169179
0.03921744666259276 0.001260439523006499
0.03934868649601654 0.0012657139474352272
0.03963046428204082 0.0012705895830526597
0.0397770887659423 0.0012733288246126568
0.039829222187468184 0.001279971426244142
0.039986450796060134 0.0012813550329875863
0.04009180261608891 0.0012935308285543226
0.040166072929150656 0.0012967951926489345
0.04017516556329087 0.0013039443058562381
0.040395648927529906 0.0013047941288445563
0.04059843087181034 0.0013130473619557574
0.040663221695291685 0.0013139177623417973
0.04083557513310346 0.0013205314592557279
0.04085384201484305 0.0013262877812626123
0.04097994917993237 0.0013281505965775237
0.04109437430326615 0.001334913202059868
0.04127658971414562 0.0013383374432871034
0.04137437772821982 0.0013469026019042826
0.04144310733402419 0.0013474135951828808
0.04173187204105382 0.0013573812527827348
0.04195477574667127 0.001363471879619701
0.0420188029673496 0.0013704627151321764
0.042229549163746355 0.0013758826555772708
0.04226917955360043 0.0013823183263125547
0.04228158258093716 0.0013847382840724474
0.0423615084665873 0.0014017986769742322
0.043570214878325395 0.001404873687173125
0.043975598173346606 0.0014054999042232004
0.044006606249370334 0.001431879810078364
0.0440350663171068 0.0014360516846827873
0.04457770216814657 0.0014407921585974466
0.045728763149084445 0.001447330866806591
0.0460781993363843 0.001453914096768694
0.0460781993363843 0.001453914096768694
0.04614577557474536 0.0014711214349921826
0.04697923957356778 0.0014743152139233859
0.04697923957356778 0.0014743152139233859
0.04698847739443828 0.001477526236585713
0.04731865993650413 0.0014825182432919247
0.047767694220346324 0.0014888029472916692
0.04846080238778626 0.0015001104267755557
0.04846081266510019 0.001501138464945314
0.048489975456784754 0.0015138785168191992
0.04971278920329941 0.0015260809290584287
0.04996080874546549 0.0015301082219621527
0.050313267733751624 0.0015392725998997175
0.05112175465328933 0.0015493317532505266
0.05165871643458903 0.0015515592378943228
0.05186867988383223 0.001560933641089468
0.05235660461022701 0.001562047923790554
0.05272951497894506 0.0015680491095725509
0.052888482397061704 0.0015691957687382697
0.052928977429982337 0.0015799550066408702
0.05301679421396875 0.0015843159990205765
0.05342694996785392 0.001589039581342446
0.05361505408056741 0.0015922741547773438
0.053634400951138785 0.001594734585316797
0.05449955669713294 0.0016058667655628705
0.05488914050585948 0.0016087661564924735
0.05504805063081884 0.001611677126924084
0.055272223795864994 0.0016165527440125424
0.055805263609035025 0.0016241257660437728
0.056790367615428605 0.0016241281588282245
0.05696989023952108 0.0016304654959307546
0.057062132634448794 0.0016310092353533311
0.05735118501981773 0.0016468197878228936
0.058299979811642616 0.0016526652185900955
0.058520114148018165 0.001659316173187396
0.05947705948480785 0.0016668506032209247
0.05981706217892978 0.001674648436739824
0.05984359263485654 0.001684699218153436
0.061024744768222144 0.0017034727860759818
0.061105277066016706 0.0017060144304112683
0.061752288950818156 0.0017181033495064432
0.0631197314735652 0.001720798221932045
0.06523899192884972 0.001749617770105817
0.0678228624117547 0.0017614711327782991
0.06901745358568763 0.0017999958661079998
0.06931083936705296 0.0018015670220305903
0.06931083936705296 0.0018015670220305903
0.0693551912635112 0.0018089986220333181
0.0709934373806964 0.001809125786020527
0.07329147751344485 0.0018350665708030843
