0.02996928613722731 0.0007687841913514008
0.03090817004520773 0.0007835857039808736
0.03090817004520773 0.0007835857039808736
0.030970481905552592 0.0008076839503434524
0.030970481905552592 0.0008076839503434524
0.031225498101132537 0.0008547983037821671
0.03126422316523561 0.0008566950716992144
0.03161564822748718 0.0009072847901046762
0.032046712428621775 0.0009327623749226522
0.03289942957464743 0.0009571957961191417
0.03289942957464743 0.0009571957961191417
0.03293723460612112 0.0009705502815811583
0.03345402554966636 0.0009711726829042905
0.03346725884304754 0.0009740615072066692
0.03354093763014186 0.0009908639779550418
0.03375693581137104 0.0010024286810488188
0.034191432843534965 0.0010154189844505494
0.03430175577996732 0.0010168095363026946
0.034328597344054856 0.0010216143555804586
0.03438380172171204 0.0010236096646444946
0.03454993642037233 0.001037465618665031
0.034558029794087314 0.0010498606131354364
0.03489813017137196 0.0010580802537638434
0.03492725997667624 0.0010677238200299602
0.035060023206389096 0.0010750587089793577
0.0354764987881618 0.001096837777142905
0.03557294810721903 0.0011048161784030651
0.03592904772022909 0.0011179157156996447
0.03606807456793601 0.0011207750977902473
0.03612138855950637 0.0011251746424278113
0.036317527057238425 0.0011252488657887707
0.036430473602689126 0.0011271938812815528
0.036448007270601296 0.0011369305817720934
0.03664426311055151 0.0011385402202523619
0.03677277400575755 0.0011444721277149737
0.0368531625865451 0.0011563392674814107
0.0371362531050147 0.0011596294873105941
0.03719353231519522 0.0011608726218276
0.037298287080748616 0.0011623159935867107
0.03731239437000857 0.0011704230556990507
0.037485045480279575 0.0011769533661899747
0.03750480313528341 0.0011771298696262509
0.03759959664022637 0.001178772051755444
0.03762050941736495 0.0011833814005380355
0.037708160426390525 0.001196604413253357
0.03799317039325187 0.0012060669940777919
0.03831719763098858 0.0012111459383237443
0.03842073182156819 0.0012119359209508994
0.03850684636640631 0.0012149345322176439
0.038515246684654975 0.0012234043156534478
0.038515246684654975 0.0012234043156534478
0.038568581680162826 0.0012278931239722798
0.03861601552686039 0.001229360995956179
0.03863417886628409 0.001231535273332215
0.038711177814350295 0.0012333648744707751
0.03871544988533034 0.0012350024337438076
0.038790515853757174 0.0012432316934526556
0.03904630179834025 0.0012448662508167795
0.03908289756113888 0.0012456469787310886
0.03909305645155206 0.0012514077144593063
0.039218463344050956 0.0012546179515897605
0.03927210346053507 0.0012587375806272978
0.03928561175689095 0.0012593278570350445
0.03939536255564148 0.001262135702114333
0.03941426480741638 0.001263881371865286
0.03948913427446864 0.0012641821071179447
0.039535436543110376 0.0012711293968573774
0.03953715964839806 0.0012715822720049648
0.03970004792030023 0.001272744024922549
0.03972921861354083 0.0012739347980054998
0.039775744957803505 0.0012768610584857122
0.03984004984547813 0.0012794471298284238
0.039851187489162505 0.0012836008321314486
0.03990835984604008 0.0012837008823426222
0.039946402314752126 0.001289573208300157
0.04005741339607303 0.0012924045136509178
0.04005741339607303 0.0012924045136509178
0.04010067411373994 0.0012968017941253056
0.04010067411373994 0.0012968017941253056
0.04015175591027459 0.0012972168580706535
0.040215780690529904 0.001300712940114231
0.04028229945182779 0.0013044317125672402
0.04044696245528713 0.0013050080126220795
0.040467155030590556 0.0013061195597202843
0.04053185252151782 0.0013148342630611132
0.040749298583736375 0.001316389518688071
0.040776403483821576 0.0013169623703468748
0.040790837996525955 0.0013175740131041239
0.04081514081619233 0.0013212806185911386
0.04083207814842661 0.0013251342849949772
0.04085067078540733 0.0013302952569792586
0.04086713444765244 0.0013330852055973006
0.040985464582793736 0.0013351751152727153
0.04122890890978945 0.0013398275664405726
0.04122890890978945 0.0013398275664405726
0.04123644925953425 0.001342301744712428
0.0413644158104409 0.0013435088249568316
0.04136882229834668 0.0013488565220090404
0.04139937880605912 0.0013525386853898498
0.04154802879598943 0.0013586205371907915
0.041718374837183214 0.001365960614045661
0.04176775249764848 0.0013664988812427078
0.041955794157023704 0.0013677187143020363
0.041979816135223266 0.0013750901741685561
0.04205148815277531 0.0013812115261110963
0.04225006102668883 0.0013828403571984284
0.04229062324627497 0.0013848294583513584
0.04235539337733828 0.0013849518385723922
0.04235931175771144 0.0013883957921380747
0.04244927797884181 0.0013892081788551397
0.04267858613974352 0.001393023408040435
0.04274617327810169 0.0014038112599342569
0.042886904568041714 0.0014090070951033105
0.04294760816921039 0.0014095507336421157
0.04329079149012614 0.0014105140737824603
0.043596473984804526 0.0014239692941559192
0.0439152685281319 0.0014259758065594107
0.0439152685281319 0.0014259758065594107
0.04393045272125935 0.001428893840174865
0.04410907999745557 0.0014305945849016556
0.044740913053898074 0.0014414364163031757
0.045127312080935095 0.0014440807008870365
0.045382478046692334 0.0014443840552747747
0.04555540690048101 0.0014488950199714125
0.04588391999830822 0.0014534500775219687
0.046012827130424705 0.001463477017274917
0.04613629677891719 0.0014639084847023862
0.04639091407658128 0.0014668480166922565
0.04655540069071281 0.0014684121031874747
0.047021538492740586 0.0014732172172856998
0.047026823587155674 0.0014806392266657432
0.047026823587155674 0.0014806392266657432
0.04827194136987313 0.0014948989911156253
0.04891687292496884 0.0015118124312686859
0.04957456997050691 0.0015154808672911907
0.04989443973755822 0.001525866898904033
0.050705590811600115 0.0015356961117524914
0.050914165546652734 0.0015448872326839142
0.05125739753063684 0.0015513365839934425
0.05198154921847917 0.0015578134134522704
0.05230578345787816 0.0015662917663407366
0.05294138328657216 0.001569757257151608
0.05297917856363933 0.0015699760081034954
0.05311300297736489 0.001572557520760984
0.053118202686051164 0.0015749635558718164
0.05319454811009359 0.001582807092260212
0.05319454811009359 0.001582807092260212
0.053823955049004 0.0015866356975657932
0.053823955049004 0.0015866356975657932
0.053823955049004 0.0015866356975657932
0.053823955049004 0.0015866356975657932
0.054043483071308185 0.001588757557402965
0.05413814768871933 0.0015976579030210548
0.05434277380354606 0.0016037850857443668
0.054655290933068 0.0016098930909750609
0.05491120039409231 0.0016115529226741906
0.055139858230338644 0.0016132507304357922
0.05543603556588839 0.0016146236537513277
0.05559343884118893 0.001617272581329487
0.05563530866720313 0.0016228158373183263
0.055906264302228025 0.001628414221146943
0.0559165111814678 0.0016325276599791223
0.0562170706107849 0.001633488268017103
0.05646978968329158 0.0016398187550384171
0.05677911188573664 0.001652776260690679
0.05707826396176686 0.0016561670471384646
0.05709606294715465 0.0016564821454142183
0.0571571091611828 0.0016575726505059347
0.05749905952968417 0.001658578566404448
0.0575719229157853 0.0016646663622205213
0.05762579992730556 0.00166920942107536
0.0584545332118475 0.0016730603893891634
0.05849922606643711 0.001673205805098738
0.058583987751882366 0.0016772974008612113
0.058619352272250735 0.001677993128946855
0.0587183754021213 0.0016841486655439673
0.05879618074858929 0.001687030833166969
0.05936939434240625 0.0016875251779225006
0.059648842493818244 0.0017050754551021687
0.060355216594249805 0.0017107779588224656
0.060637438726304366 0.0017131041085131906
0.060960695629917516 0.0017247726741282813
0.06108776481300945 0.0017266324853986619
0.061548017535699356 0.0017325199436312275
0.06184508983769207 0.0017343581903552347
0.06190973467326828 0.0017426456800378484
0.062217347205253515 0.0017546488987461389
0.06309805529477414 0.0017653973522064434
0.06309805529477414 0.0017653973522064434
0.06309805529477414 0.0017653973522064434
0.06313940731068124 0.0017689873233129815
0.06313940731068124 0.0017689873233129815
0.06388146210320648 0.0017696852200868162
0.06390739739871368 0.0017735346324888421
0.06417568282577268 0.0017789103322531658
0.06515710377415686 0.001778978276081687
0.06523564283808943 0.0017803024945488135
0.06532994776900915 0.0017824438209751384
0.06568677556980736 0.0017828391759920643
0.0658873394168449 0.001791208148484373
0.0659777378973966 0.0017962433588596541
0.06639062665012246 0.0017997762033920377
0.06639882259039188 0.0018121646927177987
0.06710796328521233 0.0018126381305998834
0.06823981483585774 0.001816405744839121
0.06866962030852979 0.0018454598415634635
0.06954289851114229 0.0018512052828332775
0.0714320362463908 0.0018600110312821966
0.07192750873483232 0.0018817103523043174
0.07214633053686664 0.001895019774952112
0.0749643732047269 0.0019052183243524572
0.07517622617454849 0.0019395308938990655
0.07828110523740438 0.001979054513124728
0.07907128894102063 0.0019995548898921554
