0.03052848767815008 0.0007350191333000383
0.030848349754265404 0.0007448175993975332
0.031151847633679536 0.0007520991222506762
0.03135320936617392 0.0007583152016391228
0.03145624447980542 0.0007602008295317495
0.03152687269878998 0.0007725782692214308
0.03154104145172157 0.0007935606405673546
0.03158961686224025 0.0008521731456157618
0.03230047966300305 0.0008976312043039237
0.03318303179305542 0.0009455091288417439
0.03366602141384298 0.0009519624689441199
0.03395205947459814 0.0009611418391239455
0.03399626409855131 0.0009727186026657416
0.034384050560063814 0.0009924235966892914
0.03438687494741919 0.0009990357413959684
0.03445605709556832 0.0010081608583755307
0.03467825897986733 0.001008216913797981
0.03473522345179708 0.001014282556233504
0.034791833355848616 0.0010260949872119562
0.03489859966306819 0.0010327614949511741
0.03492380624120254 0.001033910519979286
0.03496832808902344 0.0010402690054616165
0.03520706397392076 0.0010599931019085363
0.03541275878271988 0.0010712800646508704
0.03562470168355307 0.0010719854939046274
0.035639110957909025 0.0010756582053610194
0.035745977238201686 0.0010830521465860366
0.03585741026801469 0.0010851000516098237
0.03597440291821602 0.001100878224965149
0.03627150686566858 0.0011183102701328006
0.03666060959456231 0.0011260553417594874
0.036848854631217495 0.0011306941066232927
0.037092542905244025 0.001134330568902836
0.03710578590215148 0.0011366337880893114
0.03719260029604425 0.0011472875033716112
0.0373017963028356 0.0011489223406028857
0.03731677001158104 0.0011513476137931058
0.037331256143777136 0.0011529059189693673
0.037472991607622304 0.0011580309601069145
0.03756212378103209 0.0011631910792540994
0.03767440045418322 0.0011764419526410514
0.03777651693222775 0.0011833331412949215
0.03811950856139055 0.001188764048943262
0.03846154824338462 0.0011993790518183192
0.03855526687105021 0.0012060389215545904
0.03882683265003244 0.0012117464715337499
0.038842995598596025 0.0012141737505600469
0.03890663474896491 0.001219998802273566
0.03896438495116994 0.001221210002841732
0.03922635751830238 0.0012273971986438786
0.039260159721492716 0.0012338014437582195
0.03927391806502415 0.001248188977786072
0.039393919157021756 0.0012592262885079654
0.039393919157021756 0.0012592262885079654
0.03990157385952728 0.0012623589529996825
0.04006601652324312 0.001275621336723428
0.04039299970430595 0.0012785386788779123
0.04039530195997134 0.0012847141058676822
0.040429166407580555 0.0012852075320849497
0.0405214691006195 0.0012883663048120723
0.04057684954352509 0.0012914549657354283
0.04060999926713358 0.0013023847787861937
0.04063164292164569 0.0013037712147276753
0.04070899848488746 0.0013157329764738664
0.041249154764826296 0.0013381339504106018
0.0418199104167576 0.001341106664907887
0.04188891715464469 0.0013563633965634823
0.04222209923958728 0.00136713526922305
0.04250050919874521 0.0013945908316282782
0.043805198819861633 0.0014249368151619099
0.04425605354807405 0.0014352000489521687
0.0456336648424134 0.0014537821012551551
0.046017224253059874 0.0014550525258167101
0.046043069161304316 0.0014621221582374962
0.046043069161304316 0.0014621221582374962
0.04647089903159205 0.001466768294815019
0.04748111676260237 0.0014755481620988462
0.048102978800366486 0.001477995473019219
0.048251108971087905 0.0014954254706406064
0.048576195346959845 0.001499890770436357
0.04887582902380147 0.001505268968690524
0.04932908217857444 0.0015059251549619694
0.04969653450114353 0.0015163898784632634
0.04969653450114353 0.0015163898784632634
0.050205820633480204 0.0015266566704918905
0.05036994397559449 0.001528079970440368
0.05055309510073011 0.001539651110913834
0.05145257627179174 0.0015498019878029247
0.05204516646836643 0.0015657460231223827
0.05209319800305969 0.0015677388727731955
0.052540339643441326 0.0015703738446609188
0.05311560331129833 0.0015821404429314809
0.053551161157073174 0.001589450187318383
0.053708407005629726 0.0015962911294545184
0.05428348692280299 0.001597201647623561
0.05466628903998877 0.0016059099187740555
0.05513782076641509 0.001609786993764731
0.055168059648150344 0.001611959559593026
0.055695687862433035 0.0016154492090213936
0.05581774004278794 0.0016184534854985174
0.056459977283854074 0.0016289695688246498
0.056543105183979904 0.0016319307590967258
0.056772991869965456 0.0016432553796086949
0.05779737670883672 0.0016508966587658156
0.058066416983347205 0.0016549662366162339
0.05812917765947137 0.0016670336074469587
0.058353444161961865 0.0016719308360578374
0.0586135364532447 0.0016758727263003585
0.058750324293663184 0.00167966616545237
0.058919726053665605 0.0016884822453160963
0.05907531896492431 0.0016940854043739637
0.05984219909297374 0.0017043731670345888
0.06097002473376847 0.0017045192675175505
0.06112350637251149 0.001716333498277084
0.06142246297115118 0.0017306611596508603
0.0619419091177012 0.00173227009341241
0.06283300974211609 0.0017527227530259024
0.06682185948965233 0.0017531861656190177
0.06768886162044434 0.0017878470882834426
0.06797163593378563 0.001796793186037607
0.07281704517741175 0.001801266703462724
0.07287499597152068 0.0018050260736023238
0.07287499597152068 0.0018050260736023238
0.07299545778845741 0.0018408709497581067
0.07484361494909982 0.0018415044580983556
0.0748750079986576 0.0018553809928166939
0.07497489840876644 0.0018593883289291175
0.07657756037844465 0.0019045522172253882
0.07657756037844465 0.0019045522172253882
0.07743702108390164 0.0019277504060880469
