0.03603238137226677 0.0006769949706278376
0.03606689720324961 0.0006878267425985706
0.03606689720324961 0.0006878267425985706
0.03606689720324961 0.0006878267425985706
0.03606689720324961 0.0006878267425985706
0.03606689720324961 0.0006878267425985706
0.03606689720324961 0.0006878267425985706
0.03606689720324961 0.0006878267425985706
0.03606689720324961 0.0006878267425985706
0.03606689720324961 0.0006878267425985706
0.03606689720324961 0.0006878267425985706
0.03606689720324961 0.0006878267425985706
0.03606689720324961 0.0006878267425985706
0.036070511160665945 0.0006880442770183445
0.036070511160665945 0.0006880442770183445
0.036073073994106995 0.0007398810987076581
0.036073073994106995 0.0007398810987076581
0.036073073994106995 0.0007398810987076581
0.036073073994106995 0.0007398810987076581
0.036073073994106995 0.0007398810987076581
0.036073073994106995 0.0007398810987076581
0.03621960096065379 0.0008266677570465824
0.036247948911111307 0.0008439592049708361
0.036247948911111307 0.0008439592049708361
0.036247948911111307 0.0008439592049708361
0.036247948911111307 0.0008439592049708361
0.036247948911111307 0.0008439592049708361
0.036247948911111307 0.0008439592049708361
0.036274173787924795 0.0008515191204007074
0.03654650701773747 0.000880030357921225
0.03655447118122781 0.0008933380444849702
0.03655447118122781 0.0008933380444849702
0.03676799946302695 0.000925805902901785
0.036813838401924696 0.0009289652653972084
0.036854478377269025 0.0009356624566254467
0.03686538981184036 0.000937087505502531
0.0370035013904882 0.0009629534995239522
0.0370035013904882 0.0009629534995239522
0.0370035013904882 0.0009629534995239522
0.0370050087121304 0.0009631944185183537
0.0370050087121304 0.0009631944185183537
0.0370050087121304 0.0009631944185183537
0.0370050087121304 0.0009631944185183537
0.0370050087121304 0.0009631944185183537
0.0370050087121304 0.0009631944185183537
0.0370050087121304 0.0009631944185183537
0.0370050087121304 0.0009631944185183537
0.0370050087121304 0.0009631944185183537
0.0370050087121304 0.0009631944185183537
0.0370050087121304 0.0009631944185183537
0.0370050087121304 0.0009631944185183537
0.03702195636019418 0.0009694860629969118
0.03715268207407442 0.0009829940932766118
0.03715268207407442 0.0009829940932766118
0.03715268207407442 0.0009829940932766118
0.03715268207407442 0.0009829940932766118
0.03721790802669833 0.0009955989876661285
0.03732371129759894 0.0009969633868051387
0.03732371129759894 0.0009969633868051387
0.03739673654235637 0.0009993897232382285
0.03743128386318223 0.0009995900677156467
0.037471054333477805 0.0010012377247114118
0.037471054333477805 0.0010012377247114118
0.037510889320511595 0.0010132687847973457
0.03776214593495569 0.001040362846113898
0.03824262514694739 0.0010503205284866253
0.03824686651960066 0.0010512951005140672
0.03827503730046587 0.0010527638178119154
0.03853261193111056 0.0010795201964364407
0.03927860039870723 0.0010867955225834967
0.03927882372389728 0.0010884107269863422
0.039400754877107924 0.0010947951388633496
0.039400754877107924 0.0010947951388633496
0.03949087358641325 0.0010972659270287054
0.039588566754346785 0.0011024537484765604
0.03964365022190049 0.0011041477131024185
0.039686951361018366 0.0011052168352600382
0.039696014785062766 0.0011111479856283852
0.039696014785062766 0.0011111479856283852
0.039696014785062766 0.0011111479856283852
0.039696014785062766 0.0011111479856283852
0.039696014785062766 0.0011111479856283852
0.03973874829630047 0.0011121003116987885
0.039876497705938665 0.0011123177758999923
0.03987771345541215 0.001112959412086123
0.03990202125911976 0.001113046720302036
0.04010466185159485 0.0011170103743080215
0.04010466185159485 0.0011170103743080215
0.04024234835117212 0.0011182613213876218
0.04024234835117212 0.0011182613213876218
0.04024234835117212 0.0011182613213876218
0.04038586825260341 0.0011196993973708672
0.040683762082417405 0.0011237271541691277
0.04071020246325713 0.0011252643554709966
0.040729112758539354 0.0011425841101025634
0.040999967890196096 0.0011489544250381744
0.041076101106784835 0.0011516895561974629
0.041076101106784835 0.0011516895561974629
0.041155909925899264 0.0011540726353097563
0.04116111079252193 0.001154255823605412
0.04116111079252193 0.001154255823605412
0.04116111079252193 0.001154255823605412
0.04116111079252193 0.001154255823605412
0.04116111079252193 0.001154255823605412
0.041473532803578045 0.0011553362581301486
0.04151573234932928 0.0011616078271177773
0.041588847503888374 0.0011617159188436917
0.041588847503888374 0.0011617159188436917
0.04165992636637436 0.0011630870839583855
0.041829347286099015 0.0011732737242469574
0.041829347286099015 0.0011732737242469574
0.041829347286099015 0.0011732737242469574
0.041830606024656485 0.0011732851646210464
0.04207659511483636 0.0011746347820610233
0.04207659511483636 0.0011746347820610233
0.04218596078212168 0.001176513726809047
0.04218596078212168 0.001176513726809047
0.04225389853885804 0.001176911466487544
0.04225389853885804 0.001176911466487544
0.04225389853885804 0.001176911466487544
0.04225389853885804 0.001176911466487544
0.04225389853885804 0.001176911466487544
0.04225389853885804 0.001176911466487544
0.04225389853885804 0.001176911466487544
0.042476130940382426 0.001183346892964459
0.04260988763044725 0.0011860053426665418
0.042816543150489016 0.0011863998770200459
0.042832015669112516 0.0011934524871837547
0.042832015669112516 0.0011934524871837547
0.042832015669112516 0.0011934524871837547
0.042832015669112516 0.0011934524871837547
0.042832015669112516 0.0011934524871837547
0.042832015669112516 0.0011934524871837547
0.042832015669112516 0.0011934524871837547
0.04293804703871755 0.0011991013526723242
0.04304678555827195 0.0012015827828813852
0.04304678555827195 0.0012015827828813852
0.04304678555827195 0.0012015827828813852
0.04304678555827195 0.0012015827828813852
0.04304678555827195 0.0012015827828813852
0.04304678555827195 0.0012015827828813852
0.043079162290232786 0.0012025002476750962
0.04326209500998625 0.001205639879585333
0.04326209500998625 0.001205639879585333
0.04326209500998625 0.001205639879585333
0.04327749513048458 0.0012081360898770791
0.043845335867979625 0.001213792018460146
0.04388008149013628 0.001215627545829232
0.044064143096306366 0.0012166277917324293
0.044064143096306366 0.0012166277917324293
0.044064143096306366 0.0012166277917324293
0.044064143096306366 0.0012166277917324293
0.044064143096306366 0.0012166277917324293
0.044064143096306366 0.0012166277917324293
0.044064143096306366 0.0012166277917324293
0.044064143096306366 0.0012166277917324293
0.044064143096306366 0.0012166277917324293
0.044064143096306366 0.0012166277917324293
0.044064143096306366 0.0012166277917324293
0.044064143096306366 0.0012166277917324293
0.044064143096306366 0.0012166277917324293
0.044064143096306366 0.0012166277917324293
0.044064143096306366 0.0012166277917324293
0.04406816985118006 0.001217624935057297
0.04414220973509966 0.0012179684394965687
0.04414220973509966 0.0012179684394965687
0.04414220973509966 0.0012179684394965687
0.04414220973509966 0.0012179684394965687
0.04414220973509966 0.0012179684394965687
0.04414220973509966 0.0012179684394965687
0.04414220973509966 0.0012179684394965687
0.04414220973509966 0.0012179684394965687
0.04414220973509966 0.0012179684394965687
0.04414220973509966 0.0012179684394965687
0.04414220973509966 0.0012179684394965687
0.04414220973509966 0.0012179684394965687
0.04414220973509966 0.0012179684394965687
0.04414220973509966 0.0012179684394965687
0.04414220973509966 0.0012179684394965687
0.04414220973509966 0.0012179684394965687
0.04414220973509966 0.0012179684394965687
0.04414220973509966 0.0012179684394965687
0.04414220973509966 0.0012179684394965687
0.04414220973509966 0.0012179684394965687
0.04414220973509966 0.0012179684394965687
0.04414220973509966 0.0012179684394965687
0.04414220973509966 0.0012179684394965687
0.04414220973509966 0.0012179684394965687
0.04414341002169042 0.00121798904915244
0.04415872200744249 0.0012180752965084472
0.04415872200744249 0.0012180752965084472
0.04418291219830846 0.0012186674215728054
0.04418291219830846 0.0012186674215728054
0.04418291219830846 0.0012186674215728054
0.04418291219830846 0.0012186674215728054
0.044197969847178345 0.0012189260093691343
0.044197969847178345 0.0012189260093691343
0.04421102901413082 0.0012244495798188063
0.04424700375399107 0.001225322337778376
0.04424700375399107 0.001225322337778376
0.04424700375399107 0.001225322337778376
0.04424700375399107 0.001225322337778376
0.04430140145150269 0.0012268635142616328
0.04430216751790267 0.0012286462293415467
0.04430216751790267 0.0012286462293415467
0.04430216751790267 0.0012286462293415467
0.04430216751790267 0.0012286462293415467
0.04430216751790267 0.0012286462293415467
0.04430216751790267 0.0012286462293415467
0.044347874607062285 0.0012289202520946022
0.044347874607062285 0.0012289202520946022
0.044355734116649656 0.0012297567704651008
0.044355734116649656 0.0012297567704651008
0.044355734116649656 0.0012297567704651008
0.044355734116649656 0.0012297567704651008
0.044355734116649656 0.0012297567704651008
0.044355734116649656 0.0012297567704651008
0.044355734116649656 0.0012297567704651008
0.044355734116649656 0.0012297567704651008
0.044355734116649656 0.0012297567704651008
0.044355734116649656 0.0012297567704651008
0.044355734116649656 0.0012297567704651008
0.044355734116649656 0.0012297567704651008
0.044355734116649656 0.0012297567704651008
0.044355734116649656 0.0012297567704651008
0.044355734116649656 0.0012297567704651008
0.044355734116649656 0.0012297567704651008
0.044355734116649656 0.0012297567704651008
0.044355734116649656 0.0012297567704651008
0.044355734116649656 0.0012297567704651008
0.044355734116649656 0.0012297567704651008
0.044355734116649656 0.0012297567704651008
0.04459818428102043 0.0012324750442316368
0.04459818428102043 0.0012324750442316368
0.04464117441883918 0.0012330499784193936
0.04464117441883918 0.0012330499784193936
0.04464117441883918 0.0012330499784193936
0.04464117441883918 0.0012330499784193936
0.04464117441883918 0.0012330499784193936
0.044646680648635695 0.0012364092693779888
0.04484415482122553 0.0012441293359207804
0.04491475243176858 0.0012477075332603892
0.04515080794490044 0.0012561176365913438
0.045488978039617364 0.0012587712081216316
0.04556196771405521 0.0012601485398479621
0.045589190416290434 0.0012674477963608242
0.045589190416290434 0.0012674477963608242
0.04575693309128881 0.001271033972185359
0.04620648282839816 0.0012738133273574113
0.04620648282839816 0.0012738133273574113
0.04620648282839816 0.0012738133273574113
0.04620648282839816 0.0012738133273574113
0.04620648282839816 0.0012738133273574113
0.04620648282839816 0.0012738133273574113
0.04620648282839816 0.0012738133273574113
0.04620648282839816 0.0012738133273574113
0.04620648282839816 0.0012738133273574113
0.0466597649377591 0.0012855650897053436
0.0466597649377591 0.0012855650897053436
0.04690596949382175 0.0012865883271133013
0.047022523638142744 0.0012930445708838288
0.047022523638142744 0.0012930445708838288
0.047022523638142744 0.0012930445708838288
0.04708897130998542 0.0012937626196258632
0.04708897130998542 0.0012937626196258632
0.047509450987161146 0.0012961972848985514
0.047509450987161146 0.0012961972848985514
0.04758564730873274 0.0013028983072516937
0.04805270861226402 0.0013071035277951754
0.04805270861226402 0.0013071035277951754
0.04815518298729138 0.0013200518490997476
0.05027757974491734 0.0013222428857907536
0.05113867651569018 0.0013238205189241266
0.051337155346668654 0.0013463168577305474
0.051337155346668654 0.0013463168577305474
0.051337155346668654 0.0013463168577305474
0.051337155346668654 0.0013463168577305474
0.051351299453406725 0.0013471719316557474
