0.03626407398960434 0.000782933930261821
0.03626407398960434 0.000782933930261821
0.03626407398960434 0.000782933930261821
0.03626407398960434 0.000782933930261821
0.03626407398960434 0.000782933930261821
0.03626407398960434 0.000782933930261821
0.03626407398960434 0.000782933930261821
0.03626407398960434 0.0007829339302618211
0.03626407398960434 0.0007829339302618211
0.03626407398960434 0.0007829339302618211
0.03626407398960434 0.0007829339302618211
0.03626407398960434 0.0007829339302618211
0.03626407398960434 0.0007829339302618211
0.03626407398960434 0.0007829339302618211
0.03626407398960434 0.0007829339302618211
0.03626407398960434 0.0007829339302618211
0.0370515941774025 0.0009165331592340003
0.0370515941774025 0.0009165331592340003
0.0370515941774025 0.0009165331592340003
0.0370515941774025 0.0009165331592340003
0.0370515941774025 0.0009165331592340003
0.0370515941774025 0.0009165331592340003
0.0370515941774025 0.0009165331592340003
0.0370515941774025 0.0009165331592340003
0.0370515941774025 0.0009165331592340003
0.0370515941774025 0.0009165331592340003
0.0370515941774025 0.0009165331592340003
0.0370515941774025 0.0009165331592340004
0.03737630165924844 0.000937121235784083
0.037384412113628876 0.0009505116729764701
0.037833781097248324 0.0009621332685604923
0.03808115281213484 0.0010441130709032437
0.03808115281213484 0.0010441130709032437
0.03808115281213484 0.0010441130709032437
0.03808115281213484 0.0010441130709032437
0.03808115281213484 0.0010441130709032437
0.03808115281213484 0.0010441130709032437
0.03808115281213484 0.0010441130709032437
0.03808115281213484 0.0010441130709032437
0.03808115281213484 0.0010441130709032437
0.03808115281213484 0.0010441130709032437
0.03808115281213484 0.0010441130709032437
0.03808115281213484 0.0010441130709032437
0.03808115281213484 0.0010441130709032437
0.03808115281213484 0.0010441130709032437
0.03808115281213484 0.0010441130709032437
0.03808115281213484 0.0010441130709032437
0.03808115281213484 0.0010441130709032437
0.03808115281213484 0.0010441130709032437
0.03808115281213484 0.0010441130709032437
0.03808115281213484 0.0010441130709032437
0.03808115281213484 0.0010441130709032437
0.03808115281213484 0.0010441130709032437
0.03808115281213484 0.0010441130709032437
0.03808115281213484 0.0010441130709032437
0.03808115281213484 0.0010441130709032437
0.03808115281213484 0.0010441130709032437
0.03808115281213484 0.0010441130709032437
0.03808115281213484 0.0010441130709032437
0.038081152812134846 0.0010441130709032437
0.038081152812134846 0.0010441130709032437
0.03808115281213485 0.0010441130709032437
0.03808115281213485 0.0010441130709032437
0.03808115281213485 0.0010441130709032437
0.03808115281213485 0.0010441130709032437
0.03808115281213485 0.0010441130709032437
0.03808115281213485 0.0010441130709032437
0.03808115281213485 0.0010441130709032437
0.03808115281213485 0.0010441130709032437
0.03808115281213485 0.0010441130709032437
0.03808115281213485 0.0010441130709032437
0.03808115281213485 0.0010441130709032437
0.03808115281213485 0.0010441130709032437
0.03808115281213485 0.0010441130709032437
0.03808115281213485 0.0010441130709032437
0.03808115281213485 0.0010441130709032437
0.03808115281213485 0.0010441130709032437
0.03808115281213485 0.0010441130709032437
0.03808115281213485 0.0010441130709032437
0.03808115281213485 0.0010441130709032437
0.03808115281213485 0.0010441130709032437
0.03808115281213485 0.0010441130709032437
0.03808115281213485 0.0010441130709032437
0.03808115281213485 0.0010441130709032437
0.03808115281213485 0.0010441130709032437
0.03808115281213485 0.0010441130709032437
0.03808115281213485 0.0010441130709032437
0.03808115281213485 0.0010441130709032437
0.03808115281213485 0.0010441130709032437
0.03808115281213485 0.0010441130709032437
0.03808115281213485 0.0010441130709032437
0.03808115281213485 0.0010441130709032437
0.03808115281213485 0.0010441130709032437
0.03808115281213485 0.0010441130709032437
0.03815281668812921 0.001049135607012918
0.03815281668812921 0.0010491356070129183
0.03837704802543218 0.0010763768395710492
0.03837704802543218 0.0010763768395710492
0.03837704802543218 0.0010763768395710492
0.03837704802543218 0.0010763768395710492
0.03837704802543218 0.0010763768395710492
0.03837704802543218 0.0010763768395710492
0.03837704802543218 0.0010763768395710492
0.03837704802543218 0.0010763768395710492
0.03837704802543218 0.0010763768395710492
0.03837704802543218 0.0010763768395710492
0.03837704802543218 0.0010763768395710492
0.03837704802543218 0.0010763768395710492
0.03837704802543218 0.0010763768395710492
0.03837704802543218 0.0010763768395710492
0.03837704802543218 0.0010763768395710492
0.03837704802543218 0.0010763768395710492
0.03837704802543218 0.0010763768395710492
0.03837704802543218 0.0010763768395710492
0.03837704802543218 0.0010763768395710492
0.03837704802543218 0.0010763768395710492
0.03837704802543218 0.0010763768395710492
0.03837704802543218 0.0010763768395710492
0.03837704802543218 0.0010763768395710492
0.03837704802543218 0.0010763768395710492
0.03837704802543218 0.0010763768395710492
0.03837704802543218 0.0010763768395710492
0.03837704802543218 0.0010763768395710492
0.03837704802543218 0.0010763768395710492
0.03837704802543218 0.0010763768395710492
0.03837704802543218 0.0010763768395710492
0.03837704802543218 0.0010763768395710492
0.03837704802543218 0.0010763768395710492
0.03837704802543218 0.0010763768395710492
0.03837704802543218 0.0010763768395710492
0.03848563462435557 0.0010831141207553881
0.03848563462435557 0.0010831141207553881
0.03848563462435557 0.0010831141207553881
0.03848563462435557 0.0010831141207553881
0.03848563462435557 0.0010831141207553881
0.03848563462435557 0.0010831141207553881
0.03848563462435557 0.0010831141207553881
0.03848563462435557 0.0010831141207553881
0.03848563462435557 0.0010831141207553881
0.03848563462435557 0.0010831141207553881
0.03848563462435557 0.0010831141207553881
0.03848563462435557 0.0010831141207553881
0.03848563462435557 0.0010831141207553881
0.03848563462435557 0.0010831141207553881
0.03848563462435557 0.0010831141207553881
0.03848563462435557 0.0010831141207553881
0.03848563462435557 0.0010831141207553881
0.03848563462435557 0.0010831141207553881
0.03848563462435557 0.0010831141207553881
0.03848563462435557 0.0010831141207553881
0.03848563462435557 0.0010831141207553881
0.03848563462435557 0.0010831141207553881
0.03848563462435557 0.0010831141207553881
0.03848563462435557 0.0010831141207553881
0.03848563462435557 0.0010831141207553881
0.03848563462435557 0.0010831141207553881
0.03848563462435557 0.0010831141207553881
0.03848563462435557 0.0010831141207553881
0.03848563462435557 0.0010831141207553881
0.03848563462435557 0.0010831141207553881
0.03848563462435557 0.0010831141207553881
0.03848563462435557 0.0010831141207553881
0.03848563462435557 0.0010831141207553881
0.03848563462435557 0.0010831141207553881
0.03848563462435557 0.0010831141207553881
0.039083028402216474 0.0010946931233802109
0.03958034484922525 0.0011106460741419806
0.03958034484922525 0.0011106460741419806
0.03958034484922525 0.0011106460741419806
0.03958034484922525 0.0011106460741419806
0.03958034484922525 0.0011106460741419806
0.03958034484922525 0.0011106460741419806
0.03958034484922525 0.0011106460741419806
0.03958034484922525 0.0011106460741419806
0.03994915742677295 0.0011175067805107523
0.04267998269744849 0.001202982158633693
0.04267998269744849 0.0012029821586336932
0.0426799826974485 0.0012029821586336932
0.04267998269744851 0.0012029821586336932
0.04267998269744851 0.0012029821586336932
0.04267998269744851 0.0012029821586336932
0.04267998269744851 0.0012029821586336932
0.04267998269744851 0.0012029821586336932
0.04267998269744851 0.0012029821586336932
0.04267998269744851 0.0012029821586336932
0.04267998269744851 0.0012029821586336932
0.04267998269744851 0.0012029821586336932
0.04267998269744851 0.0012029821586336932
0.04267998269744851 0.0012029821586336932
0.043284938080230095 0.0012158080857717004
0.043284938080230095 0.0012158080857717004
0.04339491607624933 0.00122029699012154
0.04339491607624933 0.00122029699012154
0.043629361030449246 0.0012215403692374522
0.043629361030449246 0.0012215403692374522
0.043629361030449246 0.0012215403692374522
0.043756473502814475 0.0012328809904649499
0.043756473502814475 0.0012328809904649499
0.043756473502814475 0.0012328809904649499
0.043756473502814475 0.0012328809904649499
0.043756473502814475 0.0012328809904649499
0.043756473502814475 0.0012328809904649499
0.043756473502814475 0.0012328809904649499
0.043756473502814475 0.0012328809904649499
0.043756473502814475 0.0012328809904649499
0.043756473502814475 0.0012328809904649499
0.043756473502814475 0.0012328809904649499
0.043756473502814475 0.0012328809904649499
0.043756473502814475 0.0012328809904649499
0.043756473502814475 0.0012328809904649499
0.043756473502814475 0.0012328809904649499
0.043756473502814475 0.0012328809904649499
0.043756473502814475 0.0012328809904649499
0.043756473502814475 0.0012328809904649499
0.043756473502814475 0.0012328809904649499
0.043756473502814475 0.0012328809904649499
0.043756473502814475 0.0012328809904649499
0.043756473502814475 0.0012328809904649499
0.043756473502814475 0.0012328809904649499
0.043756473502814475 0.0012328809904649499
0.043756473502814475 0.0012328809904649499
0.043756473502814475 0.0012328809904649499
0.043756473502814475 0.0012328809904649499
0.043756473502814475 0.0012328809904649499
0.043756473502814475 0.0012328809904649499
0.043756473502814475 0.0012328809904649499
0.043756473502814475 0.0012328809904649499
0.043756473502814475 0.0012328809904649499
0.043756473502814475 0.0012328809904649499
0.043756473502814475 0.0012328809904649499
0.043756473502814475 0.0012328809904649499
0.043756473502814475 0.0012328809904649499
0.043756473502814475 0.0012328809904649499
0.043756473502814475 0.0012328809904649499
0.043756473502814475 0.0012328809904649499
0.043756473502814475 0.0012328809904649499
0.043756473502814475 0.0012328809904649499
0.043756473502814475 0.0012328809904649499
0.043756473502814475 0.0012328809904649499
0.043756473502814475 0.0012328809904649499
0.043756473502814475 0.0012328809904649499
0.043756473502814475 0.0012328809904649499
0.043756473502814475 0.0012328809904649499
0.043756473502814475 0.0012328809904649499
0.043756473502814475 0.0012328809904649499
0.043756473502814475 0.0012328809904649499
0.043756473502814475 0.0012328809904649499
0.043756473502814475 0.0012328809904649499
0.043756473502814475 0.0012328809904649499
0.043756473502814475 0.0012328809904649499
0.04399091845701439 0.001234124369580862
0.04399091845701439 0.001234124369580862
0.04399091845701439 0.001234124369580862
0.04399091845701439 0.001234124369580862
0.044125286080362175 0.0012397416968337215
0.044705851835815213 0.001251439201068709
0.049023291957769374 0.0013330472545466892
0.049023291957769374 0.0013330472545466892
0.049023291957769374 0.0013330472545466892
0.049023291957769374 0.0013330472545466892
0.049023291957769374 0.0013330472545466892
0.049023291957769374 0.0013330472545466892
0.049023291957769374 0.0013330472545466892
0.049023291957769374 0.0013330472545466892
0.049023291957769374 0.0013330472545466892
0.049023291957769374 0.0013330472545466892
0.049023291957769374 0.0013330472545466892
0.049023291957769374 0.0013330472545466892
0.049023291957769374 0.0013330472545466892
0.049023291957769374 0.0013330472545466892
0.049023291957769374 0.0013330472545466892
0.049023291957769374 0.0013330472545466892
0.04937527651290921 0.0013400264625256257
