0.03561881112029407 0.0004774193743633967
0.035637124018782745 0.0004784316817425698
0.03565670016170261 0.0005005314789532966
0.03566115690440282 0.0005670934869637518
0.035729109277425404 0.0005811218481097565
0.035729109277425404 0.0005811218481097565
0.035729109277425404 0.0005811218481097565
0.03573675964925847 0.0005970856544084322
0.03573675964925847 0.0005970856544084322
0.035743315391137086 0.0006356054209036342
0.0357708582552722 0.0006555071717828603
0.03580449051223267 0.0006647635274561404
0.03585371228434482 0.0007194384646751595
0.035853995053885535 0.0007194815807621024
0.035853995053885535 0.0007194815807621024
0.035856550811537824 0.0007203785403185575
0.035856550811537824 0.0007203785403185575
0.035856550811537824 0.0007203785403185575
0.035856550811537824 0.0007203785403185575
0.035856550811537824 0.0007203785403185575
0.035856550811537824 0.0007203785403185575
0.035856550811537824 0.0007203785403185575
0.03587445591733124 0.0007266621178094661
0.03587940048275348 0.000728397353694199
0.03587940048275348 0.000728397353694199
0.03590544429454569 0.00073753701674379
0.035926001181865494 0.000763456417819313
0.035981201810296765 0.0007685303375811314
0.03602659634449687 0.0007824625539834721
0.03602681714896759 0.0007943926192164226
0.0360442918045589 0.0007954038811237141
0.03604643209161565 0.0007974830734658854
0.03604963575012006 0.0008041680536116089
0.036079466424005696 0.0008166307152381147
0.03610295252159848 0.0008214402340797028
0.03613695831715121 0.0008369320256522432
0.036303190561432094 0.0008766513261546221
0.036303190561432094 0.0008766513261546221
0.036397361982368606 0.0008868405223035876
0.036462022088925 0.0008869801432476204
0.036462022088925 0.0008869801432476204
0.036462747846328726 0.0008871679207701537
0.03646823274150613 0.0008957317823102692
0.036519116428609784 0.0009056889902965782
0.036519116428609784 0.0009056889902965782
0.03655487143088844 0.0009159475256169043
0.03657622448055442 0.0009280236614587123
0.03665567356978801 0.0009446910053868565
0.03674408003160583 0.0009504739350653243
0.03674408003160583 0.0009504739350653243
0.036844293118024785 0.0009580116967841465
0.036844293118024785 0.0009580116967841465
0.03686804151141247 0.0009603578872915741
0.036918667489959305 0.00096756181942607
0.03693378497068211 0.0009758178170711956
0.03693378497068211 0.0009758178170711956
0.03693378497068211 0.0009758178170711956
0.03693378497068211 0.0009758178170711956
0.03693490569388122 0.0009758869694170005
0.036939838836702855 0.0009762680226051756
0.03694859639896326 0.0009763028041919491
0.03694859639896326 0.0009763028041919491
0.03694859639896326 0.0009763028041919491
0.03694859639896326 0.0009763028041919491
0.03694859639896326 0.0009763028041919491
0.03694859639896326 0.0009763028041919491
0.03694859639896326 0.0009763028041919491
0.03694859639896326 0.0009763028041919491
0.03694859639896326 0.0009763028041919491
0.03694859639896326 0.0009763028041919491
0.03694859639896326 0.0009763028041919491
0.03694859639896326 0.0009763028041919491
0.03694859639896326 0.0009763028041919491
0.03694859639896326 0.0009763028041919491
0.03694859639896326 0.0009763028041919491
0.03694859639896326 0.0009763028041919491
0.03694859639896326 0.0009763028041919491
0.03694859639896326 0.0009763028041919491
0.03694859639896326 0.0009763028041919491
0.03694859639896326 0.0009763028041919491
0.03694859639896326 0.0009763028041919491
0.03694859639896326 0.0009763028041919491
0.03694859639896326 0.0009763028041919491
0.03694859639896326 0.0009763028041919491
0.03694859639896326 0.0009763028041919491
0.03694859639896326 0.0009763028041919491
0.036948685316574366 0.0009763447621410527
0.036948685316574366 0.0009763447621410527
0.036948685316574366 0.0009763447621410527
0.036948685316574366 0.0009763447621410527
0.036948685316574366 0.0009763447621410527
0.036948685316574366 0.0009763447621410527
0.036948685316574366 0.0009763447621410527
0.036948685316574366 0.0009763447621410527
0.036948685316574366 0.0009763447621410527
0.036948685316574366 0.0009763447621410527
0.036956167374891206 0.0009772753457025845
0.03695941485619042 0.0009773989417348914
0.03695941485619042 0.0009773989417348914
0.03695941485619042 0.0009773989417348914
0.03695941485619042 0.0009773989417348914
0.036964845383521246 0.0009776769357440684
0.036964845383521246 0.0009776769357440684
0.03696929149364883 0.000977720871592513
0.03696929149364883 0.000977720871592513
0.03697743999745647 0.0009777362791578488
0.03697743999745647 0.0009777362791578488
0.03698024925458551 0.000978687298164611
0.03698073272296188 0.0009787140598271505
0.03698127083538187 0.0009787472516107826
0.03698577384847328 0.0009790250549379575
0.03698667006383623 0.0009790803430590803
0.036987663122728734 0.0009794206566770887
0.03699258099996971 0.000979444987906923
0.03699258099996971 0.000979444987906923
0.03699764240055627 0.0009797572290715457
0.03699764240055627 0.0009797572290715457
0.03700877297137247 0.0009804336628124449
0.03700928563271428 0.000980475507798315
0.03700941147043231 0.000980483270810738
0.037011002243692546 0.0009805814066699598
0.037011002243692546 0.0009805814066699598
0.037011002243692546 0.0009805814066699598
0.037011002243692546 0.0009805814066699598
0.037011002243692546 0.0009805814066699598
0.037011002243692546 0.0009805814066699598
0.037011002243692546 0.0009805814066699598
0.037011002243692546 0.0009805814066699598
0.037011002243692546 0.0009805814066699598
0.037011002243692546 0.0009805814066699598
0.037011002243692546 0.0009805814066699598
0.037011002243692546 0.0009805814066699598
0.03701261727883035 0.0009806810298024445
0.03701297922443169 0.0009807033584670426
0.03701297922443169 0.0009807033584670426
0.0370191806142845 0.0009810859357849097
0.03702054351549678 0.0009811129857785084
0.03702054351549678 0.0009811129857785084
0.037022156908497576 0.000981442294961201
0.0370236525369429 0.0009816481600823514
0.03703399460855006 0.0009819998303906066
0.03703781497492155 0.000982235501871964
0.03704758124482462 0.0009829717585203386
0.037047857332946285 0.0009832384334028165
0.037057254206705435 0.0009837542412781703
0.037057254206705435 0.0009837542412781703
0.03706525578028183 0.0009843042085971008
0.03707191800551593 0.00098433934048498
0.03707191800551593 0.00098433934048498
0.03707191800551593 0.00098433934048498
0.03707191800551593 0.00098433934048498
0.03707191800551593 0.00098433934048498
0.03707501980357474 0.0009844338275997427
0.03707501980357474 0.0009844338275997427
0.03707501980357474 0.0009844338275997427
0.03707501980357474 0.0009844338275997427
0.037077412214414206 0.0009845067048832308
0.03707961488380562 0.0009848908998082917
0.037094594294303375 0.0009848965008654174
0.03709943180662723 0.0009851774525760002
0.03709943180662723 0.0009851774525760002
0.03709943180662723 0.0009851774525760002
0.03709945543323207 0.000985178991047074
0.037099982654328525 0.000985885308101424
0.037099982654328525 0.000985885308101424
0.037099982654328525 0.000985885308101424
0.037099982654328525 0.000985885308101424
0.037099982654328525 0.000985885308101424
0.037099982654328525 0.000985885308101424
0.03710574328659143 0.0009864806592350484
0.03710726038628172 0.000986519635433406
0.03710877781392698 0.0009869807199387828
0.03710966653019135 0.0009872701972693289
0.03710966653019135 0.0009872701972693289
0.03712533950420416 0.0009876349482285322
0.03712533950420416 0.0009876349482285322
0.03713302853652568 0.000987900500326519
0.03713302853652568 0.000987900500326519
0.03713302853652568 0.000987900500326519
0.03713827468591484 0.0009884227096143684
0.03713827468591484 0.0009884227096143684
0.037139471743001445 0.0009885067754283995
0.03714214156100987 0.000989371570337946
0.037160430589968214 0.0009904018658410244
0.037176950582491534 0.0009918659899765545
0.037194023646978554 0.0009921511745094372
0.037198495220845035 0.0009922048783883599
0.037198495220845035 0.0009922048783883599
0.037206469084620296 0.0009926398859411742
0.037206469084620296 0.0009926398859411742
0.037206469084620296 0.0009926398859411742
0.037206469084620296 0.0009926398859411742
0.03721262591009425 0.0009930766099955771
0.0372183670913105 0.0009933738818780897
0.03722658375594386 0.0009938443918043414
0.03722919592523161 0.0009942580286826704
0.03722919592523161 0.0009942580286826704
0.03723498163405075 0.0009943988440572662
0.03723498163405075 0.0009943988440572662
0.03723498163405075 0.0009943988440572662
0.03723498163405075 0.0009943988440572662
0.03723498163405075 0.0009943988440572662
0.03723498163405075 0.0009943988440572662
0.03723498163405075 0.0009943988440572662
0.03723498163405075 0.0009943988440572662
0.03723498163405075 0.0009943988440572662
0.03723498163405075 0.0009943988440572662
0.03723498163405075 0.0009943988440572662
0.03723498163405075 0.0009943988440572662
0.03723498163405075 0.0009943988440572662
0.03723498163405075 0.0009943988440572662
0.03723498163405075 0.0009943988440572662
0.037237379769989795 0.0009948053340361712
0.037237379769989795 0.0009948053340361712
0.037245261640245844 0.0009950876391581424
0.0372520300502518 0.0009954505721784738
0.03725716366698583 0.000995767268405209
0.03725716366698583 0.000995767268405209
0.03725716366698583 0.000995767268405209
0.03725716366698583 0.000995767268405209
0.03725716366698583 0.000995767268405209
0.03725716366698583 0.000995767268405209
0.03725716366698583 0.000995767268405209
0.03725716366698583 0.000995767268405209
0.03725716366698583 0.000995767268405209
0.03725716366698583 0.000995767268405209
0.03725716366698583 0.000995767268405209
0.03725716366698583 0.000995767268405209
0.037258536782795636 0.0009958519768317171
0.03726183526045772 0.0009961033573022203
0.03726183526045772 0.0009961033573022203
0.03726459818243013 0.0009962259086019353
0.037277094350713004 0.000996996805524879
0.03728018706848922 0.0009971875973390774
0.03728533409061589 0.0009975051205533903
0.037290679959400094 0.0009978349107501057
0.037290679959400094 0.0009978349107501057
0.037290679959400094 0.0009978349107501057
0.037290679959400094 0.0009978349107501057
0.037290679959400094 0.0009978349107501057
0.037290679959400094 0.0009978349107501057
0.037290679959400094 0.0009978349107501057
0.03730444182017163 0.0009986838890835114
0.03730583210655906 0.001001710191399925
0.03730583210655906 0.001001710191399925
0.037356297190960175 0.0010030074995324913
0.03736994187812347 0.0010033022749926155
0.03737416608350286 0.001003319497490796
0.03737416608350286 0.001003319497490796
0.037374389525008406 0.0010033664828490824
0.037384888230067026 0.0010036466815528788
0.037386881165106536 0.0010037696270394315
0.03738853871077 0.0010039561025393276
0.03739269060101695 0.0010041280150001248
0.037407678432071954 0.0010041933916770003
0.03741133701730555 0.0010052212965207293
0.03742659639515444 0.0010054979413140423
0.03742659639515444 0.0010054979413140423
0.03742659639515444 0.0010054979413140423
0.03742659639515444 0.0010054979413140423
0.03742659639515444 0.0010054979413140423
0.03742659639515444 0.0010054979413140423
0.03742659639515444 0.0010054979413140423
0.03742659639515444 0.0010054979413140423
0.03742659639515444 0.0010054979413140423
0.03742659639515444 0.0010054979413140423
0.03742659639515444 0.0010054979413140423
0.03742659639515444 0.0010054979413140423
0.03742659639515444 0.0010054979413140423
0.03742659639515444 0.0010054979413140423
0.03742659639515444 0.0010054979413140423
0.03742659639515444 0.0010054979413140423
0.03742659639515444 0.0010054979413140423
0.03742659639515444 0.0010054979413140423
0.03742659639515444 0.0010054979413140423
0.03742659639515444 0.0010054979413140423
0.03742659639515444 0.0010054979413140423
0.03742659639515444 0.0010054979413140423
0.03742659639515444 0.0010054979413140423
0.037464919837469586 0.001005732145972608
0.037473822964382425 0.0010059731944308348
0.03749034387273595 0.0010062351227766303
0.037518467287166866 0.001016099574993994
0.037518467287166866 0.001016099574993994
0.037518467287166866 0.001016099574993994
0.037518467287166866 0.001016099574993994
0.037525164157378055 0.0010162955563808858
0.03753843308516889 0.0010165322987189655
0.03753843308516889 0.0010165322987189655
0.03753843308516889 0.0010165322987189655
0.03753843308516889 0.0010165322987189655
0.03753843308516889 0.0010165322987189655
0.03754456821365223 0.0010166717603333237
0.03755619861505206 0.0010169177329801158
0.037557766236683277 0.0010169521759120193
0.037557766236683277 0.0010169521759120193
0.037578627597358374 0.0010174047697043965
0.03758866748317285 0.001017622588223379
0.03760355111023223 0.0010176946406217381
0.03760355111023223 0.0010176946406217381
0.03760355111023223 0.0010176946406217381
0.03760355111023223 0.0010176946406217381
0.03760355111023223 0.0010176946406217381
0.03760355111023223 0.0010176946406217381
0.03760355111023223 0.0010176946406217381
0.03760355111023223 0.0010176946406217381
0.03760712842922301 0.0010180231026554213
0.03760712842922301 0.0010180231026554213
0.03760712842922301 0.0010180231026554213
0.0376213193082424 0.0010180842933902629
0.03764140276648058 0.001018766692765181
0.03766728395667231 0.0010240369561798364
0.03766728395667231 0.0010240369561798364
0.03773753096722902 0.0010258116288280477
0.03783668208431071 0.0010338111278369163
0.03787145144390104 0.0010406724495305027
0.03790917996583015 0.0010427666628154638
0.037933086430386564 0.0010440936455961627
0.037933086430386564 0.0010440936455961627
0.037976286584846614 0.0010464915692813676
0.037976286584846614 0.0010464915692813676
0.03798721193618207 0.001047098015931474
0.03798721193618207 0.001047098015931474
0.038003996632989846 0.0010473885139859174
0.03805649053610857 0.00104768040441927
0.0381265979312174 0.0010537780941330035
0.03824239115399498 0.001054661856721932
0.03824239115399498 0.001054661856721932
0.03824239115399498 0.001054661856721932
0.038257216926299645 0.0010566052636016448
0.03825739407708688 0.0010566104210387207
0.03825739407708688 0.0010566104210387207
0.03825739407708688 0.0010566104210387207
0.03825739407708688 0.0010566104210387207
0.03825739407708688 0.0010566104210387207
0.03825739407708688 0.0010566104210387207
0.03825739407708688 0.0010566104210387207
0.03825739407708688 0.0010566104210387207
0.03825739407708688 0.0010566104210387207
0.03825739407708688 0.0010566104210387207
0.03825739407708688 0.0010566104210387207
0.03825739407708688 0.0010566104210387207
0.03825739407708688 0.0010566104210387207
0.03825739407708688 0.0010566104210387207
0.03825739407708688 0.0010566104210387207
0.03825739407708688 0.0010566104210387207
0.03825739407708688 0.0010566104210387207
0.03825739407708688 0.0010566104210387207
0.03825739407708688 0.0010566104210387207
0.03825739407708688 0.0010566104210387207
0.03825739407708688 0.0010566104210387207
0.03825739407708688 0.0010566104210387207
0.03825739407708688 0.0010566104210387207
0.03825739407708688 0.0010566104210387207
0.03825739407708688 0.0010566104210387207
0.03825739407708688 0.0010566104210387207
0.038276590546160776 0.001057432745750785
0.038276590546160776 0.001057432745750785
0.03832330019029346 0.0010666596423936255
0.038684675128847636 0.001068084101508597
0.038684675128847636 0.001068084101508597
0.038684675128847636 0.001068084101508597
0.03878294288361316 0.001073478065536898
0.038832158713177176 0.0010737190330231475
0.03905379391332194 0.0010777760455081237
0.03906534503643562 0.0010786855086974123
0.03906534503643562 0.0010786855086974123
0.03906534503643562 0.0010786855086974123
0.03917240096136379 0.0010812252452669076
0.03946512971994659 0.001092768481469652
0.03946512971994659 0.001092768481469652
0.039495487452360194 0.0010963004604509132
0.03982491497883868 0.0010989516565657858
0.039910573206390465 0.0011119174925639476
0.039910573206390465 0.0011119174925639476
0.0399790367285347 0.0011146920259623425
0.03998849614390232 0.0011150753799863676
0.03998849614390232 0.0011150753799863676
0.04011893389468739 0.0011202418082096324
0.04011893389468739 0.0011202418082096324
0.04011893389468739 0.0011202418082096324
0.04011893389468739 0.0011202418082096324
0.04011893389468739 0.0011202418082096324
0.040360544643286526 0.0011305187810450126
0.04066100757320436 0.0011332130627238822
0.04066100757320436 0.0011332130627238822
0.04080960921678253 0.0011333030169395585
0.04083252936176857 0.0011347511207810536
0.04130841409815143 0.0011355993177340849
0.04130841409815143 0.0011355993177340849
0.04137743503887151 0.0011436101044384136
0.04137743503887151 0.0011436101044384136
0.04137743503887151 0.0011436101044384136
0.04145506638520792 0.001147078442479984
0.04161620424505872 0.0011550344223994488
0.04161620424505872 0.0011550344223994488
0.04162867038623871 0.0011572645679311978
0.04162867038623871 0.0011572645679311978
0.04202251543424587 0.001157432635984921
0.04225754625556484 0.001164038496869635
0.04225754625556484 0.001164038496869635
0.04225754625556484 0.001164038496869635
0.042277056216656964 0.0011665446211410117
0.042288118978754244 0.001167380201903821
0.042291632876457874 0.0011676501769825069
0.04239202264845935 0.0011720504304753375
0.04240809975570685 0.0011741813451884111
0.04240809975570685 0.0011741813451884111
0.04240809975570685 0.0011741813451884111
0.04240809975570685 0.0011741813451884111
0.04240809975570685 0.0011741813451884111
0.04240809975570685 0.0011741813451884111
0.04240809975570685 0.0011741813451884111
0.04240809975570685 0.0011741813451884111
0.04240809975570685 0.0011741813451884111
0.04240809975570685 0.0011741813451884111
0.04273520177778878 0.0011794903346039446
0.04276347249009192 0.0011815489220918572
0.04276347249009192 0.0011815489220918572
0.04289327263982878 0.0011864863213435228
0.04289327263982878 0.0011864863213435228
0.04289327263982878 0.0011864863213435228
0.04294710552282498 0.001189735255366614
0.04294710552282498 0.001189735255366614
0.04294710552282498 0.001189735255366614
0.04294710552282498 0.001189735255366614
0.04294710552282498 0.001189735255366614
0.04294710552282498 0.001189735255366614
0.04294710552282498 0.001189735255366614
0.04312995845838408 0.0011899170030906711
0.04312995845838408 0.0011899170030906711
0.04316100891858141 0.0011906817201099735
0.04316100891858141 0.0011906817201099735
0.04316100891858141 0.0011906817201099735
0.04346733134450035 0.0011923607121059547
0.043473434239565345 0.0011976716731133923
0.0435844357860317 0.0011985691085960614
0.04359879901147647 0.0012007591820936813
0.04359879901147647 0.0012007591820936813
0.043612433376302606 0.001203926716720842
0.04378970457729405 0.001210486955447881
0.044003625530579085 0.0012209122550122375
0.044003625530579085 0.0012209122550122375
0.04449421284076757 0.001235253192406529
0.04487493878324443 0.0012384044170334378
0.045113062588122047 0.001239622894606148
0.04530281811106778 0.0012470660910841372
0.04550565355494254 0.0012492428157138634
0.04553946644307318 0.001249258853167064
0.04583815951067537 0.0012547409899136806
0.04583815951067537 0.0012547409899136806
0.04583815951067537 0.0012547409899136806
0.04588212629281288 0.001259385090604205
0.04588212629281288 0.001259385090604205
0.04590199153917991 0.0012597321059111765
0.04596412447154989 0.0012611878094861296
0.046182637061503516 0.0012637919605558092
0.046182637061503516 0.0012637919605558092
0.046182637061503516 0.0012637919605558092
0.046182637061503516 0.0012637919605558092
0.04630753376907331 0.0012710714866075736
0.04637093278056707 0.00127524806003441
0.04651585198848243 0.0012757121377717912
0.046586102823605785 0.0012778852302263383
0.04660748087390408 0.0012782860173068571
0.04660748087390408 0.0012782860173068571
0.04660748087390408 0.0012782860173068571
0.04660748087390408 0.0012782860173068571
0.04663763449384778 0.0012788513107331793
0.04792933811736903 0.001304067118934817
0.04886586187011742 0.001314529769509703
0.049183948903386024 0.0013155956076576472
0.049215789414079204 0.0013178688717816257
0.049215789414079204 0.0013178688717816257
0.049215789414079204 0.0013178688717816257
0.04949068080750368 0.0013193354785674808
0.049491108602829285 0.0013212453986685263
0.04961029289407094 0.001322104751606545
0.04967785564985454 0.0013241205686336625
0.04974068434188903 0.0013257585106155351
0.04974068434188903 0.0013257585106155351
0.049921683996538284 0.0013289725060171163
0.04994799795340119 0.0013290894733239416
0.049952472847422075 0.0013292554785540728
0.049952472847422075 0.0013292554785540728
0.049952472847422075 0.0013292554785540728
0.049952472847422075 0.0013292554785540728
0.04995355318214673 0.0013296135610155805
0.04997174753749168 0.0013300630292855471
