0.03626407398960434 0.000782933930261821
0.03626407398960434 0.000782933930261821
0.03626407398960434 0.000782933930261821
0.03626407398960434 0.000782933930261821
0.03626407398960434 0.000782933930261821
0.03626407398960434 0.000782933930261821
0.03626407398960434 0.000782933930261821
0.03626407398960434 0.000782933930261821
0.03626407398960434 0.000782933930261821
0.03626407398960434 0.000782933930261821
0.03626407398960434 0.000782933930261821
0.0370515941774025 0.0009165331592340002
0.0370515941774025 0.0009165331592340002
0.0370515941774025 0.0009165331592340003
0.0370515941774025 0.0009165331592340003
0.0370515941774025 0.0009165331592340003
0.0370515941774025 0.0009165331592340003
0.0370515941774025 0.0009165331592340003
0.0370515941774025 0.0009165331592340003
0.0370515941774025 0.0009165331592340003
0.0370515941774025 0.0009165331592340003
0.0370515941774025 0.0009165331592340003
0.0370515941774025 0.0009165331592340003
0.0370515941774025 0.0009165331592340003
0.0370515941774025 0.0009165331592340003
0.0370515941774025 0.0009165331592340003
0.0370515941774025 0.0009165331592340003
0.0370515941774025 0.0009165331592340003
0.0370515941774025 0.0009165331592340003
0.0370515941774025 0.0009165331592340003
0.0370515941774025 0.0009165331592340003
0.0370515941774025 0.0009165331592340003
0.0370515941774025 0.0009165331592340003
0.0370515941774025 0.0009165331592340003
0.0370515941774025 0.0009165331592340003
0.0370515941774025 0.0009165331592340003
0.0370515941774025 0.0009165331592340003
0.0370515941774025 0.0009165331592340003
0.0370515941774025 0.0009165331592340003
0.0370515941774025 0.0009165331592340003
0.0370515941774025 0.0009165331592340003
0.0370515941774025 0.0009165331592340003
0.0370515941774025 0.0009165331592340003
0.0370515941774025 0.0009165331592340003
0.0370515941774025 0.0009165331592340003
0.0370515941774025 0.0009165331592340003
0.0370515941774025 0.0009165331592340003
0.0370515941774025 0.0009165331592340003
0.0370515941774025 0.0009165331592340003
0.0370515941774025 0.0009165331592340003
0.0370515941774025 0.0009165331592340003
0.0370515941774025 0.0009165331592340003
0.0370515941774025 0.0009165331592340003
0.0370515941774025 0.0009165331592340003
0.0370515941774025 0.0009165331592340004
0.0370515941774025 0.0009165331592340004
0.0370515941774025 0.0009165331592340004
0.0370515941774025 0.0009165331592340004
0.0370515941774025 0.0009165331592340004
0.0370515941774025 0.0009165331592340004
0.0370515941774025 0.0009165331592340004
0.0370515941774025 0.0009165331592340004
0.0370515941774025 0.0009165331592340004
0.0370515941774025 0.0009165331592340004
0.0370515941774025 0.0009165331592340004
0.038081152812134846 0.0010441130709032435
0.038081152812134846 0.0010441130709032437
0.038081152812134846 0.0010441130709032437
0.038081152812134846 0.0010441130709032437
0.038081152812134846 0.0010441130709032437
0.038081152812134846 0.0010441130709032437
0.038081152812134846 0.0010441130709032437
0.038081152812134846 0.0010441130709032437
0.038081152812134846 0.0010441130709032437
0.038081152812134846 0.0010441130709032437
0.038081152812134846 0.0010441130709032437
0.038081152812134846 0.0010441130709032437
0.038081152812134846 0.0010441130709032437
0.038081152812134846 0.0010441130709032437
0.038081152812134846 0.0010441130709032437
0.038081152812134846 0.0010441130709032437
0.038081152812134846 0.0010441130709032437
0.038081152812134846 0.0010441130709032437
0.038081152812134846 0.0010441130709032437
0.038081152812134846 0.0010441130709032437
0.038081152812134846 0.0010441130709032437
0.038081152812134846 0.0010441130709032437
0.038081152812134846 0.0010441130709032437
0.038081152812134846 0.0010441130709032437
0.038081152812134846 0.0010441130709032437
0.038081152812134846 0.0010441130709032437
0.038081152812134846 0.0010441130709032437
0.038081152812134846 0.0010441130709032437
0.038081152812134846 0.0010441130709032437
0.038081152812134846 0.0010441130709032437
0.038081152812134846 0.0010441130709032437
0.038081152812134846 0.0010441130709032437
0.038081152812134846 0.0010441130709032437
0.038081152812134846 0.0010441130709032437
0.038081152812134846 0.0010441130709032437
0.038081152812134846 0.0010441130709032437
0.038081152812134846 0.0010441130709032437
0.038081152812134846 0.0010441130709032437
0.038081152812134846 0.0010441130709032437
0.038081152812134846 0.0010441130709032437
0.038152816688129206 0.0010491356070129183
0.038152816688129206 0.0010491356070129183
0.038377048025432174 0.001076376839571049
0.03837704802543218 0.001076376839571049
0.03837704802543218 0.001076376839571049
0.03837704802543218 0.001076376839571049
0.03837704802543218 0.001076376839571049
0.03837704802543218 0.001076376839571049
0.03837704802543218 0.001076376839571049
0.03837704802543218 0.001076376839571049
0.03837704802543218 0.001076376839571049
0.03837704802543218 0.001076376839571049
0.03837704802543218 0.001076376839571049
0.03837704802543218 0.001076376839571049
0.03837704802543218 0.001076376839571049
0.03837704802543218 0.001076376839571049
0.03837704802543218 0.001076376839571049
0.03837704802543218 0.001076376839571049
0.03837704802543218 0.001076376839571049
0.03837704802543218 0.001076376839571049
0.03837704802543218 0.001076376839571049
0.03837704802543218 0.001076376839571049
0.03837704802543218 0.001076376839571049
0.03837704802543218 0.001076376839571049
0.03837704802543218 0.001076376839571049
0.03837704802543218 0.001076376839571049
0.03837704802543218 0.001076376839571049
0.03837704802543218 0.001076376839571049
0.03837704802543218 0.001076376839571049
0.03837704802543218 0.001076376839571049
0.03837704802543218 0.001076376839571049
0.03837704802543218 0.001076376839571049
0.03837704802543218 0.001076376839571049
0.03837704802543218 0.001076376839571049
0.03837704802543218 0.001076376839571049
0.03837704802543218 0.001076376839571049
0.03837704802543218 0.001076376839571049
0.03837704802543218 0.001076376839571049
0.03837704802543218 0.001076376839571049
0.03837704802543218 0.001076376839571049
0.03837704802543218 0.001076376839571049
0.03837704802543218 0.001076376839571049
0.03837704802543218 0.001076376839571049
0.03837704802543218 0.001076376839571049
0.03837704802543218 0.001076376839571049
0.03837704802543218 0.001076376839571049
0.03837704802543218 0.001076376839571049
0.03837704802543218 0.001076376839571049
0.03837704802543218 0.001076376839571049
0.03837704802543218 0.001076376839571049
0.03837704802543218 0.001076376839571049
0.03837704802543218 0.001076376839571049
0.03837704802543218 0.001076376839571049
0.03837704802543218 0.001076376839571049
0.03837704802543218 0.001076376839571049
0.03837704802543218 0.001076376839571049
0.03837704802543218 0.001076376839571049
0.03837704802543218 0.001076376839571049
0.03837704802543218 0.001076376839571049
0.03837704802543218 0.001076376839571049
0.03837704802543218 0.001076376839571049
0.03837704802543218 0.001076376839571049
0.03837704802543218 0.001076376839571049
0.03837704802543218 0.001076376839571049
0.03837704802543218 0.0010763768395710492
0.03848563462435557 0.0010831141207553881
0.03848563462435557 0.0010831141207553881
0.03848563462435557 0.0010831141207553881
0.03848563462435557 0.0010831141207553881
0.03848563462435557 0.0010831141207553881
0.03848563462435557 0.0010831141207553881
0.03848563462435557 0.0010831141207553881
0.03848563462435557 0.0010831141207553881
0.039083028402216474 0.0010946931233802107
0.039083028402216474 0.0010946931233802107
0.039083028402216474 0.0010946931233802107
0.039083028402216474 0.0010946931233802107
0.039083028402216474 0.0010946931233802107
0.039083028402216474 0.0010946931233802107
0.039083028402216474 0.0010946931233802107
0.039083028402216474 0.0010946931233802107
0.039083028402216474 0.0010946931233802107
0.039083028402216474 0.0010946931233802107
0.039083028402216474 0.0010946931233802107
0.039083028402216474 0.0010946931233802107
0.039083028402216474 0.0010946931233802107
0.039083028402216474 0.0010946931233802107
0.039083028402216474 0.0010946931233802107
0.039083028402216474 0.0010946931233802107
0.039083028402216474 0.0010946931233802107
0.039083028402216474 0.0010946931233802107
0.039083028402216474 0.0010946931233802107
0.039083028402216474 0.0010946931233802107
0.039083028402216474 0.0010946931233802107
0.039083028402216474 0.0010946931233802107
0.039083028402216474 0.0010946931233802107
0.039083028402216474 0.0010946931233802107
0.039083028402216474 0.0010946931233802107
0.039083028402216474 0.0010946931233802107
0.039083028402216474 0.0010946931233802107
0.039083028402216474 0.0010946931233802107
0.039083028402216474 0.0010946931233802107
0.039083028402216474 0.0010946931233802107
0.039083028402216474 0.0010946931233802107
0.039083028402216474 0.0010946931233802107
0.039083028402216474 0.0010946931233802107
0.039083028402216474 0.0010946931233802107
0.039083028402216474 0.0010946931233802107
0.039083028402216474 0.0010946931233802107
0.039083028402216474 0.0010946931233802107
0.039083028402216474 0.0010946931233802107
0.039083028402216474 0.0010946931233802107
0.039083028402216474 0.0010946931233802107
0.039083028402216474 0.0010946931233802107
0.039083028402216474 0.0010946931233802107
0.039083028402216474 0.0010946931233802107
0.039083028402216474 0.0010946931233802107
0.039083028402216474 0.0010946931233802107
0.039083028402216474 0.0010946931233802107
0.039083028402216474 0.0010946931233802107
0.039083028402216474 0.0010946931233802107
0.039083028402216474 0.0010946931233802107
0.039083028402216474 0.0010946931233802107
0.039083028402216474 0.0010946931233802107
0.039083028402216474 0.0010946931233802107
0.039083028402216474 0.0010946931233802107
0.039083028402216474 0.0010946931233802107
0.039083028402216474 0.0010946931233802107
0.039083028402216474 0.0010946931233802107
0.039083028402216474 0.0010946931233802107
0.039083028402216474 0.0010946931233802107
0.039083028402216474 0.0010946931233802107
0.039083028402216474 0.0010946931233802107
0.039083028402216474 0.0010946931233802107
0.039083028402216474 0.0010946931233802107
0.039083028402216474 0.0010946931233802107
0.039083028402216474 0.0010946931233802107
0.039083028402216474 0.0010946931233802107
0.039083028402216474 0.0010946931233802107
0.039083028402216474 0.0010946931233802107
0.039083028402216474 0.0010946931233802107
0.039083028402216474 0.0010946931233802107
0.039083028402216474 0.0010946931233802107
0.03943501295735631 0.001101672331359147
0.03943501295735631 0.001101672331359147
0.03958034484922524 0.0011106460741419806
0.03958034484922524 0.0011106460741419806
0.039932329404365086 0.001117625282120917
0.039932329404365086 0.001117625282120917
0.039932329404365086 0.001117625282120917
0.039932329404365086 0.001117625282120917
0.039932329404365086 0.001117625282120917
0.039932329404365086 0.001117625282120917
0.039932329404365086 0.001117625282120917
0.039932329404365086 0.001117625282120917
0.039932329404365086 0.001117625282120917
0.039932329404365086 0.001117625282120917
0.039932329404365086 0.001117625282120917
0.039932329404365086 0.001117625282120917
0.039932329404365086 0.001117625282120917
0.039932329404365086 0.001117625282120917
0.04029388683093023 0.001130209282464327
0.04029388683093023 0.0011302092824643272
0.04292338065366495 0.0012032240854282902
0.0430487952749962 0.0012098428650024644
0.04341174409865719 0.001220178488511375
0.043629361030449246 0.001221540369237452
0.043629361030449246 0.001221540369237452
0.043629361030449246 0.001221540369237452
0.043629361030449246 0.001221540369237452
0.043629361030449246 0.001221540369237452
0.043629361030449246 0.001221540369237452
0.043629361030449246 0.001221540369237452
0.043629361030449246 0.001221540369237452
0.043629361030449246 0.001221540369237452
0.043629361030449246 0.001221540369237452
0.043629361030449246 0.001221540369237452
0.043629361030449246 0.001221540369237452
0.043629361030449246 0.001221540369237452
0.043629361030449246 0.001221540369237452
0.043629361030449246 0.001221540369237452
0.043629361030449246 0.001221540369237452
0.043629361030449246 0.001221540369237452
0.043629361030449246 0.001221540369237452
0.043629361030449246 0.001221540369237452
0.043629361030449246 0.001221540369237452
0.043629361030449246 0.001221540369237452
0.043629361030449246 0.001221540369237452
0.043629361030449246 0.001221540369237452
0.043629361030449246 0.001221540369237452
0.043629361030449246 0.001221540369237452
0.043629361030449246 0.001221540369237452
0.043629361030449246 0.001221540369237452
0.043629361030449246 0.001221540369237452
0.043629361030449246 0.001221540369237452
0.043629361030449246 0.001221540369237452
0.043629361030449246 0.001221540369237452
0.043629361030449246 0.001221540369237452
0.043629361030449246 0.001221540369237452
0.043629361030449246 0.001221540369237452
0.04375647350281447 0.0012328809904649499
0.04410845805795431 0.001239860198443886
0.04410845805795431 0.0012398601984438863
0.04410845805795431 0.0012398601984438863
0.04410845805795431 0.0012398601984438863
0.04410845805795431 0.0012398601984438863
0.04410845805795431 0.0012398601984438863
0.04410845805795431 0.0012398601984438863
0.04410845805795431 0.0012398601984438863
0.04410845805795431 0.0012398601984438863
0.04410845805795431 0.0012398601984438863
0.04410845805795431 0.0012398601984438863
0.04410845805795431 0.0012398601984438863
0.04410845805795431 0.0012398601984438863
0.04410845805795431 0.0012398601984438863
0.04410845805795431 0.0012398601984438863
0.04410845805795431 0.0012398601984438863
0.04410845805795431 0.0012398601984438863
0.04410845805795431 0.0012398601984438863
0.04410845805795431 0.0012398601984438863
0.04410845805795431 0.0012398601984438863
0.04410845805795431 0.0012398601984438863
0.04410845805795431 0.0012398601984438863
0.04410845805795431 0.0012398601984438863
0.04410845805795431 0.0012398601984438863
0.04410845805795431 0.0012398601984438863
0.04410845805795431 0.0012398601984438863
0.04410845805795431 0.0012398601984438863
0.04410845805795431 0.0012398601984438863
0.04410845805795431 0.0012398601984438863
0.04410845805795431 0.0012398601984438863
0.04410845805795431 0.0012398601984438863
0.04410845805795431 0.0012398601984438863
0.04410845805795431 0.0012398601984438863
0.04410845805795431 0.0012398601984438863
0.04410845805795431 0.0012398601984438863
0.04410845805795431 0.0012398601984438863
0.04410845805795431 0.0012398601984438863
0.04410845805795431 0.0012398601984438863
0.04410845805795431 0.0012398601984438863
0.04410845805795431 0.0012398601984438863
0.04410845805795431 0.0012398601984438863
0.04410845805795431 0.0012398601984438863
0.04410845805795431 0.0012398601984438863
0.04472267985822308 0.001251320699458544
0.04472267985822308 0.001251320699458544
0.04472267985822308 0.001251320699458544
0.04472267985822308 0.001251320699458544
0.04507466441336292 0.0012582999074374802
0.04507466441336292 0.0012582999074374802
0.04507466441336292 0.0012582999074374802
0.04507466441336292 0.0012582999074374802
0.04507466441336292 0.0012582999074374802
0.04507466441336292 0.0012582999074374802
0.04507466441336292 0.0012582999074374802
0.04507466441336292 0.0012582999074374802
0.04507466441336292 0.0012582999074374802
0.04507466441336292 0.0012582999074374802
0.04507466441336292 0.0012582999074374802
0.04507466441336292 0.0012582999074374802
0.04507466441336292 0.0012582999074374802
0.04507466441336292 0.0012582999074374802
0.04507466441336292 0.0012582999074374802
0.04507466441336292 0.0012582999074374802
0.04507466441336292 0.0012582999074374802
0.04507466441336292 0.0012582999074374802
0.04507466441336292 0.0012582999074374805
0.04507466441336292 0.0012582999074374805
0.04507466441336292 0.0012582999074374805
0.04507466441336292 0.0012582999074374805
0.04507466441336292 0.0012582999074374805
0.04507466441336292 0.0012582999074374805
0.04507466441336292 0.0012582999074374805
0.04507466441336292 0.0012582999074374805
0.04507466441336292 0.0012582999074374805
0.04507466441336292 0.0012582999074374805
0.04507466441336292 0.0012582999074374805
0.04507466441336292 0.0012582999074374805
0.04507466441336292 0.0012582999074374805
0.04507466441336292 0.0012582999074374805
0.04507466441336292 0.0012582999074374805
0.04507466441336292 0.0012582999074374805
0.04507466441336292 0.0012582999074374805
0.04507466441336292 0.0012582999074374805
0.04507466441336292 0.0012582999074374805
0.04507466441336292 0.0012582999074374805
0.04507466441336292 0.0012582999074374805
0.04507466441336292 0.0012582999074374805
0.04507466441336292 0.0012582999074374805
0.04507466441336292 0.0012582999074374805
0.04507466441336292 0.0012582999074374805
0.04507466441336292 0.0012582999074374805
0.04507466441336292 0.0012582999074374805
0.04507466441336292 0.0012582999074374805
0.04507466441336292 0.0012582999074374805
0.04507466441336292 0.0012582999074374805
0.04507466441336292 0.0012582999074374805
0.04507466441336292 0.0012582999074374805
0.04507466441336292 0.0012582999074374805
0.04507466441336292 0.0012582999074374805
0.04507466441336292 0.0012582999074374805
0.04507466441336292 0.0012582999074374805
0.04507466441336292 0.0012582999074374805
0.04507466441336292 0.0012582999074374805
0.04507466441336292 0.0012582999074374805
0.04507466441336292 0.0012582999074374805
0.04507466441336292 0.0012582999074374805
0.04507466441336292 0.0012582999074374805
0.04507466441336292 0.0012582999074374805
0.04507466441336292 0.0012582999074374805
0.04507466441336292 0.0012582999074374805
0.04507466441336292 0.0012582999074374805
0.04507466441336292 0.0012582999074374805
0.04507466441336292 0.0012582999074374805
0.04507466441336292 0.0012582999074374805
0.04507466441336292 0.0012582999074374805
0.04507466441336292 0.0012582999074374805
0.04507466441336292 0.0012582999074374805
0.04507466441336292 0.0012582999074374805
0.04507466441336292 0.0012582999074374805
0.04507466441336292 0.0012582999074374805
