0.03626407398960434 0.000782933930261821
0.03626407398960434 0.000782933930261821
0.03626407398960434 0.000782933930261821
0.03626407398960434 0.000782933930261821
0.0370932607096889 0.000823001089957959
0.03710943332119755 0.000877727994764
0.03713392595999139 0.0008803118732345094
0.037609549759945356 0.0009348920360023617
0.037609549759945356 0.0009348920360023617
0.037609549759945356 0.0009348920360023617
0.037609549759945356 0.0009348920360023617
0.037609549759945356 0.0009348920360023617
0.037609549759945356 0.0009348920360023617
0.037609549759945356 0.0009348920360023617
0.037609549759945356 0.0009348920360023617
0.037609549759945356 0.0009348920360023617
0.037609549759945356 0.0009348920360023617
0.037609549759945356 0.0009348920360023617
0.037609549759945356 0.0009348920360023617
0.037609549759945356 0.0009348920360023617
0.037609549759945356 0.0009348920360023617
0.037609549759945356 0.0009348920360023617
0.037609549759945356 0.0009348920360023617
0.037609549759945356 0.0009348920360023617
0.037609549759945356 0.0009348920360023617
0.037609549759945356 0.0009348920360023617
0.037609549759945356 0.0009348920360023617
0.037609549759945356 0.0009348920360023617
0.037609549759945356 0.0009348920360023617
0.037609549759945356 0.0009348920360023617
0.037609549759945356 0.0009348920360023617
0.037609549759945356 0.0009348920360023617
0.037609549759945356 0.0009348920360023617
0.037609549759945356 0.0009348920360023617
0.037609549759945356 0.0009348920360023617
0.037609549759945356 0.0009348920360023617
0.037609549759945356 0.0009348920360023617
0.037609549759945356 0.0009348920360023617
0.037609549759945356 0.0009348920360023617
0.037609549759945356 0.0009348920360023617
0.03797267713941387 0.000951721807434607
0.03808115281213484 0.0010441130709032435
0.03808115281213484 0.0010441130709032437
0.038081152812134846 0.0010441130709032437
0.038081152812134846 0.0010441130709032437
0.038081152812134846 0.0010441130709032437
0.038081152812134846 0.0010441130709032437
0.038081152812134846 0.0010441130709032437
0.038081152812134846 0.0010441130709032437
0.038081152812134846 0.0010441130709032437
0.038081152812134846 0.0010441130709032437
0.038081152812134846 0.0010441130709032437
0.038081152812134846 0.0010441130709032437
0.038081152812134846 0.0010441130709032437
0.038081152812134846 0.0010441130709032437
0.038081152812134846 0.0010441130709032437
0.038081152812134846 0.0010441130709032437
0.038081152812134846 0.0010441130709032437
0.038081152812134846 0.0010441130709032437
0.038081152812134846 0.0010441130709032437
0.038081152812134846 0.0010441130709032437
0.038081152812134846 0.0010441130709032437
0.038081152812134846 0.0010441130709032437
0.038081152812134846 0.0010441130709032437
0.038081152812134846 0.0010441130709032437
0.038081152812134846 0.0010441130709032437
0.038081152812134846 0.0010441130709032437
0.038081152812134846 0.0010441130709032437
0.038081152812134846 0.0010441130709032437
0.038081152812134846 0.0010441130709032437
0.038081152812134846 0.0010441130709032437
0.038081152812134846 0.0010441130709032437
0.038081152812134846 0.0010441130709032437
0.038081152812134846 0.0010441130709032437
0.038081152812134846 0.0010441130709032437
0.038081152812134846 0.0010441130709032437
0.038081152812134846 0.0010441130709032437
0.038081152812134846 0.0010441130709032437
0.038081152812134846 0.0010441130709032437
0.038081152812134846 0.0010441130709032437
0.038081152812134846 0.0010441130709032437
0.038081152812134846 0.0010441130709032437
0.038081152812134846 0.0010441130709032437
0.038081152812134846 0.0010441130709032437
0.038081152812134846 0.0010441130709032437
0.038081152812134846 0.0010441130709032437
0.038081152812134846 0.0010441130709032437
0.038081152812134846 0.0010441130709032437
0.038081152812134846 0.0010441130709032437
0.038081152812134846 0.0010441130709032437
0.038081152812134846 0.0010441130709032437
0.038081152812134846 0.0010441130709032437
0.038081152812134846 0.0010441130709032437
0.038081152812134846 0.0010441130709032437
0.038081152812134846 0.0010441130709032437
0.038081152812134846 0.0010441130709032437
0.038081152812134846 0.0010441130709032437
0.038081152812134846 0.0010441130709032437
0.038081152812134846 0.0010441130709032437
0.038081152812134846 0.0010441130709032437
0.038081152812134846 0.0010441130709032437
0.038081152812134846 0.0010441130709032437
0.038081152812134846 0.0010441130709032437
0.038081152812134846 0.0010441130709032437
0.038081152812134846 0.0010441130709032437
0.03815281668812921 0.0010491356070129183
0.03815281668812921 0.0010491356070129183
0.03815281668812921 0.0010491356070129183
0.038377048025432174 0.001076376839571049
0.038377048025432174 0.001076376839571049
0.038377048025432174 0.001076376839571049
0.038377048025432174 0.001076376839571049
0.038377048025432174 0.001076376839571049
0.038377048025432174 0.001076376839571049
0.038377048025432174 0.001076376839571049
0.038377048025432174 0.001076376839571049
0.038377048025432174 0.001076376839571049
0.038377048025432174 0.001076376839571049
0.038377048025432174 0.001076376839571049
0.038377048025432174 0.001076376839571049
0.038377048025432174 0.001076376839571049
0.038377048025432174 0.001076376839571049
0.038377048025432174 0.001076376839571049
0.038377048025432174 0.001076376839571049
0.038377048025432174 0.001076376839571049
0.038377048025432174 0.001076376839571049
0.038377048025432174 0.001076376839571049
0.038377048025432174 0.001076376839571049
0.038377048025432174 0.001076376839571049
0.038377048025432174 0.001076376839571049
0.038377048025432174 0.001076376839571049
0.038377048025432174 0.001076376839571049
0.03837704802543218 0.001076376839571049
0.03848563462435557 0.0010831141207553881
0.03848563462435557 0.0010831141207553881
0.03848563462435557 0.0010831141207553881
0.03848563462435557 0.0010831141207553881
0.038762688625387745 0.0010831190443296558
0.038762688625387745 0.0010831190443296558
0.038762688625387745 0.0010831190443296558
0.038762688625387745 0.0010831190443296558
0.038762688625387745 0.0010831190443296558
0.038762688625387745 0.0010831190443296558
0.038762688625387745 0.0010831190443296558
0.038762688625387745 0.0010831190443296558
0.038762688625387745 0.0010831190443296558
0.038762688625387745 0.0010831190443296558
0.038762688625387745 0.0010831190443296558
0.038762688625387745 0.0010831190443296558
0.038762688625387745 0.0010831190443296558
0.038762688625387745 0.0010831190443296558
0.038762688625387745 0.0010831190443296558
0.03958034484922525 0.0011106460741419806
0.03994915742677295 0.001117506780510752
0.03994915742677295 0.0011175067805107523
0.03994915742677295 0.0011175067805107523
0.03994915742677295 0.0011175067805107523
0.03994915742677295 0.0011175067805107523
0.03994915742677295 0.0011175067805107523
0.03994915742677295 0.0011175067805107523
0.03994915742677295 0.0011175067805107523
0.03994915742677295 0.0011175067805107523
0.03994915742677295 0.0011175067805107523
0.03994915742677295 0.0011175067805107523
0.03994915742677295 0.0011175067805107523
0.03994915742677295 0.0011175067805107523
0.03994915742677295 0.0011175067805107523
0.03994915742677295 0.0011175067805107523
0.03994915742677295 0.0011175067805107523
0.03994915742677295 0.0011175067805107523
0.03994915742677295 0.0011175067805107523
0.03994915742677295 0.0011175067805107523
0.03994915742677295 0.0011175067805107523
0.03994915742677295 0.0011175067805107523
0.03994915742677295 0.0011175067805107523
0.03994915742677295 0.0011175067805107523
0.03994915742677295 0.0011175067805107523
0.03994915742677295 0.0011175067805107523
0.03994915742677295 0.0011175067805107523
0.03994915742677295 0.0011175067805107523
0.03994915742677295 0.0011175067805107523
0.03994915742677295 0.0011175067805107523
0.03994915742677295 0.0011175067805107523
0.03994915742677295 0.0011175067805107523
0.03994915742677295 0.0011175067805107523
0.03994915742677295 0.0011175067805107523
0.03994915742677295 0.0011175067805107523
0.03994915742677295 0.0011175067805107523
0.03994915742677295 0.0011175067805107523
0.03994915742677295 0.0011175067805107523
0.03994915742677295 0.0011175067805107523
0.03994915742677295 0.0011175067805107523
0.03994915742677295 0.0011175067805107523
0.03994915742677295 0.0011175067805107523
0.03994915742677295 0.0011175067805107523
0.03994915742677295 0.0011175067805107523
0.03994915742677295 0.0011175067805107523
0.03994915742677295 0.0011175067805107523
0.03994915742677295 0.0011175067805107523
0.03994915742677295 0.0011175067805107523
0.03994915742677295 0.0011175067805107523
0.03994915742677295 0.0011175067805107523
0.03994915742677295 0.0011175067805107523
0.03994915742677295 0.0011175067805107523
0.03994915742677295 0.0011175067805107523
0.03994915742677295 0.0011175067805107523
0.03994915742677295 0.0011175067805107523
0.03994915742677295 0.0011175067805107523
0.03994915742677295 0.0011175067805107523
0.03994915742677295 0.0011175067805107523
0.03994915742677295 0.0011175067805107523
0.03994915742677295 0.0011175067805107523
0.03994915742677295 0.0011175067805107523
0.03994915742677295 0.0011175067805107523
0.0426799826974485 0.001202982158633693
0.0426799826974485 0.001202982158633693
0.0426799826974485 0.001202982158633693
0.04267998269744851 0.001202982158633693
0.04267998269744851 0.001202982158633693
0.04267998269744851 0.001202982158633693
0.04267998269744851 0.001202982158633693
0.04267998269744851 0.001202982158633693
0.04267998269744851 0.001202982158633693
0.04267998269744851 0.001202982158633693
0.04267998269744851 0.0012029821586336932
0.04328493808023009 0.0012158080857717006
0.04328493808023009 0.0012158080857717006
0.04328493808023009 0.0012158080857717006
0.04328493808023009 0.0012158080857717006
0.04328493808023009 0.0012158080857717006
0.04328493808023009 0.0012158080857717006
0.04328493808023009 0.0012158080857717006
0.04328493808023009 0.0012158080857717006
0.04328493808023009 0.0012158080857717006
0.04328493808023009 0.0012158080857717006
0.04328493808023009 0.0012158080857717006
0.04328493808023009 0.0012158080857717006
0.04328493808023009 0.0012158080857717006
0.04328493808023009 0.0012158080857717006
0.04328493808023009 0.0012158080857717006
0.04328493808023009 0.0012158080857717006
0.04328493808023009 0.0012158080857717006
0.04328493808023009 0.0012158080857717006
0.04328493808023009 0.0012158080857717006
0.04328493808023009 0.0012158080857717006
0.04328493808023009 0.0012158080857717006
0.04328493808023009 0.0012158080857717006
0.04328493808023009 0.0012158080857717006
0.04328493808023009 0.0012158080857717006
0.04328493808023009 0.0012158080857717006
0.04328493808023009 0.0012158080857717006
0.04328493808023009 0.0012158080857717006
0.04328493808023009 0.0012158080857717006
0.04328493808023009 0.0012158080857717006
0.04328493808023009 0.0012158080857717006
0.04328493808023009 0.0012158080857717006
0.04328493808023009 0.0012158080857717006
0.04328493808023009 0.0012158080857717006
0.04328493808023009 0.0012158080857717006
0.04328493808023009 0.0012158080857717006
0.04328493808023009 0.0012158080857717006
0.04328493808023009 0.0012158080857717006
0.04328493808023009 0.0012158080857717006
0.04328493808023009 0.0012158080857717006
0.04328493808023009 0.0012158080857717006
0.04328493808023009 0.0012158080857717006
0.04328493808023009 0.0012158080857717006
0.04339352467915348 0.0012225453669560396
0.04399091845701439 0.0012341243695808619
0.044125286080362175 0.0012397416968337213
0.044125286080362175 0.0012397416968337213
0.044125286080362175 0.0012397416968337213
0.044125286080362175 0.0012397416968337213
0.044125286080362175 0.0012397416968337213
0.044125286080362175 0.0012397416968337213
0.044125286080362175 0.0012397416968337215
0.044125286080362175 0.0012397416968337215
0.044125286080362175 0.0012397416968337215
0.044125286080362175 0.0012397416968337215
0.044125286080362175 0.0012397416968337215
0.044125286080362175 0.0012397416968337215
0.044125286080362175 0.0012397416968337215
0.044125286080362175 0.0012397416968337215
0.04412528608036218 0.0012397416968337215
0.044359731034562096 0.0012409850759496335
0.044359731034562096 0.0012409850759496335
0.044359731034562096 0.0012409850759496335
0.044359731034562096 0.0012409850759496335
0.044359731034562096 0.0012409850759496335
0.04472267985822308 0.001251320699458544
0.04472267985822308 0.001251320699458544
0.04507466441336292 0.0012582999074374802
0.04507466441336292 0.0012582999074374805
0.04507466441336292 0.0012582999074374805
0.04507466441336292 0.0012582999074374805
0.04507466441336292 0.0012582999074374805
0.04507466441336292 0.0012582999074374805
0.04507466441336292 0.0012582999074374805
0.04507466441336292 0.0012582999074374805
0.04507466441336292 0.0012582999074374805
0.04507466441336292 0.0012582999074374805
0.04507466441336292 0.0012582999074374805
0.0478199951339763 0.0012987780199757578
0.049392104535317075 0.001339907960915461
0.049392104535317075 0.001339907960915461
