0.0370515941774025 0.0009165331592340002
0.0370515941774025 0.0009165331592340002
0.0370515941774025 0.0009165331592340003
0.0370515941774025 0.0009165331592340003
0.0370515941774025 0.0009165331592340003
0.0370515941774025 0.0009165331592340003
0.0370515941774025 0.0009165331592340003
0.0370515941774025 0.0009165331592340003
0.0370515941774025 0.0009165331592340003
0.0370515941774025 0.0009165331592340003
0.0370515941774025 0.0009165331592340003
0.0370515941774025 0.0009165331592340003
0.0370515941774025 0.0009165331592340003
0.0370515941774025 0.0009165331592340003
0.0370515941774025 0.0009165331592340003
0.0370515941774025 0.0009165331592340003
0.0370515941774025 0.0009165331592340003
0.0370515941774025 0.0009165331592340003
0.0370515941774025 0.0009165331592340003
0.0370515941774025 0.0009165331592340003
0.03705159417740251 0.0009165331592340003
0.03705159417740251 0.0009165331592340003
0.03705159417740251 0.0009165331592340003
0.03705159417740251 0.0009165331592340003
0.03705159417740251 0.0009165331592340003
0.03734748939069984 0.0009487969279018054
0.03734748939069984 0.0009487969279018054
0.03734748939069984 0.0009487969279018054
0.03734748939069984 0.0009487969279018054
0.03734748939069984 0.0009487969279018054
0.03734748939069984 0.0009487969279018055
0.03734748939069984 0.0009487969279018055
0.03734748939069984 0.0009487969279018055
0.03734748939069984 0.0009487969279018055
0.03734748939069984 0.0009487969279018055
0.03734748939069984 0.0009487969279018055
0.03734748939069984 0.0009487969279018055
0.03734748939069984 0.0009487969279018055
0.03734748939069984 0.0009487969279018055
0.03734748939069984 0.0009487969279018055
0.03808115281213484 0.001044113070903244
0.03808115281213484 0.001044113070903244
0.03815281668812921 0.001049135607012918
0.038377048025432174 0.001076376839571049
0.038377048025432174 0.001076376839571049
0.03837704802543218 0.001076376839571049
0.03837704802543218 0.001076376839571049
0.03837704802543218 0.001076376839571049
0.03837704802543218 0.001076376839571049
0.03837704802543218 0.001076376839571049
0.03837704802543218 0.001076376839571049
0.03837704802543218 0.001076376839571049
0.03837704802543218 0.001076376839571049
0.03837704802543218 0.001076376839571049
0.03837704802543218 0.001076376839571049
0.03837704802543218 0.001076376839571049
0.03837704802543218 0.001076376839571049
0.03837704802543218 0.001076376839571049
0.03837704802543218 0.001076376839571049
0.03837704802543218 0.001076376839571049
0.03837704802543218 0.001076376839571049
0.03837704802543218 0.001076376839571049
0.03837704802543218 0.001076376839571049
0.03837704802543218 0.001076376839571049
0.03837704802543218 0.001076376839571049
0.03837704802543218 0.001076376839571049
0.03837704802543218 0.001076376839571049
0.03837704802543218 0.001076376839571049
0.03837704802543218 0.001076376839571049
0.03837704802543218 0.001076376839571049
0.03837704802543218 0.001076376839571049
0.03837704802543218 0.001076376839571049
0.03837704802543218 0.001076376839571049
0.03837704802543218 0.001076376839571049
0.03837704802543218 0.001076376839571049
0.03837704802543218 0.001076376839571049
0.03837704802543218 0.001076376839571049
0.038485634624355565 0.001083114120755388
0.038485634624355565 0.001083114120755388
0.038485634624355565 0.001083114120755388
0.038485634624355565 0.001083114120755388
0.038485634624355565 0.001083114120755388
0.038485634624355565 0.001083114120755388
0.038485634624355565 0.001083114120755388
0.038485634624355565 0.0010831141207553881
0.03848563462435557 0.0010831141207553881
0.03848563462435557 0.0010831141207553881
0.03848563462435557 0.0010831141207553881
0.03848563462435557 0.0010831141207553881
0.03848563462435557 0.0010831141207553881
0.03848563462435557 0.0010831141207553881
0.03848563462435557 0.0010831141207553881
0.03848563462435557 0.0010831141207553881
0.03848563462435557 0.0010831141207553881
0.03848563462435557 0.0010831141207553881
0.03848563462435557 0.0010831141207553881
0.03848563462435557 0.0010831141207553881
0.03848563462435557 0.0010831141207553881
0.03848563462435557 0.0010831141207553881
0.03848563462435557 0.0010831141207553881
0.03848563462435557 0.0010831141207553881
0.03984057082784956 0.001110769499326413
0.03984057082784956 0.001110769499326413
0.04018530023200684 0.0011234720012799878
0.04018530023200684 0.001123472001279988
0.04018530023200684 0.001123472001279988
0.04018530023200684 0.001123472001279988
0.04018530023200684 0.001123472001279988
0.04018530023200684 0.001123472001279988
0.04029388683093023 0.0011302092824643272
0.04029388683093023 0.0011302092824643272
0.04029388683093023 0.0011302092824643272
0.04267998269744849 0.001202982158633693
0.04267998269744849 0.001202982158633693
0.04267998269744849 0.001202982158633693
0.04267998269744849 0.001202982158633693
0.04267998269744849 0.001202982158633693
0.04267998269744849 0.001202982158633693
0.04267998269744849 0.0012029821586336932
0.04267998269744849 0.0012029821586336932
0.04267998269744849 0.0012029821586336932
0.04267998269744849 0.0012029821586336932
0.04267998269744849 0.0012029821586336932
0.04267998269744849 0.0012029821586336932
0.04267998269744849 0.0012029821586336932
0.04267998269744849 0.0012029821586336932
0.04267998269744851 0.0012029821586336932
0.043284938080230095 0.0012158080857717004
0.04339491607624933 0.00122029699012154
0.04339491607624933 0.00122029699012154
0.04339491607624933 0.00122029699012154
0.04339491607624933 0.00122029699012154
0.04339491607624933 0.00122029699012154
0.04339491607624933 0.00122029699012154
0.04339491607624933 0.00122029699012154
0.04363692263536994 0.0012227872937506364
0.04375647350281447 0.00123288099046495
0.04375647350281447 0.00123288099046495
0.04375647350281447 0.00123288099046495
0.043756473502814475 0.00123288099046495
0.043756473502814475 0.00123288099046495
0.043756473502814475 0.00123288099046495
0.043756473502814475 0.00123288099046495
0.043756473502814475 0.00123288099046495
0.043756473502814475 0.00123288099046495
0.043756473502814475 0.00123288099046495
0.043756473502814475 0.00123288099046495
0.043756473502814475 0.00123288099046495
0.043756473502814475 0.00123288099046495
0.043756473502814475 0.00123288099046495
0.04399987145903093 0.0012331229172595469
0.04399987145903093 0.0012331229172595469
0.04399987145903093 0.0012331229172595469
0.04399987145903093 0.0012331229172595469
0.04399987145903093 0.0012331229172595469
0.04399987145903093 0.0012331229172595469
0.04399987145903093 0.0012331229172595469
0.04399987145903093 0.0012331229172595469
0.04399987145903093 0.0012331229172595469
0.04399987145903093 0.0012331229172595469
0.04399987145903093 0.0012331229172595469
0.04399987145903093 0.0012331229172595469
0.04399987145903093 0.0012331229172595469
0.04399987145903093 0.0012331229172595469
0.04399987145903093 0.0012331229172595469
0.04399987145903093 0.0012331229172595469
0.04399987145903093 0.0012331229172595469
0.04399987145903093 0.0012331229172595469
0.044108458057954325 0.001239860198443886
0.044108458057954325 0.001239860198443886
0.044108458057954325 0.001239860198443886
0.044108458057954325 0.001239860198443886
0.044108458057954325 0.001239860198443886
0.04434290301215423 0.0012411035775597983
0.04472267985822308 0.001251320699458544
0.04496607781443954 0.0012515626262531415
0.04496607781443954 0.0012515626262531415
0.04496607781443954 0.0012515626262531415
0.04496607781443954 0.0012515626262531415
0.04496607781443954 0.0012515626262531415
0.04496607781443954 0.0012515626262531415
0.04507466441336293 0.0012582999074374805
0.04507466441336293 0.0012582999074374805
0.04507466441336293 0.0012582999074374805
0.04507466441336293 0.0012582999074374805
0.04507466441336293 0.0012582999074374805
0.04507466441336293 0.0012582999074374805
0.04507466441336293 0.0012582999074374805
0.04507466441336293 0.0012582999074374805
0.04507466441336293 0.0012582999074374805
0.04507466441336293 0.0012582999074374805
0.04507466441336293 0.0012582999074374805
0.04507466441336293 0.0012582999074374805
0.04507466441336293 0.0012582999074374805
0.04507466441336293 0.0012582999074374805
0.04507466441336293 0.0012582999074374805
0.04507466441336293 0.0012582999074374805
0.04507466441336293 0.0012582999074374805
0.04507466441336293 0.0012582999074374805
0.04507466441336293 0.0012582999074374805
0.04507466441336293 0.0012582999074374805
0.04507466441336293 0.0012582999074374805
0.04507466441336293 0.0012582999074374805
0.04507466441336293 0.0012582999074374805
0.04507466441336293 0.0012582999074374805
0.04507466441336293 0.0012582999074374805
0.04507466441336293 0.0012582999074374805
0.04507466441336293 0.0012582999074374805
0.04507466441336293 0.0012582999074374805
0.04507466441336293 0.0012582999074374805
0.04507466441336293 0.0012582999074374805
0.04507466441336293 0.0012582999074374805
0.04507466441336293 0.0012582999074374805
0.04507466441336293 0.0012582999074374805
0.04507466441336293 0.0012582999074374805
0.04507466441336293 0.0012582999074374805
0.04507466441336293 0.0012582999074374805
0.04507466441336293 0.0012582999074374805
0.04507466441336293 0.0012582999074374805
0.04507466441336293 0.0012582999074374805
0.04507466441336293 0.0012582999074374805
0.04507466441336293 0.0012582999074374805
0.04507466441336293 0.0012582999074374805
0.04507466441336293 0.0012582999074374805
0.04507466441336293 0.0012582999074374805
0.04507466441336293 0.0012582999074374805
0.04507466441336293 0.0012582999074374805
0.04507466441336293 0.0012582999074374805
0.04507466441336293 0.0012582999074374805
0.04507466441336293 0.0012582999074374805
0.04507466441336293 0.0012582999074374805
0.04507466441336293 0.0012582999074374805
0.04507466441336293 0.0012582999074374805
0.04507466441336293 0.0012582999074374805
0.04507466441336293 0.0012582999074374805
0.04507466441336293 0.0012582999074374805
0.04507466441336293 0.0012582999074374805
0.04507466441336293 0.0012582999074374805
0.04507466441336293 0.0012582999074374805
0.04507466441336293 0.0012582999074374805
0.04507466441336293 0.0012582999074374805
0.04507466441336293 0.0012582999074374805
0.04507466441336293 0.0012582999074374805
0.04507466441336293 0.0012582999074374805
0.04507466441336293 0.0012582999074374805
0.04507466441336293 0.0012582999074374805
0.04507466441336293 0.0012582999074374805
0.04507466441336293 0.0012582999074374805
0.04507466441336293 0.0012582999074374805
0.04507466441336293 0.0012582999074374805
0.04507466441336293 0.0012582999074374805
0.04507466441336293 0.0012582999074374805
0.04507466441336293 0.0012582999074374805
0.04507466441336293 0.0012582999074374805
0.04507466441336293 0.0012582999074374805
0.04507466441336293 0.0012582999074374805
0.04507466441336293 0.0012582999074374805
0.04507466441336293 0.0012582999074374805
0.04507466441336293 0.0012582999074374805
0.04507466441336293 0.0012582999074374805
0.04507466441336293 0.0012582999074374805
0.04507466441336293 0.0012582999074374805
0.04507466441336293 0.0012582999074374805
0.04507466441336293 0.0012582999074374805
0.04507466441336293 0.0012582999074374805
0.04507466441336293 0.0012582999074374805
0.04507466441336293 0.0012582999074374805
0.04507466441336293 0.0012582999074374805
0.04507466441336293 0.0012582999074374805
0.04507466441336293 0.0012582999074374805
0.04507466441336293 0.0012582999074374805
0.04507466441336293 0.0012582999074374805
0.04507466441336293 0.0012582999074374805
0.04507466441336293 0.0012582999074374805
0.04507466441336293 0.0012582999074374805
0.04507466441336293 0.0012582999074374805
0.04507466441336293 0.0012582999074374805
0.04507466441336293 0.0012582999074374805
0.04507466441336293 0.0012582999074374805
