0.03760914504528046 0.0008268856327049434
0.03760914504528046 0.0008268856327049434
0.03760914504528046 0.0008268856327049434
0.03760914504528046 0.0008268856327049434
0.03760914504528046 0.0008268856327049434
0.03760914504528046 0.0008268856327049434
0.03760914504528046 0.0008268856327049434
0.03760914504528046 0.0008268856327049434
0.03760914504528046 0.0008268856327049434
0.03760914504528046 0.0008268856327049434
0.03760914504528046 0.0008268856327049434
0.03760914504528046 0.0008268856327049434
0.03760914504528046 0.0008268856327049434
0.03760914504528046 0.0008268856327049434
0.03760914504528046 0.0008268856327049434
0.03760914504528046 0.0008268856327049434
0.03760914504528046 0.0008268856327049434
0.03760914504528046 0.0008268856327049434
0.03760914504528046 0.0008268856327049434
0.03760914504528046 0.0008268856327049434
0.03760914504528046 0.0008268856327049434
0.03760914504528046 0.0008268856327049434
0.03760914504528046 0.0008268856327049434
0.03760914504528046 0.0008268856327049434
0.03760914504528046 0.0008268856327049434
0.03760914504528046 0.0008268856327049434
0.03760914504528046 0.0008268856327049434
0.03760914504528046 0.0008268856327049434
0.04375647380948067 0.0012328810480539687
0.042679982841946185 0.0012029822173644789
0.04375647380948067 0.0012328810480539687
0.03760914504528046 0.0008268856327049434
0.042679982841946185 0.0012029822173644789
0.04375647380948067 0.0012328810480539687
0.042679982841946185 0.0012029822173644789
0.04375647380948067 0.0012328810480539687
0.04375647380948067 0.0012328810480539687
0.04339352482929826 0.0012225454265717417
0.042679982841946185 0.0012029822173644789
0.042679982841946185 0.0012029822173644789
0.042679982841946185 0.0012029822173644789
0.042679982841946185 0.0012029822173644789
0.042679982841946185 0.0012029822173644789
0.042679982841946185 0.0012029822173644789
0.04375647380948067 0.0012328810480539687
0.04375647380948067 0.0012328810480539687
0.042679982841946185 0.0012029822173644789
0.04375647380948067 0.0012328810480539687
0.04375647380948067 0.0012328810480539687
0.042717305361293256 0.0012039924004056957
0.0425106844631955 0.001198252914036857
0.04253536311443895 0.0011989384875050746
0.042648226604796946 0.0012020736357953865
0.04252787947189063 0.0011987315701844636
0.04271927149966359 0.001204046595375985
0.04251597553957254 0.001198400841531111
0.04163691645953804 0.0011739851597667439
0.042724475148133934 0.0012041912123095244
0.041629570769146085 0.001173781078250613
0.04270808841101825 0.0012037359883834142
0.042538070934824646 0.0011990143975708634
0.042716419557109475 0.0012039675602864008
0.04270398721564561 0.0012036223088216502
0.042716032708995044 0.0012039566863677464
0.04271106899250299 0.001203819461807143
0.03866510954685509 0.0010866572629311122
0.04292710067238659 0.0012098251354473177
0.0425279326736927 0.0011987334000878036
0.04269846074748784 0.0012034690807922743
0.04145815793890506 0.0011690208502841415
0.042679982841946185 0.0012029822173644789
0.04306548414751887 0.001213671395817073
0.04144383850507438 0.0011686229900078615
0.03760914504528046 0.0008268856327049434
0.04160444356966764 0.0011730834394256817
0.042520813876762986 0.0011985350101895165
0.03760914504528046 0.0008268856327049434
0.04235406429506838 0.0011936480150325224
0.0414463373599574 0.0011686923735396704
0.041652193176560104 0.001174408731458243
0.04271239216905087 0.0012038550412398763
0.04272445139940828 0.0012041900045005605
0.04215982696041465 0.0011885226776939817
0.041634267079643905 0.001173911119622062
0.04250793531537056 0.0011981778261542786
0.04144177271518856 0.0011685652789310552
0.03869045618921518 0.001087591521354625
0.04271512373816222 0.0012039319481118582
0.03760914504528046 0.0008268856327049434
0.042679982841946185 0.0012029822173644789
0.04271975497249514 0.0012040597102895845
0.042724830098450184 0.0012042005655530374
0.04270023852586746 0.0012035176623612642
0.04142603452783078 0.0011681284649966983
0.04270393110346049 0.0012036215994157828
0.04164271603804082 0.001174145718323416
0.04251835576724261 0.00119846689995029
0.03760914504528046 0.0008268856327049434
0.03760914504528046 0.0008268856327049434
0.042679982841946185 0.0012029822173644789
0.0427144382847473 0.0012039126268064138
0.04164706030860543 0.001174267104943283
0.04159947938751429 0.0011729457564797485
0.04235130560118705 0.0011935720431210939
0.04142759530805051 0.0011681716205202974
0.04271260916721076 0.0012038610875606537
0.04270696791354567 0.0012037049491482321
0.04212970181833953 0.0011876865919475676
0.0427119480445981 0.0012038430832035374
0.040888909017667174 0.0011532266526046442
0.042516677640378475 0.0011984204247710295
0.04270627605728805 0.001203685733344173
0.04470585228409618 0.0012514392583398148
0.03760914504528046 0.0008268856327049434
0.04273643239866942 0.001204523981868988
0.03760914504528046 0.0008268856327049434
0.04250405426137149 0.0011980699018749874
0.04252841172274202 0.001198746500449488
0.04254261124879122 0.0011991403116553556
0.04164829559158534 0.0011743009126803372
0.04250695009250194 0.001198150079289917
0.042679982841946185 0.0012029822173644789
0.042574350140057504 0.0012000237511529122
0.04274719627574086 0.0012048225835314952
0.04164339986164123 0.001174164604890393
0.042701251804828644 0.001203546482429374
0.04145086859352887 0.0011688183622027282
0.04271634004544467 0.0012039649045618717
0.04271166829857975 0.00120383584726369
0.04162387934047729 0.0011736228534573456
0.04270854243077338 0.0012037491032970138
0.042533227475360036 0.001198880167066818
0.04271370079368353 0.001203892294142861
0.042468848172575235 0.0011971127933065873
0.04470585228409618 0.0012514392583398148
0.03868955513462424 0.0010875582411244977
0.0425269870320335 0.001198706784634851
0.0423050228273496 0.0011925598773814272
0.04143715789541602 0.0011684379442158388
0.04273245658259839 0.0012044129944115411
0.04250825592316687 0.001198186626425013
0.042720631579868495 0.0012040846195304766
0.0425017912639305 0.0011980065610259771
0.0386598672484979 0.0010864640644285828
0.04250120383221656 0.0011979900664300658
0.041655751527287066 0.0011745080337277614
0.04270870960317552 0.0012037526794301812
0.04273022280540317 0.0012043511487718206
0.04144916636869311 0.001168770906588179
0.04252424743026495 0.0011986305617028847
0.04163822112604976 0.0011740214795281645
0.04163255693856627 0.0011738641733245458
0.04233195062261075 0.0011933068471989827
0.042326226946897805 0.0011931478748010704
0.049023292725905776 0.0013330473011592403
0.04250416625291109 0.0011980725394096226
0.04290738212876022 0.0012092769429727923
0.04163877118844539 0.0011740364025172312
0.041661691619083285 0.0011746735835913569
0.03865971101913601 0.0010864583309739828
0.04252373578492552 0.0011986163844994735
0.041628571576438844 0.0011737533586710924
0.041644363082014024 0.001174191396785318
0.042708358145318925 0.0012037434644298628
0.04164587159175426 0.001174233704659855
0.04164305608719587 0.0011741554062609794
0.042679982841946185 0.0012029822173644789
0.03865900042001158 0.0010864321011467837
0.04164021648466587 0.0011740763002308086
0.0427211644127965 0.0012040989895467646
0.04164386331103742 0.0011741780490410747
0.04158224177081138 0.001172466550997342
0.04163171292748302 0.0011738404682546388
0.04271058307494968 0.0012038053901051171
0.044110300950706005 0.0012348720629233867
0.04161970946006477 0.0011735065945686074
0.04270330420695245 0.001203603002068121
0.041640616254881024 0.0011740876634576125
0.041640351875685155 0.0011740805966837797
0.041439156979322433 0.0011684919027175056
0.04161951818969101 0.0011735018069884973
0.04270960157737136 0.0012037783817504533
0.04144494771026075 0.001168653549029841
0.04269247956108302 0.0012033027778670657
0.04271680081728846 0.001203977986733662
0.04270857328083366 0.0012037491396768019
0.04253316100221127 0.0011988777150691021
0.04273029090836644 0.0012043522074236535
0.04250898724421859 0.0011982059659203514
0.04252246581017971 0.001198581372591434
0.042708422522991896 0.0012037454544042703
0.04143856547307223 0.0011684766504913568
0.04370991629548371 0.001231586720678024
0.04144305270165205 0.0011686003726936178
0.041635865811258554 0.0011739558467525057
0.04253015015274286 0.001198794474476017
0.04144255770370364 0.001168586450148723
0.04271384852472693 0.0012038959066558164
0.04251735447905958 0.0011984388183918782
0.04324127431027591 0.0012185583655082155
0.042514190659858286 0.0011983511030848604
0.042711444199085236 0.001203829815494828
0.041428774362429976 0.0011682045605994062
0.042724867817014456 0.0012042022244713735
0.042499896604567766 0.0011979544069617987
0.042756243026815355 0.001205072898301296
0.04144652560353279 0.0011686974030453712
0.041626659920439124 0.0011737001204892294
0.04251192312221974 0.00119828831157065
0.0395803457358852 0.0011106461242889054
0.04163842182606459 0.001174026683656848
0.04145031399093568 0.001168802882602904
0.041485068504698575 0.0011697673835442401
0.042722030892036855 0.0012041237787343562
0.042499231291003525 0.0011979356422671117
0.04165463999379426 0.0011744773437385447
0.042726342217065394 0.0012042430789733771
0.04143538104835898 0.0011683871580316918
0.03760914504528046 0.0008268856327049434
0.038664267980493605 0.0010866262309718877
0.0414323378354311 0.0011683035299938638
0.04146314482204616 0.0011691593426803593
0.04148298501968384 0.001169741135527147
0.04164593480527401 0.0011742355654860148
0.038690370973199606 0.0010875881489482708
0.04354499198962003 0.0012270019979041535
0.04251387342810631 0.0011983423064521048
0.042719394084997475 0.001204050080559682
0.04251701047178358 0.0011984295852016658
0.03976204141508788 0.001116705454478506
0.04163747280836105 0.0011740008048946038
0.04272087861318141 0.0012040913388773333
0.04270865803118795 0.0012037519773002714
0.04235439992044121 0.0011939317373617087
0.04136619716882706 0.0011664728117466439
0.042524925665929914 0.0011986489589617122
0.04271789570339024 0.0012040085966873448
0.04270414065103978 0.0012036264015478082
0.042679982841946185 0.0012029822173644789
0.041632824460975826 0.001173871629362111
0.042535578017123044 0.0011989448685199022
0.04269525082781911 0.0012033795755996834
0.041796660516411066 0.0011784439448092598
0.038064556079916656 0.0010292850638506934
0.04145876201801002 0.0011690371593431337
0.04250747675541788 0.0011981645839114208
0.04249433323275298 0.0011977998437942006
0.042531845858320594 0.0011988413825747557
0.04271396470721811 0.0012038992099405732
0.04287375323474407 0.001205534121254459
0.03760914504528046 0.0008268856327049434
0.04326212662272155 0.0012191402602184098
0.04270401562098414 0.001203622425236972
0.03760914504528046 0.0008268856327049434
0.042689788388088346 0.0012032277481921483
0.0425269715487957 0.001198706009745365
0.042679982841946185 0.0012029822173644789
0.03760914504528046 0.0008268856327049434
0.04310682718642056 0.0012148237401561346
0.04143555392511189 0.0011683926095429342
0.0427177248056978 0.0012040034162055235
0.041457723476924 0.0011690084575093351
0.042528912192210555 0.0011987594771198928
0.042679982841946185 0.0012029822173644789
0.042679982841946185 0.0012029822173644789
0.04165007488336414 0.0011743511240638327
0.03869042557198554 0.0010875900152313989
0.04210317274555564 0.0011869470472447574
0.04270987864583731 0.0012037856031383853
0.04359351273160428 0.0012283507276151795
0.03760914504528046 0.0008268856327049434
0.03976411698386073 0.001116744246246526
0.04339352482929826 0.0012225454265717417
0.04143736918922514 0.0011684425808198284
0.04253932065330446 0.001199049216666026
0.042525487719103694 0.001198664765979629
0.04254505399148911 0.0011992085019301157
0.0425389742013067 0.0011990388884441927
0.04249354940839112 0.0011977996146015357
0.04143968329299241 0.0011685077734000515
0.04271271184552461 0.0012038647328154184
0.041634549270384014 0.0011739194887923077
0.042373359901830554 0.0011941844604734797
0.03760914504528046 0.0008268856327049434
0.042679982841946185 0.0012029822173644789
0.042722248123027384 0.0012041298068652395
0.039576218696311116 0.0011063137571909465
0.03865907248109579 0.0010864352334465366
0.042544040945358574 0.0011991841456620023
0.03868914407212287 0.0010875429688894656
0.04252395033836365 0.0011986224235442933
0.041644491488114 0.0011741953621822177
0.041599831194616854 0.0011729554662451847
0.03946224832907319 0.0011062785088142846
0.04254742350894958 0.0011992742256552447
0.04273353237658739 0.0012044422219332773
0.04271750315092504 0.0012039973844366614
0.04272397328168154 0.0012041774680255912
0.038659016718156636 0.0010864321666304022
0.04163542541209608 0.0011739436249627033
0.04163755662739277 0.0011740020290744724
0.04146592319011688 0.0011692364987538895
0.04251197795383632 0.001198289101012051
0.04270938516128808 0.0012037723427056335
0.04273006378207356 0.0012043454298691358
0.038613671786151826 0.0010546005169089767
0.04276264819782227 0.0012052524980390444
0.04356906039174646 0.0012276761590328533
0.03976221848279238 0.001116709096095292
0.04356906039174646 0.0012276761590328533
0.042691520298831165 0.0012032759696012363
0.04147733515128493 0.0011695528937707422
0.04253945278469473 0.0011990754574071616
0.043018225813284516 0.0012123607157263905
0.04164303676225245 0.0011741550297301728
0.041742490604519844 0.001176941761514172
0.04215197742450982 0.001188036043458851
0.04252229002304375 0.00119857601748663
0.042516016168519855 0.0011984019256487954
0.04319991753436625 0.0012174085750302766
0.03760914504528046 0.0008268856327049434
0.04164800338912755 0.0011742928327294067
0.042587945819832385 0.001200400736706797
0.042582149035297334 0.0012002382645732723
0.04165059223305434 0.0011743645227397792
0.04252383497077972 0.0011986190802417696
0.04268931155093014 0.0012032142658426892
0.04313065705355257 0.0012154836549598258
0.042679982841946185 0.0012029822173644789
0.03976263932418078 0.0011167162301717326
0.04141730419360101 0.0011678855134960031
0.04143450374249369 0.001168363016404328
0.04144883970730007 0.0011687615824484965
0.040141708217561245 0.0011168939308845438
0.042503496748395264 0.001198053767438978
0.04252630902919918 0.0011986870231339708
0.04254569485783577 0.0011992261061095633
0.04251096129883081 0.0011982610303675756
0.04651895409915596 0.0012890928555862047
0.04162652767263353 0.0011736960805137642
0.042679982841946185 0.0012029822173644789
0.042690598871558905 0.001203252326376969
0.04270799783989787 0.0012037334963679314
0.04269634757656604 0.0012034102765028365
0.04433920560404658 0.0012382073728076648
0.042175924172624946 0.001188971402370953
0.04253278439864516 0.0011988679507339839
0.04272396326996386 0.0012041770787618589
0.03760914504528046 0.0008268856327049434
0.04275759763550013 0.0012051111698383465
0.04252645559608936 0.001198691810714081
0.04142302938271314 0.001168045200756751
0.04234762757550925 0.0011934696631215047
0.04251942946575582 0.00119849675684236
0.04274270264431834 0.0012046978772559669
0.04198794858530164 0.0011837468991870992
0.04352949105668813 0.001226570653670933
0.04271432280074805 0.001203909116156865
0.04271863296162337 0.0012040292895107996
0.04252882336732 0.001198757832753472
0.042538489564321935 0.0011990261482424103
0.039729000767692924 0.001116091571020661
0.041438774089328945 0.0011684826858981978
0.0395803457358852 0.0011106461242889054
0.04179738718084991 0.001178464215627173
0.04288085806183517 0.0012085389098501764
0.04367634677328169 0.0012306538446864579
0.042681254097260535 0.0012029912395519204
0.04162678821012378 0.0011737036275007995
0.04271233291365206 0.0012038543572998606
0.04271906893700361 0.0012040410001645796
0.04309112124610692 0.0012141397637606133
0.04253351897932589 0.0011988872647634707
0.042514447937719524 0.0011983585536654573
0.04222188633866608 0.0011902471851499286
0.0416286668041721 0.0011737556724256137
0.04145006905309856 0.0011687956066452898
0.04252412647474557 0.0011986272402282339
0.042521695140749216 0.0011985597157035954
0.041619345312938094 0.001173497334093554
0.04164254164788872 0.0011741412381525151
0.039765865192748606 0.0011167771517648362
0.03866539616137743 0.001086667562049115
0.042679982841946185 0.0012029822173644789
0.04144102439749986 0.0011685445733746747
0.041433287668041885 0.001168329728898243
0.04251396027393639 0.0011983444637735374
0.04270728665869683 0.001203714175062487
0.039762416505254805 0.0011167121228936594
0.042505243443883955 0.0011981071111222263
0.04271786392200738 0.0012040074507240206
0.04252163670025766 0.0011985580567852594
0.04269532405305654 0.001203381601953879
0.04270405322313309 0.0012036233820253983
0.04369895823765546 0.0012312823164393194
0.042708640685305 0.001203750794957159
0.041574691073037684 0.00117225609938032
0.039573087240569293 0.001106312844058266
0.04269431438297033 0.0012033533930662088
0.042713410686701536 0.0012038838722219225
0.04162379610352218 0.0011736208871298004
0.03760914504528046 0.0008268856327049434
0.039572074776515365 0.0011063115380238742
0.042710364097729325 0.0012037995002174284
0.04144484084099531 0.0011686501202348154
0.042721072444692254 0.0012040960173180792
0.038664254010654986 0.0010866257034649607
0.042699711164459586 0.0012035035470034927
0.042699658777564764 0.0012035020372422878
0.04272859822958708 0.001204305768624181
0.04098928940948099 0.0011560113489395007
0.04348375368863344 0.0012253006025275681
0.04375647380948067 0.0012328810480539687
0.04268951923586428 0.0012032205377181526
0.04272389714606106 0.0012041752634104341
0.04186330735683441 0.0011802930312114768
0.04251410730648786 0.001198348996695131
0.03976437891833484 0.0011167488410137594
0.04273719142656773 0.001204544008942321
0.04205197037663311 0.001185526447443408
0.042737581417895854 0.0012045556213706732
0.04268490744289011 0.0012030920879624318
0.042679982841946185 0.0012029822173644789
0.04141467064619064 0.0011678129267238546
0.04243097314611077 0.0011960666779486928
0.04144261626061052 0.0011685890804074006
0.0427196032833308 0.0012040561523463111
0.04144053580239415 0.0011685314530041069
0.04190999176353216 0.0011815763864433393
0.041773744276724756 0.0011777916297432967
0.04162979731336236 0.0011737874101527268
0.042727433261461556 0.0012042739617754705
0.04161982226651162 0.0011735094831237802
0.04270895663648844 0.0012037597298331093
0.0414555260213092 0.0011689472794387257
0.04210492945276201 0.0011869994850712828
0.04045257717370987 0.0011411210944061168
0.042524526943452656 0.0011986382087343372
0.0420540482737124 0.0011855841748911189
0.04162636399269104 0.0011736915203073295
0.042713139555417 0.001203876639920054
0.042738276766613126 0.0012045739058521576
0.04337037622462958 0.001222147730004508
0.039544854196719825 0.0011063046549679711
0.04249225149396807 0.0011977421127085108
0.04251157969702035 0.0011982779287791345
0.04269028373528272 0.0012032416670990642
0.042523351148702204 0.0011986056888417806
0.04271364014130086 0.0012038902896165382
0.04322479001712054 0.0012181003512523603
0.0427375512663275 0.0012045542025589384
0.04253435449209064 0.001198910889797844
0.04320472932886332 0.001217545104736928
0.042697412660345435 0.0012034387837047689
0.043507464113645256 0.0012259655086381827
0.042518337490037084 0.001198466165078571
0.04271689162123948 0.0012039797438774258
0.04164333071094006 0.0011741632006305736
0.042651567491702735 0.0012021695438306779
0.04164127947296947 0.0011741061225620797
0.04295814270153642 0.0012106867943657562
0.04171539901290089 0.001176189114630688
0.04242151684593409 0.001195783435832709
0.04252440482378006 0.001198634647153085
0.043144810013473034 0.0012158796380390413
0.04251918930094689 0.0011984902557742316
0.041650555562227964 0.001174363706013537
0.04220297501888126 0.0011897214953933144
0.042709605768322945 0.0012037784836138599
0.041448415140621364 0.0011687501610140316
0.042504240409471095 0.0011980748822679743
0.04250746371690184 0.0011981643401668407
0.04268413572572172 0.001203071133204503
0.04163407988380641 0.0011739063484128565
0.04270676407031715 0.001203698877361603
0.03925137361511588 0.0011028848839487182
0.040886848233640194 0.0011503828754939605
0.04253039590548724 0.0011988008445769083
0.042523605516180396 0.0011986124773102347
0.041643172153271735 0.001174159362562932
0.03865601075813174 0.0010863220304599963
0.041641415329650044 0.0011741097441699822
0.04251238226424903 0.0011983013537246734
0.04251033393666148 0.0011982443429587875
0.03955853602383286 0.0011063093807024416
0.042720428900793195 0.0012040789042657707
0.04145548620726913 0.0011689456950989552
0.04303307877853513 0.001212773389852373
0.04271656752098352 0.0012039709254167974
0.04252369957976043 0.0011986151002929546
0.0404815369984135 0.0011419247166486457
0.03865803952794522 0.001086396696337033
0.042682460276409984 0.0012030242178298067
0.04251925402786583 0.0011984917437075637
0.04273164120968431 0.001204390478960704
0.042510189581662416 0.0011982396790699568
0.03865862195380032 0.0010864179639611393
0.041603239718824625 0.0011730496989912353
0.04270999820437282 0.001203789022838464
