0.08324074745178223 0.0020941731054335833
0.08324074745178223 0.0020941731054335833
0.08324074745178223 0.0020941731054335833
0.08324074745178223 0.0020941731054335833
0.08324074745178223 0.0020941731054335833
0.08324074745178223 0.0020941731054335833
0.08324074745178223 0.0020941731054335833
0.08324074745178223 0.0020941731054335833
0.08324074745178223 0.0020941731054335833
0.08324074745178223 0.0020941731054335833
0.08324074745178223 0.0020941731054335833
0.08324074745178223 0.0020941731054335833
0.08324074745178223 0.0020941731054335833
0.08324074745178223 0.0020941731054335833
0.08324074745178223 0.0020941731054335833
0.08324074745178223 0.0020941731054335833
0.08324074745178223 0.0020941731054335833
0.08324074745178223 0.0020941731054335833
0.08324074745178223 0.0020941731054335833
0.08324074745178223 0.0020941731054335833
0.08324074745178223 0.0020941731054335833
0.08324074745178223 0.0020941731054335833
0.08324074745178223 0.0020941731054335833
0.08324074745178223 0.0020941731054335833
0.08324074745178223 0.0020941731054335833
0.08324074745178223 0.0020941731054335833
0.08324074745178223 0.0020941731054335833
0.08324074745178223 0.0020941731054335833
0.08324074745178223 0.0020941731054335833
0.08324074745178223 0.0020941731054335833
0.08324074745178223 0.0020941731054335833
0.042679982841946185 0.0012029822173644789
0.04375647380948067 0.0012328810480539687
0.042679982841946185 0.0012029822173644789
0.0395803457358852 0.0011106461242889054
0.04375647380948067 0.0012328810480539687
0.04410845844540745 0.0012398602557368577
0.04375647380948067 0.0012328810480539687
0.04375647380948067 0.0012328810480539687
0.04375647380948067 0.0012328810480539687
0.04375647380948067 0.0012328810480539687
0.04375647380948067 0.0012328810480539687
0.0395803457358852 0.0011106461242889054
0.04375647380948067 0.0012328810480539687
0.042679982841946185 0.0012029822173644789
0.042679982841946185 0.0012029822173644789
0.042679982841946185 0.0012029822173644789
0.04410845844540745 0.0012398602557368577
0.0395803457358852 0.0011106461242889054
0.042679982841946185 0.0012029822173644789
0.04438218229915947 0.001248212531208992
0.04438425542321056 0.0012482633137551602
0.04330856562592089 0.0012183774706500117
0.04438940575346351 0.0012483894934121054
0.044380976469255984 0.0012481829908210784
0.043303719838149846 0.0012182588088762714
0.04330505186226219 0.0012182914124423405
0.04330004344228655 0.0012181687361589866
0.04437775234691799 0.0012481039957492612
0.044372573494911194 0.001247977121238364
0.03839377942495048 0.0010747610249381978
0.03839556244201958 0.001074858068022877
0.04321421158965677 0.0012160665028204676
0.04428598948288709 0.0012458555393095594
0.041471061878837645 0.0011673508597596083
0.04331045038998127 0.001218423629325116
0.08324074745178223 0.0020941731054335833
0.04438621283043176 0.0012483112404879648
0.04437872057314962 0.0012481277080951259
0.03839440760202706 0.0010747952619567513
0.04437786201015115 0.0012481066551117692
0.03976725600659847 0.0011129579761472996
0.044382043299265206 0.0012482090824050829
0.04473120952025056 0.001255117247637827
0.043302579782903194 0.0012182308346382342
0.044382208958268166 0.0012482131642173044
0.043818038422614336 0.0012343895105004776
0.044382724445313215 0.001248225806193659
0.04438039718661457 0.0012481688063417096
0.04525003966409713 0.0012640372642636066
0.04438178543932736 0.0012482027959777042
0.04438254958949983 0.0012482215206546243
0.04438665951602161 0.0012483222271839622
0.04330675397068262 0.0012183330964035122
0.04330338106956333 0.0012182504924567183
0.04473953309934586 0.0012553211890917737
0.03839305497240275 0.0010747216656454839
0.03977063193451613 0.0011129997419629944
0.04438468173611909 0.0012482737802201882
0.03839446743950248 0.0010747984706540592
0.04438446322456002 0.0012482684251153842
0.04438446322456002 0.0012482684251153842
0.044381421292200685 0.0012481938574637752
0.044386036111973226 0.0012483069876907393
0.044387397705577314 0.0012483403261285275
0.04438476241193712 0.001248275744728744
0.0433035884052515 0.0012182555910840165
0.03977222018875182 0.0011130194052384468
0.03803109435830265 0.0010644573485478759
0.04438229149673134 0.0012482152123993728
0.043305772938765585 0.0012183090329926927
0.043298349250108004 0.0012181272541056387
0.043305379687808454 0.0012182994669274194
0.04323501395992935 0.0012165760290372418
0.04438645613845438 0.0012483172577049118
0.044375925324857235 0.0012480592049541883
0.03839399677235633 0.0010747729065769818
0.04382186627481133 0.0012344833194219973
0.03977042599581182 0.001112997215386713
0.0443812987068668 0.0012481908779591322
0.044382247840985656 0.0012482141501095612
0.043302091653458774 0.0012182189420855138
0.044378239777870476 0.0012481159428716637
0.04437133448664099 0.0012479467222874518
0.043303368613123894 0.0012182502105133608
0.039771533105522394 0.0011130109069199534
0.03839407628402114 0.001074777239409741
0.03839407628402114 0.001074777239409741
0.038393004215322435 0.0010747189335233998
0.04438365891110152 0.001248248721822165
0.04438605345785618 0.0012483073842304293
0.03839373157825321 0.0010747584419732448
0.044385383487679064 0.0012482909769460093
0.044379245839081705 0.001248140604729997
0.04632795159704983 0.0012939807784277946
0.04331196623388678 0.001218460753079853
0.04438400990329683 0.0012482572929002345
0.03839372226502746 0.0010747579690359998
0.04560173978097737 0.0012710112569038756
0.044384201522916555 0.0012482620259106625
0.04560142382979393 0.0012710051942121936
0.045704290736466646 0.001273703746846877
0.03977099200710654 0.001113004193030065
0.04382499284110963 0.0012345598988758866
0.04330486373510212 0.0012182868085801601
0.04330167348962277 0.0012182086647953838
0.04438472865149379 0.0012482749189075548
0.0443835478508845 0.0012482460006140172
0.044386009918525815 0.001248306332854554
0.044735337723977864 0.001255218387086643
0.03839289431925863 0.0010747129272203892
0.04438613401725888 0.0012483093451010063
0.044383295462466776 0.0012482398087740876
0.04438367567490786 0.0012482491401897278
0.0397702936315909 0.001112995561925345
0.044381230138242245 0.001248189186298987
0.04330203228164464 0.0012182174541521817
0.04437953466549516 0.001248147676960798
0.044385062297806144 0.0012482831116358284
0.04285578720737249 0.0012072880144842202
0.04438137914985418 0.0012481928351917304
0.041471079108305275 0.0011673622320813593
0.044382843538187444 0.0012482287456805352
0.04438477149233222 0.0012482759411795996
0.04473356215748936 0.0012551748841360677
0.044379636412486434 0.001248150128958514
0.044386101071722806 0.0012483085047279019
0.044377739424817264 0.001248103679245105
0.04438618081621826 0.0012483104583225213
0.04438480664975941 0.0012482768506743014
0.0428807440912351 0.0012078992476745043
0.044379482860676944 0.0012481464000302367
0.04438070300966501 0.001248176286026137
0.03839467850048095 0.001074809959391132
0.04525024793110788 0.0012640412060136441
0.04438085900619626 0.0012481801059038844
0.038394825998693705 0.0010748179447546136
0.0443849143339321 0.0012482794700190425
0.04438170848879963 0.0012482009260565974
0.04438310826662928 0.0012482351849030238
0.039768892573192716 0.0011129782633361174
0.043301319470629096 0.0012182000100438017
0.044379249564372 0.0012481406847655308
0.038429033127613366 0.001076678261597408
0.038429033127613366 0.001076678261597408
0.04438703798223287 0.0012483315040299203
0.043304878287017345 0.0012182871450931998
0.04330694046802819 0.0012183376820757985
0.03839368873741478 0.0010747561100288294
0.04437903128564358 0.0012481353296607267
0.04438133991789073 0.0012481918856792618
0.044374974677339196 0.0012480359182518441
0.043303227168507874 0.001218246727148653
0.04330046009272337 0.001218178938870551
0.043305514845997095 0.0012183027592982398
0.03839432436507195 0.0010747906890173908
0.04438718722667545 0.0012483351274568122
0.044380626641213894 0.0012481743870011996
0.04233419359661639 0.001190319293527864
0.04438536008819938 0.001248290434887167
0.04438497230876237 0.0012482809070206713
0.03839336754754186 0.0010747384912974667
0.04438216215930879 0.0012482120291679166
0.04330453253351152 0.0012182786867924733
0.04330259235575795 0.0012182311420474434
0.04330697748810053 0.0012183385333628394
0.038392720744013786 0.0010747035557869822
0.044382236315868795 0.001248213851795299
0.0457033331040293 0.0012736803400912322
0.043304225779138505 0.001218271185280173
0.04330675071105361 0.001218333023643936
0.04438265657518059 0.001248224129085429
0.04438265657518059 0.001248224129085429
0.04438603424932808 0.0012483069149311632
0.03976997046265751 0.0011129915492347209
0.044388554291799664 0.0012483687132771593
0.04438024328555912 0.0012481650373956654
0.038394446833990514 0.0010747973501565866
0.03977007220964879 0.0011129928607260808
0.0443782196380198 0.0012481154408305883
0.04438474040944129 0.0012482752063078806
0.04437927296385169 0.0012481412668421399
0.0443884611595422 0.001248366381332744
0.043302435893565416 0.0012182273276266642
0.04438194679096341 0.001248206761374604
0.04330213076900691 0.0012182198552181944
0.041471090517006814 0.0011673686713038478
0.044378478080034256 0.0012481217781896703
0.04438575659878552 0.0012483001082728151
0.04328791913576424 0.0012178718407085398
0.043104697950184345 0.00121338433928031
0.044383185682818294 0.0012482370875659399
0.04330678912810981 0.0012183339986222563
0.04438495228532702 0.0012482804086175747
0.03977036359719932 0.0011129964241263224
0.04438269988168031 0.001248225205927156
0.04438529862090945 0.0012482888814702164
0.03976915078237653 0.0011129814738524146
0.04437996167689562 0.0012481581106840167
0.04560345131903887 0.0012710441296803765
0.04437802720349282 0.0012481107078201603
0.04321506398264319 0.0012160874139226507
0.043301354511640966 0.0012182008795207366
0.04329804901499301 0.0012181199199403636
0.04437891498673707 0.0012481324665714055
0.04419464117381722 0.0012436172510206234
0.045601694262586534 0.0012710103765130043
0.04438481526449323 0.0012482770544011146
0.04330406617373228 0.001218267263539019
0.04438751272391528 0.0012483431128202938
0.0443822150118649 0.001248213324288372
0.04437423567287624 0.0012480177938414272
0.04438506334554404 0.0012482831152738072
0.039748999290168285 0.00111273214679386
0.04438278276938945 0.0012482272504712455
0.04330070246942341 0.0012181849087937735
0.0443829937139526 0.001248232427315088
0.04330606781877577 0.0012183162707515294
0.04437963152304292 0.0012481500089052133
0.04438268148805946 0.001248224751179805
0.04437797632999718 0.0012481094927352387
0.04269181203562766 0.0012032718914269935
0.043305397499352694 0.001218299879838014
0.03839310386683792 0.00107472436138778
0.04438428510911763 0.0012482640813686885
0.044380572508089244 0.0012481730882427655
0.04331034084316343 0.0012184209172119154
0.03839543228968978 0.0010748509448603727
0.03839543228968978 0.0010748509448603727
0.043303011218085885 0.0012182414120616158
0.04438420827500522 0.0012482621823437512
0.04147107119206339 0.0011673581211653072
0.04331242118496448 0.0012184717907075537
0.04535507853142917 0.0012667943410633598
0.044385847519151866 0.0012483023310778663
0.03802976221777499 0.0010643850873748306
0.04438244504854083 0.0012482189922593534
0.043298441683873534 0.001218129531480372
0.04330887505784631 0.0012183850139990682
0.04147110739722848 0.0011673783665173687
0.0432966094231233 0.0012180846788396593
0.038394086877815425 0.0010747778214863501
0.03844988241326064 0.0010778119722090196
0.04331058787647635 0.001218426987179555
0.03839334205258638 0.0010747372471087147
0.04438425833359361 0.001248263430170482
0.04437951510772109 0.0012481472149374895
0.043306868872605264 0.001218335926751024
0.044378811377100646 0.0012481299418141134
0.044388028676621616 0.0012483557657105848
0.043302428093738854 0.0012182271930214483
0.03839452832471579 0.0010748018248705193
0.0443845879053697 0.001248271444637794
0.04438782704528421 0.0012483508362493012
0.03839326137676835 0.0010747328633442521
0.04437250108458102 0.0012479753022489604
0.041471086791716516 0.001167366630397737
0.043129660887643695 0.0012139957143517677
0.03839423507452011 0.0010747858541435562
0.0432976201409474 0.0012181094334664522
0.04438475938513875 0.0012482756828831043
0.038394832401536405 0.0010748182830866426
0.0439313001697883 0.0012371647389954887
0.03976935613900423 0.001112983954953961
0.044384007109329104 0.001248257227416616
0.03976905904710293 0.0011129803242511116
0.043306537554599345 0.0012183278322481783
0.0443810346769169 0.0012481844169087708
0.04330232762731612 0.001218224690092029
0.04375647380948067 0.0012328810480539687
0.04331156564876437 0.0012184509614598937
0.044323600362986326 0.0012467770975490566
0.040019341511651874 0.0011193899263162166
0.044391978648491204 0.001248452525032917
0.043000989593565464 0.0012108442242606543
0.0425224433420226 0.0011986093668383546
0.04330677737016231 0.001218333618453471
0.03839397383853793 0.0010747716223704629
0.043302893405780196 0.001218238505316549
0.03839516267180443 0.0010748362947197165
0.04438318288885057 0.0012482370511861518
0.04330088652204722 0.0012181893944216426
0.04473965580109507 0.0012553241576824803
0.04438057658262551 0.0012481731682782993
0.0425224433420226 0.0011986093668383546
0.0443853959441185 0.001248291286174208
0.03977089375257492 0.0011130030015920056
0.04437776922713965 0.0012481043850129936
0.04438088380265981 0.0012481807316362392
0.04330237803515047 0.001218225965203601
0.045702755684033036 0.0012736662101815455
0.03839443251490593 0.0010747966116468888
0.039771511568687856 0.0011130106249765959
0.039768979768268764 0.0011129793219879502
0.039768667542375624 0.0011129754875582876
0.04437763663008809 0.001248101190867601
0.0433026870014146 0.0012182334940007422
0.04438771272543818 0.0012483480459195562
0.04039258463308215 0.0011374124769645277
0.04438684624619782 0.0012483267673815135
0.04437977017369121 0.0012481533995014615
0.04438259080052376 0.0012482225174608175
0.043849613051861525 0.0012351631557976361
0.04438158730044961 0.0012481979465519544
0.04438731190748513 0.001248338186996989
0.044382216525264084 0.00124821336066816
0.04330548970028758 0.0012183021135570016
0.044378733611665666 0.0012481280027714092
0.0443785241805017 0.0012481228877732065
0.044379200553521514 0.0012481394951464608
0.04438059532549232 0.001248173663043417
0.04330047417897731 0.0012181793299532728
0.04438203352037817 0.001248208871402312
0.044384885230101645 0.0012482787315093447
0.03839493845589459 0.0010748241111286916
0.04330228874459863 0.0012182237005617935
0.04435254249256104 0.00124748628877569
0.04437978123314679 0.0012481537160056178
0.04438249790109694 0.001248220261913957
0.03839375311508775 0.0010747596497822087
0.044384551234543324 0.0012482705351430923
0.03839324868749827 0.0010747321975941304
0.044384980225004256 0.0012482811143854633
0.04438168019987643 0.0012482002384786028
0.04437437385786325 0.0012480212026275694
0.04438731074333191 0.0012483381651691161
0.043877677409909666 0.0012358508429315407
0.044378640479408205 0.0012481257472245488
0.03977083903737366 0.001113002314014011
0.04149773879908025 0.0011687403966789134
0.04330509796272963 0.0012182925602246542
0.04438061232212931 0.0012481740814109799
0.04330209898762405 0.001218219082147698
0.04330546432174742 0.0012183015078335302
0.0433056567562744 0.0012183062044641702
0.043308305204845965 0.0012183710823592264
0.04330069699790329 0.0012181847596366424
0.043306423583999276 0.0012183250109956134
0.0383930514799431 0.0010747214801085647
0.04438609420321882 0.0012483083737606648
0.038395043928176165 0.0010748298882390372
0.04330586572177708 0.00121831132855732
0.043304287479259074 0.0012182726732135052
0.04438512888737023 0.0012482847341743764
0.04438059753738344 0.0012481737066991627
0.043301903177052736 0.0012182142490928527
0.04438047588337213 0.0012481707162805833
0.04330415220465511 0.0012182693808426848
0.044385087909176946 0.0012482837555580772
0.04438216600101441 0.0012482121310313232
0.03839324216824025 0.001074731826520292
0.043303726823069155 0.0012182589580334025
0.04438262619078159 0.0012482234087656252
0.04330211796332151 0.0012182195569039322
0.04438979015685618 0.0012483989012253005
0.04328356869518757 0.0012177652442915132
0.04438150464557111 0.0012481958910939284
0.03977026673965156 0.0011129952363262419
0.043302740319631994 0.0012182347782072611
0.043305698898620903 0.0012183072612970136
0.04330487793777138 0.0012182871378172422
0.04298680427018553 0.0012104476882086601
0.04437918355688453 0.0012481390513130464
0.04535613348707557 0.0012668201998167206
0.04438226961065084 0.0012482146958063822
0.038392708636820316 0.0010747026863100473
0.043845437467098236 0.001235060870385496
0.03803006326779723 0.0010644014037097804
0.042679982841946185 0.0012029822173644789
0.03932268905919045 0.0011028516746591777
0.038029776769690216 0.0010643858950061258
0.04438083618879318 0.001248179545655148
0.04330328002106398 0.0012182480131741613
0.044372955220751464 0.001247986456291983
0.03839306137524545 0.0010747220258053858
0.04438532760832459 0.0012482896163419355
0.03977151995059103 0.0011130107104690978
0.0414710845798254 0.0011673658445943147
0.03839337464887649 0.0010747390442702454
0.04437796527054161 0.0012481092126108706
0.044387395144440234 0.001248340224265121
0.04438441735692322 0.001248267315531848
0.04438464785926044 0.0012482729434850626
0.045356044196523726 0.0012668179697357118
0.04524986841715872 0.0012640339446079452
0.04437965643592179 0.0012481506710173562
0.04437678528483957 0.0012480802906793542
0.043787197675555944 0.0012336338368186262
0.044380298000760376 0.0012481663798098452
0.04438168287742883 0.0012482002784963697
0.044383535627275705 0.0012482456695579458
0.04438065690919757 0.0012481751473387703
0.04438056203071028 0.0012481728554121219
0.044381202198565006 0.0012481885132729076
0.03839388524647802 0.0010747668420663103
0.04438590002246201 0.0012483036225603428
0.04438412934541702 0.001248260243301047
0.0397604510653764 0.0011128738242405234
0.044210303225554526 0.0012440010068530682
0.042679982841946185 0.0012029822173644789
0.044380604987964034 0.001248173870408209
0.04330728703644127 0.0012183461294625886
0.04330516513437033 0.0012182941936771385
0.043948308448307216 0.0012375814840197563
0.03839515370782465 0.0010748357999545988
0.04330625291913748 0.0012183208364149323
0.04330345510970801 0.0012182522950752173
0.03976997570134699 0.0011129916383652017
0.04438401258084923 0.001248257340193959
0.04438531049527228 0.0012482891652325634
0.038914964068681 0.0010912185061897617
0.04330011340789497 0.0012181704496470047
0.04106020333711058 0.001151115349784959
0.04415506555233151 0.001242647569597466
0.04330209840554744 0.0012182190712337615
0.04473576508462429 0.001255228853551671
0.0383936824509874 0.001074755778972758
0.043772806762717664 0.0012332812075328548
0.04438164038583636 0.0012481992453103885
0.04329844971653074 0.0012181297006463865
0.04330995725467801 0.00121841157124436
0.04535255010705441 0.0012667325136135332
0.04426583438180387 0.001245361698238412
0.040394789073616266 0.0011382482280168915
0.040338973863981664 0.0011349343258189037
0.044382841675542295 0.0012482287165767048
0.04266141541302204 0.0012014956373604946
0.044386786757968366 0.0012483253158279695
0.037552195019088686 0.0008334313261002535
0.04330608726013452 0.0012183167582406895
0.04438361222855747 0.0012482475976867136
0.04330802790354937 0.001218364242959069
0.044319242937490344 0.0012466703628888354
0.03842329722829163 0.0010756632400443777
0.03848191467113793 0.0010795540692924988
0.04330303298775107 0.001218241945025511
0.03839372924994677 0.0010747583182819653
0.045703572453930974 0.001273686189961154
0.04438586195465177 0.0012483026985137258
0.04367474967148155 0.0012282174393476453
0.043786284513771534 0.001233611434145132
0.03977176011539996 0.0011130137208965607
0.044379791943356395 0.0012481539670261554
0.04438595147803426 0.0012483048667490948
0.04147107561584562 0.0011673582739604171
0.043308497639372945 0.0012183757917227922
0.04055170947685838 0.0011413401662139222
0.04438513680361211 0.0012482849451771472
0.04438644554466009 0.0012483169957704376
0.042679982841946185 0.0012029822173644789
0.044386632507666945 0.0012483215687097982
0.04375647380948067 0.0012328810480539687
0.044378694030456245 0.0012481270678108558
0.04430484666954726 0.0012463176171877421
0.044380346313118935 0.0012481675221351907
0.04330720193684101 0.0012183440612716367
0.038394992938265204 0.001074827101547271
0.04438365169335157 0.0012482485653890762
0.03909575869329274 0.001097187036066316
0.0443877000361681 0.0012483477148634847
0.04438244306948036 0.0012482189340516925
0.04437794629484415 0.0012481087687774561
0.04383090196643025 0.0012347046977083664
0.03870799345895648 0.0010864171126740985
0.044383928761817515 0.0012482553320296574
0.044380955514498055 0.0012481824924179818
0.04438249848317355 0.0012482202946557663
0.04330879193730652 0.001218383029481629
0.039770939969457686 0.0011130035163660068
0.044382430613040924 0.001248218621185515
