0.08324074745178223 0.0020941731054335833
0.08324074745178223 0.0020941731054335833
0.08324074745178223 0.0020941731054335833
0.08324074745178223 0.0020941731054335833
0.08324074745178223 0.0020941731054335833
0.08324074745178223 0.0020941731054335833
0.08324074745178223 0.0020941731054335833
0.08324074745178223 0.0020941731054335833
0.08324074745178223 0.0020941731054335833
0.08324074745178223 0.0020941731054335833
0.08324074745178223 0.0020941731054335833
0.08324074745178223 0.0020941731054335833
0.08324074745178223 0.0020941731054335833
0.08324074745178223 0.0020941731054335833
0.08324074745178223 0.0020941731054335833
0.08324074745178223 0.0020941731054335833
0.08324074745178223 0.0020941731054335833
0.08324074745178223 0.0020941731054335833
0.08324074745178223 0.0020941731054335833
0.08324074745178223 0.0020941731054335833
0.08324074745178223 0.0020941731054335833
0.08324074745178223 0.0020941731054335833
0.08324074745178223 0.0020941731054335833
0.08324074745178223 0.0020941731054335833
0.08324074745178223 0.0020941731054335833
0.08324074745178223 0.0020941731054335833
0.08324074745178223 0.0020941731054335833
0.08324074745178223 0.0020941731054335833
0.08324074745178223 0.0020941731054335833
0.08324074745178223 0.0020941731054335833
0.08324074745178223 0.0020941731054335833
0.08324074745178223 0.0020941731054335833
0.042679982841946185 0.0012029822173644789
0.042679982841946185 0.0012029822173644789
0.04375647380948067 0.0012328810480539687
0.04470585228409618 0.0012514392583398148
0.042679982841946185 0.0012029822173644789
0.04339352482929826 0.0012225454265717417
0.04375647380948067 0.0012328810480539687
0.04375647380948067 0.0012328810480539687
0.042679982841946185 0.0012029822173644789
0.04375647380948067 0.0012328810480539687
0.042679982841946185 0.0012029822173644789
0.04375647380948067 0.0012328810480539687
0.042679982841946185 0.0012029822173644789
0.04375647380948067 0.0012328810480539687
0.03826836543157697 0.0010372903698225855
0.042679982841946185 0.0012029822173644789
0.042679982841946185 0.0012029822173644789
0.042679982841946185 0.0012029822173644789
0.04156601463910192 0.0011720183301804354
0.041565253399312496 0.001171997264464153
0.041559636825695634 0.001171841087852954
0.04346413363236934 0.001224755138537148
0.04227706778328866 0.0011915122086065821
0.04285854834597558 0.0012079222397005651
0.0415627786424011 0.0011719285193976248
0.0415682130260393 0.0011720794191205641
0.04354130430147052 0.0012269001745153219
0.042636727914214134 0.0012017566768918186
0.04228436085395515 0.0011917149167857133
0.04375647380948067 0.0012328810480539687
0.042679982841946185 0.0012029822173644789
0.04278867249377072 0.0012057329440722242
0.04156339494511485 0.0011719455287675373
0.04151270701549947 0.001170537807411165
0.04156439541839063 0.0011719734029611573
0.041511340881697834 0.001170499957879656
0.042639058199711144 0.0012018214838462882
0.041509791975840926 0.0011704569187713787
0.04156591242644936 0.0011720154780050507
0.04177419166080654 0.0011778048774431227
0.04150998708792031 0.0011704623793775681
0.041964859468862414 0.0011831054544018116
0.04157096042763442 0.0011721557566488627
0.04258885665331036 0.0012004272648482583
0.041566189378499985 0.0011720231905201217
0.0415672060335055 0.0011720515249180607
0.04276885511353612 0.001205429212859599
0.04263776121661067 0.0012017854169243947
0.04322745790705085 0.0012181771890027449
0.04160925047472119 0.001173221216959064
0.041510386508889496 0.0011704734952218132
0.0415611561620608 0.0011718833920895122
0.042278314009308815 0.001191546762129292
0.0421208159532398 0.0011874395931954496
0.04221984022296965 0.0011899230048584286
0.04156219738069922 0.0011719123413058696
0.04259009822271764 0.001200461669213837
0.0437205561902374 0.0012318826447881293
0.041593251284211874 0.0011728008903446607
0.04156533838249743 0.0011719996109604836
0.041567603941075504 0.0011720625097950688
0.04264074144884944 0.0012018682136840653
0.04156357597094029 0.0011719506492227083
0.04264643124770373 0.0012020262438454665
0.042679982841946185 0.0012029822173644789
0.04156765702646226 0.001172064015918295
0.041513131582178175 0.0011705496344802668
0.04248954192735255 0.001197688703541644
0.04264124087058008 0.0012018820852972567
0.04227663960773498 0.001191500388813438
0.041566652012988925 0.00117203606532712
0.04156347701791674 0.0011719478370650904
0.04264301003422588 0.001201931150717428
0.04151117673609406 0.0011704953067237511
0.04264293622691184 0.001201929037051741
0.0422824575798586 0.001191661966004176
0.041566755273379385 0.0011720389720721869
0.041570080211386085 0.0011721314458554843
0.04264186427462846 0.0012018993802485056
0.04156153346411884 0.001171893853097572
0.04150915192440152 0.001170439119960065
0.0426440309965983 0.0012019595233141445
0.042280658381059766 0.0011916120165551547
0.04156474827323109 0.0011719831982190954
0.04258582880720496 0.0012003431220364291
0.041568790562450886 0.0011720954953489127
0.04254317854065448 0.001199179736431688
0.04151151445694268 0.001170504767287639
0.042639487073756754 0.0012018333945889026
0.042592408251948655 0.0012005257740383968
0.041570834699086845 0.0011721522405423457
0.042679982841946185 0.0012029822173644789
0.04150700487662107 0.0011703795462381095
0.04150995274540037 0.0011704615480994107
0.04150995961390436 0.0011704616281349445
0.04264181375037879 0.0012018980087304953
0.04263535141944885 0.00120171836897498
0.0422253527212888 0.0011900760073331185
0.04264479246921837 0.0012019806454190984
0.04156531498301774 0.0011719988706317963
0.04156379005871713 0.0011719565354724182
0.04258872044738382 0.0012004233431071043
0.041140023386105895 0.0011601965088630095
0.041728095384314656 0.0011765427952923346
0.04151245334651321 0.0011705307879310567
0.042679982841946185 0.0012029822173644789
0.04157062293961644 0.0011721464397851378
0.04151184682268649 0.0011705139531841269
0.04247013118583709 0.0011958992145082448
0.04227869340684265 0.0011915573923033662
0.042283235932700336 0.001191683597426163
0.04323182301595807 0.0012182983773527667
0.04100649000611156 0.0011564912092580926
0.041508673573844135 0.0011704258467943873
0.03994526341557503 0.001116662890126463
0.042258288827724755 0.0011912612935702782
0.04222277912776917 0.001190004542877432
0.04156845901161432 0.0011720862603397109
0.042640361934900284 0.0012018576526315883
0.0415127610322088 0.0011705393317242851
0.04151181981433183 0.0011705131983035244
0.042643346125259995 0.0012019404603051953
0.04156188701745123 0.0011719036865542876
0.04151139047462493 0.0011705012766469736
0.041031853412278 0.001157195636551478
0.04150971886701882 0.0011704549378919182
0.041564024053514004 0.001171963062006398
0.041565858060494065 0.0011720140118995914
0.04264498979318887 0.0012019862224406097
0.041559812147170305 0.0011718460937117925
0.041933754342608154 0.001182240883281338
0.04156487586442381 0.001171986676126835
0.041766989044845104 0.001177605583507102
0.042225710581988096 0.0011900859099114314
0.0397442732937634 0.0011075404909206554
0.04156557971145958 0.0011720061702362727
0.04218038008548319 0.0011890957975992933
0.04325239441823214 0.001218869634612929
0.041507362737320364 0.001170389501567115
0.042641522362828255 0.0012018899033137131
0.041566521977074444 0.0011720324073394295
0.04222395794931799 0.001190037299238611
0.04156819800846279 0.0011720790589606622
0.042643725173547864 0.0012019510322716087
0.04264114168472588 0.0012018793313472997
0.041507845860905945 0.0011704030293913092
0.04151387407910079 0.0011705702727340395
0.042640147963538766 0.0012018517227261327
0.04156488296575844 0.001171986883491627
0.04151002853177488 0.0011704635653586593
0.04258677188772708 0.001200369373691501
0.04150902759283781 0.0011704357657436049
0.041513513890095055 0.001170560228274553
0.04264052165672183 0.001201862072775839
0.04156527831219137 0.00117199791384337
0.04375647380948067 0.0012328810480539687
0.041932544438168406 0.001182206427984056
0.041506045614369214 0.0011703530381055316
0.0415665254695341 0.0011720325928763486
0.04264327173586935 0.0012019384739687666
0.042222947580739856 0.0011900092540599871
0.042643607361242175 0.0012019478454021737
0.04151397384703159 0.0011705730175890494
0.04175565694458783 0.0011772896887123352
0.041564322309568524 0.0011719712765625445
0.04323964356444776 0.0012185151863377541
0.04156439960934222 0.00117197345571185
0.041510942624881864 0.0011704889111570083
0.042679982841946185 0.0012029822173644789
0.04264294833410531 0.0012019294445053674
0.04150963108986616 0.0011704524586093612
0.042640435625799 0.0012018597262795083
0.041569329565390944 0.0011721104310709052
0.04213799745775759 0.0011879178837261861
0.042585345916450024 0.0012003297670162283
0.042590477503836155 0.0012004721975245047
0.04157307662535459 0.0011722145027306397
0.04156374791637063 0.001171955416793935
0.04264547035563737 0.0012019995083392132
0.043240109109319746 0.00121852822121582
0.04155578545760363 0.0011717341949406546
0.04228165838867426 0.0011916397743334528
0.043546449625864625 0.0012270432198420167
0.04370211448986083 0.0012313700608501676
0.04211258771829307 0.0011872109553223709
0.04266031284350902 0.0012024124916933943
0.04263931582681835 0.0012018285451631527
0.04151213460136205 0.0011705219421855872
0.042639137362129986 0.0012018236957374029
0.04151233332231641 0.0011705274664564058
0.04156590742059052 0.0011720153615897289
0.04263907461427152 0.0012018218476441689
0.042147407424636185 0.0011881792543135816
0.04223349934909493 0.0011903022495971527
0.04156549368053675 0.001172003854662762
0.042640818282961845 0.0012018703819194343
0.04151127953082323 0.001170498271676479
0.042639088118448853 0.0012018222878396045
0.04264215542934835 0.0012019074347335845
0.04156325745861977 0.0011719417434505885
0.041511049843393266 0.0011704918342729798
0.04132147366181016 0.0011652313714876072
0.04228312394116074 0.0011916806142835412
0.04165026277769357 0.0011743611739802873
0.04156525665894151 0.0011719973299477715
0.042645065928809345 0.0012019883542961907
0.04156750894617289 0.001172059864984476
0.04228023625910282 0.0011916003095393535
0.04151397570967674 0.0011705730885296362
0.04156221856828779 0.0011719128906406695
0.04189990647137165 0.0011813178170996252
0.0415689202491194 0.0011720990823960165
0.0421714186668396 0.0011888462850038195
0.04264558374416083 0.0012020027425023727
0.041561844176612794 0.001171902471469366
0.042589815449900925 0.0012004538148175925
0.041566084837540984 0.00117202032924979
0.04151008289773017 0.001170465033283108
0.04259880422614515 0.001200725831949967
0.04155615845229477 0.0011717444449459435
0.04156148585025221 0.0011718925961758941
0.042648127186112106 0.0012020733920508064
0.04151369503233582 0.0011705653450917453
0.042641874169930816 0.001201899616717128
0.042647050810046494 0.0012020434623991605
0.04264585941564292 0.001202010356792016
0.04150718287564814 0.0011703844993462553
0.04151130572427064 0.0011704989829013357
0.041570775443688035 0.001172150623460766
0.042276557884179056 0.0011914980241272133
0.042645089444704354 0.0012019888599752448
0.042679982841946185 0.0012029822173644789
0.042585923918522894 0.0012003458177787252
0.043473093886859715 0.0012250042273080908
0.042283793445676565 0.0011916991461475845
0.04156738775782287 0.0011720565762516344
0.042643313528969884 0.001201939692691667
0.042225051554851234 0.001190067603602074
0.0425869079772383 0.0012003731499135029
0.04156887228600681 0.0011720977454388048
0.041567174484953284 0.0011720506026904332
0.042280102614313364 0.0011915965806110762
0.041564273298718035 0.0011719699323293753
0.04156896297354251 0.0011721002647391288
0.04258422239217907 0.0012002985458821058
0.042226940277032554 0.0011901199904968962
0.04101841477677226 0.0011568228183023166
0.04162524943239987 0.00117366483391379
0.04227633564732969 0.0011914919232367538
0.04101692943368107 0.00115678105794359
0.04264200932811946 0.0012019034438708331
0.04214553302153945 0.0011881264872499742
0.04157107695937157 0.0011721591017703759
0.041934306849725544 0.0011822561427834444
0.04227803531102836 0.0011915391842194367
0.04222394106909633 0.0011900368372153025
0.042223852942697704 0.001190034337923862
0.042591498349793255 0.0012005005773971789
0.04209123249165714 0.0011866172681038734
0.04070829995907843 0.0011482172485557385
0.042644113884307444 0.0012019618770864327
0.04156873992178589 0.0011720941693056375
0.04156512813642621 0.0011719937610905617
0.042640423867851496 0.001201859278808115
0.041562608326785266 0.0011719237099896418
0.04227437579538673 0.001191437513625715
0.04151178593747318 0.0011705122251441935
0.04228336038067937 0.0011916870244021993
0.03958134003914893 0.0011063234669563826
0.04156664141919464 0.0011720357651938684
0.04156100330874324 0.0011718791392922867
0.04156861931551248 0.0011720907041308237
0.042967744753696024 0.0012109575582144316
0.04156985704321414 0.0011721250684786355
0.04018176905810833 0.0011233441800868604
0.04150808393023908 0.0011704094522428932
0.0415671729715541 0.0011720505644916557
0.042258684523403645 0.0011912722038687207
0.041513459174893796 0.001170558794910903
0.04227954347152263 0.0011915809809579514
0.041569834225811064 0.0011721244554792065
0.04156280867755413 0.001171929268821259
0.04156195360701531 0.0011719055128196487
0.042283971211872995 0.0011917041010747198
0.04156413592863828 0.001171966212496045
0.04150660615414381 0.0011703684813255677
0.0426442731404677 0.0012019663154205773
0.042642488959245384 0.0012019168716506101
0.04264595499262214 0.0012020130852761213
0.04189990647137165 0.0011813178170996252
0.041567018372006714 0.0011720462371158646
0.042280182242393494 0.001191598865261767
0.04228399437852204 0.0011917047158931382
0.042647560592740774 0.0012020577050861903
0.04264303552918136 0.0012019320238323417
0.04156269889790565 0.001171926289316616
0.04264150047674775 0.0012018892339256126
0.04156097292434424 0.0011718782589014154
0.04235602146945894 0.001193977706861915
0.04264225414954126 0.0012019102287013084
0.042586563155055046 0.0012003635820292402
0.041512507013976574 0.0011705326123774284
0.04264861170668155 0.0012020869326079264
0.04264259559568018 0.0012019196146866307
0.04151426372118294 0.0011705811230058316
0.042645090841688216 0.001201989081891952
0.042272238875739276 0.0011913781854673289
0.04156939475797117 0.0011721121900336584
0.0426418362185359 0.001201898561703274
0.04222563584335148 0.0011900839053851087
0.04228088620584458 0.001191618292068597
0.04150386492256075 0.0011702924130077008
0.042645650333724916 0.0012020045360259246
0.04758080583997071 0.0012809117051801877
0.04264472331851721 0.0012019788118777797
0.042634296347387135 0.0012016892287647352
0.04247778351418674 0.0011973618875344982
0.042593182530254126 0.001200547401822405
0.042644726228900254 0.0012019788664474618
0.04156076768413186 0.0011718726327671902
0.041564312763512135 0.0011719711983460002
0.042016572901047766 0.0011845427925436525
0.042474532150663435 0.001197271758428542
0.04183761915192008 0.0011795687696576351
0.04263848019763827 0.0012018054148938973
0.04172097542323172 0.00117632667934231
0.041562863742001355 0.001171930778582464
0.04270711820572615 0.0012034660176141188
0.04151167068630457 0.0011705091164913028
0.04060829908121377 0.0011454422856331803
0.04264054947998375 0.001201862807647558
0.04156737413723022 0.0011720561451511458
0.04151697061024606 0.0011706561599567067
0.04156373511068523 0.0011719549620465841
0.04155999363865703 0.0011718511796061648
0.04264453542418778 0.001201973525894573
0.04155846685171127 0.0011718087571352953
0.04156246909406036 0.0011719198773789685
0.04375647380948067 0.0012328810480539687
0.04227853415068239 0.001191553023090819
0.04266587155871093 0.0012025680007354822
0.04155996930785477 0.001171850364698912
0.04156370274722576 0.001171954105302575
0.041510911541990936 0.0011704880071192747
0.04283741384278983 0.0012073348843841814
0.0409082934493199 0.0011537669743120205
0.0415109348250553 0.0011704886401275871
0.04156438319478184 0.0011719730027834885
0.04264061129651964 0.0012018645320495125
0.041554471710696816 0.0011716976205207175
0.042629312607459724 0.0012015508327749558
0.04162317863665521 0.0011736084343283437
0.04155378066934645 0.0011716785083990544
0.04155024024657905 0.0011715802811522735
0.042643453227356076 0.00120194346527569
0.04260256793349981 0.0012008303692709887
0.04227423283737153 0.0011914334827451967
0.04264156939461827 0.0012018912166240625
0.04258600156754255 0.001200348007841967
0.04227396671194583 0.001191426028526621
0.04227383912075311 0.0011914224924112204
0.04204200452659279 0.001185252986033447
0.041512652300298214 0.0011705363303917693
0.0425979980500415 0.001200681050249841
0.04151374788489193 0.001170566687505925
0.04156090959440917 0.001171876539956429
0.04156762477941811 0.0011720630627678474
0.04156047780998051 0.0011718646601366345
0.042641395004466176 0.0012018862435070332
0.04222397122066468 0.0011900376230187248
0.04361238074488938 0.0012288758116483223
0.042640016064979136 0.001201848001073813
0.04156515037175268 0.0011719943413481815
0.04264332645107061 0.0012019400164717808
0.04264525382313877 0.0012019935493299272
0.04262512468267232 0.0012014345156785566
0.04263953783083707 0.0012018347224511672
0.04150991700589657 0.0011704604294209275
0.041568668792024255 0.0011720921156666009
0.04222457192372531 0.0011900543540832587
0.04156604828312993 0.001172019356090459
0.042587427073158324 0.0012003875490336213
0.04155752528458834 0.0011717825345840538
0.04156682442408055 0.0011720408583641984
0.04263959953095764 0.001201836366817588
0.04228203045204282 0.0011916501753148623
0.04375647380948067 0.0012328810480539687
0.038673477596603334 0.0010865794010896934
0.04156458377838135 0.0011719785798049998
0.04150936647783965 0.0011704451408149907
0.04264705674722791 0.001202043567900546
0.04156380926724523 0.0011719570829882286
0.04156534327194095 0.0011719996964529855
0.04227587045170367 0.0011914790047740098
0.041521011502482 0.0011707683679560432
0.04151460656430572 0.001170590621768497
0.041561127407476306 0.0011718825680873124
0.04278918448835611 0.0012059943182975985
0.04279389465227723 0.0012061251800332684
0.04264019522815943 0.0012018529814668
0.042643818887881935 0.001201953724375926
0.042643887805752456 0.001201955608848948
0.043091108673252165 0.0012141394217906054
0.04157118883449584 0.001172162086731987
0.04156813770532608 0.0011720772745320573
0.04156901256646961 0.0011721015780494781
0.041512577096000314 0.001170534242191934
0.04267620074097067 0.0012028770433971658
0.041558185359463096 0.0011718008518073475
0.041564463870599866 0.0011719752419594442
0.0425834720954299 0.0012002777948509902
0.04257112427148968 0.0011999564867437584
0.04334139986895025 0.0012213436275487766
0.04198028554674238 0.001183533422590699
0.04258354869671166 0.0012002798684989102
0.04151114099659026 0.0011704943535733037
0.041507508838549256 0.0011703935924742837
0.041512881172820926 0.0011705426732078195
0.04264194983989 0.0012019017813145183
0.04156359354965389 0.001171951098513091
0.04264256055466831 0.0012019186578982044
0.04222450009547174 0.0011900523822987452
0.04258629819378257 0.0012003562187601347
0.042591065634042025 0.0012004885284113698
0.04150886589195579 0.0011704312892106827
0.04151629935950041 0.0011706376208167057
0.04348864301573485 0.0012254363973625004
0.04150791955180466 0.0011704048865794903
0.04151624359656125 0.0011706360201060306
0.04156984353903681 0.0011721248083631508
0.04156802757643163 0.0011720742695615627
0.04156583175063133 0.001172013247924042
0.04258874012157321 0.0012004239943053108
0.04163413611240685 0.0011739119145204313
0.04264890251215547 0.0012020949397992808
0.04222795367240906 0.0011901482612302061
0.04258547141216695 0.001200333204906201
0.04375647380948067 0.0012328810480539687
0.04156722070183605 0.0011720518741640262
0.04156136198434979 0.001171889083707356
0.042679982841946185 0.0012029822173644789
0.041180743486620486 0.0011610900546656922
0.04151449876371771 0.0011705876167980023
0.042641628184355795 0.0012018928391626105
0.04259149625431746 0.001200500519189518
0.04150915192440152 0.001170439119960065
0.0422736459877342 0.0011914172646356747
0.0426425562473014 0.0012019186506222468
0.04156134685035795 0.0011718886689777719
0.04227701423224062 0.0011915108007087838
0.042226458666846156 0.0011901068428414874
0.04263994318898767 0.001201846040203236
0.04156615829560906 0.0011720223956217524
0.03958111850079149 0.0011063233760069124
0.04156786680687219 0.0011720697912096512
0.04156719287857413 0.0011720510319719324
0.04375647380948067 0.0012328810480539687
0.04156569251790643 0.0011720094280462945
0.04259184596594423 0.0012005101889371872
0.041566678090021014 0.0011720368056558073
0.042679982841946185 0.0012029822173644789
0.04264184914063662 0.0012018989546049852
0.0422822356922552 0.0011916558032680769
0.041561142075806856 0.0011718829828168964
0.041508725145831704 0.0011704273110808572
0.04264569259248674 0.001202005714731058
0.041557611199095845 0.0011717848847183632
0.0415612623328343 0.0011718863315763883
