0.016640836707665585 0.0013457771283356124
0.013205598683271091 0.0011685855622545205
0.017058085548342206 0.0013672266895810026
0.01753183116670698 0.0013773387813671434
0.01830870975391008 0.001396525010932237
0.01600506812974345 0.0013187764416215941
0.014015209701028652 0.0012024878346892365
0.01404706176253967 0.0012190707038826076
0.014617312859627418 0.0012525820593509707
0.011581999235204421 0.0010354783230468456
0.016749847432947718 0.0013556566700572148
0.016680510554579087 0.0013502127994797775
0.014291680563474074 0.001237174763900839
0.014347303920658305 0.0012398500007293478
0.01242658029514132 0.0011282979176030494
0.015623627288732678 0.0013015112654102268
0.012416272686095908 0.0011214700889468077
0.015920380305033177 0.001318652951340482
0.013574924552813172 0.0011866711520269746
0.013637488846143242 0.0011882548665198556
0.01585435023298487 0.0013122980708430987
0.015055828407639638 0.0012721966468234314
0.013008678310143296 0.0011583187965698016
0.012746561347739771 0.001139359880653501
0.012547795922728255 0.001133792457949312
0.011506471608299762 0.0010293280764699375
0.01633357090759091 0.001332238866325497
0.013615358617244055 0.0011881299610649876
0.011722117014869582 0.001059316650753317
0.01275616641214583 0.0011434096018092532
0.013668229235918261 0.001188855640066322
0.01144780931645073 0.0009571274713380262
0.01150576448708307 0.0010168307244384778
0.015307238871173467 0.0012840541808145645
0.014896543420036323 0.0012686746144936478
0.014995320336311124 0.0012712515690509463
0.013043306214967743 0.0011595028790907236
0.014702202519401908 0.0012614259703696007
0.01367239948012866 0.001189279486425221
0.014281850948464125 0.0012356790816738794
0.012965614820132032 0.0011574213003768818
0.014793581402045675 0.0012617411098290177
0.012409207876771688 0.0011204443517272011
0.01483387923144619 0.0012639343042337714
0.013451310507662129 0.00117963283582867
0.013158833078705356 0.0011668494515788552
0.01327807133202441 0.00117386238389372
0.01461214097798802 0.0012504946180342813
0.013779376895399764 0.0011926096503884764
0.012943242552864831 0.0011555840146684204
0.014418892416870221 0.0012423168982422794
0.014417041078559123 0.0012421357287166757
0.012891427242720965 0.0011510386116242444
0.014974731806432828 0.0012689513764598814
0.015124259123695083 0.001274050363463175
0.015125044708838686 0.001274089274375001
0.014240606382372789 0.0012329596370364015
0.018293616143637337 0.00138943167803518
0.015140126139158383 0.001275948451620934
0.013429623759293463 0.0011775934463003068
0.015427948184878915 0.0012943195795287465
0.015750250437122304 0.0013073632230771182
0.01407248032046482 0.001222112048708368
0.01605616495362483 0.0013194377106628963
0.015180082409642637 0.0012766723793902202
0.014506311068544164 0.0012484674825827824
0.012095603946363553 0.0010903318425334874
0.013223741058027372 0.0011710555218087393
0.015651963331038132 0.0013022750126765459
0.013033806579187512 0.0011592665746320563
0.012090658012311906 0.0010881626958507695
0.013012530500418507 0.0011591472161853744
0.015656020943424664 0.0013023828696532291
0.015324937165132724 0.0012856845214628265
0.013109198363963515 0.0011621809185271559
0.013377082124407025 0.0011769541792432392
0.012277121451916173 0.0011128961514259572
0.011488488016766496 0.0010161511054320727
0.011930978100281209 0.0010669864113879157
0.017289825256739277 0.0013719082448915287
0.013191958874813281 0.0011674532363485923
0.01185907018953003 0.001065675753125106
0.012002885225228965 0.001084106197595247
0.011459428547823336 0.000996223995116452
0.011227064092963701 0.0009414811971737436
0.013074330519884825 0.0011608424174482934
0.013094190842821263 0.0011617488898991724
0.015544520629191538 0.0013003461992866505
0.014533905690768734 0.001249481408194697
0.014130069414022728 0.001232493688149816
0.013127696685842238 0.0011623747654994077
0.013447901088511571 0.0011782927949752775
0.01531064290611539 0.0012842073101637652
0.01300692705262918 0.0011582549259401276
0.01328960146929603 0.0011741903163056122
0.013143222400685772 0.0011649992138700327
0.014124402041488793 0.0012268624323041877
0.013872257113689557 0.0011963030624428939
0.01647992905054707 0.001337700698968547
0.012374628087854944 0.001114260730901151
0.016954868893662933 0.0013641532495967112
0.013440848611935508 0.001178166451609286
0.013703291217098013 0.0011917531364815659
0.016501973346748855 0.0013399467047747748
0.013758766115643084 0.0011923708025278756
0.01437526561494451 0.0012400852347127511
0.01380142316702404 0.0011960311294387793
0.012996780598768964 0.0011575935977816698
0.01568279186540167 0.0013025151079091302
0.012101141546736471 0.0010920588256340125
0.011814830446382985 0.0010651346419763286
0.013655874361575115 0.0011886141724062327
0.013392786342592444 0.001177363198621606
0.015741346011054702 0.0013062927009741543
0.011774655373301357 0.0010593672195682302
0.014451269606070127 0.0012435516155164805
0.01613308953528758 0.001323208554822486
0.01273606886388734 0.0011383651672076667
0.016911731254367623 0.0013568495019171678
0.014673456134914886 0.0012577050856634742
0.01582170858819154 0.0013118614979248377
0.013216533647209872 0.0011703177774506912
0.014122194006631617 0.0012237304376867542
0.013456636914270348 0.0011818674757932968
0.012910137513699738 0.0011541748587546863
0.01433455637015868 0.001237668098838185
0.012139835438574664 0.0010920879367404268
0.013521167435101233 0.0011866207814819063
0.01248195742664393 0.001130195440055104
0.012148243025876582 0.001095051677111769
0.013471529535308946 0.0011821165512628795
0.01797484882263234 0.0013819847977174504
0.01126154673693236 0.0009488226678513456
0.013516268139937893 0.0011833462831418728
0.016121335444040596 0.0013215343678893987
0.014601380433305167 0.0012502526788011892
0.01281416772690136 0.0011478368160169339
0.017262672699871473 0.0013718844334107416
0.015512886173382867 0.0012951369294569304
0.016386347808293067 0.0013345281699912448
0.013053503644187003 0.0011605270328800543
0.014470596535829827 0.001247076150320936
0.01660694355086889 0.0013441630931083637
0.013216044011642225 0.0011697817017193302
0.011999790367553942 0.0010724072008088115
0.017212867896887474 0.0013708837523154216
0.016038630019465927 0.0013189109640734387
0.013513232115656137 0.0011830802941403817
0.016215368479606695 0.0013271002280816901
0.01524289389635669 0.0012837166786994203
0.013753390710917301 0.001192260748211993
0.014623926421336364 0.0012548555798730376
0.01614692248404026 0.001323343219155504
0.01366419903934002 0.0011888451190316118
0.01606156253546942 0.001321044147516659
0.01533862145151943 0.0012868426319982973
0.014641280380601529 0.0012554910856579227
0.017121111683081836 0.0013682832859558403
0.014095146201725584 0.001223202052187844
0.014339938832563348 0.0012383295161271235
0.01505880695185624 0.0012724026637442876
0.013327143926289864 0.0011752128757507307
0.01142268895637244 0.000951293021444144
0.017895770142786205 0.0013806358060719504
0.011962714925175533 0.0010685990537240286
0.015240770604577847 0.0012786749643964868
0.01568646494706627 0.0013038039439834392
0.01411656460550148 0.001223495818067022
0.016130983582115732 0.0013220574855949963
0.014693334742332809 0.0012583047923726554
0.013242149783764035 0.0011732248658518074
0.016201462130993605 0.0013265210386634863
0.01334902091184631 0.0011759294297917222
0.013206739517045207 0.0011686826810546336
0.0164515810465673 0.0013348900456549018
0.013320739584742114 0.0011750504627343616
0.013946038932772353 0.0011966624560955097
0.012905346731713507 0.001153360399257508
0.012190598383313045 0.001100475302337145
0.015347647407907061 0.0012885537025795202
0.013214353966759518 0.001168989714642521
0.015861758365645073 0.0013128537830198184
0.014506122199236415 0.0012472215566958766
0.014433175630983897 0.001242942592853069
0.014696985483169556 0.0012584706410052604
0.012995786324609071 0.0011574699792618048
0.01461338075750973 0.0012521229141384538
0.016581190880970098 0.0013419459100987297
0.014397723251022398 0.0012415449036780046
0.012044125614920631 0.0010873475521293585
0.0126498585450463 0.0011346981209499063
0.017958308366360143 0.0013813239756927942
0.013285570137668401 0.001174079022348451
