0.012247747989022173 0.0010566350215412967
0.014754473275388591 0.0012178028748621728
0.012310228441492654 0.0010643655375588423
0.012231294080265798 0.0010544354665853461
0.014153946969599929 0.0011843245038107852
0.014006626151967794 0.0011723628956588072
0.014468122855760157 0.0012054989342686895
0.017053348161425674 0.0013218884267871545
0.01240302094083745 0.001068093059302555
0.011814187142590526 0.0009804857986637217
0.015171239767369116 0.0012389420396630157
0.016515811697900062 0.0012994401704418124
0.014446570239670109 0.0012048674632296752
0.014371840537933167 0.0012024026493691053
0.013342733745957958 0.0011287444806384883
0.01504591062257532 0.0012344938802471006
0.01417067203510669 0.001186797439345355
0.013849293212842895 0.0011508066666010563
0.01478560048417421 0.0012188016737582075
0.011255352466832846 0.0008296708233501704
0.013466890995914582 0.001134837839344982
0.015826591712539084 0.0012692167424575018
0.014716144083649851 0.00121625192286956
0.014365639595780522 0.0012005645612589433
0.014539665153279202 0.0012087390961141864
0.01445195925043663 0.0012048874677930144
0.016490660200361162 0.0012991163396236516
0.013753291979810456 0.001147127410149551
0.013428895803372143 0.0011315178705899598
0.01649396196444286 0.0012993150280635746
0.012507856423326302 0.0010791151685225486
0.015535499645920936 0.0012552906312066625
0.01694752285402501 0.0013178319886719692
0.016383600755943917 0.0012943995429850474
0.016544412908842787 0.0013005064922708698
0.013610890611744253 0.0011417523572845312
0.013199862274632324 0.0011142210855723533
0.017028079972078558 0.0013201887999230166
0.016582839729380794 0.0013030576581058995
0.015463239658856764 0.0012535671446585184
0.016714925925043644 0.0013072592494154378
0.012519934338342864 0.001080100488124458
0.01287070541002322 0.0010982344565491076
0.016184845539100934 0.0012863623505836586
0.014869425751385279 0.0012216382326641906
0.01615542802028358 0.001284023988091576
0.014606514159822837 0.0012123745680128195
0.012780198456312064 0.0010961953009882563
0.016113619130919687 0.0012821798713957833
0.013275656659970991 0.0011152400329592638
0.01447455750167137 0.0012057283738613478
0.015876440738793463 0.0012722694200419937
0.014723886539286468 0.001216723081370219
0.012556945133837871 0.0010878034013330762
0.015077913718414493 0.0012345306458882987
0.015016062279755715 0.0012307981369303889
0.014368647913215682 0.001202030144213495
0.012678705912549049 0.001092030815243561
0.01623348241992062 0.0012886022707334632
0.012692288029938936 0.001093755808824426
0.014586656405299436 0.0012109540321034729
0.015287173409888055 0.0012435395042302844
0.014111145712377038 0.0011770862415687589
0.01707855980930617 0.0013237671071237855
0.013189713245083112 0.0011102357245817984
0.014829248168098275 0.0012201872445984918
0.015704473516962025 0.0012629245554762747
0.016936114388954593 0.0013157985009684126
0.011617029682383873 0.0009642388160955306
0.015713331187726 0.001263139763750587
0.0169439645287639 0.0013158811666471593
0.014180819314788096 0.0011873324189082268
0.01573349933460122 0.0012667904322825052
0.013276346515340265 0.0011158808647451224
0.01141453471063869 0.0009146004541662478
0.014462984356214292 0.0012050798691234377
0.015298352780519053 0.001245481493697298
0.015562011489237193 0.0012558215353237756
0.01290573415462859 0.0011003763170265302
0.016580145827902015 0.0013026556960085145
0.015038060213555582 0.0012334197483596654
0.01440924408234423 0.0012034249093630933
0.015577146077703219 0.0012573765950492088
0.014385746799234767 0.0012026010006138677
0.01137011910759611 0.0008707913941634615
0.014282695170550141 0.0011974288840974623
0.015601824998157099 0.0012596985495747504
0.01686311455705436 0.0013130895350741412
0.011201264529518085 0.0008046798810710243
0.01697585363581311 0.001318957180274083
0.016447858019091655 0.0012964823630454703
0.013873508425604086 0.0011518718220031587
0.017169252707390115 0.001327197954424264
0.01129201430012472 0.0008669947532098377
0.014737667872395832 0.0012167776251317264
0.01158176313037984 0.0009261921022698516
0.016712629574612947 0.0013069527593643215
0.011394185763492715 0.000902904091617529
0.015808350923180114 0.0012675744910666253
0.013156946086382959 0.0011077195997586387
0.016478698700666428 0.001298442132792843
0.014243931167584378 0.0011959101302636554
0.012383260858769063 0.0010676471540591592
0.012350008866633289 0.0010653013434875902
0.015170573056821013 0.0012389226087634597
0.013969302088298718 0.0011702867926715044
0.016112806588353124 0.0012816645923976466
0.0162158424500376 0.0012875761615305237
0.014935554951080121 0.0012288025807265512
0.016738476861064555 0.001307735398540899
0.012182585807750002 0.0010521606520796922
0.014845794590655714 0.0012208387888676953
0.013192886042816099 0.0011122478285869875
0.017180676724819932 0.0013279532787464632
0.01202236779499799 0.0009969219713639177
0.016931094138271874 0.0013151705931022661
0.01378498824487906 0.0011475736146167037
0.011182273643498775 0.0007981602307722824
0.011186354702658718 0.0007992808567678367
0.016906894688872853 0.0013135360829892306
0.016360310328309424 0.0012936023948668662
0.012907136886497028 0.0011043393162708526
0.014336301021103282 0.0011995659137937764
0.01693228160365834 0.0013155504796031892
0.0144714691923582 0.0012056552252488473
0.01268228302069474 0.0010923679255938623
0.016368187330954242 0.001293605226692307
0.013914025061239954 0.001161339497912195
0.011457482280093245 0.0009244776010746136
0.015887242851022165 0.0012733018606922997
0.014933553418813972 0.001227711114097474
0.01538081756370957 0.0012492830687733658
0.016111697143060155 0.00128139508615277
0.01613853299204493 0.0012830703763029305
0.0126508789617219 0.0010911566841969034
0.013331622732948745 0.0011245448461068008
0.014008888909302186 0.0011723711572813045
0.016454521071864292 0.001296894187930775
0.014407841706997715 0.0012033335526666633
0.012528964864031877 0.0010814372684535556
0.016435449178970885 0.0012959034745563258
0.01334004045202164 0.0011282505188319192
0.015374507420347072 0.0012479316010285402
0.014167520948831225 0.0011845886334640454
0.012169884575996548 0.0010486480700251377
0.01396903316344833 0.0011682202560905353
0.01585537011123961 0.0012692902614617196
0.014032639290235238 0.0011761458156342997
0.015856391728448216 0.0012709411701052886
0.012528977640613448 0.0010824622045788601
0.016141416657774244 0.0012831028323034843
0.01145431069744518 0.0009238235400061967
0.012023251059872564 0.0009971824351850955
0.014785986182687338 0.001219067829197229
0.014980796797317453 0.001229825757945946
0.01672114501707256 0.0013075246409925967
0.014274406545155216 0.0011965799969857471
0.014626959309680387 0.0012132658084738068
0.012678645958658308 0.0010913815669937321
0.01330388817586936 0.0011192150900569686
0.011123339394544018 0.0007852540866224444
0.015693300076236483 0.0012626335249024123
0.01644955953815952 0.0012966598260391038
0.011290148522675736 0.0008647415402265324
0.014476910466328263 0.0012059568914537522
0.01399685788055649 0.0011711215202012681
0.014626889656938147 0.0012125454909437394
0.014925875155313406 0.0012276612956156896
0.01629862219124334 0.0012899637770260597
0.016604990050836932 0.0013039632428899495
0.01354716751666274 0.0011404005176700593
0.01717721227760194 0.0013275829246595094
0.01549836264894111 0.0012545296656298888
0.014274841225415003 0.0011968482963311544
0.016392414829169866 0.0012952578567819728
0.01455852899380261 0.001209977664757389
0.01522468461189419 0.0012406529749569017
0.012508613446698291 0.0010795866520538766
0.016732781015889486 0.0013076850588049638
0.016740513456170447 0.0013083667594173676
0.015691584718297236 0.0012620308400528302
0.015855937759624794 0.001270125226710661
0.015195772859442513 0.001239721000274585
0.015639467208529823 0.0012618163982551778
0.013888810801290674 0.001159931004167447
0.017139009425591212 0.0013254278634349248
0.014587654695787933 0.001211095701364684
0.016597091758740135 0.0013038903327924345
0.01432313973782584 0.0011981618110894487
0.015102215846127365 0.0012345954489774158
0.01204565347143216 0.0009993569101425237
0.015028895140858367 0.0012322497340164773
0.014523290061333682 0.0012072566660208395
0.016195763550058473 0.0012865538378719066
0.014781954945647158 0.0012182155005575623
0.014900538975780364 0.0012225389282320975
0.01490648551407503 0.0012227478722479646
0.01350961461866973 0.0011364783451881522
0.016167102003237233 0.0012840614219840063
0.01601730179027072 0.001274912270673667
0.016923024857533164 0.0013138732231254835
0.015785886433150154 0.0012672620380271837
0.012305159114475828 0.0010593559582048329
0.016117067345476244 0.0012829025438350072
0.015032923569378909 0.001232714834941362
0.01602412775537232 0.0012781457367054827
0.01226750264322618 0.0010583107673483028
0.012589375124662183 0.0010881401130973245
0.016344509818736697 0.0012909238805605128
0.015928292676107958 0.0012743816409965802
0.016036583969253115 0.0012787796279098984
0.016176636316231452 0.0012849097126945708
0.016403606758103706 0.0012958997044734133
0.014706188747368287 0.0012158953945800022
0.016114072634081822 0.0012821864117995574
0.016114622354507446 0.0012824130722037808
0.016176397191884462 0.001284529900203779
0.015579125109070446 0.001259227663240381
0.014685714500956237 0.0012155438928402873
0.01111512177521945 0.0007829740997067347
0.011298953690129565 0.0008689089631843672
0.01582450251589762 0.0012691410393017577
0.014711357034684625 0.0012159122093180486
0.012639372151170392 0.00108867427320547
0.016300498915370554 0.001290198639708251
0.013544761044613551 0.0011387833742446674
0.015320444974349812 0.0012461180385798798
0.015693903136707377 0.0012626619225102331
0.012188820372102782 0.0010535114217873343
0.012966506117663812 0.0011075305606027541
0.015762425296998117 0.0012670138517023588
0.016373556361941155 0.0012941450536345656
0.01581041388999438 0.0012678752636929858
0.014917478809366003 0.0012242040688761335
0.014740600709046703 0.0012169582912520127
0.014122117827355396 0.0011792200623403915
0.01545622484991327 0.0012521503547304746
0.015494438004679978 0.0012544450307814259
0.014697105798404664 0.0012158414833720599
0.016200642927287845 0.0012875711993274308
0.016177175450138748 0.001285230084477007
0.013502878398867324 0.0011364309502823744
0.014425487526750658 0.0012040494366374332
0.015220873930957168 0.001240490456666521
0.01562565455242293 0.001260762849369712
0.014682513632578775 0.0012154337405263504
0.014576306588423904 0.0012106488954941597
0.014468803194176871 0.0012055878503360873
0.015383158133772667 0.0012502519605277485
0.016086727551737567 0.0012804676372297763
0.01645250579167623 0.001296769616601523
0.016182329578441568 0.0012860705260209215
0.012694442404608708 0.001094318040941289
0.013931514040450566 0.001164618244047233
0.01658133329328848 0.0013029441759044857
0.014622892267652787 0.0012124077088628837
0.016103135836601723 0.001281076707414286
0.016465100030472968 0.0012974552873856737
0.01617419875401538 0.0012843743215853465
0.016444765384221682 0.001296232300092015
0.01264748141693417 0.0010903480963406764
0.012655746679229196 0.0010912163745615544
0.012688605034782086 0.0010932178233815648
0.013695966983505059 0.0011458640860837477
0.012589540587214287 0.001088292003259994
0.01348081540891144 0.0011360448700088455
0.014021194070664933 0.001174964269694101
0.014213681210094364 0.0011919473515717982
0.01382047712104395 0.0011479882894036564
0.01587304853455862 0.001271950065074634
0.016986762413580436 0.001320143242537597
0.016587322294071782 0.0013031992609739973
0.014654078768217005 0.0012141140614403412
0.014554371125996113 0.0012098796787540778
0.011729927457054146 0.0009714454383811244
0.01286718468691106 0.0010974013104032565
0.015823446185095236 0.0012690078631294455
0.016707458496966865 0.0013049279256165391
0.014596191627788357 0.0012112974359297368
0.01660577467555413 0.0013040423852999083
0.012536658257886302 0.0010869053503483883
0.0143740146086202 0.0012024712768834434
0.015821279586816672 0.001268952023337988
0.01519630180700915 0.0012397331529427902
0.014240924923797138 0.0011922798446448724
0.012906279021990485 0.0011007792850250553
0.017135696856712457 0.0013254019999067168
0.014594610467611346 0.0012112440622331633
0.016770484384323936 0.0013103487096941535
0.014284704862802755 0.0011974896074207209
0.017046153883711668 0.001321326206834783
0.014478551158390474 0.001207225004236534
0.01137521023338195 0.0008746622602302523
0.015437603382451925 0.0012515540001913905
0.01419309496486676 0.0011885785418144224
0.012308190795010887 0.0010593719489406794
0.015404778598167468 0.0012508243107731687
0.01648858545377152 0.0012990171735509648
0.013280672119435621 0.0011178800396010047
0.016247430634393822 0.0012897589124349906
0.01539354409032967 0.0012504996257121093
0.015486163116293028 0.0012540087159322866
0.012151368922786787 0.0010483994939107788
0.014523546138661914 0.0012075601703145367
0.01417284322087653 0.0011870328581835565
0.014748646754014771 0.0012176785144220048
0.01418625262522255 0.001188386603530489
0.017108777716202894 0.0013251863160803623
0.015281083920854144 0.001242090465552792
0.01542963738029357 0.001250848222980494
0.016220578167121857 0.001287920083541394
