0.014676361919555347 0.0012069721083207696
0.015688684856286272 0.0012608614673581542
0.012462572987715248 0.001064914586379473
0.012581477436469868 0.0010792917837534333
0.01427207957021892 0.0011870150497088616
0.015008587899501435 0.00122305882132423
0.015134174507693388 0.001230594725257106
0.015249254229274811 0.001241527455135838
0.01659923617989989 0.001301324222367839
0.01228174125571968 0.0010501369183657516
0.012459292884159368 0.001063761742443603
0.012579657304740977 0.0010790385881591646
0.012944322988914791 0.00109568539232896
0.016337695480615366 0.0012910169102724467
0.015394030873721931 0.0012494366814053137
0.01377158063769457 0.0011403051699971911
0.01641026854122174 0.001291518944640302
0.014819793355854927 0.001214148076201127
0.016298070160701172 0.0012909917707020213
0.016104105357953813 0.0012794771416793083
0.014652431495051133 0.0012045864094716308
0.012985280198336113 0.0010985658545905608
0.01523658458245336 0.0012405059915181482
0.012493690315750428 0.0010678951214231347
0.014289047281636158 0.0011888016565535509
0.017097601968998788 0.0013214462970836394
0.013403665059740888 0.0011233598223725494
0.012574248758028261 0.0010789091288643249
0.013343229071324458 0.0011133902875144486
0.01598314061629935 0.0012748453124231673
0.01779723749132245 0.0013402981919625745
0.01662009114443208 0.0013033695639705911
0.012196107665658928 0.0010454588323227654
0.01694585157383699 0.001317431748020681
0.01410171053794329 0.001170666480447835
0.01353107333125081 0.0011304188583380892
0.014768195323995315 0.0012105931386940938
0.014908369739714544 0.0012183262060716515
0.012619623368664179 0.0010829543693944288
0.01346039953205036 0.001127445438214636
0.014263125631259754 0.0011866504075896955
0.014307622557680588 0.0011893878020146076
0.013383332156081451 0.0011229624661837079
0.012715859964373522 0.0010864572741411394
0.011581929513340583 0.0009508001228368812
0.014937902647943702 0.001218771523099349
0.012712427640508395 0.001085885213342408
0.014622049398894887 0.0012007480673901227
0.01693967303071986 0.0013173790378004924
0.012540567993710283 0.0010781681132812082
0.015092540510522667 0.0012276632271550625
0.014388704912562389 0.0011937211877466325
0.01490520239167381 0.001217150976344783
0.014988049424573546 0.001221696624611468
0.01601841703086393 0.0012750407472594816
0.016138066923303995 0.0012803604279270075
0.01612502785792458 0.0012801773892761048
0.0162494246433198 0.0012866338356616325
0.016145796282216907 0.0012822471599065466
0.016181508468434913 0.0012830592736463586
0.014326525357319042 0.001189987134466719
0.015121640186407603 0.0012287448889765074
0.011696709341777023 0.0009644140395721479
0.014267414859205019 0.0011869953402765532
0.015439943286764901 0.0012524504575139872
0.014122778517048573 0.0011720695511030499
0.012989973016374279 0.0010995178063240019
0.0115799751074519 0.0009497838491370203
0.013855621178663569 0.0011452561750502355
0.01572029648377793 0.001262396476477079
0.01299109477258753 0.0010998689367625047
0.016945954885159153 0.0013175903557112179
0.011758010827179532 0.0009686184262136521
0.014958904048398836 0.0012212941836651225
0.013272263131511863 0.0011094694955318118
0.014009021637320984 0.001147982180782492
0.014251275588321732 0.001186078425348569
0.014326643649837933 0.0011900510496616334
0.012528233517514309 0.0010744307718368873
0.012672518132603727 0.001084407243070018
0.015344846582593163 0.0012471967573901566
0.015978795152477687 0.0012741152705757486
0.012998332364077214 0.0011073257242060208
0.014422741100133862 0.001196763231746445
0.012492423775256611 0.0010677966336061218
0.013681387707038084 0.0011337260858681475
0.013891508107917616 0.0011452830979123974
0.01299098590243375 0.0010995842212651041
0.012330570927588269 0.00105661954239622
0.014243921988963848 0.0011856137946324452
0.013258382663480006 0.0011085514120168227
0.012557940026454162 0.001078335689726373
0.01571657258318737 0.001262352822095636
0.014616109841881553 0.001200408393970065
0.014620931633544387 0.0012006078311515012
0.012285859476833139 0.001053957455269483
0.015247558374539949 0.0012415135381615983
0.011977068534179125 0.0009801735037626713
0.012356965627986938 0.0010583066336948832
0.016582840085902717 0.0013005075034016045
0.01527514484769199 0.0012456172231622986
0.014640354660514276 0.0012017521637517348
0.014394500431080814 0.0011954404085372516
0.01257334886759054 0.0010788656898057525
0.014282395488407928 0.001188117623769358
0.015116491515072994 0.0012286574328754796
0.012264021308510564 0.0010481109090960672
0.014352699374285294 0.0011926158559845135
0.014263625322200824 0.0011869867892073671
0.014657834293757332 0.0012047729993582834
0.01258198224240914 0.001080131911294302
0.014714658107550349 0.0012073380291894864
0.014319574929686496 0.001189966972901857
0.016648026590701193 0.0013045514340319642
0.0185846903550555 0.0013436991570188184
0.012330493023910094 0.001056593862358568
0.015310264629079029 0.0012471142990762019
0.012202601188619155 0.0010478988879185636
0.014316429471364245 0.0011897254288442127
0.011738934095774312 0.0009644560113883927
0.014735670836671488 0.0012094378168967523
0.01271115289273439 0.0010855659388653294
0.014240392982173944 0.001185520573130816
0.013697966354811797 0.0011345207078647945
0.012944054309627973 0.0010951118097182189
0.013850374205503613 0.0011444355332059786
0.01598263529012911 0.0012744443752126244
0.013849740498699248 0.0011442483437349438
0.014164104257361032 0.0011741673092728888
0.016978526258753845 0.0013189367058430435
0.01625085310661234 0.0012904500795229978
0.016642224771203473 0.0013037041363759272
0.012624039642105345 0.0010831330760083802
0.01432779503375059 0.0011906157874363998
0.013844498007529182 0.0011425938968159244
0.016678091124049388 0.0013103880220342035
0.012941364009748213 0.0010941878765606816
0.012455588152079144 0.001062866807615137
0.015246925813698908 0.0012410721608375752
0.012949828975251876 0.0010960440056351217
0.015618798664945643 0.0012585469747818934
0.014786977080802899 0.001212219415265281
0.014148848145850934 0.0011720937102381868
0.012109789284295402 0.0010171457770411507
0.0158308947502519 0.0012672118537011556
0.012173249415354803 0.001043063816268841
0.01411253754486097 0.0011710012377079693
0.01252076416494674 0.0010704654081905574
0.012518979368906002 0.0010693705651192431
0.015390174463391304 0.00124792082078784
0.011677806160150794 0.000957874418929805
0.014706437359564006 0.001207133869684185
0.015054930918267928 0.0012262511525023
0.015067470292706275 0.0012262900023642942
0.01574532483209623 0.0012634009947305458
0.012572846964758355 0.0010783762036226108
0.01212233985279454 0.0010171507888117048
0.012532833039585967 0.0010746382300794721
0.015758150359033607 0.001266164618300536
0.01582265782781178 0.0012667690939451859
0.015273651617462747 0.0012429291093667416
0.014945629784051562 0.001220456285977889
0.012158998983068159 0.0010412262406589434
0.014302650190074928 0.0011890541027241852
0.014468607536400668 0.0011974420624483173
0.013302549632498994 0.0011100719175374252
0.013247684757516254 0.0011080832050538447
0.01666546812703018 0.0013053519958248216
0.015612878200045088 0.0012582677953787424
0.014285609795479104 0.001188651594361545
0.014111417993262876 0.0011707858450336062
0.013765821953711566 0.0011394571687333155
0.012897627704660408 0.001092287883238896
0.012591065031301696 0.0010817539855452196
0.012180610799987335 0.0010450998174746928
0.012310651458392385 0.0010543299022174324
0.012400286905176472 0.0010593334618533845
0.013314249950781232 0.001110340324430581
0.012396377744153142 0.0010587492690774525
0.015429270584718324 0.0012498911160037096
0.011696551518980414 0.0009630712775106076
0.014253077682951698 0.0011861557960628488
0.011421872914070264 0.0008971867155196378
0.014152497857139679 0.0011727338562650402
0.01537427498260513 0.0012477649729589757
0.013367445681069512 0.0011211182973056566
0.01260209906467935 0.0010817996812875208
0.012453595321858302 0.001062699851445359
0.013469068748236168 0.0011277121589046146
0.016619557402009377 0.001303338905813689
0.012422122352290899 0.0010600408716072707
0.012197404488688335 0.0010466757285030326
0.012580561829963699 0.0010790474257191818
0.01356427543942118 0.001132686330947763
0.014589053815143416 0.0011999233328197079
0.01437410503422143 0.0011936400628655974
0.013435510169074405 0.001125904364471353
0.015433291730005294 0.00125092457210485
0.014505307750368956 0.0011998370443961903
0.014355466857523425 0.0011926566610327427
0.01610324184730416 0.0012794128231234936
0.012673722274485044 0.0010844750377145829
0.012283938049222343 0.0010538047290538088
0.014368179821758531 0.0011931176619555117
0.012005475269688759 0.0009867664557532407
0.014066527477552881 0.0011690573173837038
0.01693642887767055 0.0013169419073619792
0.01686731560403132 0.0013158669378299237
0.015109883657714818 0.001228503117999935
0.012427184054104146 0.0010612476453388808
0.014997364920418477 0.0012220055259604123
0.01465194453339791 0.0012026399874685012
0.01477423570031533 0.001211317554634661
0.012589163321536034 0.0010811258657668077
0.013560285231505986 0.0011326007956995454
0.015381170800537802 0.001247906873231841
0.013801345427054912 0.0011405765224026254
0.014478720986517146 0.0011977965414189384
0.016933630911807995 0.001316290638214923
0.016030326536565553 0.0012773147575444455
0.016070949008280877 0.001277709541909644
0.014660758228274062 0.0012049167442000908
0.014856597932521254 0.0012171171597401553
0.016652878119202796 0.0013048359746790084
0.015040580885397503 0.00122549111756598
0.012860354552685749 0.0010900868101089145
0.01216251082951203 0.0010414906041660288
0.012174917661468498 0.0010436197185299534
0.014689240611915011 0.001207074763556193
0.016430611081887037 0.001294086222515034
0.015566425157885533 0.001253568976153474
0.014344740771775832 0.0011910761478475251
0.012126483663450927 0.0010176745386161201
0.012557550857309252 0.0010782573197047896
0.015082080411957577 0.0012263340046274607
0.01587681725868606 0.0012726603960118155
0.01474609698925633 0.0012096378693513543
0.015132475942664314 0.001230361341185926
0.014466873661149293 0.0011970968491823442
0.016923422805120936 0.001316279546927035
0.014368397656653542 0.0011933593779076546
0.016297031761496328 0.0012907231073313596
0.016020090821257327 0.0012772009838499798
0.014982859476731392 0.0012213617189900106
0.01697115716524422 0.0013184614061856337
0.016247582465439336 0.0012864440803923571
0.01409827206589398 0.0011702454175974708
0.016442369880678598 0.0012977466803931748
0.01294775131100323 0.0010959568880934967
0.013288835954881506 0.001109927681454792
0.013842467142239911 0.0011423632299738529
0.0141646202391712 0.0011743497302632022
0.014055289586394792 0.0011610396456944727
0.015094407564902212 0.0012277245393761405
0.015082845406141132 0.001226628654990236
0.013393587934842799 0.0011232897370518913
0.014726704212080222 0.001207900990266353
0.012580947906826623 0.0010792764526286192
0.012617187923751771 0.001082455793493864
0.01408657077990938 0.001169826716022726
0.014349443430546671 0.0011918064287783636
0.01271381269179983 0.0010859742087632185
0.01385526308149565 0.0011444691172073362
0.01474992685689358 0.0012098934407731576
0.01418072802698589 0.0011766963568788924
0.01645413054211531 0.0012995211654924788
0.014925452444003895 0.0012187245533823443
0.013488963901181705 0.001127893508055422
0.013804526228341274 0.0011422528859839076
0.014956084909499623 0.001220958573981079
