0.014296108296548482 0.0012039184373406897
0.01674389254185371 0.0013217364501088014
0.01610703749975073 0.0012912518405983064
0.015441098044902901 0.0012617312104339362
0.014763624560146127 0.0012266321252809576
0.013730192436923971 0.001162672908321838
0.0175924443956319 0.0013508112174349662
0.014251990240154555 0.0011995017860044754
0.014509769760479685 0.0012127969707762531
0.013632162459543906 0.0011558152521047305
0.011865766982737114 0.0009808622287437174
0.013794682228763122 0.001167691727005149
0.015492136675675283 0.0012660962942163678
0.015426515758008463 0.0012610572032372147
0.014568821290595224 0.0012171081679070994
0.018167401671234984 0.0013525392319024832
0.01643992919343873 0.0013060495820127471
0.01726998993763118 0.001342940484164501
0.014280652419984108 0.001201305419158416
0.014274389901402174 0.0012012072996867573
0.012391359312459826 0.0010835309744834376
0.015151540486840531 0.0012492753612605156
0.01914989098077058 0.001374630305804203
0.017219097400811734 0.0013402747727013775
0.015963840292897657 0.0012859795018584919
0.012313813319451583 0.0010784939696719675
0.014688164246763336 0.0012218640350738497
0.0156432251460501 0.0012715305163055746
0.012678504725045059 0.00109767808999095
0.015267408998624887 0.00125483555189021
0.013469295583490748 0.00114114176858493
0.016458560836326797 0.001307700707911863
0.012548312526632799 0.0010898123316565034
0.013768992701443494 0.0011649966078266516
0.012649295371375047 0.0010947048378966429
0.013946420593129005 0.0011821117564068118
0.01266320281138178 0.0010964747038997302
0.014129902147033135 0.0011934161972249058
0.014264200428442564 0.001200932447318337
0.012616350628377404 0.0010937703650597541
0.012864902389992494 0.0011072960596720804
0.013913865408540005 0.0011805184602735608
0.01263500127242878 0.0010940002314328012
0.016015768276702147 0.0012884544937605824
0.01458132138941437 0.0012178941301499435
0.018182377989433007 0.0013623174065742205
0.013486403702700045 0.0011419204938647454
0.017054836054740008 0.0013336785552837682
0.014156987233945983 0.0011948332056590516
0.01570857010119653 0.0012755441333638373
0.01653930927204783 0.0013126691699199
0.014366171752044465 0.0012060715976076608
0.01942281230367371 0.001381669290140053
0.014196697622537613 0.0011966749998464365
0.01595555203675758 0.0012857618607995391
0.017277208564337343 0.0013431333761673159
0.01568326507913298 0.0012738293772827092
0.01351066992356209 0.0011433233385105268
0.012577421628520824 0.001092787116249383
0.017168362148368033 0.0013377098380260577
0.013356617811950855 0.0011345655607328808
0.01652778745847172 0.0013117341763972945
0.01312696665263502 0.0011224220170333865
0.0148962620041857 0.0012357113159850996
0.01516745407207054 0.0012497241802975623
0.015502134827329428 0.0012663583262337852
0.013466434720612597 0.001140945168572216
0.014547561284416588 0.0012156739452393595
0.014838715906080324 0.0012332509431871586
0.014511033019516617 0.001213511495734565
0.016426286631030962 0.0013058610976486307
0.012281870280276053 0.0010720729671902518
0.01644174612738425 0.0013068129682096696
0.015847262773604598 0.0012817918700420705
0.01409567133305245 0.0011914767828784534
0.015023001324152574 0.0012411233635702956
0.0147671834238281 0.0012298837933713003
0.012418129037541803 0.0010846332252185675
0.016532924462808296 0.001311970124106665
0.016542148663575063 0.0013126820900879466
0.01700621570489602 0.0013281665037538914
0.0165425564700854 0.001312693469799342
0.017007744310831185 0.0013297313430484792
0.0161062227889488 0.0012903921640372573
0.01626272910289117 0.001298320646128559
0.016691384251316776 0.001317658799621313
0.013398836184933316 0.0011363105622876901
0.013120635660015978 0.0011219367735293417
0.012282327814318705 0.0010720982675138657
0.01657640597113641 0.0013147651498002233
0.016715512254450005 0.0013204534407122992
0.013774449729680782 0.001166596967550504
0.012460951445973478 0.0010879731967179396
0.012951790071383584 0.0011114937597085373
0.014325243071652949 0.0012060465671765996
0.015657113885026774 0.0012721339086283479
0.013748227716860129 0.0011631756904080248
0.01212918334204005 0.0010580909483905998
0.012636990431929007 0.0010946687084469886
0.012101882792194374 0.0010560529581198352
0.013145683780749096 0.0011228659449216138
0.016699861327651888 0.00131990972749918
0.013539824096369557 0.0011437077773734927
0.013977867442008574 0.0011833503642719734
0.014205999490513932 0.0011968356034230965
0.01369677809998393 0.0011605772619986965
0.01827633352513658 0.0013650000630605064
0.014577848633052781 0.0012172826677669946
0.012724057909508701 0.0011003986760442785
0.015664459206163883 0.001272374114705599
0.016051861543019186 0.00128985515812019
0.014504105332889594 0.0012120525273076055
0.012866665274486877 0.001107419726849912
0.01457385445246473 0.0012171387263606448
0.012893649749457836 0.0011088958813161298
0.01424154390770127 0.0011992710151389474
0.019170469073287677 0.0013768249417580591
0.015028151639853604 0.0012412561002292932
0.013701359108381439 0.001160645374966407
0.014185857675329316 0.0011956775776980066
0.01546175302064512 0.0012638190421512263
0.014923976359568769 0.0012379756808513775
0.018333328211156186 0.0013661113118814683
0.01713250896136742 0.0013366546443194238
0.015222221383737633 0.001252615677231006
0.014454730116995052 0.0012119361260829464
0.019563050558645045 0.0013880620479085337
0.014519879965519067 0.0012142422997385438
0.012840142655477393 0.0011056336302317504
0.012101849497412331 0.0010560529340182256
0.014607616525609046 0.0012190895490675757
0.01563078708568355 0.0012707130645139841
0.017103143956774147 0.0013356242460531575
0.01659403740632115 0.0013156048116798047
0.012877582892542705 0.001108276486320392
0.014004138189193327 0.001184927015856374
0.0126081717244233 0.001092870192906048
0.013107215716445353 0.0011209789481654298
0.016477797587867826 0.0013087204799830943
0.014638824883149937 0.0012209732121846173
0.016226734423980815 0.0012951776034242357
0.012388376831950154 0.0010834618224180304
0.013600442853203276 0.0011531965719768777
0.014971104043070227 0.0012398550356920168
0.01594640402618097 0.0012856642604219815
0.013203539107053075 0.001127448179431667
0.01317152565025026 0.0011265266884947778
0.01436990816728212 0.0012070052191575087
0.012401240812323522 0.0010835841665084445
0.014548159793775994 0.0012158550200638274
0.013658199954079464 0.0011580595253235515
0.015839021041756496 0.0012813932792141713
0.01728272701075184 0.001343842384585514
0.01396607696551655 0.0011822602474467203
0.014416005131351994 0.0012082663748742561
0.013411682510195533 0.0011374969147937009
0.014814908034168184 0.001232187615642033
0.01571324526958051 0.0012756069677379855
0.013683151886652922 0.001159437389105733
0.016256763843557565 0.0012966236777174345
0.016977020000922494 0.0013275830485781626
0.015501205722102895 0.0012661198127261741
0.014210760396963451 0.001198310296786076
0.017078524168027798 0.0013339802330847306
0.014756267177290283 0.0012260824341865373
0.01268593881468405 0.0010978252962559054
0.014238277952244971 0.0011985593473582412
0.014062621077755466 0.0011875303675878968
0.014957347160816425 0.0012391265170208499
0.013209752178227063 0.0011278664142082562
0.013944491653091973 0.0011817863742180634
0.01694144260181929 0.0013225721650087507
0.013250745363620808 0.0011286871798574794
0.013474485378537793 0.0011413941060709476
0.015095946902874857 0.0012459218801268435
0.015207056192593882 0.0012516344306732208
0.011797214057878591 0.0009437204116693465
0.01509604301827494 0.001245954605337829
0.014036358768862556 0.0011851033715402082
0.012738096520479303 0.0011013923444807006
0.01426327282388229 0.0012008881135443517
0.01348754810896935 0.0011420152950449847
0.01591372887560283 0.0012839295361573022
0.015566282891086303 0.001269012504735656
0.015583876382152084 0.0012694763204308401
0.014722161606187001 0.0012239973657415248
0.01652571402519243 0.0013106299782066344
0.01399013893387746 0.0011836447429232066
0.0170449656980054 0.0013317257191829412
0.01415559634915553 0.001194060780107975
0.012667313851125073 0.0010966335530611104
0.01534596509191033 0.0012580755103499541
0.01571482293365989 0.0012758402206145547
0.01207970482937526 0.0010545880058998591
0.015192383581961622 0.0012508800059549685
0.015198705081274966 0.00125150319831846
0.012083275105396751 0.00105475913551345
0.014907036329532275 0.0012361424285245448
0.01422252746488084 0.0011985003417294138
0.015156134490098339 0.0012493032263591886
0.013424729630060028 0.0011380755255459007
0.014237116800359217 0.001198504800640876
0.015043601699289866 0.0012439436912927704
0.017146709567896323 0.0013371590009683132
0.014664086542325094 0.0012211538544306677
0.014881572627928108 0.0012349516130143456
0.015592754680255894 0.0012695888269718125
0.014439458358538104 0.0012095349161427293
0.012424160398950335 0.0010877382524085988
0.017102158864872763 0.001335272800815801
0.015128685023228172 0.0012485567572184664
0.017346171855024295 0.0013444700152831501
0.013294426011270843 0.0011302052457722311
0.017093559392378666 0.001334115374902467
0.013936662324340432 0.0011810594276084885
0.016504833216458792 0.0013105968249647049
0.015725331199064385 0.0012765732482193926
0.014560797255398938 0.0012163716958184523
0.014593466123187682 0.0012187224549506936
0.01627409575121419 0.0012993000395908894
0.01263474568258971 0.0010939848789348616
0.014048946042748867 0.0011858850912176422
0.014862144924336462 0.001233458838896695
0.01510808589955559 0.0012460680484309705
0.015806977160536917 0.0012795251494708282
0.015551511060039047 0.0012677467175308266
0.016425699537649052 0.0013054568687493884
0.013576479337643832 0.0011451739670746974
0.012348660289717373 0.0010800333734550804
0.012149493166361935 0.0010599449074106815
0.014870891011014464 0.0012344728161224339
0.013858685051673092 0.0011798495825132704
0.014260604653827613 0.0012000891481420695
0.015522059500653995 0.0012676714807184908
0.011813518329290673 0.0009705597599349858
0.01570081063255202 0.0012741152249873267
0.015291192299628165 0.0012564071882934513
0.014292795363871846 0.001203013845724854
0.01555179906063131 0.0012685871124631376
0.016654525221383665 0.0013164171496100607
0.014614241830713581 0.0012199990751469159
0.014188764966093004 0.0011966341392053437
0.01733944347506622 0.0013443503114558553
0.013323895575013012 0.0011330508450555499
0.01498849963536486 0.0012409954729264427
0.014416068874197663 0.001208269755238689
0.01280865123408148 0.0011024564128092607
0.01672977674752474 0.001320837962339283
0.013453746920276899 0.0011409137396185542
0.012154713593190536 0.0010608377656353696
0.013110980278725037 0.0011218057532005332
0.01503693129416206 0.0012426433834207273
0.016288340275423252 0.0012997945385677667
0.014221973735402571 0.001198411808900346
0.015401613869471475 0.00125962741708463
0.01479878098325571 0.0012317270709445438
0.014934658316633431 0.0012383204265233871
0.013711872044950724 0.0011614760212523834
0.015700596199167194 0.0012738563426637484
0.013944431731943041 0.0011817794675152982
0.014368858937814366 0.0012067080922406603
0.01574059003178263 0.0012774011267993046
0.012365702052193228 0.0010805951928887225
0.016507712103702943 0.001310610258883571
0.013490524870576337 0.0011423690339142922
0.01479583283435204 0.0012311456603129045
0.01538937015720876 0.0012583075524617016
0.016956340652541257 0.0013241099527476763
0.0163021547414246 0.0013004192787775537
0.01236625046658446 0.0010828116186303305
0.017121240445703734 0.0013364407393510191
0.014286066732893232 0.0012020011918139062
0.013401678086665925 0.0011367395680963455
0.01269296422105981 0.0010989241659444815
0.01427497050826787 0.0012012483268790675
0.01512101635307772 0.0012480130878884665
0.017047144570824457 0.0013325809156867763
0.015782913877046667 0.0012779623657479533
0.014889218371536117 0.0012352348594504292
0.016239843553194078 0.0012965187399913702
0.013422404241282493 0.0011377594055375084
0.017123225072282366 0.0013365116533350374
0.013440385140711442 0.0011392155802241177
0.011330440473102499 0.0009134185238508508
0.01491606196941575 0.0012378912449548807
0.014161646742650191 0.0011949664354915512
0.018201673552539432 0.0013634334168273199
0.014625685013015755 0.0012205291545797081
0.015929895864246646 0.00128547836038706
0.017300380057349685 0.0013442620586374687
0.012139366088376846 0.0010597262285045872
0.016464075706608128 0.00130801885143228
0.014070915764023084 0.0011877139861553587
0.01240749990392942 0.0010842691808647942
0.014746949105756357 0.001225847597424945
0.015193881408777088 0.001251443156206733
0.015208882208753494 0.001251654483553466
0.016316123117576353 0.0013017367255088175
0.015954552181938197 0.0012857067836193892
0.016502829337696312 0.0013095391921069677
0.015332052069425117 0.0012571635236326983
0.014323087329103146 0.0012041550180583727
0.013110215764754685 0.0011211601865852572
0.017153826425783336 0.0013374452987591212
0.01524062659154879 0.001253333168961035
0.01486779277183814 0.0012343369492100464
0.013694592991669197 0.001160372938556975
0.01924878097997862 0.0013774288579497806
0.018238122333059437 0.0013638175972801037
0.016477833341923542 0.001308723454030769
0.018173739465055405 0.0013527990795410005
0.014387063623871654 0.0012079891741905158
0.016283487078908365 0.0012996724060485576
0.017006842397677246 0.0013288983886923234
0.013594441465102136 0.001146500871527678
0.01577932455620612 0.0012777368706338166
0.01626086435135221 0.0012978804306840175
0.017350561822240707 0.0013462930514833715
0.015117606020794483 0.0012473455306007963
0.015039363901450997 0.0012437845339263731
0.014741170460183639 0.0012254143175596255
0.016477690252941102 0.0013084162262657628
0.014716755296831252 0.0012236304237376316
0.014294563741714228 0.0012032020961214585
0.014079680062422995 0.0011880332333475963
0.014770246707485057 0.0012300863993459643
0.016563923838475603 0.0013129517054721873
0.016258008898148546 0.001297433732815989
0.013352721856790595 0.0011333191496305517
0.016534977021365194 0.001312651673288201
0.01726000415692397 0.0013427045678326976
0.017176288878545165 0.0013384407220655703
0.014254564397560898 0.0012000268422980298
0.014897307300998364 0.001235793753494363
0.01616476093113306 0.001293028608529312
0.013434787040750962 0.0011383121066046442
0.014625147225160617 0.0012201476438349346
0.015679938442190178 0.0012727502925145018
0.016258385869150516 0.0012976307523331343
0.014969348019803874 0.0012395976534662623
0.015472312083147699 0.001264263578605096
0.013937806361354887 0.0011811077048378138
0.0154289067722857 0.0012612360510502185
0.016534774265892338 0.001312266759441627
0.015651448291464476 0.0012720776771857345
0.016492640597789432 0.0013094716701971265
0.015069628523633583 0.0012453892093162722
0.015169141188380308 0.0012507645230925846
0.014526361839671154 0.0012149514880093193
0.01449529054298182 0.0012119782261379441
0.015788254862854956 0.0012785677068904988
0.014698761377076153 0.001223210033685973
