0.012258320151886437 0.0010819248331017661
0.011412490210204851 0.000926642115928189
0.016357890373910777 0.0013124049426096462
0.012172419188573258 0.0010772211052767489
0.013766476989985676 0.001181992813371835
0.01573823569015076 0.001284924997435155
0.012622168178495485 0.0011098294055500446
0.017642606697336305 0.0013494442646333482
0.013236726517789066 0.001143155044701416
0.01339655635820236 0.0011528492711931904
0.01611113906983519 0.001303540931758107
0.016374169739719946 0.0013136895886418642
0.014031658400199376 0.0011974089654813724
0.017167717902339064 0.0013416189016197677
0.015918921286356635 0.001293415871941761
0.015372782676422503 0.0012625530141576746
0.015959081229084404 0.001296330319860317
0.013161213417333784 0.0011393895040328061
0.014174345407809597 0.0012069937210981152
0.012383010442135856 0.001092990134793581
0.013429521488433238 0.0011539876593360532
0.014841286927548936 0.0012418483163401106
0.013807338244077982 0.001185988718475528
0.012356314990029205 0.0010903398679147358
0.01424281232721114 0.001212908019169845
0.014565527941158507 0.0012308160225984466
0.014451418563112384 0.0012222293772765624
0.015719803541287547 0.0012842321031030224
0.015588914808176924 0.0012779152684743167
0.016074130642664386 0.001300240884120285
0.012209734675707296 0.0010780937004710722
0.014803452555497643 0.0012412572393714072
0.014340732486743946 0.001219594799067636
0.012441771614248864 0.001096043932648172
0.012610267403942998 0.0011088221158388478
0.016400792061176617 0.0013152729258081308
0.015753995956401923 0.0012854724641329085
0.01607804973173188 0.0013005169653297344
0.013113258857629262 0.0011299754498850234
0.012403217748214956 0.0010949288039228122
0.01489477827999508 0.001245745469987014
0.01589914237774792 0.0012927540670943927
0.014833134726359276 0.0012416393581133889
0.012397733931720722 0.0010937925985672337
0.0120111113646999 0.0010560523833191837
0.012643153073440772 0.001111683090812221
0.012550615314466995 0.0011044650319149696
0.012344950941042043 0.0010893375419982476
0.012064391070452984 0.0010643799917033903
0.016395434351579752 0.001314105415758604
0.012319250279688276 0.001088931830281581
0.013561372110416414 0.001166746929470719
0.01576035635662265 0.0012866351519278396
0.016456100678624352 0.0013169359369840095
0.016508469605469145 0.0013198000679039978
0.017098508280469105 0.0013408512439809783
0.01691265391127672 0.0013320133346041985
0.01210140735929599 0.0010670130304788472
0.015689364459831268 0.0012831990270569804
0.01204699127265485 0.0010618972094107448
0.016456671943160472 0.0013171569819405704
0.016233172398642637 0.0013053069760644576
0.013013185387535486 0.0011278239517196198
0.014069113458390348 0.0012008263545340014
0.013497550091415178 0.0011618910496054013
0.016424608074885327 0.0013159769837329804
0.013798023865092546 0.0011837095588589364
0.014863176365906838 0.0012442921743058832
0.012621307781955693 0.001109348400404997
0.015431402265676297 0.001265210138853945
0.011680326446366962 0.0009779685917692404
0.013101799529977143 0.001128479616227196
0.015386932329420233 0.0012633730921152164
0.013040021120104939 0.0011282229729658866
0.01358581457316177 0.0011695103437432408
0.013559597420680802 0.0011626436447613742
0.012343114151008194 0.0010891882568557776
0.012295405897020828 0.001085730574459376
0.012006332930468488 0.0010555127180396084
0.01760676193225663 0.0013464781704897177
0.012158823403296992 0.0010725778852247458
0.013387367478571832 0.0011522102106482635
0.01216472305895877 0.0010737111679191003
0.015522942324423639 0.0012738905193430128
0.014841087911918294 0.0012418423324334071
0.012443759449524805 0.0010961172438328504
0.012845926197769586 0.0011209761851205258
0.016522302823432256 0.0013201265039697319
0.014256667040172033 0.0012137328903918387
0.016317407535098027 0.0013106600520131906
0.015334604260715423 0.0012569628036089853
0.014485911029623821 0.001224472627995965
0.014781863894313574 0.0012409243247475388
0.016619374924630392 0.0013255855553779838
0.012032987207931 0.0010597137226824316
0.011464375515060965 0.0009427238533135096
0.013571022194810212 0.0011691648089708906
0.012648245625314303 0.0011128091803129792
0.01703327709037694 0.0013382966413928443
0.015464921736565884 0.001266593922082393
0.013205198749346891 0.0011422290217524278
0.011602147373196203 0.0009681700216788158
0.015627546235919 0.0012807767413960391
0.011323622071358841 0.0008548095634068886
0.013561555799242342 0.0011674808764610134
0.016381264842493692 0.001313738248768459
0.01416063931537792 0.0012060110900620202
0.015595515495078871 0.0012780841326502923
0.01462236463703448 0.0012328248096764582
0.01626597753056558 0.0013083383305456664
0.012356827079202048 0.0010904181872319896
0.016545442143979017 0.0013208828015649487
0.014572956344636623 0.001231166101774761
0.013730500482779462 0.001174555530269572
0.012045629795466084 0.0010614220407205721
0.013723407369980123 0.0011738080530676598
0.012121405809011776 0.0010695853072775208
0.014053723301913124 0.0012000172545185706
0.015516539071541047 0.0012732902578136418
0.011153697749250568 0.0002988479880059458
0.012101180887839291 0.0010662014701665612
0.013801729615806835 0.0011844359797805737
0.016160863706318196 0.0013045850860180508
0.013606370150228031 0.0011711477602602827
0.012355278406175785 0.0010894371575886908
0.011375718830095138 0.0009231803316396281
0.012609514407813549 0.0011080359097377368
0.014265390993386973 0.0012150958389156585
0.014659123502497096 0.0012337666439634631
0.013288148071296746 0.001148652457686694
0.012624493392650038 0.0011099663497589063
0.015919486850179965 0.0012953196422813562
0.01221748601528816 0.0010808513907250017
0.016545243535802 0.001320675692795703
0.015626794986019377 0.001280706114584973
0.014188278546498623 0.0012093039854335075
0.016393513931689085 0.0013140362298145192
0.016345305055438075 0.0013117917018234948
0.013657751384016592 0.0011723063171302783
0.01314715331318439 0.0011375906506145839
0.013561096380726667 0.0011666871309898852
0.014653628764790483 0.001233082946328068
0.014657478430308402 0.0012331129439644428
0.0160832786350511 0.0013010894633680437
0.01393336103137699 0.0011919236745825401
0.015356124713434838 0.0012612079344762606
0.014138170685328078 0.0012042793312048161
0.015704130029916996 0.0012836152435511394
0.014143408086965792 0.0012044555290913195
0.014163524912873982 0.0012068510520748532
0.012283395662961993 0.0010837639662213405
0.015953695758071262 0.0012956687641008102
0.016369116376154125 0.0013129572291745717
0.012062821610015817 0.0010643718826486293
0.014599745914892992 0.0012312999748473885
0.012203821795992553 0.001077769165931386
0.014156286270008422 0.0012059694320214476
0.01504184553050436 0.0012531755465943206
0.013305941542057553 0.0011496274460114364
0.013153223681001691 0.0011384265776541724
0.014182074206473771 0.001207658928251476
0.015786859490617644 0.0012871827148046577
0.01338365609626635 0.001152112556837892
0.015706136902736034 0.0012842160742820852
0.015594505464832764 0.001277966958923571
0.015480611116799992 0.0012678548591793515
0.013273152675537858 0.001147164458870975
0.015582903797621839 0.0012776261561384672
0.012530653252724733 0.001103389115257869
0.014516970826662146 0.001229461473712945
0.013567868041718611 0.0011678486150685785
0.014776277435885277 0.0012401288579440006
0.013171435537515208 0.0011413645775064651
0.013845710458554095 0.0011880065555942565
0.012792236251698341 0.0011153349244068522
0.014954143050999846 0.0012463839213978645
0.014082308327488136 0.0012013822449716827
0.013404680295934668 0.0011531940047007083
0.016458750906167552 0.0013186439898618119
0.01554821228273795 0.001275749076739885
0.012373605808534194 0.0010910873884313332
0.012055816539941588 0.0010633294011768157
0.012058770305884536 0.0010633376484747714
0.012616071238880977 0.0011089144836660125
0.015622561953932745 0.0012795357508821326
0.013741958966420498 0.0011751599123499545
0.012939841544721276 0.0011218513201356473
0.01363225225941278 0.0011713114906797273
0.015613184375979472 0.001279192230413173
0.012155621290730778 0.0010702601191496797
0.014615454216254875 0.0012319104157541005
0.012942262655997183 0.0011235796083610694
0.012370026066491846 0.0010908446743087552
0.012638119202165399 0.0011103665015070874
0.013972717486467445 0.0011933748827459567
0.015807528390723746 0.0012878249876848713
0.014224148784705903 0.0012111890766846045
0.012526664713732316 0.0011006842856886578
0.01643637668894371 0.0013162106758954906
0.014210522123903502 0.0012109952808714297
0.015548012030194513 0.0012750873838740517
0.013770986963208998 0.0011823747936432483
0.01448536734096706 0.001222970534513479
0.01538631682342384 0.0012629573136564431
0.013367492298129946 0.0011505654520078679
0.012999983853660524 0.0011264547224527632
0.012430309056071565 0.0010958134421343857
0.01467790428432636 0.001234688044178256
0.014638867192843463 0.001232828679803788
0.012278567352041136 0.0010835555742687575
0.015999491966795176 0.0012981659758679598
0.014300068294687662 0.001216919712305753
0.015028768444608431 0.0012505844958354828
0.015098857445991598 0.0012558811977214646
0.013114825247612316 0.0011374915853821221
0.01602551400719676 0.0012987744296424353
0.012381103442749009 0.0010927924606676243
0.014881345232424792 0.0012451943941869104
0.012314127292484045 0.0010870587229874218
0.012566471013997216 0.0011076381892962672
0.015689281644881703 0.0012829123935489406
0.014618376961152535 0.0012323710880082217
0.015909175992419478 0.0012929281531341985
0.01636533303098986 0.001312871864911358
0.012302457562327618 0.0010863429067171637
0.013987123646074906 0.0011954115623211692
0.016553146495425608 0.0013217173130897208
0.015675889269914478 0.0012821047378110961
0.013016859069466591 0.001127824137256539
0.011611200949118938 0.0009736455212987494
0.015678583305998472 0.0012822273255324035
0.012532097966868605 0.0011033997932372586
0.013010695787670556 0.0011276913564870483
0.013382819066464435 0.001152030592720621
0.016294118624500697 0.0013087569449226066
0.013846764155459823 0.0011882128094384825
0.014984027031459846 0.0012504296043971408
0.014979592939198483 0.0012497886743858544
0.013379073854594026 0.0011513215372360719
0.012942101468070177 0.0011230184053374614
0.012608088210981805 0.0011077696408392512
0.01474907188094221 0.001239043680584473
0.015663328988011926 0.0012818055108709814
0.015545625781669514 0.0012747971771887023
0.015721977193607017 0.0012848712453887856
0.013529677045880817 0.0011620153741205286
0.015086575142049696 0.001255187206197661
0.016970662825769978 0.0013331070101685327
0.014852094223897438 0.0012434979978479532
0.01419479252945166 0.0012097396561330243
0.015549855743302032 0.00127736462491157
0.01182115081610391 0.0009969579323296784
0.01382687942168559 0.001187932021252891
0.01449730384774739 0.0012260145661002753
0.014506203828204889 0.0012280473570172035
0.013133185831975425 0.001137524245223176
0.016441477091575507 0.0013162774720285597
0.014075540137127973 0.0012011961028974838
0.014129560044239042 0.0012041150874892992
0.013449315698380815 0.0011552639446108515
0.012668245391978417 0.0011138444392599922
0.014823084929957986 0.001241337823557842
0.015854035620577633 0.0012909773788578605
0.014230034103093203 0.0012120526605485793
0.01704539762431523 0.0013399395897977229
0.01635920596163487 0.0013128143689300487
0.012404763452650513 0.0010952118955174228
0.015526193634286756 0.0012747156263230863
0.016659843262459617 0.00132621187026416
0.016100219789223047 0.0013018260113994984
0.015407569546368904 0.0012641909825106268
0.011989623781119008 0.0010526064813802805
0.01656928178636008 0.0013221359897670482
0.013250670097477268 0.0011459317483968334
0.015818228173884563 0.0012898365789624222
0.0134720400092192 0.0011605889467318775
0.01659694105910603 0.0013224673210743276
0.0138527140734368 0.0011914928677470016
0.014847843987809028 0.001242080441215876
0.011451187689090148 0.000931676079517274
0.015871694762608968 0.0012920365588797722
0.015043397092085797 0.0012549866235076479
0.013680222124094144 0.0011725893466518755
0.014785072926315479 0.0012411577010880137
0.014978160827013198 0.0012486802697821986
0.014018058172950987 0.0011962530179516762
0.016371315497963224 0.0013130041979820817
0.015334686584537849 0.001256984751194068
0.015680012231314322 0.0012826919328290387
0.013588213074399391 0.0011700742697939859
