0.011631536697677802 0.0010109676611591567
0.014143029526167084 0.0012004084489944944
0.015579773134959396 0.0012736366713852476
0.012464899296901422 0.0010959304297557537
0.01636288374720607 0.0013097634066525643
0.012134470332966885 0.001067021219569142
0.014267484923038865 0.0012061426284617482
0.014611626793339383 0.0012205084285596968
0.014406358161068056 0.0012121361148729193
0.014541994842147687 0.0012181148831587052
0.01454190386357368 0.0012181101274109096
0.014291721327026607 0.0012073905875240598
0.014713100430526538 0.0012284232620913826
0.014496829116978915 0.001216139924736126
0.012259675866516773 0.0010712165458244272
0.014606481021473883 0.00122044019394707
0.01639597705070628 0.0013116041227476671
0.012410997620463604 0.0010830535052264167
0.014684141742691281 0.0012267850546550108
0.01422836530218774 0.0012046353177765923
0.013204194634454325 0.0011382588877495436
0.013954151701909723 0.0011928338203688327
0.01546156275071553 0.0012668243673488178
0.01581084603094496 0.0012843120204024672
0.015557763299511862 0.0012724716029879346
0.01416416366919293 0.0012010989312329912
0.013923628408520017 0.0011891358985849365
0.01436494766312535 0.0012102752191367472
0.012170804860943463 0.0010676963265723316
0.016099506970931543 0.0012979210023331689
0.015475405405595666 0.001268250290877404
0.014377117402545991 0.001211044829688035
0.015357434405814274 0.001263318502083166
0.014266189795307582 0.0012059755157451946
0.014012818242918001 0.0011948860333177436
0.014031649996468332 0.0011956415360145911
0.017635214901019935 0.0013437554364372772
0.014534825921145966 0.0012176228001408163
0.014124704503046814 0.0011995837319318525
0.01689601432008203 0.0013268366429883827
0.014090968248638092 0.001197538780843388
0.01431905003664724 0.0012080148155746429
0.014320995560410665 0.0012080584672276018
0.012378167779388605 0.0010800177501550934
0.016474109979753848 0.0013149961469025584
0.014736769113369519 0.0012288849518427014
0.01427416704245843 0.001206386904414103
0.016434165270766243 0.0013131360947227222
0.01511673369896016 0.001253784235132116
0.014716697620315244 0.0012285874790904927
0.01415781050309306 0.0012007736681880488
0.015604538803017931 0.0012757157307987654
0.015253517467499478 0.0012588104139013012
0.014920268331479747 0.0012443973237168393
0.013712030675378628 0.0011586382825043984
0.014570817002095282 0.001219513524119975
0.012909505701827584 0.0011168566766173171
0.015034388448839309 0.0012506033766612745
0.012812386710720602 0.0011139339253531944
0.014208989872713573 0.0012034436190333508
0.015017467416328145 0.001249694414127589
0.014225062332116067 0.0012039957221077202
0.015889206057181582 0.0012873494300720267
0.016139991810632637 0.0013001454117329558
0.014172394061461091 0.001201657187039018
0.015012793846835848 0.0012491912589212006
0.012199651762784924 0.001070065894509753
0.014534376066876575 0.001217582001345363
0.014517819228785811 0.001217109631625135
0.0143536596060585 0.0012098408285510232
0.014096807590249227 0.0011984334544195008
0.014666489827504847 0.001223165137162141
0.014205473535184865 0.00120250479369588
0.01411430583539186 0.0011987274319835706
0.01545976405031979 0.0012667151954701694
0.01639184806481353 0.0013112251838265365
0.01645589592590113 0.0013134205184996972
0.014196171847288497 0.0012024454349557345
0.015085594433912775 0.0012508284169143735
0.014108991850662278 0.0011984958150605962
0.016486092703416944 0.001315321133006364
0.014690041361973272 0.0012269108956388664
0.015011132392828586 0.0012489323701174726
0.01256642077350989 0.0011034021549676254
0.01559380816979683 0.0012745542876473337
0.014514022841467522 0.0012168921898592089
0.01484543328115251 0.0012409227603029649
0.012768514432536904 0.0011117731621652638
0.014416407011594856 0.001212482186701891
0.014393547768122517 0.0012121321751692449
0.014876291159453103 0.0012432181115400454
0.015274659283022629 0.001259870382682493
0.015844221245060908 0.00128724963269633
0.016068255412392318 0.0012973859252269904
0.016480860624142224 0.0013151876798929152
0.01447682538855588 0.0012151700070717197
0.01795292494352907 0.0013583895913598099
0.01429003570228815 0.001207319554168862
0.014259125535318162 0.0012056902826316218
0.013923654245445505 0.0011892096392784879
0.014818115045272862 0.0012371339570336204
0.013928717304224847 0.0011894086023858108
0.013939446780568687 0.001189647770843294
0.014817293607848114 0.0012367671129140945
0.014538081210048404 0.0012178988836240023
0.013515931168512907 0.00115227688320374
0.015965862658049446 0.0012973020768640708
0.017063116112694843 0.0013326319913176121
0.013323077953828033 0.0011428952138885506
0.015516662380832713 0.0012703949385013402
0.01240406414217432 0.0010827982648606849
0.013516936858650297 0.0011524867177286069
0.017061342778106336 0.0013324814638053795
0.014049947723833611 0.0011965004721332662
0.014442286294070072 0.00121416485330883
0.013908042445109459 0.0011885175706538575
0.01249540202843491 0.0010998641291735112
0.014584193711925764 0.0012201670692775224
0.015573197688354412 0.0012728296853765642
0.014820485537711647 0.001239176351759852
0.013861464874935336 0.0011867180944591382
0.014577896799892187 0.0012196250297620281
0.012269603728782386 0.0010715375660765858
0.014358133132191142 0.0012099523796678113
0.013465923984767869 0.0011479763993520464
0.014967533132221433 0.001248245453666641
0.013155714863387402 0.0011308517980523902
0.014637668631621636 0.0012217510325172043
0.014424013606912922 0.001212942054735322
0.01556779428392474 0.0012726460129215411
0.01399606206905446 0.0011948488324833306
0.014957389792471076 0.001244599676965663
0.016348678138456307 0.0013083841099614801
0.01456129556754604 0.0012188789658011956
0.014776944011828164 0.0012302421407639486
0.01649776515478152 0.0013154120978242645
0.012385453439492267 0.0010824915316334227
0.01242724171243026 0.0010910643081842863
0.014388511757715605 0.001211305298966181
0.015754013267724076 0.0012842995572555083
0.015548128607406397 0.0012715886026626322
0.015550092532066628 0.0012720784545763308
0.014195098923664773 0.0012022705109302478
0.015568233518933994 0.0012727402419159262
0.013584952774181147 0.0011548578798965536
0.015935857856675284 0.0012912696777220845
0.014016857930982951 0.0011950655409691535
0.017963865553610958 0.001358704201720684
0.015573476364806993 0.0012733066282635264
0.013324105835636146 0.0011430906279201736
0.014963691488446784 0.0012457469989612946
0.015638523367670132 0.0012790585302582258
0.012178712684544735 0.001067872738758524
0.013712172003579326 0.0011597456345953105
0.011611202873609727 0.0009845524898537406
0.015186547099801828 0.0012537898721802776
0.016112529956444632 0.001298818463283169
0.013518889725673944 0.0011538719891177607
0.014522699639201164 0.0012172858348549198
0.014431842795602279 0.0012132540957736637
0.017558914119945257 0.0013407356998413889
0.016408999312261585 0.0013119828956860147
0.01592587824416114 0.0012902336980005202
0.012186606098111952 0.001067966321215863
0.014174598771205638 0.0012018872348562581
0.015296526979000191 0.0012623451931403906
0.0155767563264817 0.0012734503039837364
0.016317359993990976 0.001307078372065007
0.013923593240178889 0.0011890356518051703
0.012205183411424514 0.0010702036820475769
0.014217097206710605 0.0012037214519295958
0.015546330412689713 0.001271562809961324
0.017017450805724366 0.0013321619558155362
0.014643059565059957 0.0012220980270285509
0.01509097117195779 0.0012527089763807453
0.015892492923740065 0.0012884252339517843
0.012256698923010845 0.0010708978102229594
0.01452238428464625 0.0012171472756108415
0.016826514536660397 0.0013244313947780029
0.014690404135762947 0.0012274904038349632
0.015936342206259724 0.0012928702612953202
0.01699492508851108 0.0013318023188730876
0.013379652751609683 0.0011442144127613574
0.012453305473172804 0.0010946870584120916
0.01683379393944051 0.0013246252483440912
0.014171603361319285 0.001201516664650626
0.012419170376233524 0.0010890228300013405
0.012523306875664275 0.0011018594886991195
0.015571036070468836 0.0012727662283396057
0.016164040345756803 0.0013009662375225162
0.016244505801296327 0.0013043445071616588
0.016247253890469437 0.0013046433391536993
0.016225232215219876 0.0013016174507356482
0.014247068607801339 0.0012047765317220183
0.013773173006484285 0.0011637480083663831
0.01628979848464951 0.001305232789263755
0.015234207308822079 0.0012567160129037802
0.012436796121619409 0.0010928972546935256
0.013266742527775932 0.0011427108915995632
0.01623084014863707 0.0013022660609749437
0.013898972334573045 0.0011877674290872164
0.016226670963078504 0.0013017242267778784
0.01616557509987615 0.001301282330587128
0.015592700197885279 0.001274319865160578
0.01438369704192155 0.0012111368887417484
0.01480465352506144 0.0012319050772475748
0.01555792133694922 0.0012725433724654067
0.014184819388901815 0.001202254947656911
0.014109411353274481 0.0011986017965455176
0.015891739129074267 0.001287557746195489
0.014730866460013203 0.0012286485582535533
0.016634137311484665 0.0013184800848193845
0.014121580850769533 0.0011991039864369668
0.015593659823935013 0.0012743754648454342
0.015754188745631836 0.0012843063618674933
0.014144076903903624 0.0012007121928263587
0.014712472704559332 0.001228196006422877
0.014460193415288813 0.001214375762401687
0.01248831114571658 0.0010978312957377057
0.014207750442437828 0.001203070682777252
0.01443702823962667 0.0012134674952903879
0.012410082294081803 0.0010830059161435202
0.013235093585535651 0.0011391775192350906
0.012944477057317272 0.00112096491147895
0.01519014695986698 0.0012544327912564768
0.01465288590406999 0.00122274829232083
0.015720642084488645 0.0012814084370802448
0.01641161015504622 0.0013126924977768795
0.014275403114879737 0.0012066397614489688
0.014159484904666897 0.0012008538965346816
0.014617008779168827 0.0012208560176532046
0.0143668616656214 0.0012108913699648838
0.014468483001110144 0.0012149589272212324
0.01566593522875337 0.0012795745428775263
0.013730932143516839 0.0011599545609897177
0.016761663579018204 0.001322164758676081
0.012190958215796854 0.0010700229108806525
0.014508762022160226 0.001216510374661084
0.014091171829932136 0.001198058623685938
0.014488936347333947 0.0012157452490555443
0.016821908628116944 0.0013229470623628004
0.015672937235649442 0.0012813652738259407
0.015590018962029717 0.0012738388733168904
0.014497148360533174 0.0012161646109234425
0.015424148166857776 0.0012665835002962922
0.015605898615831393 0.0012757678181287702
0.015203947134068585 0.0012557901611671696
0.015546059164989856 0.0012714619404050609
0.014533237412251765 0.0012175346903404716
0.016498619934282033 0.001316735318141582
0.01637619443863514 0.001310775039200962
0.013961200718767941 0.0011931165231544583
0.014135980156424921 0.0012001257387055375
0.014036544911505189 0.0011956988089423248
0.015287265887309331 0.0012603614077306702
0.01757655734581931 0.0013410913986717787
0.014547164100804366 0.0012183261928839784
0.014428045447857585 0.0012132081676554662
0.01642804315997637 0.0013129415997354954
0.01429996543447487 0.0012077085787041142
0.014418625378311845 0.0012127348672947846
0.01688045035007235 0.0013255196652153245
0.016404225658334326 0.0013116384939166892
0.014537603445205605 0.0012177933424482035
0.01553480882466829 0.001271028051291978
0.013053223283350235 0.001121376130868157
0.014078533982683439 0.0011972729523677117
0.01559928522692644 0.0012751470403600251
0.017071840484277345 0.0013366376249450695
0.014861399136862019 0.0012419102122294134
0.01772634686130914 0.0013473516526119056
0.013984063971292926 0.0011936775993035553
0.014061550558835734 0.0011970336138347193
0.013631910846015671 0.001155145763505061
0.01433234520663973 0.0012089099368495226
0.014501860710879555 0.0012163509663878358
0.014559806219040183 0.001218732713141435
0.015223446182062617 0.001256054610848878
0.012221916949783918 0.0010707989736147283
0.014759798850718653 0.0012302355673909915
0.014055555948289111 0.001196754400325517
0.01630994284641929 0.0013065986845504085
0.014227343428501626 0.0012042536691296846
0.0158279633433267 0.0012866237356092824
0.015937731135636568 0.0012957873941559228
0.014561981570295757 0.0012190435625143436
0.015320127944505657 0.0012624021920828454
0.014387694969627773 0.0012112841329781077
0.01563730517773365 0.0012776643723100278
0.014578998041542945 0.0012197680111967202
0.01592341069772374 0.0012898638265141926
0.014490837173070759 0.0012158377468267645
0.015622656672348967 0.0012775283681776273
0.014997127866081428 0.0012482705449201603
0.01283631657861406 0.0011150383479616721
0.016980263391815242 0.0013278971159706998
0.014343841568916105 0.0012097192241071753
0.014745856838999316 0.0012293947686430329
0.013658749216119759 0.0011584919670895033
0.014541297055984614 0.00121799288172042
0.015916385633317987 0.001289609406285308
