0.012475573144911323 0.0010829058005583647
0.014849080773274181 0.0012298707831632782
0.013480454093951266 0.0011350513142360796
0.015369402295618784 0.0012573723211062315
0.01684098369878484 0.0013185899427980985
0.01594590004060592 0.0012779002862544075
0.01496045238491206 0.0012393061816169393
0.017389129801813397 0.0013415985208666825
0.014829127001576126 0.0012269086090554993
0.012463772058254108 0.001081444270994325
0.015728313434010488 0.0012683563030577716
0.012823719618609175 0.0010978899263136555
0.01613568832181045 0.0012887251441497938
0.015571506241030875 0.0012618101127372938
0.012270709674339741 0.0010388878499725251
0.016166255749340053 0.0012919400686541849
0.016008593112928793 0.0012869025147210778
0.015279575407475932 0.0012508312285035572
0.01564383087134047 0.0012651371450829174
0.015616908003721619 0.001263478613168445
0.01574574562982889 0.0012693743942691071
0.014515641934849555 0.001209292397675199
0.015513523985646316 0.001261675310274768
0.018443883727741195 0.0013669203023027876
0.014205609400960384 0.0011908104869462477
0.01306700208078837 0.0011099278058281925
0.01633859603316523 0.0012964377344815148
0.013528431583836209 0.001137463873192246
0.01339094710056088 0.0011299175071144418
0.01690060828696005 0.001320203505315476
0.013347340973268729 0.0011292986714579456
0.015343757364462363 0.0012553860357229496
0.013779423623418552 0.001151077817667101
0.01617714991698449 0.0012955265802929716
0.012513403766206466 0.0010860417328331096
0.012510997068602592 0.0010840397528681933
0.014389915013452992 0.0012034334503141508
0.01613859779536142 0.0012894734061319468
0.01700179484214459 0.0013256266215648793
0.014515870627292315 0.0012107892903259199
0.012539635885332245 0.0010862348890441353
0.01720108574590995 0.0013338623555227969
0.01748065739957383 0.0013437688954809346
0.017095434188377112 0.001329709779724908
0.013721159168198938 0.001143696084000112
0.01292320307038608 0.0011004777616108186
0.013985425570353982 0.0011803729929624751
0.017036951476256945 0.0013272510880142363
0.015938692826239276 0.001277509309488778
0.015636646463462966 0.0012644901223666238
0.012978752394701587 0.001104056106214557
0.012951042990607675 0.0011028217313651112
0.016631248268822674 0.001310439928715823
0.016636391710562748 0.001310733553850696
0.01721341090160422 0.0013339437750801153
0.014693324024847243 0.0012185337957362208
0.01612408651635633 0.0012883670253813762
0.013133343993104063 0.0011112840825262538
0.015611356851877645 0.0012631988907969571
0.012377790393657051 0.0010736030249063333
0.01410852069966495 0.0011842866763345228
0.01670839927828638 0.0013125019388553483
0.01339300910331076 0.0011315333472339262
0.015604380827426212 0.001262718091311399
0.01139240004340536 0.0009074598344795959
0.016163129454980663 0.0012899416379354989
0.014752168381164665 0.0012213207437525853
0.011681718158797594 0.000956604654675175
0.018204606380095356 0.0013565614142407867
0.011245591183978831 0.0008646337282698369
0.015605196718752268 0.0012631167371637275
0.015711437514255522 0.0012674059852315622
0.011767027608584613 0.0009618631499961339
0.013250434189103544 0.0011175286243769733
0.014156315684886067 0.0011883538408028471
0.01594623871096701 0.001277924299984079
0.016126699338201433 0.0012886217120922083
0.016897719804546796 0.0013197871753618529
0.014200047291524243 0.0011907038290246419
0.014381170803972054 0.00120267316015088
0.013164300522475969 0.0011140110641463252
0.014120573363470612 0.0011860918044703794
0.011178758843016112 0.0008195103407615534
0.013156004715710878 0.001113475682814169
0.011098324954218697 0.0007777242153679254
0.014820875265286304 0.0012263024370895437
0.01416516237623 0.0011890668969272156
0.01105933586586616 0.0007465707583378389
0.0143886747500801 0.0012027438048107797
0.018022848264081404 0.0013503285553042588
0.014374256137671182 0.0012023786651980117
0.017173285254102666 0.0013331058446510724
0.01477274096396286 0.0012226941481685571
0.012925760354846716 0.001100533005228499
0.017192970308315125 0.0013335133685359324
0.012325278912612703 0.0010735762198237353
0.013024770541960606 0.0011078670222559595
0.017094068474762025 0.0013296056786202826
0.01428833313184441 0.0012015935744784656
0.01656044502306031 0.0013095150070512318
0.014026066915903357 0.001182163705379935
0.012552190724818502 0.0010871239460357174
0.015920941568765556 0.001276852659884753
0.016099081543870852 0.0012873513807107884
0.012466224285162752 0.0010822745473433315
0.017009406907163793 0.0013256724447501256
0.013917987875174731 0.0011637270529263333
0.012458379933377728 0.0010793170383749384
0.014129409661109094 0.0011867882643628036
0.013279642136694747 0.0011221571531905283
0.012638346539461054 0.0010916868161530147
0.01372999223167426 0.0011462282686807157
0.014823424637143034 0.0012264774318282434
0.014835144760581898 0.0012289431352883184
0.013381459315496613 0.001129508254166467
0.013895668525947258 0.0011628234224190237
0.014414045504963724 0.0012040111896567396
0.013727630883295205 0.0011444521192061075
0.011350053522619419 0.0008832295634420007
0.01397515278949868 0.0011800654308444791
0.01571896502719028 0.0012680544875820488
0.014618599288951373 0.0012131516408544485
0.01341642170882551 0.0011339444736222504
0.01417613759622327 0.0011892842492216005
0.016651014007948106 0.001312217057829912
0.016955929831965477 0.001322492146869081
0.013066128994978499 0.0011097126316599315
0.013657816954946611 0.001141597400419414
0.016841272332385415 0.001318595593261307
0.016710780077119125 0.0013129066762758157
0.014765155765417148 0.0012222050904711068
0.013483878858096432 0.0011366008475306444
0.014987176182330586 0.0012403700336562906
0.0161030085200764 0.001287900953798271
0.017287015412875917 0.0013372933532309617
0.013255866218969459 0.0011216882644475845
0.012694759469013661 0.0010946624811367656
0.014133543179923436 0.0011873888016680212
0.017337478275294416 0.0013389039593221241
0.015990644407793297 0.001281640864590372
0.014900721762387548 0.0012312927735820267
0.015400568379845936 0.0012593116347261457
0.016525725630344823 0.0013057781688985415
0.016931160806052503 0.0013208713180574705
0.014154272017549374 0.0011881901064043632
0.014899306948791491 0.0012307850356592098
0.013390960757533321 0.0011299254041432505
0.01721337070375739 0.0013339356341930397
0.013263988574180985 0.0011217073005127531
0.013333612543647178 0.0011289899912299006
0.01578761707241938 0.001276070058906953
0.014660421406006208 0.0012154990690760314
0.014098511630436406 0.001183705566631943
0.016037781449995236 0.0012873000489435071
0.015083498705280363 0.0012408464291411292
0.014428286945985747 0.0012042273489214494
0.014136445181065938 0.0011878682315682454
0.011316598713165149 0.0008705397945050208
0.013331080990610644 0.0011277550930799407
0.018452746813636622 0.0013671811345830065
0.014673461144411704 0.0012155559991242626
0.013293897343828576 0.001126130432339778
0.016922979863011278 0.001320724800507378
0.017104626251239097 0.0013302275131081842
0.015320684142352547 0.0012522410131623474
0.01561187363222416 0.0012631992641445322
0.0156140624130785 0.0012632010347033429
0.014051247610041173 0.0011833878603511039
0.017140047217253596 0.0013318862729079228
0.01565084501999081 0.001266263754814645
0.01652103677406558 0.0013056261580004502
0.01723030132234271 0.001335216831193975
0.016950280507444404 0.0013208996446110177
0.016639636633044574 0.0013109180727042258
0.018206104099590448 0.0013566041811827745
0.01594332367858442 0.001277739528291022
0.01353134786040755 0.0011402967479625659
0.014771333166208933 0.001222637414230121
0.01237876921732095 0.0010741891196630604
0.01649215738143539 0.001305512395219921
0.016583157168497564 0.0013096722332193167
0.01124582707780064 0.0008653863251311122
0.012702572967100423 0.0010953990745292685
0.016981792390652117 0.0013245192645854331
0.016557226927034208 0.0013071395862880308
0.014827979595793295 0.0012266045375781687
0.016951125107880216 0.0013218553415299539
0.013921465157181956 0.0011747583148462581
0.016619175044979784 0.0013098456173565864
0.014829290807028883 0.0012274983762381453
0.017314701977738878 0.0013378052990447031
0.012509068274084711 0.0010834307377081132
0.017374384406139143 0.0013389437806381466
0.016715001827833476 0.0013183003112544611
0.01568418836177443 0.0012672919424403517
0.01637572463550896 0.001303505409509853
0.01695831747565535 0.0013239634170076897
0.0157539038991672 0.0012712142272448546
0.0159907363140519 0.0012821019248576704
0.015992585887943278 0.0012827296374098296
0.013392604194450541 0.0011304648903660564
0.015945159375405638 0.001277873581670974
0.014539908603182994 0.0012126789958983863
0.014264396801081602 0.001199706133888867
0.013709031365578994 0.0011424189792705874
0.013751642793067731 0.001150750571127901
0.017183122314236243 0.0013335104476936976
0.015188880322966725 0.0012493017131873785
0.012558488167996984 0.0010895640575654397
0.01634512794407783 0.0012965861674274493
0.012233340814418625 0.0009833001784045337
0.014139545273792464 0.0011880513139885807
0.01266649791796226 0.001092672010372553
0.01647857115312945 0.0013046568019490223
0.015632114291292964 0.0012642450517432735
0.013998328515299363 0.001180744726411831
0.01513815508587868 0.0012471615295908123
0.014380900081960135 0.0012026374745346402
0.013286699417221826 0.0011261194969165444
0.012468170643842313 0.001082645399719695
0.01239226697362028 0.0010787527758111537
