0.04403303936123848 0.001185415283543989
0.041926007717847824 0.0011000333615811542
0.038729649502784014 0.0009565737454977352
0.044613136211410165 0.0011989723934675567
0.047180404188111424 0.0012434785967343487
0.04124353895895183 0.001084488394553773
0.038525345269590616 0.0008707601868991333
0.044431659393012524 0.0011900881145265885
0.04161288752220571 0.0010851416300283745
0.03961579338647425 0.0010422034683870152
0.04665861441753805 0.0012308865625527687
0.046915226615965366 0.0012419335180311464
0.03870327374897897 0.000885839590409887
0.04278825339861214 0.0011187399359187111
0.03891365369781852 0.0009722974500618875
0.04666642541997135 0.0012346619478194043
0.0395544923376292 0.0010382030886830762
0.04481294588185847 0.0012023553135804832
0.04341309913434088 0.001168542163213715
0.04718357394449413 0.0012446899854694493
0.04252247419208288 0.001107904317905195
0.03900229069404304 0.0009771941859071376
0.0455067572183907 0.0012274311957298778
0.047513335943222046 0.0012564075441332534
0.03940858389250934 0.0010369500669185072
0.04919732687994838 0.0012629619450308383
0.04544311040081084 0.0012244711761013605
0.04796089790761471 0.0012604050571098924
0.044773837784305215 0.0012013015657430515
0.040272454265505075 0.001059425856510643
0.038965322310104966 0.0009730904075695435
0.04194597341120243 0.0011028956796508282
0.042919340543448925 0.0011432217143010348
0.04377443133853376 0.0011823974127764814
0.043715952429920435 0.0011734797153621912
0.040365722961723804 0.0010716632823459804
0.038509638980031013 0.0007733077454759041
0.044117183424532413 0.001185463108413387
0.047054685186594725 0.001242939462827053
0.04691275046207011 0.0012366400478640571
0.03918532840907574 0.0009845087333815172
0.03913301206193864 0.000980076523774187
0.04507661494426429 0.0012136223740526475
0.04507661494426429 0.0012136223740526475
0.04056382062844932 0.0010776045528473333
0.0426631853915751 0.001115986640797928
0.04423663788475096 0.0011859921069117263
0.04423967516049743 0.0011861084785778075
0.04887828230857849 0.0012609810146386735
0.04484021430835128 0.0012048442658851855
0.04035064345225692 0.0010626007715472952
0.046829107915982604 0.0012364435460767709
0.03890353976748884 0.0009650067986513022
0.04673481290228665 0.001235198309586849
0.044435914140194654 0.0011934636931982823
0.040274220518767834 0.0010623448761180043
0.04359325394034386 0.0011703364580171183
0.04065774707123637 0.0010825152639881708
0.040415208786726 0.0010724361636675894
0.044985121581703424 0.001206958739203401
0.03874898259527981 0.0009584974286553916
0.03891630447469652 0.0009724437659315299
0.040572033263742924 0.001079413472325541
0.040572033263742924 0.001079413472325541
0.04318242450244725 0.0011537738391780294
0.04444514983333647 0.0011964383083977737
0.039001188008114696 0.0009764294009073637
0.039642177522182465 0.001045198405336123
0.04050957690924406 0.0010773208923637867
0.04458853602409363 0.0011978048059972934
0.04433447029441595 0.0011898910597665235
0.04070972488261759 0.0010844778589671478
0.044663236709311604 0.0012004676391370595
0.04206121317110956 0.0011036347423214465
0.03870540694333613 0.0008899841086531524
