0.044154655653983355 0.001182890569907613
0.045502591179683805 0.0012155382210039534
0.04454448260366917 0.0011973153668805026
0.04330273065716028 0.0011592077862587757
0.04687069612555206 0.0012388303512125276
0.0382176807615906 0.0008956270557973767
0.040354304015636444 0.0010749629145720974
0.038584303110837936 0.0009540201008348959
0.040579637978225946 0.0010782306344481185
0.039358693873509765 0.001030203973641619
0.043909607687965035 0.0011780810309574008
0.04340641503222287 0.0011609220600803383
0.042783056385815144 0.0011141311188112013
0.04087720182724297 0.0010827598234754987
0.03822225448675454 0.0008958659946074476
0.043674527667462826 0.0011754474326153286
0.04547826759517193 0.0012127912923460826
0.04023864469490945 0.00105836247530533
0.041971314465627074 0.0010988991416525096
0.04350156197324395 0.001170235664176289
0.04402161645703018 0.0011821146981674246
0.038262880174443126 0.000901591956790071
0.04612827720120549 0.0012290683880564757
0.046539647271856666 0.0012313085826463066
0.0391744882799685 0.0009872099344647722
0.04456849046982825 0.0012008952762698755
0.044300991808995605 0.00119015767268138
0.03886880772188306 0.0009664185599831399
0.04405461065471172 0.0011825930341728963
0.04029537527821958 0.0010596971405902877
0.04293178231455386 0.0011148665435030125
0.04440045030787587 0.0011908186934306286
0.03825534856878221 0.000901223836990539
0.040307185146957636 0.001059737682226114
0.04354217182844877 0.0011704892895068042
0.04056917107664049 0.0010772882887977175
0.04421149380505085 0.0011853881951537915
0.04517104453407228 0.0012028647543047555
0.03913190704770386 0.0009870497033261927
0.03817757708020508 0.0008947999158408493
0.04565396369434893 0.001218458746734541
0.048803155310451984 0.0012418400365277193
0.04033925151452422 0.0010642586203175597
0.039521005703136325 0.0010319951179553755
0.039547808934003115 0.0010394037890364416
0.03955020196735859 0.0010422504929010756
0.03953128098510206 0.0010337141575291753
0.03890087618492544 0.0009677441430540057
0.03953434689901769 0.0010360364249208942
0.039078569039702415 0.0009844702635746216
0.03904498089104891 0.0009824382341321325
0.04345680377446115 0.0011646923667285591
0.04345680377446115 0.0011646923667285591
0.04444896872155368 0.001192105577501934
0.040611033560708165 0.0010802138640428893
0.04381049145013094 0.001175970013719052
0.040181854739785194 0.0010548351201578043
0.045095535228028893 0.0012022275550407358
0.04060863610357046 0.001079410722013563
0.04387931735254824 0.0011762386202462949
0.04666798049584031 0.0012331474936218
0.03975911135785282 0.0010491603243281133
0.043927988735958934 0.00117958958435338
0.03824021271429956 0.000899963441042928
0.04486869159154594 0.0012011781873297878
0.03896311135031283 0.0009800838342926
0.038963111815974116 0.0009800839252420701
0.039117703679949045 0.0009865524734777864
0.03960684174671769 0.001043702126480639
0.04052869766019285 0.001076697328244336
0.040482642129063606 0.0010761336307041347
0.038278110790997744 0.0009041041903401492
0.03825455019250512 0.000900062421351322
0.038676845375448465 0.0009542925272398861
0.04536192072555423 0.0012111071773688309
0.04066686937585473 0.0010812674736371264
0.040269208839163184 0.0010590517922537401
0.038913927506655455 0.0009736462161527015
0.03960746410302818 0.001047221951012034
0.043901046738028526 0.0011765592935262248
0.040309067349880934 0.001063042065652553
0.045069099171087146 0.0012017154804198071
0.03878135536797345 0.0009604541155567858
0.038701578276231885 0.0009559477366565261
0.040586780989542603 0.001078877474355977
0.03758402890525758 0.0007246152449624788
0.045967601938173175 0.001225080770382192
0.03867956041358411 0.0009550519189360784
0.038726887898519635 0.0009587362474121619
