0.043587344232946634 0.0011690026803989895
0.043687556171789765 0.0011723088973667473
0.04190610651858151 0.0011003724648617208
0.03910347050987184 0.0009917276929627405
0.03878440801054239 0.0009713834533613408
0.04025049367919564 0.001067929893906694
0.04569704947061837 0.001218714693095535
0.03897489816881716 0.0009819815313676372
0.04682914889417589 0.001234679584740661
0.03900024341419339 0.0009847439068835229
0.04457637690939009 0.0012004633899778128
0.040246180491521955 0.0010635171565809287
0.046815614216029644 0.001232901107869111
0.03855140088126063 0.0009587860240571899
0.04354580957442522 0.0011678927185130306
0.041236438089981675 0.0010837455338332802
0.04371397593058646 0.0011731413542293012
0.03874323796480894 0.0009648792820371455
0.039460596395656466 0.001042999210767448
0.03860452980734408 0.0009614466653147247
0.04186746501363814 0.0011000621379935183
0.04387192497961223 0.0011822380329249427
0.04548407671973109 0.001214502946822904
0.04595544212497771 0.0012236208858666942
0.04548674775287509 0.0012145892978878692
0.04454836645163596 0.0011964257209911011
0.039314731722697616 0.0010337483836337924
0.04193983878940344 0.001101844165532384
0.04354555252939463 0.0011635460832621902
0.039618364069610834 0.001043304924678523
0.04530700505711138 0.0012091579628759064
0.04039033968001604 0.0010709478301578201
0.03964635287411511 0.0010445178995723836
0.040310781449079514 0.0010685442030080594
0.0453964383341372 0.0012107324146199971
0.04032780835404992 0.001069570607796777
0.04540513479150832 0.0012116563302697614
0.039454349083825946 0.0010397695004940033
0.038253554375842214 0.0008034027014218736
0.045179839711636305 0.0012049177166773006
0.04043893492780626 0.0010740280704339966
0.04044693359173834 0.0010748415952548385
0.04420795105397701 0.0011844954715343192
0.040387584595009685 0.0010702418730943464
0.039623321034014225 0.0010437408564030193
0.04118096362799406 0.0010826807774719782
0.04320928524248302 0.0011557032412383705
0.038702109130099416 0.0009618017684260849
0.03826876892708242 0.0009172679983748822
0.038779609836637974 0.0009680778275651392
0.043366485042497516 0.0011629281943896785
0.03896673698909581 0.0009773917154234368
0.04527525813318789 0.001208950998261571
0.04020375362597406 0.0010594373452477157
0.043656351044774055 0.0011709532845998183
0.04127383278682828 0.0010842884075827897
0.04450554680079222 0.001194968048366718
0.03941299510188401 0.001034454042383004
0.04421927314251661 0.001186599096399732
0.044346454786136746 0.0011927122468478046
0.04288110532797873 0.0011210392403881997
0.038879560539498925 0.0009769968874024926
0.04352413141168654 0.0011630811932263896
0.03887543873861432 0.000973492584307678
0.04041750333271921 0.0010730123467510566
0.04041785793378949 0.0010731683869380504
0.041985913878306746 0.0011030036912416108
0.040543047711253166 0.0010785066988319159
0.045413294807076454 0.00121300380124012
0.040467424085363746 0.001076248947356362
0.04050894663669169 0.0010768117499537766
0.040613927179947495 0.0010825318386196159
0.040544016286730766 0.0010798425500979647
0.04054133268073201 0.0010770655280794017
0.043725349474698305 0.001177171099698171
0.041779708582907915 0.0010921589346253313
0.04258300643414259 0.0011166011609020643
0.044891960453242064 0.0012025217583868653
0.0421724917832762 0.0011039778182748705
0.039416446117684245 0.0010390776151325554
0.04520917031913996 0.0012057148487656377
0.04178785881958902 0.0010967526177410036
0.04386768559925258 0.0011775353777920827
