0.043843350606039166 0.001177289908810053
0.041929544880986214 0.0011007465654984117
0.04643938201479614 0.0012307298457017168
0.04575374722480774 0.0012194803275633603
0.04384638462215662 0.0011774438826250844
0.044290043180808425 0.0011871814640471712
0.03899069386534393 0.0009845892509474652
0.0446669883094728 0.0011967422979068942
0.04055030713789165 0.0010790724045364186
0.040814259089529514 0.0010853591666091233
0.03920830204151571 0.0009952336422429653
0.043886988423764706 0.0011796112012234516
0.040045396657660604 0.0010530523140914738
0.04059512633830309 0.0010808024526340887
0.03915425552986562 0.000985813401712221
0.038220552960410714 0.000888401229531155
0.0448341597802937 0.0012057961357641034
0.04032849054783583 0.0010749959183158353
0.044602334732189775 0.0011950397820328362
0.04203503695316613 0.0011016908974852413
0.04203503695316613 0.0011016908974852413
0.04028907488100231 0.001064697622496169
0.04615172138437629 0.001227178770932369
0.03955216868780553 0.0010430629918118939
0.04685389040969312 0.0012390238553052768
0.04037409299053252 0.0010775106929941103
0.04671018081717193 0.0012328093871474266
0.04495412786491215 0.0012087630457244813
0.04380243900232017 0.0011762629219447263
0.04536616406403482 0.0012108334194635972
0.04353429120965302 0.0011650664382614195
0.03858452173881233 0.0009000483059935505
0.044414919102564454 0.0011914927745237947
0.04086795216426253 0.0010884786970564164
0.04400113527663052 0.0011801202344940975
0.043519593542441726 0.001161380292614922
0.03964307974092662 0.0010434754876769148
0.04377776361070573 0.0011731598424375989
0.04541412531398237 0.0012112084368709475
0.038059261161834 0.0007289005698112305
0.03796670213341713 0.0006472801214840729
0.04426457057707012 0.0011856578712468036
0.04343337914906442 0.001154501922428608
0.045343067497015 0.001208879373734817
0.04549484956078231 0.0012117158330511302
0.044449179666116834 0.0011918040690943599
0.04706678166985512 0.0012462668746593408
0.04278377862647176 0.0011207969728275202
0.03805683320388198 0.000681921979321487
0.04698450420983136 0.0012450419744709507
0.04373748158104718 0.0011731297126971185
0.04027318232692778 0.0010608361480990425
0.04070445243269205 0.001082674745703116
0.04070332343690097 0.001081855945813004
0.03954771556891501 0.0010412728588562459
0.043665020959451795 0.0011697279405780137
0.04408477037213743 0.0011821014559245668
0.03869450790807605 0.000955666066147387
0.0406831088475883 0.0010810092207975686
0.042066324735060334 0.0011028425506083295
0.04055150458589196 0.0010795350390253589
0.03882031422108412 0.0009693182655610144
0.03808665578253567 0.0007970011988618353
0.04448305838741362 0.0011946825761697255
0.043528629932552576 0.0011647351857391186
0.038959825644269586 0.000977082441750099
0.04370539519004524 0.0011722833805833943
0.04439179156906903 0.0011900483805220574
0.044708653120324016 0.001201815641252324
0.04173023230396211 0.0010973945973091759
0.038642017636448145 0.0009537870209896937
0.03951255022548139 0.0010313410457456484
0.0407083195168525 0.0010828146696439944
0.04342395509593189 0.0011505094953463413
0.04197614802978933 0.0011008290894096717
0.03954701800830662 0.0010386106951045804
0.04463537526316941 0.0011957622846239246
0.040501309325918555 0.0010781687524286099
0.043562258360907435 0.0011693523410940543
0.04561326396651566 0.0012172202696092427
0.04186611599288881 0.001097506217774935
0.044198398711159825 0.0011842941094073467
0.04156537423841655 0.0010906254319706932
0.03893690509721637 0.000975786319031613
0.03895548125728965 0.0009761280052771326
0.04199990537017584 0.0011013607727363706
