0.03949474007822573 0.001036954730807338
0.045437681721523404 0.001213653973536566
0.04187556938268244 0.0010987181813106872
0.04050539107993245 0.0010827670266735367
0.03878413885831833 0.0009695845474197995
0.04028776031918824 0.00106278730527265
0.04509787634015083 0.0012070520606357604
0.04039092501625419 0.0010663483117241412
0.04039092501625419 0.0010663483117241412
0.04667615657672286 0.0012342069676378742
0.040382943116128445 0.0010650862095644698
0.04024260281585157 0.0010613650374580175
0.038962192833423615 0.0009741000903886743
0.038916637655347586 0.0009736686261021532
0.045206315349787474 0.0012110775569453835
0.04263142985291779 0.0011124558441224508
0.041826357366517186 0.0010978446225635707
0.043865952640771866 0.0011812722368631512
0.03868258558213711 0.0009692225903563667
0.04670517100021243 0.00123553084267769
0.04711580602452159 0.0012452846640371718
0.04419515607878566 0.0011833237076643854
0.04190384317189455 0.0011018037184840068
0.044339776737615466 0.0011906419676961377
0.04455058928579092 0.0011969662227784283
0.03905756841413677 0.0009787180042621912
0.04372523189522326 0.001171609117591288
0.040320063242688775 0.0010634196878527291
0.043406721437349916 0.0011685594072332606
0.04439015523530543 0.001193728414364159
0.04426632379181683 0.0011878498771693558
0.04066144349053502 0.0010827671794686466
0.045726674143224955 0.0012197846008348279
0.04404240311123431 0.0011827707421616651
0.04036494833417237 0.001064321506419219
0.04036494833417237 0.001064321506419219
0.044224694138392806 0.0011848992871819064
0.04047962836921215 0.0010767930070869625
0.04466159571893513 0.0012054643884766847
0.03954024380072951 0.001039935857988894
0.03954024380072951 0.001039935857988894
0.040663916850462556 0.0010844209245988168
0.04172170488163829 0.0010933482844848186
0.041963670402765274 0.0011040187964681536
0.045126809971407056 0.001207407702167984
0.044282500399276614 0.0011888637236552313
0.04449359746649861 0.0011951291235163808
0.04454013402573764 0.0011962604548898526
0.039126035291701555 0.0009867897751973942
0.047609863337129354 0.001252771595318336
0.04552632919512689 0.0012184448933112435
0.042738309828564525 0.0011138497793581337
0.04278152878396213 0.0011146303804707713
0.046037498163059354 0.0012266791745787486
0.043745885137468576 0.0011752643549698405
0.04295993153937161 0.0011151184153277427
0.03830867260694504 0.0008671204709571612
0.04038073471747339 0.001064361109456513
0.04417368583381176 0.0011828410570160486
0.03942594863474369 0.001036121728247963
0.03910179832018912 0.0009867883691185853
0.0391587985213846 0.0009918582563841483
0.04043997963890433 0.001070319427526556
0.043847203720360994 0.0011807267073891126
0.04384582652710378 0.0011767079195124097
0.039563381811603904 0.0010430409383843653
0.039722861954942346 0.001045250057359226
0.042637360747903585 0.0011133448133477941
0.046664321795105934 0.0012305559575906955
0.044346366077661514 0.0011914717833860777
0.043684192933142185 0.0011716041917679831
0.03902231506071985 0.0009769382213562494
0.04366402165032923 0.001169710187241435
0.043727368814870715 0.0011732511120499112
0.04045411106199026 0.0010714013042161241
0.04532036557793617 0.0012134461794630624
0.045447626151144505 0.0012171901980764233
