0.00193500387677
0.00137001604871
0.0013329200187
0.00198015356145
0.00189583465652
0.00200434376705
0.00175357937187
0.00171290513475
0.00178961804248
0.00153234207652
0.00102499088402
0.00139773771376
0.00164332580699
0.00140065525892
0.00177793561712
0.00162988304277
0.00161017085226
0.0022374556505
0.00188250277989
0.00224310391717
0.00184965386543
0.00241959738459
0.000693269803254
0.00203690035601
0.00166907700703
0.000966109125619
0.00201030670243
0.00119252322617
0.00148800810948
0.00166005992915
