0.05224437266588211 0.0011708121746778488
0.05224437266588211 0.0011708121746778488
0.05224437266588211 0.0011708121746778488
0.05224437266588211 0.0011708121746778488
0.05224437266588211 0.0011708121746778488
0.05224437266588211 0.0011708121746778488
0.05224437266588211 0.0011708121746778488
0.05224437266588211 0.0011708121746778488
0.05224437266588211 0.0011708121746778488
0.05224437266588211 0.0011708121746778488
0.05224437266588211 0.0011708121746778488
0.05224437266588211 0.0011708121746778488
0.05224437266588211 0.0011708121746778488
0.05224437266588211 0.0011708121746778488
0.05224437266588211 0.0011708121746778488
0.05224437266588211 0.0011708121746778488
0.05224437266588211 0.0011708121746778488
0.05224437266588211 0.0011708121746778488
0.05224437266588211 0.0011708121746778488
0.05224437266588211 0.0011708121746778488
0.05224437266588211 0.0011708121746778488
0.04514497780473903 0.0011607915157583193
0.04514497780473903 0.0011607915157583193
0.04514497780473903 0.0011607915157583193
0.04514497780473903 0.0011607915157583193
0.04514497780473903 0.0011607915157583193
0.04514497780473903 0.0011607915157583193
0.04514497780473903 0.0011607915157583193
0.04514497780473903 0.0011607915157583193
0.04514497780473903 0.0011607915157583193
0.04514497780473903 0.0011607915157583193
0.04514497780473903 0.0011607915157583193
0.04514497780473903 0.0011607915157583193
0.04514497780473903 0.0011607915157583193
0.04514497780473903 0.0011607915157583193
0.04514497780473903 0.0011607915157583193
0.04514497780473903 0.0011607915157583193
0.04514497780473903 0.0011607915157583193
0.04514497780473903 0.0011607915157583193
0.04514497780473903 0.0011607915157583193
0.04514497780473903 0.0011607915157583193
0.04514497780473903 0.0011607915157583193
0.04514497780473903 0.0011607915157583193
0.04514497780473903 0.0011607915157583193
0.04514497780473903 0.0011607915157583193
0.04514497780473903 0.0011607915157583193
0.04514497780473903 0.0011607915157583193
0.04514497780473903 0.0011607915157583193
0.043343160883523524 0.0011090727675764356
0.042174571310169995 0.0010754716577139334
0.042201516567729414 0.0010763029886220465
0.04384484014008194 0.0011235841611778596
0.04359214089345187 0.0011165858686581487
0.043578692071605474 0.0011161835263919784
0.04387297632638365 0.001124433139921166
0.04109506483655423 0.001043583320097241
0.04375829466152936 0.0011211626879230607
0.04381294432096183 0.0011227090144529939
0.04218970623333007 0.0010759712886283523
0.044750004075467587 0.0011495390444906661
0.043594328861217946 0.001116639435167599
0.042292148049455136 0.0010789076104629203
0.043555793759878725 0.0011155171632708516
0.04218259296612814 0.0010757470909084077
0.04324821423506364 0.001106344410800375
0.0422479982371442 0.00107763289452123
0.04183395684231073 0.001065423810359789
0.04223295167321339 0.0010772046271085856
0.04179770650807768 0.00106434172266745
0.042217861977405846 0.0010767713929453748
0.042251251346897334 0.0010777262668852927
0.043566453037783504 0.0011158320576214464
0.04223360982723534 0.001077227297173522
0.04326020530425012 0.001106689816879225
0.04370506381383166 0.0011197827843716368
0.043909614614676684 0.0011253704569753609
0.043595965253189206 0.0011167008551637991
0.043601088458672166 0.0011168422479386209
0.04375887307105586 0.001121180262089183
0.042086555738933384 0.001072872902113886
0.04179174645105377 0.0010642102779456764
0.04307980608427897 0.0011026458105334314
0.043677925190422684 0.001118889483223029
0.04154015117092058 0.001056128304298909
0.04123158153379336 0.0010476193638169207
0.04374845587881282 0.0011208718806301476
0.042203456396237016 0.0010763619238787214
0.04179262829711661 0.0010642210827427334
0.04384919081348926 0.001123719714996696
0.04374617041321471 0.0011207979514438193
0.04361793206771836 0.0011173294678883394
0.042211722524371 0.0010765955476017552
0.04225461289752275 0.0010778250607472728
0.04373772779945284 0.0011205606951989466
0.043756448198109865 0.0011211058572371257
0.04179347265744582 0.0010642505294526927
0.04373622336424887 0.0011205218825125485
0.042210755054838955 0.0010765744673335575
0.043734313920140266 0.001120436721976148
0.04212093207752332 0.0010739115004980704
0.04355935729108751 0.0011156102000313695
0.04392555938102305 0.0011258386839472223
0.04224314686143771 0.0010774932352433098
0.04333312186645344 0.0011082944170084374
0.04195657547097653 0.0010690357303246856
0.043773137440439314 0.0011217424926144304
0.042178674950264394 0.0010756212122942088
0.042186333041172475 0.0010758641128632007
0.04356013360666111 0.0011156372465848108
0.04360691230976954 0.0011170098778165993
0.04375205410178751 0.0011209779222554062
0.041955035529099405 0.0010690048256947193
0.0436078462516889 0.0011170362558914348
0.042198849958367646 0.0010762293049992877
0.04148785647703335 0.0010551963778198115
0.04357907234225422 0.0011162094542669365
0.042274643667042255 0.0010783997549879132
0.04333040735218674 0.0011082192181675055
0.040935811412055045 0.001038238431647187
0.04183703754097223 0.0010655379237505258
0.042244164273142815 0.0010775254004329327
0.04223006131360307 0.0010771277420644765
0.04359457123791799 0.0011166575995957828
0.042250984988640994 0.0010777227944345213
0.042215504916384816 0.0010767031189971021
0.04218811827013269 0.001075912989108474
0.04361926973797381 0.0011173675711688702
0.043603543599601835 0.001116915012971731
0.04179462569300085 0.0010642767747413018
0.041794423828832805 0.001064274179043423
0.043720393208786845 0.001120009368605679
0.043889219348784536 0.0011250135457885335
0.041798877296969295 0.0010644181938914699
0.04221314220922068 0.0010766379200504161
0.04356923158047721 0.001115907712119224
0.04154039244167507 0.0010561283970673685
0.043652556370943785 0.0011181907457284979
0.04359754658071324 0.0011167428638145793
0.04514497780473903 0.0011607915157583193
0.04375160805648193 0.0011209625236006104
0.04359773767646402 0.0011167499060320552
0.04474669089540839 0.0011493954589241184
0.043592237343546 0.0011165874802827602
0.04358990344917402 0.0011165147288920707
0.04508983017876744 0.0011592213877520408
0.04350622522179037 0.001113075527428009
0.042188930383417755 0.001075942878742353
0.0439276029355824 0.0011258973509029602
0.0438927088980563 0.0011251369396632072
0.04222901602042839 0.0010770949857032974
0.04179520468460396 0.001064300408870622
0.04360050801187754 0.0011168239543621894
0.042234548658598214 0.0010772519581223605
0.040738373354543 0.0010324005374968692
0.04222192370798439 0.0010768906231533037
0.04356971854576841 0.0011159264568050276
0.04372849815990776 0.0011202676196262473
0.0421779272146523 0.0010756205992947798
0.04393064422765747 0.0011259898901698762
0.04514497780473903 0.0011607915157583193
0.042176235758233815 0.0010755726034403779
0.0437588183558546 0.0011211772380192997
0.04357084940420464 0.0011159578016304295
0.043577303586062044 0.001116152533541026
0.04225064208731055 0.001077712838196021
0.04050823085708544 0.0009866512345979572
0.04359098902205005 0.0011165523992531234
0.04221219284227118 0.0010766175355456653
0.04360029654344544 0.0011168214541612542
0.043341842596419156 0.0011090308371421997
0.04220727679785341 0.0010764699763967656
0.04358958103694022 0.001116505282880098
0.04220911260927096 0.0010765282431748346
0.04173696832731366 0.0010624474543874385
0.04360007110517472 0.0011168062328579254
0.04374363168608397 0.0011207211455257493
0.04224943125154823 0.0010776798098959262
0.04295878659468144 0.001097169357308303
0.04425123170949519 0.0011351617749824072
0.04154215246671811 0.0010561712801973044
0.04372995032463223 0.001120311197155388
0.042237620160449296 0.0010773365002023638
0.04374304652446881 0.0011206995968677802
0.040507424040697515 0.0009866482241704944
0.04400992899900302 0.0011284567053735373
0.042205334291793406 0.001076414348972321
0.043742170033510774 0.0011206855815544259
0.03936161915771663 0.0009229984261764912
0.043580146331805736 0.001116228543651232
0.04374837240902707 0.0011208683217773796
0.04340028401929885 0.0011102047501481138
0.04375589720439166 0.001121086518651282
0.043945635319687426 0.0011264215618211892
0.042247007542755455 0.001077608624655113
0.043561468133702874 0.0011156793043483049
0.04354673280613497 0.0011152454508192022
0.043753340491093695 0.0011210151724299067
0.04225013212999329 0.0010776956587505993
0.041989761870354414 0.0010700277643991285
0.04514497780473903 0.0011607915157583193
0.044725263491272926 0.0011488468935567653
0.042153947870247066 0.0010748992472144892
0.044827722827903926 0.001151758382547996
0.042098095698747784 0.0010732385999290273
0.04220470448490232 0.0010763949549073004
0.04340136126847938 0.0011107825062026677
0.04223719850415364 0.0010773282065201784
0.042231515457388014 0.0010771688848763006
0.042203228163998574 0.0010763531136035454
0.04363119637127966 0.0011176748703292105
0.04357081139460206 0.0011159554142068373
0.043737625412177294 0.0011205470127606532
0.043726894131395966 0.0011202022888028296
0.04458078229799867 0.0011438178562457324
0.04356258030747995 0.0011157110029671458
0.04189274139935151 0.0010668679142327164
0.041691972117405385 0.0010610015406200546
0.04373195633525029 0.0011203699423276703
0.04221934673842043 0.0010768111797005986
0.04224117402918637 0.0010774415222840616
0.043856981152202934 0.0011239489231229527
0.0420775351813063 0.001072611716153915
0.043849017994944006 0.0011237064809392905
0.04391578433569521 0.0011255546760366997
0.0422464304137975 0.0010776003073260654
0.04360441165044904 0.001116935161917354
0.043575003277510405 0.0011160765761815128
0.04359015205409378 0.0011165233145220554
0.041434579994529486 0.001051724850640312
0.043748277064878494 0.0011208642363271792
0.04246231261640787 0.001082555241737282
0.042208813480101526 0.0010765080278360983
0.044141113001387566 0.0011320827434246894
0.03935648815240711 0.0009228629414792522
0.04179377283435315 0.001064254950506438
0.04375305463327095 0.0011210147531528492
0.04514497780473903 0.0011607915157583193
0.0422199183376506 0.0010768383981485385
0.043584062543231994 0.0011163558046973776
0.04218109551584348 0.0010757112950159353
0.04121805488830432 0.0010472124977241037
0.038326028909068555 0.00046054053063926403
0.04333154496271163 0.0011082411456300179
0.04360711498884484 0.001117019689445442
0.04498538246843964 0.0011562486670300132
0.042289196338970214 0.0010788181143652764
0.04489112505689263 0.0011535331013874384
0.04367278696736321 0.0011187480022272211
0.04332886962220073 0.0011081571556132985
0.04361370985861868 0.0011172059166710824
0.04210705409059301 0.0010734780416896683
0.04303783504292369 0.0011003023328157724
0.04179274424677715 0.0010642338875186397
0.04394065937958658 0.0011262832331340178
0.04224259505281225 0.001077478196748416
0.042238029185682535 0.0010773542107926914
0.043748360651079565 0.0011208677915419685
0.042218015471007675 0.0010767860558189568
0.04354357876582071 0.001115147932068794
0.04361577279632911 0.0011172672184329713
0.043859683675691485 0.0011240304593229666
0.044265161734074354 0.0011357404046066222
0.04222923523047939 0.0010771086381282657
0.043587703723460436 0.0011164532779730507
0.04154380882391706 0.0010562106813267746
0.04223954462213442 0.0010773958665595273
0.04222335189115256 0.0010769339314720128
0.041877687559463084 0.0010667156948329648
0.0422603715560399 0.0010779903022921644
0.04220657562837005 0.0010764519520307658
0.043601751793175936 0.0011168580440426013
0.04509181866887957 0.0011592655937420204
0.04096331453183666 0.0010396879724794417
0.04304587922524661 0.0011005512560586794
0.04374611267121509 0.0011207941561224288
0.04223204159643501 0.0010771787510748254
0.0422037550015375 0.001076365789231204
0.04372374096419662 0.001120115142839495
0.04179735766956583 0.0010643319765222259
0.043742473353631794 0.0011206897861484322
0.041542667138855904 0.0010561865051386121
0.04359328094869852 0.0011166095036969637
0.043878368160221726 0.0011245074501857744
0.03948815108742565 0.0009640354919611127
0.04357566963881254 0.0011160980584463687
0.04224926553433761 0.0010776690869533923
0.04361361265182495 0.001117202987188648
0.041952169907744974 0.0010682914953576983
0.042241340153850615 0.0010774419415611192
0.04392562824068591 0.001125843884437927
0.042252650135196745 0.0010777707493616617
0.04165637999540195 0.0010599526031001005
0.04514497780473903 0.0011607915157583193
0.04220178409013897 0.0010763151567516616
0.043749665608629584 0.0011209043550479691
0.043568428489379585 0.0011158858806084027
0.04514497780473903 0.0011607915157583193
0.04360255569918081 0.0011168805258421344
0.041542743565514684 0.0010561886106188467
0.0439001286868006 0.001125347297602275
0.042183700017631054 0.0010757975878732395
0.04373914812458679 0.0011205975224584108
0.04375196306500584 0.0011209726108063478
0.04514497780473903 0.0011607915157583193
0.04360717232339084 0.0011170205852977233
0.043735804210882634 0.0011204860666111927
0.04514497780473903 0.0011607915157583193
0.04333893896546215 0.0011084581374234403
0.04221235809382051 0.0010766323221105267
0.04354804352624342 0.0011152839724672958
0.04226080805528909 0.0010779988906506333
0.04357218201039359 0.001116010287660174
0.04224081232678145 0.0010774253860290628
0.041794103861320764 0.0010642658098731772
0.04357525910018012 0.00111608826500742
0.04219353460939601 0.001076072953765106
0.04222969070542604 0.0010771241431939416
0.04514497780473903 0.0011607915157583193
0.042262060451321304 0.0010780389056890272
0.04514497780473903 0.0011607915157583193
0.043746732466388494 0.0011208129899387131
0.04514497780473903 0.0011607915157583193
0.04514497780473903 0.0011607915157583193
0.042234061867929995 0.00107723747350974
0.04228040261659771 0.0010785649856188684
0.04385648062452674 0.0011239319283049554
0.0422100555151701 0.0010765610468297382
0.04514497780473903 0.0011607915157583193
0.042197348608169705 0.0010761814128272817
0.04514497780473903 0.0011607915157583193
0.04222386481706053 0.0010769494792839396
0.04514497780473903 0.0011607915157583193
0.04357606085250154 0.001116115184231603
0.043884889979381114 0.0011246591366216308
0.04207509837578982 0.0010725415440901997
0.043573700822889805 0.0011160495405420079
0.04221136821433902 0.0010765848965093028
0.043733103084377944 0.0011204230277144234
0.04190456762444228 0.0010674238001229241
0.03948418900836259 0.0009639912505008397
0.04222078714519739 0.0010768663205453777
0.04363795090466738 0.001117913155212591
0.04215029260376468 0.0010748249524112907
0.04222050221869722 0.0010768477341116522
0.04385878436733037 0.0011240058174735168
0.04203021596185863 0.0010705676631914685
0.04221003380371258 0.0010765459501271835
0.043759575695730746 0.0011212011204406735
0.04224046791205183 0.001077413766324753
0.041791702329646796 0.0010642019697115757
0.04222059668973088 0.0010768492256829632
0.042225045210216194 0.0010769810323836282
0.04358803026843816 0.0011164722563989926
0.04357212269678712 0.0011160014946653973
0.045066584076266736 0.0011585580778046278
0.04220263316528872 0.0010763366562969168
0.0433398699387908 0.0011084892794315238
0.04375060321763158 0.0011209250069441623
0.043627307983115315 0.0011176029247508268
0.04223617725074291 0.0010772862051453558
0.04358893178869039 0.0011164968591401703
0.04360145051032305 0.0011168475521117216
0.04216353548690677 0.00107520514211501
0.04353968077339232 0.0011150358850500197
0.04220825381344184 0.0010764963963083574
0.043584731698501855 0.0011163618373757345
0.041541227721609175 0.0010561558283370687
0.043594361224677414 0.00111664560790814
0.04360026650829241 0.0011168170121891308
0.0435219828505069 0.0011146446013299283
0.04358891164883971 0.0011164790603288566
0.042198782262858 0.0010762247657112312
0.04218806349672377 0.0010759101423900574
0.04333381587639451 0.00110831014580981
0.043289494642522186 0.0011077274166382267
0.042257731256540865 0.0010779143976833439
0.0422531493823044 0.0010777872194012161
0.04372242372483015 0.0011200892558917985
0.04333278292324394 0.0011082801775046391
0.042219816881697625 0.0010768289193947567
0.042242985509801656 0.0010774871661851648
0.043557154247537255 0.0011155533302371623
0.043570532638113946 0.0011159532577948994
0.0435732149053365 0.0011160252852278063
0.04357527586398646 0.0011160969488628325
0.04332556272856891 0.0011080667495662055
0.04374571342486888 0.0011207904753973708
0.04154284100513905 0.001056193253134552
0.042254830652382225 0.0010778337964438833
0.04356808390002698 0.0011158769875692087
0.04226296383421868 0.0010780594448078773
0.04357776080723852 0.0011161550510223606
0.042202100332360715 0.0010763247546492494
0.043613788671791553 0.0011172173653903883
0.04361507453722879 0.0011172471504323767
0.04483538487693295 0.0011519052159201237
0.042504848912358284 0.00108477755838976
0.04225580778438598 0.001077863345926744
0.043734712176956236 0.0011204601978533901
0.043611884757410735 0.0011171544874741812
0.04225162597140297 0.0010777346878967364
0.04514497780473903 0.0011607915157583193
0.04224922362482175 0.0010776681128845667
0.04179686587303877 0.0010643266296028742
0.04190767661202699 0.0010676067158783553
0.04224981158040464 0.0010776894760056166
0.04514497780473903 0.0011607915157583193
0.04514497780473903 0.0011607915157583193
0.04224737879121676 0.0010776161898320424
0.0428955351235345 0.0010945505641757336
0.043567194836214185 0.0011158554598296178
0.0422675350564532 0.0010781910223158775
0.04226663103327155 0.001078169791981054
0.04219276725780219 0.0010760560353446635
0.044080139021389186 0.001129560516346828
0.04369509586831555 0.00111937160272646
0.04466981888981536 0.0011472250253063976
0.04514497780473903 0.0011607915157583193
0.041182553744874895 0.0010460950170454453
0.03946904989425093 0.0009638209457989433
0.042228847509250045 0.0010770854605652858
0.04385602934053168 0.0011239188224863028
0.04514497780473903 0.0011607915157583193
0.04408913035877049 0.0011305264224574785
0.043847852502949536 0.001123687504332338
0.04514497780473903 0.0011607915157583193
0.04361160675762221 0.0011171511814609403
0.04514497780473903 0.0011607915157583193
0.045075211848597974 0.0011588055867832736
0.04373011097777635 0.0011203144258615794
0.043598247051704675 0.0011167543661940726
0.041451074939686805 0.0010534666266721615
0.04219981242204085 0.0010762562333184178
0.04294562025461346 0.0010970353041557246
0.04211821110220626 0.0010738449009295437
0.043757111474405974 0.0011211268465558533
0.04212350747548044 0.001073972735866846
0.04362343263346702 0.001117496066399326
0.042137865035329014 0.0010743889106379356
0.04357787809567526 0.0011161607480971725
0.04374260932672769 0.0011206993731320836
0.04367498436477035 0.0011188096277692239
0.04179717239458114 0.0010643288815117558
0.04216521873604506 0.0010752570051408838
0.043096276524011046 0.0011031782150894287
0.04360153217567131 0.001116851856750145
0.04358282033354044 0.0011163184371980606
0.043727631331421435 0.0011202372861589538
0.043550339876674116 0.0011153528803333757
0.04434749484062195 0.0011380674586689565
0.04223494976758957 0.0010772692412501783
0.04333715222310275 0.001108410133383586
0.04134313721442595 0.0010509174917388009
0.04358656919794157 0.0011164260031364392
0.04372918466106057 0.0011202955593034858
0.043742602167185396 0.0011206934505025856
0.043570304405875504 0.0011159382429468678
0.039521934057120234 0.0009677251891844207
0.043625404650811106 0.0011175537183589768
0.04217041999800131 0.0010753950582511607
0.043547477514948696 0.0011152690431117662
0.04359564947662875 0.0011166823951498372
0.044794539688155055 0.0011499023685246357
0.0435848354245536 0.0011163658791701891
0.04385976889170706 0.001124034547501651
0.04514497780473903 0.0011607915157583193
0.042218976421281695 0.001076806890523585
0.0422040787525475 0.001076377869139833
0.04514497780473903 0.0011607915157583193
0.0435872029629536 0.001116442731472489
0.041819311503786594 0.001065013407242077
0.0436041239881888 0.0011169275821885094
0.0438290485762991 0.0011234692829020787
0.04218899557599798 0.0010759498845800408
0.043427546974271536 0.0011130629736726405
0.042236353270709515 0.0010773023450383334
0.04336500016506761 0.001109212677420146
0.04360915144206956 0.0011170614043294336
0.0435631595319137 0.0011157293574797222
0.043564341962337494 0.001115767012379365
0.042207936581689864 0.001076490828381793
0.04219065932556987 0.001075989102901076
0.04355300252791494 0.0011154260191688081
0.04360178328352049 0.0011168613300469588
0.04370843223296106 0.001119801768254547
0.04298204358201474 0.0010976201247103745
0.04323163931258023 0.0011059610724259983
0.04223631019704044 0.0010772992245620117
0.042627347516827285 0.0010881795706154662
0.04220302280737087 0.0010763446571218083
0.04218311619479209 0.001075771651812829
0.0415430594002828 0.0010561952549323905
0.04225249873707071 0.0010777614634207566
0.04442040534922853 0.0011399950244594947
0.04221677657915279 0.0010767422700155294
0.04300830146530643 0.001099501789212809
0.04220605187583715 0.0010764323578769108
0.043749601929448545 0.0011209015819986234
