0.000397370623593
0.000589570763007
0.000334368707432
0.000371039298821
0.000271817070166
0.000359206012487
0.000552947432409
0.000312328482141
0.000412109948881
0.000370386348949
0.000433758007261
0.000428668056766
0.000421733429749
0.000578909067792
0.000590704995526
0.000407516564614
0.000483271924793
0.000383452979894
0.000352780551973
0.000379461877482
0.000342953718495
0.000394631410663
0.000345041281051
0.000610670397235
0.000594506938995
0.000379356399981
0.000323828293228
0.000437908216051
0.000391161632532
0.000534426753374
