0.047467194 0.0012509853
0.040186334 0.0010624062
0.040663917 0.001084421
0.044661596 0.0012054644
0.03881034 0.0009745269
0.040672436 0.0010850672
0.040673576 0.0010858581
0.046590157 0.0012391054
0.046887018 0.0012426213
0.04183634 0.0011035941
0.04320348 0.0011610352
0.04318182 0.0011596489
0.03894568 0.0009812467
0.043319173 0.0011672252
0.046984505 0.001245042
0.04706678 0.0012462669
0.04086795 0.0010884787
0.038990695 0.0009845892
0.046328694 0.0012345463
0.03956217 0.0010477523
0.04414264 0.0011904171
0.04430962 0.0011914341
0.039000433 0.0009942928
0.043900307 0.0011851287
0.047502175 0.0012511766
0.042791497 0.0011501602
0.039667305 0.0010514891
0.04321946 0.0011610468
0.039637327 0.0010507312
0.046519667 0.0012350852
0.03957802 0.0010497991
0.03906617 0.0009944979
0.03821508 0.0009037131
0.042824797 0.0011576791
0.043398093 0.0011690258
0.043460958 0.0011709206
0.04022851 0.0010642301
0.038234163 0.0009068147
0.040537663 0.0010842284
0.039513506 0.0010471456
0.04400413 0.001189706
0.03758403 0.00072461524
0.046128277 0.0012290684
0.048878282 0.001260981
0.045076616 0.0012136224
0.045076616 0.0012136224
0.04377443 0.0011823974
0.0479609 0.001260405
0.04544311 0.0012244711
0.049197327 0.001262962
0.039408583 0.00103695
0.047513336 0.0012564076
0.045506757 0.0012274312
0.041908212 0.0011057215
0.046589267 0.0012352056
0.041825563 0.0011031973
0.040069457 0.001057945
0.04542003 0.0012173392
0.040672436 0.0010846148
0.0415886 0.001097579
0.04197179 0.0011112972
0.04506971 0.0012119354
0.044384334 0.001198488
0.044585746 0.0012039279
0.04009122 0.0010608941
0.043269645 0.0011626411
0.046873916 0.0012420823
0.04173948 0.0011017682
0.040328585 0.0010810441
0.043873463 0.0011845726
0.044345237 0.0011921264
0.038181204 0.00089949893
0.04421646 0.0011911368
0.037914295 0.00082304963
0.04279698 0.0011544975
0.038095478 0.0008958246
0.03894338 0.00098074
0.038854312 0.0009803863
0.038187373 0.0008999518
0.039471906 0.0010434482
0.043697692 0.0011784094
0.04176782 0.0011028361
0.04450437 0.0012008483
0.0432995 0.0011628214
0.04066876 0.0010844361
0.044702664 0.0012094554
0.039639104 0.0010511727
0.03947848 0.0010469304
0.038450565 0.0009626206
0.042633552 0.0011234767
0.03882088 0.0009770251
0.038968235 0.0009814809
0.038211986 0.0009019707
0.039366692 0.0010368656
0.043546785 0.0011736666
0.045227863 0.0012143835
0.04343745 0.0011707664
0.043628514 0.0011777235
0.03942198 0.0010426509
0.039608825 0.0010502164
0.0443772 0.0011937105
0.04527891 0.0012158
0.04386554 0.0011830144
0.04448392 0.0012004076
0.046850443 0.001240041
0.04025713 0.0010799029
0.04194538 0.0011081044
0.04453744 0.0012024894
0.043539554 0.0011725276
0.03998079 0.0010539313
0.039075986 0.0009985715
0.04732324 0.0012505188
0.04372607 0.0011789557
0.04076349 0.0010882042
0.040497426 0.0010838306
0.038655512 0.00097418024
0.04023467 0.0010645201
0.042390484 0.00111325
0.03943061 0.0010433609
0.03809453 0.0008282242
0.038989123 0.0009822579
0.03826788 0.00091015885
0.043857258 0.0011827674
0.04147125 0.0010936651
0.04200458 0.0011128271
0.042494554 0.0011164921
0.038996637 0.0009917975
0.038996637 0.0009917975
0.039416447 0.0010390776
0.042583007 0.0011166012
0.044346455 0.0011927122
0.038268767 0.000917268
0.039314732 0.0010337484
0.0389749 0.0009819815
0.040250495 0.0010679299
0.04406762 0.0011903198
0.043037362 0.0011584345
