0.03127591039948981 0.0005935952835916695
0.03127591039948981 0.0005935952835916695
0.03127591039948981 0.0005935952835916695
0.03127591039948981 0.0005935952835916695
0.03322193819289289 0.0008408048931248429
0.03322193819289289 0.0008408048931248429
0.03322193819289289 0.0008408048931248429
0.033221938192892896 0.0008408048931248429
0.033221938192892896 0.0008408048931248429
0.033221938192892896 0.0008408048931248429
0.033221938192892896 0.0008408048931248429
0.033221938192892896 0.0008408048931248429
0.033221938192892896 0.0008408048931248429
0.033221938192892896 0.0008408048931248429
0.033221938192892896 0.0008408048931248429
0.033221938192892896 0.0008408048931248429
0.033221938192892896 0.0008408048931248429
0.033221938192892896 0.0008408048931248429
0.033221938192892896 0.0008408048931248429
0.033221938192892896 0.0008408048931248429
0.033221938192892896 0.0008408048931248429
0.033221938192892896 0.0008408048931248429
0.033221938192892896 0.0008408048931248429
0.033221938192892896 0.0008408048931248429
0.033221938192892896 0.0008408048931248429
0.033221938192892896 0.0008408048931248429
0.033221938192892896 0.0008408048931248429
0.033221938192892896 0.0008408048931248429
0.033221938192892896 0.0008408048931248429
0.033221938192892896 0.0008408048931248429
0.033221938192892896 0.0008408048931248429
0.033221938192892896 0.0008408048931248429
0.033221938192892896 0.0008408048931248429
0.033221938192892896 0.0008408048931248429
0.033221938192892896 0.0008408048931248429
0.033221938192892896 0.0008408048931248429
0.033221938192892896 0.0008408048931248429
0.033221938192892896 0.0008408048931248429
0.033221938192892896 0.0008408048931248429
0.033221938192892896 0.0008408048931248429
0.033221938192892896 0.0008408048931248429
0.033221938192892896 0.0008408048931248429
0.033221938192892896 0.0008408048931248429
0.033221938192892896 0.0008408048931248429
0.033221938192892896 0.0008408048931248429
0.033221938192892896 0.0008408048931248429
0.033221938192892896 0.0008408048931248429
0.033221938192892896 0.0008408048931248429
0.033221938192892896 0.0008408048931248429
0.033221938192892896 0.0008408048931248429
0.033221938192892896 0.0008408048931248429
0.033221938192892896 0.0008408048931248429
0.033221938192892896 0.0008408048931248429
0.033221938192892896 0.0008408048931248429
0.033221938192892896 0.0008408048931248429
0.033221938192892896 0.0008408048931248429
0.033221938192892896 0.0008408048931248429
0.033221938192892896 0.0008408048931248429
0.033221938192892896 0.0008408048931248429
0.033221938192892896 0.0008408048931248429
0.033221938192892896 0.0008408048931248429
0.033221938192892896 0.0008408048931248429
0.033221938192892896 0.0008408048931248429
0.033221938192892896 0.0008408048931248429
0.033221938192892896 0.0008408048931248429
0.033221938192892896 0.0008408048931248429
0.033221938192892896 0.0008408048931248429
0.033221938192892896 0.0008408048931248429
0.033221938192892896 0.0008408048931248429
0.033221938192892896 0.0008408048931248429
0.033221938192892896 0.0008408048931248429
0.033221938192892896 0.0008408048931248429
0.033221938192892896 0.0008408048931248429
0.033221938192892896 0.0008408048931248429
0.033221938192892896 0.0008408048931248429
0.033221938192892896 0.0008408048931248429
0.033221938192892896 0.0008408048931248429
0.033221938192892896 0.0008408048931248429
0.033221938192892896 0.0008408048931248429
0.033221938192892896 0.0008408048931248429
0.033221938192892896 0.0008408048931248429
0.033221938192892896 0.0008408048931248429
0.033221938192892896 0.0008408048931248429
0.033221938192892896 0.0008408048931248429
0.033221938192892896 0.0008408048931248429
0.033221938192892896 0.0008408048931248429
0.033221938192892896 0.0008408048931248429
0.033221938192892896 0.0008408048931248429
0.033221938192892896 0.0008408048931248429
0.033221938192892896 0.0008408048931248429
0.033221938192892896 0.0008408048931248429
0.033221938192892896 0.0008408048931248429
0.033221938192892896 0.0008408048931248429
0.033221938192892896 0.0008408048931248429
0.033221938192892896 0.0008408048931248429
0.033221938192892896 0.0008408048931248429
0.033221938192892896 0.0008408048931248429
0.033221938192892896 0.0008408048931248429
0.033221938192892896 0.0008408048931248429
0.033221938192892896 0.0008408048931248429
0.033221938192892896 0.0008408048931248429
0.033221938192892896 0.0008408048931248429
0.033221938192892896 0.0008408048931248429
0.033221938192892896 0.0008408048931248429
0.033221938192892896 0.0008408048931248429
0.033221938192892896 0.0008408048931248429
0.033221938192892896 0.0008408048931248429
0.033221938192892896 0.0008408048931248429
0.033221938192892896 0.0008408048931248429
0.033221938192892896 0.0008408048931248429
0.033221938192892896 0.0008408048931248429
0.033221938192892896 0.0008408048931248429
0.033221938192892896 0.0008408048931248429
0.033221938192892896 0.0008408048931248429
0.033221938192892896 0.0008408048931248429
0.033221938192892896 0.0008408048931248429
0.033221938192892896 0.0008408048931248429
0.033221938192892896 0.0008408048931248429
0.033221938192892896 0.0008408048931248429
0.033221938192892896 0.0008408048931248429
0.033221938192892896 0.0008408048931248429
0.033221938192892896 0.0008408048931248429
0.033221938192892896 0.0008408048931248429
0.033221938192892896 0.0008408048931248429
0.033221938192892896 0.0008408048931248429
0.033221938192892896 0.0008408048931248429
0.033221938192892896 0.0008408048931248429
0.033221938192892896 0.0008408048931248429
0.033221938192892896 0.0008408048931248429
0.033221938192892896 0.0008408048931248429
0.033221938192892896 0.0008408048931248429
0.033221938192892896 0.0008408048931248429
0.033221938192892896 0.0008408048931248429
0.033221938192892896 0.0008408048931248429
0.033221938192892896 0.0008408048931248429
0.033221938192892896 0.0008408048931248429
0.033221938192892896 0.0008408048931248429
0.033221938192892896 0.0008408048931248429
0.033221938192892896 0.0008408048931248429
0.033221938192892896 0.0008408048931248429
0.033221938192892896 0.0008408048931248429
0.033221938192892896 0.0008408048931248429
0.033221938192892896 0.0008408048931248429
0.033221938192892896 0.0008408048931248429
0.033221938192892896 0.0008408048931248429
0.033221938192892896 0.0008408048931248429
0.033221938192892896 0.0008408048931248429
0.033221938192892896 0.0008408048931248429
0.033221938192892896 0.0008408048931248429
0.033221938192892896 0.0008408048931248429
0.033221938192892896 0.0008408048931248429
0.033221938192892896 0.0008408048931248429
0.033221938192892896 0.0008408048931248429
0.033221938192892896 0.0008408048931248429
0.033221938192892896 0.0008408048931248429
0.033221938192892896 0.0008408048931248429
0.033221938192892896 0.0008408048931248429
0.033221938192892896 0.0008408048931248429
0.033221938192892896 0.0008408048931248429
0.033221938192892896 0.0008408048931248429
0.033221938192892896 0.0008408048931248429
0.033221938192892896 0.0008408048931248429
0.033221938192892896 0.0008408048931248429
0.033221938192892896 0.0008408048931248429
0.033221938192892896 0.0008408048931248429
0.033221938192892896 0.0008408048931248429
0.033221938192892896 0.0008408048931248429
0.033221938192892896 0.0008408048931248429
0.033221938192892896 0.0008408048931248429
0.033221938192892896 0.0008408048931248429
0.033221938192892896 0.0008408048931248429
0.033221938192892896 0.0008408048931248429
0.033221938192892896 0.0008408048931248429
0.033221938192892896 0.0008408048931248429
0.033221938192892896 0.0008408048931248429
0.033221938192892896 0.0008408048931248429
0.033221938192892896 0.0008408048931248429
0.033221938192892896 0.0008408048931248429
0.033221938192892896 0.0008408048931248429
0.033221938192892896 0.0008408048931248429
0.033221938192892896 0.0008408048931248429
0.033221938192892896 0.0008408048931248429
0.033221938192892896 0.0008408048931248429
0.033221938192892896 0.0008408048931248429
0.033221938192892896 0.0008408048931248429
0.033221938192892896 0.0008408048931248429
0.033221938192892896 0.0008408048931248429
0.033221938192892896 0.0008408048931248429
0.033221938192892896 0.0008408048931248429
0.033221938192892896 0.0008408048931248429
0.033221938192892896 0.0008408048931248429
0.033221938192892896 0.0008408048931248429
0.033221938192892896 0.0008408048931248429
0.033221938192892896 0.0008408048931248429
0.033221938192892896 0.0008408048931248429
0.033221938192892896 0.0008408048931248429
0.033221938192892896 0.0008408048931248429
0.033221938192892896 0.0008408048931248429
0.033221938192892896 0.0008408048931248429
0.033221938192892896 0.0008408048931248429
0.033221938192892896 0.0008408048931248429
0.033221938192892896 0.0008408048931248429
0.033221938192892896 0.0008408048931248429
0.033221938192892896 0.0008408048931248429
0.033221938192892896 0.0008408048931248429
0.033221938192892896 0.0008408048931248429
0.033221938192892896 0.0008408048931248429
0.033221938192892896 0.0008408048931248429
0.033221938192892896 0.0008408048931248429
0.033221938192892896 0.0008408048931248429
0.033221938192892896 0.0008408048931248429
0.033221938192892896 0.0008408048931248429
0.033221938192892896 0.0008408048931248429
0.033221938192892896 0.0008408048931248429
0.033221938192892896 0.0008408048931248429
0.033221938192892896 0.0008408048931248429
0.033221938192892896 0.0008408048931248429
0.033221938192892896 0.0008408048931248429
0.033221938192892896 0.0008408048931248429
0.033221938192892896 0.0008408048931248429
0.033221938192892896 0.0008408048931248429
0.033221938192892896 0.0008408048931248429
0.033221938192892896 0.0008408048931248429
0.033221938192892896 0.0008408048931248429
0.033221938192892896 0.0008408048931248429
0.033221938192892896 0.0008408048931248429
0.033221938192892896 0.0008408048931248429
0.033221938192892896 0.0008408048931248429
0.033221938192892896 0.0008408048931248429
0.033221938192892896 0.0008408048931248429
0.033221938192892896 0.0008408048931248429
0.033221938192892896 0.0008408048931248429
0.033221938192892896 0.0008408048931248429
0.033221938192892896 0.0008408048931248429
0.033221938192892896 0.0008408048931248429
0.033221938192892896 0.0008408048931248429
0.033221938192892896 0.0008408048931248429
0.033221938192892896 0.0008408048931248429
0.033221938192892896 0.0008408048931248429
0.033221938192892896 0.0008408048931248429
0.033221938192892896 0.0008408048931248429
0.033221938192892896 0.0008408048931248429
0.033221938192892896 0.0008408048931248429
0.033221938192892896 0.0008408048931248429
0.033221938192892896 0.0008408048931248429
0.033221938192892896 0.0008408048931248429
0.033221938192892896 0.0008408048931248429
0.033221938192892896 0.0008408048931248429
0.033221938192892896 0.0008408048931248429
0.033221938192892896 0.0008408048931248429
0.033221938192892896 0.0008408048931248429
0.033221938192892896 0.0008408048931248429
0.033221938192892896 0.0008408048931248429
0.033221938192892896 0.0008408048931248429
0.033221938192892896 0.0008408048931248429
0.033221938192892896 0.0008408048931248429
0.033221938192892896 0.0008408048931248429
0.033221938192892896 0.0008408048931248429
0.033221938192892896 0.0008408048931248429
0.033221938192892896 0.0008408048931248429
0.033221938192892896 0.0008408048931248429
0.033221938192892896 0.0008408048931248429
0.033221938192892896 0.0008408048931248429
0.033221938192892896 0.0008408048931248429
0.033221938192892896 0.0008408048931248429
0.033221938192892896 0.0008408048931248429
0.033221938192892896 0.0008408048931248429
0.033221938192892896 0.0008408048931248429
0.033221938192892896 0.0008408048931248429
0.033221938192892896 0.0008408048931248429
0.033221938192892896 0.0008408048931248429
0.033221938192892896 0.0008408048931248429
0.033221938192892896 0.0008408048931248429
0.033221938192892896 0.0008408048931248429
0.033221938192892896 0.0008408048931248429
0.033221938192892896 0.0008408048931248429
0.033221938192892896 0.0008408048931248429
0.033221938192892896 0.0008408048931248429
0.033221938192892896 0.0008408048931248429
0.033221938192892896 0.0008408048931248429
0.033221938192892896 0.0008408048931248429
0.033221938192892896 0.0008408048931248429
0.033221938192892896 0.0008408048931248429
0.033221938192892896 0.0008408048931248429
0.033221938192892896 0.0008408048931248429
0.033221938192892896 0.0008408048931248429
0.033221938192892896 0.0008408048931248429
0.033221938192892896 0.0008408048931248429
0.033221938192892896 0.0008408048931248429
0.033221938192892896 0.0008408048931248429
0.033221938192892896 0.0008408048931248429
0.033221938192892896 0.0008408048931248429
0.033221938192892896 0.0008408048931248429
0.033221938192892896 0.0008408048931248429
0.033221938192892896 0.0008408048931248429
0.033221938192892896 0.0008408048931248429
0.033221938192892896 0.0008408048931248429
0.033221938192892896 0.0008408048931248429
0.033221938192892896 0.0008408048931248429
0.033221938192892896 0.0008408048931248429
0.033221938192892896 0.0008408048931248429
0.033221938192892896 0.0008408048931248429
0.033221938192892896 0.0008408048931248429
0.033221938192892896 0.0008408048931248429
0.033221938192892896 0.0008408048931248429
0.033221938192892896 0.0008408048931248429
0.033221938192892896 0.0008408048931248429
0.033221938192892896 0.0008408048931248429
0.033221938192892896 0.0008408048931248429
0.033221938192892896 0.0008408048931248429
0.033221938192892896 0.0008408048931248429
0.033221938192892896 0.0008408048931248429
0.033221938192892896 0.0008408048931248429
0.033221938192892896 0.0008408048931248429
0.033221938192892896 0.0008408048931248429
0.033221938192892896 0.0008408048931248429
0.033221938192892896 0.0008408048931248429
0.033221938192892896 0.0008408048931248429
0.033221938192892896 0.0008408048931248429
0.033221938192892896 0.0008408048931248429
0.033221938192892896 0.0008408048931248429
0.033221938192892896 0.0008408048931248429
0.033221938192892896 0.0008408048931248429
0.033221938192892896 0.0008408048931248429
0.033221938192892896 0.0008408048931248429
0.033221938192892896 0.0008408048931248429
0.033221938192892896 0.0008408048931248429
0.033221938192892896 0.0008408048931248429
0.033221938192892896 0.0008408048931248429
0.033221938192892896 0.0008408048931248429
0.033221938192892896 0.0008408048931248429
0.033221938192892896 0.0008408048931248429
0.033221938192892896 0.0008408048931248429
0.033221938192892896 0.0008408048931248429
0.033221938192892896 0.0008408048931248429
0.033221938192892896 0.0008408048931248429
0.033221938192892896 0.0008408048931248429
0.033221938192892896 0.0008408048931248429
0.033221938192892896 0.0008408048931248429
0.033221938192892896 0.0008408048931248429
0.033221938192892896 0.0008408048931248429
0.033221938192892896 0.0008408048931248429
0.033221938192892896 0.0008408048931248429
0.033221938192892896 0.0008408048931248429
0.033221938192892896 0.0008408048931248429
0.033221938192892896 0.0008408048931248429
0.033221938192892896 0.0008408048931248429
0.033221938192892896 0.0008408048931248429
0.033221938192892896 0.0008408048931248429
0.033221938192892896 0.0008408048931248429
0.033221938192892896 0.0008408048931248429
0.033221938192892896 0.0008408048931248429
0.033221938192892896 0.0008408048931248429
0.033221938192892896 0.0008408048931248429
0.033221938192892896 0.0008408048931248429
0.033221938192892896 0.0008408048931248429
0.033221938192892896 0.0008408048931248429
0.033221938192892896 0.0008408048931248429
0.033221938192892896 0.0008408048931248429
0.033221938192892896 0.0008408048931248429
0.033221938192892896 0.0008408048931248429
0.033221938192892896 0.0008408048931248429
0.033221938192892896 0.0008408048931248429
0.033221938192892896 0.0008408048931248429
0.033221938192892896 0.0008408048931248429
0.033221938192892896 0.0008408048931248429
0.033221938192892896 0.0008408048931248429
0.033221938192892896 0.0008408048931248429
0.033221938192892896 0.0008408048931248429
0.033221938192892896 0.0008408048931248429
0.033221938192892896 0.0008408048931248429
0.033221938192892896 0.0008408048931248429
0.033221938192892896 0.0008408048931248429
0.033221938192892896 0.0008408048931248429
0.033221938192892896 0.0008408048931248429
0.033221938192892896 0.0008408048931248429
0.033221938192892896 0.0008408048931248429
0.033221938192892896 0.0008408048931248429
0.033221938192892896 0.0008408048931248429
0.033221938192892896 0.0008408048931248429
0.033221938192892896 0.0008408048931248429
0.033221938192892896 0.0008408048931248429
0.033221938192892896 0.0008408048931248429
0.033221938192892896 0.0008408048931248429
0.033221938192892896 0.0008408048931248429
0.033221938192892896 0.0008408048931248429
0.033221938192892896 0.0008408048931248429
0.033221938192892896 0.0008408048931248429
0.033221938192892896 0.0008408048931248429
0.033221938192892896 0.0008408048931248429
0.033221938192892896 0.0008408048931248429
0.033221938192892896 0.0008408048931248429
0.033221938192892896 0.0008408048931248429
0.033221938192892896 0.0008408048931248429
0.033221938192892896 0.0008408048931248429
0.033221938192892896 0.0008408048931248429
0.033221938192892896 0.0008408048931248429
0.033221938192892896 0.0008408048931248429
0.033221938192892896 0.0008408048931248429
0.033221938192892896 0.0008408048931248429
0.033221938192892896 0.0008408048931248429
0.033221938192892896 0.0008408048931248429
0.033221938192892896 0.0008408048931248429
0.033221938192892896 0.0008408048931248429
0.033221938192892896 0.0008408048931248429
0.033221938192892896 0.0008408048931248429
0.033221938192892896 0.0008408048931248429
0.033221938192892896 0.0008408048931248429
0.033221938192892896 0.0008408048931248429
0.033221938192892896 0.0008408048931248429
0.033221938192892896 0.0008408048931248429
0.033221938192892896 0.0008408048931248429
0.033221938192892896 0.0008408048931248429
0.033221938192892896 0.0008408048931248429
0.033221938192892896 0.0008408048931248429
0.033221938192892896 0.0008408048931248429
0.033221938192892896 0.0008408048931248429
0.033221938192892896 0.0008408048931248429
0.033221938192892896 0.0008408048931248429
0.033221938192892896 0.0008408048931248429
0.033221938192892896 0.0008408048931248429
0.033221938192892896 0.0008408048931248429
0.033221938192892896 0.0008408048931248429
0.033221938192892896 0.0008408048931248429
0.033221938192892896 0.0008408048931248429
0.033221938192892896 0.0008408048931248429
0.033221938192892896 0.0008408048931248429
0.033221938192892896 0.0008408048931248429
0.033221938192892896 0.0008408048931248429
0.033221938192892896 0.0008408048931248429
0.033221938192892896 0.0008408048931248429
0.033221938192892896 0.0008408048931248429
0.033221938192892896 0.0008408048931248429
0.033221938192892896 0.0008408048931248429
0.033221938192892896 0.0008408048931248429
0.033221938192892896 0.0008408048931248429
0.033221938192892896 0.0008408048931248429
0.033221938192892896 0.0008408048931248429
0.033221938192892896 0.0008408048931248429
0.033221938192892896 0.0008408048931248429
0.033221938192892896 0.0008408048931248429
0.033221938192892896 0.0008408048931248429
0.033221938192892896 0.0008408048931248429
0.033221938192892896 0.0008408048931248429
0.033221938192892896 0.0008408048931248429
0.033221938192892896 0.0008408048931248429
0.033221938192892896 0.0008408048931248429
0.033221938192892896 0.0008408048931248429
0.033221938192892896 0.0008408048931248429
0.033221938192892896 0.0008408048931248429
0.033221938192892896 0.0008408048931248429
0.033221938192892896 0.0008408048931248429
0.033221938192892896 0.0008408048931248429
0.033221938192892896 0.0008408048931248429
0.033221938192892896 0.0008408048931248429
0.033221938192892896 0.0008408048931248429
0.033221938192892896 0.0008408048931248429
0.033221938192892896 0.0008408048931248429
0.033221938192892896 0.0008408048931248429
0.033221938192892896 0.0008408048931248429
0.033221938192892896 0.0008408048931248429
0.033221938192892896 0.0008408048931248429
0.033221938192892896 0.0008408048931248429
0.033221938192892896 0.0008408048931248429
0.033221938192892896 0.0008408048931248429
0.033221938192892896 0.0008408048931248429
0.033221938192892896 0.0008408048931248429
0.033221938192892896 0.0008408048931248429
0.033221938192892896 0.0008408048931248429
0.033221938192892896 0.0008408048931248429
0.033221938192892896 0.0008408048931248429
0.033221938192892896 0.0008408048931248429
0.033221938192892896 0.0008408048931248429
0.033221938192892896 0.0008408048931248429
0.033221938192892896 0.0008408048931248429
0.033221938192892896 0.0008408048931248429
0.033221938192892896 0.0008408048931248429
0.033221938192892896 0.0008408048931248429
0.033221938192892896 0.0008408048931248429
0.033221938192892896 0.0008408048931248429
0.033221938192892896 0.0008408048931248429
0.033221938192892896 0.0008408048931248429
0.033221938192892896 0.0008408048931248429
0.033221938192892896 0.0008408048931248429
0.033221938192892896 0.0008408048931248429
0.033749186972839657 0.0009211986447967164
0.0341959735305942 0.000991592601118177
0.0341959735305942 0.000991592601118177
0.03534032120850972 0.0010059277665037069
0.03578710776626426 0.0010763217228251677
0.03578710776626426 0.0010763217228251677
0.03578710776626426 0.0010763217228251677
0.03578710776626426 0.0010763217228251677
0.037274989319711856 0.001125278727540798
0.037274989319711856 0.001125278727540798
0.037274989319711856 0.001125278727540798
0.04329687080165238 0.001187108614257369
0.0562862194067973 0.0014016388194925808
