0.03127591039948981 0.0005935952835916695
0.03127591039948981 0.0005935952835916695
0.03127591039948981 0.0005935952835916695
0.03127591039948981 0.0005935952835916695
0.03127591039948981 0.0005935952835916695
0.03127591039948981 0.0005935952835916695
0.03127591039948981 0.0005935952835916695
0.03127591039948981 0.0005935952835916695
0.03127591039948981 0.0005935952835916695
0.03127591039948981 0.0005935952835916695
0.03127591039948981 0.0005935952835916695
0.03127591039948981 0.0005935952835916695
0.03127591039948981 0.0005935952835916695
0.03127591039948981 0.0005935952835916695
0.03127591039948981 0.0005935952835916695
0.03127591039948981 0.0005935952835916695
0.03127591039948981 0.0005935952835916695
0.03127591039948981 0.0005935952835916695
0.03127591039948981 0.0005935952835916695
0.03127591039948981 0.0005935952835916695
0.03127591039948981 0.0005935952835916695
0.03127591039948981 0.0005935952835916695
0.03156256590346726 0.0006136854280303675
0.03156256590346726 0.0006136854280303675
0.03156256590346726 0.0006136854280303675
0.03156256590346726 0.0006136854280303675
0.03156256590346726 0.0006136854280303675
0.03156256590346726 0.0006136854280303675
0.03156256590346726 0.0006136854280303675
0.03156256590346726 0.0006136854280303675
0.03156256590346726 0.0006136854280303675
0.03156256590346726 0.0006136854280303675
0.03156256590346726 0.0006136854280303675
0.03156256590346726 0.0006136854280303675
0.03156256590346726 0.0006136854280303675
0.03156256590346726 0.0006136854280303675
0.03156256590346726 0.0006136854280303675
0.03156256590346726 0.0006136854280303675
0.03156256590346726 0.0006136854280303675
0.03156256590346726 0.0006136854280303675
0.03156256590346726 0.0006136854280303675
0.03156256590346726 0.0006136854280303675
0.03156256590346726 0.0006136854280303675
0.03156256590346726 0.0006136854280303675
0.03156256590346726 0.0006136854280303675
0.03156256590346726 0.0006136854280303675
0.03156256590346726 0.0006136854280303675
0.03156256590346726 0.0006136854280303675
0.03156256590346726 0.0006136854280303675
0.03156256590346726 0.0006136854280303675
0.03156256590346726 0.0006136854280303675
0.03156256590346726 0.0006136854280303675
0.03156256590346726 0.0006136854280303675
0.032797504954811006 0.0007729666653394599
0.03279750495481101 0.0007729666653394599
0.03279750495481101 0.0007729666653394599
0.03279750495481101 0.0007729666653394599
0.03279750495481101 0.0007729666653394599
0.03279750495481101 0.0007729666653394599
0.03279750495481101 0.0007729666653394599
0.03279750495481101 0.0007729666653394599
0.03279750495481101 0.0007729666653394599
0.03279750495481101 0.0007729666653394599
0.03279750495481101 0.0007729666653394599
0.03279750495481101 0.0007729666653394599
0.03279750495481101 0.0007729666653394599
0.03279750495481101 0.0007729666653394599
0.03279750495481101 0.0007729666653394599
0.03279750495481101 0.0007729666653394599
0.03279750495481101 0.0007729666653394599
0.03279750495481101 0.0007729666653394599
0.03279750495481101 0.0007729666653394599
0.03279750495481101 0.0007729666653394599
0.03279750495481101 0.0007729666653394599
0.03279750495481101 0.0007729666653394599
0.03279750495481101 0.0007729666653394599
0.03279750495481101 0.0007729666653394599
0.03279750495481101 0.0007729666653394599
0.03279750495481101 0.0007729666653394599
0.03279750495481101 0.0007729666653394599
0.03279750495481101 0.0007729666653394599
0.03279750495481101 0.0007729666653394599
0.03279750495481101 0.0007729666653394599
0.03279750495481101 0.0007729666653394599
0.03279750495481101 0.0007729666653394599
0.03279750495481101 0.0007729666653394599
0.03279750495481101 0.0007729666653394599
0.03279750495481101 0.0007729666653394599
0.03279750495481101 0.0007729666653394599
0.03279750495481101 0.0007729666653394599
0.03279750495481101 0.0007729666653394599
0.03279750495481101 0.0007729666653394599
0.03279750495481101 0.0007729666653394599
0.03322193819289289 0.0008408048931248429
0.03322193819289289 0.0008408048931248429
0.03322193819289289 0.0008408048931248429
0.033221938192892896 0.0008408048931248429
0.033221938192892896 0.0008408048931248429
0.033221938192892896 0.0008408048931248429
0.033221938192892896 0.0008408048931248429
0.033221938192892896 0.0008408048931248429
0.033749186972839657 0.0009211986447967164
0.033749186972839657 0.0009211986447967164
0.033749186972839657 0.0009211986447967164
0.033749186972839657 0.0009211986447967164
0.033749186972839657 0.0009211986447967164
0.033749186972839657 0.0009211986447967164
0.033749186972839657 0.0009211986447967164
0.033749186972839657 0.0009211986447967164
0.033749186972839657 0.0009211986447967164
0.033749186972839657 0.0009211986447967164
0.033749186972839657 0.0009211986447967164
0.033749186972839657 0.0009211986447967164
0.033749186972839657 0.0009211986447967164
0.033749186972839657 0.0009211986447967164
0.033749186972839657 0.0009211986447967164
0.033749186972839657 0.0009211986447967164
0.033749186972839657 0.0009211986447967164
0.033749186972839657 0.0009211986447967164
0.033749186972839657 0.0009211986447967164
0.033749186972839657 0.0009211986447967164
0.033749186972839657 0.0009211986447967164
0.033749186972839657 0.0009211986447967164
0.0341959735305942 0.000991592601118177
0.0341959735305942 0.000991592601118177
0.0341959735305942 0.000991592601118177
0.0341959735305942 0.000991592601118177
0.0341959735305942 0.000991592601118177
0.0341959735305942 0.000991592601118177
0.0341959735305942 0.000991592601118177
0.0341959735305942 0.000991592601118177
0.0341959735305942 0.000991592601118177
0.0341959735305942 0.000991592601118177
0.0341959735305942 0.000991592601118177
0.0341959735305942 0.000991592601118177
0.0341959735305942 0.000991592601118177
0.0341959735305942 0.000991592601118177
0.0341959735305942 0.000991592601118177
0.0341959735305942 0.000991592601118177
0.0341959735305942 0.000991592601118177
0.0341959735305942 0.000991592601118177
0.0341959735305942 0.000991592601118177
0.0341959735305942 0.000991592601118177
0.0341959735305942 0.000991592601118177
0.0341959735305942 0.000991592601118177
0.0341959735305942 0.000991592601118177
0.0341959735305942 0.000991592601118177
0.0341959735305942 0.000991592601118177
0.0341959735305942 0.000991592601118177
0.0341959735305942 0.000991592601118177
0.0341959735305942 0.000991592601118177
0.0341959735305942 0.000991592601118177
0.0341959735305942 0.000991592601118177
0.0341959735305942 0.000991592601118177
0.0341959735305942 0.000991592601118177
0.0341959735305942 0.000991592601118177
0.0341959735305942 0.000991592601118177
0.0341959735305942 0.000991592601118177
0.0341959735305942 0.000991592601118177
0.0341959735305942 0.000991592601118177
0.0341959735305942 0.000991592601118177
0.0341959735305942 0.000991592601118177
0.0341959735305942 0.000991592601118177
0.0341959735305942 0.000991592601118177
0.0341959735305942 0.000991592601118177
0.0341959735305942 0.000991592601118177
0.0341959735305942 0.000991592601118177
0.0341959735305942 0.000991592601118177
0.0341959735305942 0.000991592601118177
0.0341959735305942 0.000991592601118177
0.0341959735305942 0.000991592601118177
0.0341959735305942 0.000991592601118177
0.0341959735305942 0.000991592601118177
0.0341959735305942 0.000991592601118177
0.0341959735305942 0.000991592601118177
0.0341959735305942 0.000991592601118177
0.0341959735305942 0.000991592601118177
0.0341959735305942 0.000991592601118177
0.0341959735305942 0.000991592601118177
0.0341959735305942 0.000991592601118177
0.0341959735305942 0.000991592601118177
0.0341959735305942 0.000991592601118177
0.0341959735305942 0.000991592601118177
0.0341959735305942 0.000991592601118177
0.0341959735305942 0.000991592601118177
0.035574891147223314 0.001042402608932476
0.035574891147223314 0.001042402608932476
0.035574891147223314 0.001042402608932476
0.035574891147223314 0.001042402608932476
0.035574891147223314 0.001042402608932476
0.035574891147223314 0.001042402608932476
0.03578710776626426 0.0010763217228251677
0.03578710776626426 0.0010763217228251677
0.038242933662608336 0.0011921890591722992
0.038242933662608336 0.0011921890591722992
0.038242933662608336 0.0011921890591722992
0.038242933662608336 0.0011921890591722992
0.038242933662608336 0.0011921890591722992
0.040177601773810474 0.00131154002020939
0.040177601773810474 0.00131154002020939
0.040177601773810474 0.00131154002020939
0.05242906517400267 0.001330691650142065
0.054907301790168186 0.001350828811678282
0.055434550570114954 0.0014312225633501554
0.05588133712786949 0.001501616519671616
