0.069819905 0.0016890351
0.061105277 0.0013621825
0.06093821 0.0013304149
0.06896697 0.0016812833
0.06896697 0.0016812833
0.059288744 0.0011359749
0.0736147 0.0017593484
0.073273 0.0017522969
0.073273 0.0017522969
0.07148967 0.0017289586
0.07050557 0.001709463
0.06292022 0.0014683144
0.06292022 0.0014683144
0.06289796 0.0014679724
0.06166936 0.0013998374
0.06154536 0.0013805239
0.058381557 0.0008390512
0.062864594 0.0014644852
0.07177841 0.0017294367
0.070530266 0.001725138
0.07042583 0.0017032332
0.06998919 0.0017028378
0.06769292 0.0016428195
0.059138913 0.0010592589
0.061988648 0.0014000534
0.059078828 0.001058128
0.058447406 0.00090735906
0.058447406 0.00090735906
0.064393945 0.0015369946
0.061529607 0.0013693202
0.059820194 0.0012368187
0.061512865 0.0013647698
0.058598615 0.0010576089
0.058598615 0.0010576089
0.06767533 0.0016310603
0.06052256 0.0012872411
0.06504091 0.0015536746
0.06060351 0.0012958288
0.07237045 0.0017364401
0.06801667 0.001667403
0.066530876 0.0016303546
0.06561681 0.0016135252
0.061998762 0.0014244184
0.06063195 0.0013046388
0.06045494 0.0012869876
0.059879307 0.001272857
0.059821106 0.0012638472
0.059690144 0.0012161073
0.059515 0.0011867105
0.059451528 0.0011768846
0.059082814 0.001058678
0.06537577 0.0015603738
0.06240916 0.001426396
0.059299484 0.001153267
0.06441172 0.0015421378
0.06417663 0.0015186956
0.06283537 0.0014543678
0.06259538 0.0014423444
0.059218097 0.001062105
0.059218097 0.001062105
0.06329214 0.0014960144
0.058565542 0.0010071603
0.058565542 0.0010071603
0.05830303 0.00083117763
0.058232892 0.00077931146
0.058207687 0.000674756
0.058207687 0.000674756
0.05809564 0.0006623789
0.05806736 0.00064926915
0.058057986 0.00064744736
0.05801362 0.000636807
