0.044108458 0.0012398602
0.044108458 0.0012398602
0.044108458 0.0012398602
0.043756474 0.001232881
0.042679984 0.0012029822
0.042679984 0.0012029822
0.042679984 0.0012029822
0.042679984 0.0012029822
0.042679984 0.0012029822
0.042679984 0.0012029822
0.042679984 0.0012029822
0.042679984 0.0012029822
0.042679984 0.0012029822
0.042679984 0.0012029822
0.042679984 0.0012029822
0.042679984 0.0012029822
0.042679984 0.0012029822
0.042679984 0.0012029822
0.042679984 0.0012029822
0.042679984 0.0012029822
0.042679984 0.0012029822
0.042679984 0.0012029822
0.042679984 0.0012029822
0.042679984 0.0012029822
0.042679984 0.0012029822
0.042679984 0.0012029822
0.042679984 0.0012029822
0.042679984 0.0012029822
0.042679984 0.0012029822
0.042679984 0.0012029822
0.042679984 0.0012029822
0.042679984 0.0012029822
0.042679984 0.0012029822
0.042679984 0.0012029822
0.042679984 0.0012029822
0.042679984 0.0012029822
0.042679984 0.0012029822
0.042679984 0.0012029822
0.042679984 0.0012029822
0.042679984 0.0012029822
0.042679984 0.0012029822
0.042679984 0.0012029822
0.042679984 0.0012029822
0.042679984 0.0012029822
0.042679984 0.0012029822
0.042679984 0.0012029822
0.042679984 0.0012029822
0.042679984 0.0012029822
0.042679984 0.0012029822
0.042679984 0.0012029822
0.042679984 0.0012029822
0.042679984 0.0012029822
0.042679984 0.0012029822
0.042679984 0.0012029822
0.042679984 0.0012029822
0.042679984 0.0012029822
0.042679984 0.0012029822
0.042679984 0.0012029822
0.042679984 0.0012029822
0.042679984 0.0012029822
0.042679984 0.0012029822
0.042679984 0.0012029822
0.042679984 0.0012029822
0.042679984 0.0012029822
0.042679984 0.0012029822
0.042679984 0.0012029822
0.042679984 0.0012029822
0.042679984 0.0012029822
0.042679984 0.0012029822
0.042679984 0.0012029822
0.042679984 0.0012029822
0.042679984 0.0012029822
0.042679984 0.0012029822
0.042679984 0.0012029822
0.042679984 0.0012029822
0.042679984 0.0012029822
0.042679984 0.0012029822
0.042679984 0.0012029822
0.042679984 0.0012029822
0.042679984 0.0012029822
0.042679984 0.0012029822
0.042679984 0.0012029822
0.042679984 0.0012029822
0.042679984 0.0012029822
0.042679984 0.0012029822
0.042679984 0.0012029822
0.042679984 0.0012029822
0.042679984 0.0012029822
0.042679984 0.0012029822
0.042679984 0.0012029822
0.042679984 0.0012029822
0.042679984 0.0012029822
0.042679984 0.0012029822
0.042679984 0.0012029822
0.042679984 0.0012029822
0.042679984 0.0012029822
0.042679984 0.0012029822
0.042679984 0.0012029822
0.042679984 0.0012029822
0.042679984 0.0012029822
0.042679984 0.0012029822
0.042679984 0.0012029822
0.042679984 0.0012029822
0.042679984 0.0012029822
0.042679984 0.0012029822
0.042679984 0.0012029822
0.042679984 0.0012029822
0.042679984 0.0012029822
0.039580345 0.0011106461
0.039580345 0.0011106461
0.039580345 0.0011106461
0.039580345 0.0011106461
0.039580345 0.0011106461
0.039580345 0.0011106461
0.039580345 0.0011106461
0.039580345 0.0011106461
0.039580345 0.0011106461
0.039580345 0.0011106461
0.039580345 0.0011106461
0.039580345 0.0011106461
0.039580345 0.0011106461
0.039580345 0.0011106461
0.039580345 0.0011106461
0.039580345 0.0011106461
0.039580345 0.0011106461
0.039580345 0.0011106461
0.039580345 0.0011106461
0.039580345 0.0011106461
0.039580345 0.0011106461
0.039580345 0.0011106461
0.039580345 0.0011106461
0.039580345 0.0011106461
0.039580345 0.0011106461
0.039580345 0.0011106461
0.039580345 0.0011106461
0.039580345 0.0011106461
0.039580345 0.0011106461
0.039580345 0.0011106461
0.039580345 0.0011106461
0.039580345 0.0011106461
0.039580345 0.0011106461
0.039580345 0.0011106461
0.039580345 0.0011106461
0.039580345 0.0011106461
0.039580345 0.0011106461
0.039580345 0.0011106461
0.039580345 0.0011106461
0.039580345 0.0011106461
0.039580345 0.0011106461
0.039580345 0.0011106461
0.039580345 0.0011106461
0.039580345 0.0011106461
0.039580345 0.0011106461
0.039580345 0.0011106461
0.039580345 0.0011106461
0.039580345 0.0011106461
0.039580345 0.0011106461
0.039580345 0.0011106461
0.039580345 0.0011106461
0.039580345 0.0011106461
0.039580345 0.0011106461
0.039580345 0.0011106461
0.039580345 0.0011106461
0.039580345 0.0011106461
0.039580345 0.0011106461
0.039580345 0.0011106461
0.039580345 0.0011106461
0.039580345 0.0011106461
0.039580345 0.0011106461
0.038485635 0.0010831141
0.038485635 0.0010831141
0.038485635 0.0010831141
0.038485635 0.0010831141
0.038485635 0.0010831141
0.038377047 0.0010763769
0.038377047 0.0010763769
0.038377047 0.0010763769
0.038377047 0.0010763769
0.038377047 0.0010763769
0.038377047 0.0010763769
0.038377047 0.0010763769
0.038377047 0.0010763769
0.038081154 0.0010441131
0.038081154 0.0010441131
0.038081154 0.0010441131
0.038081154 0.0010441131
0.038081154 0.0010441131
0.038081154 0.0010441131
0.038081154 0.0010441131
0.038081154 0.0010441131
0.037051596 0.0009165332
0.037051596 0.0009165332
0.037051596 0.0009165332
0.036431618 0.00080933166
0.036431618 0.00080933166
0.036264073 0.00078293396
0.036264073 0.00078293396
0.049023293 0.0013330473
0.044108458 0.0012398602
0.044108458 0.0012398602
0.044108458 0.0012398602
0.044108458 0.0012398602
0.044108458 0.0012398602
0.044108458 0.0012398602
0.044108458 0.0012398602
0.044108458 0.0012398602
0.044108458 0.0012398602
0.043756474 0.001232881
0.043393526 0.0012225454
0.043393526 0.0012225454
0.043393526 0.0012225454
0.043393526 0.0012225454
0.043393526 0.0012225454
0.043393526 0.0012225454
0.043393526 0.0012225454
0.043393526 0.0012225454
0.043393526 0.0012225454
0.043393526 0.0012225454
0.043393526 0.0012225454
0.043393526 0.0012225454
0.043393526 0.0012225454
0.043393526 0.0012225454
0.043393526 0.0012225454
0.043393526 0.0012225454
0.043393526 0.0012225454
0.043393526 0.0012225454
0.043393526 0.0012225454
0.043393526 0.0012225454
0.043393526 0.0012225454
0.043393526 0.0012225454
0.043393526 0.0012225454
0.043393526 0.0012225454
0.043393526 0.0012225454
0.043393526 0.0012225454
0.043393526 0.0012225454
0.043393526 0.0012225454
0.043393526 0.0012225454
0.043393526 0.0012225454
0.043393526 0.0012225454
0.043393526 0.0012225454
0.043393526 0.0012225454
0.043393526 0.0012225454
0.043393526 0.0012225454
0.043393526 0.0012225454
0.043393526 0.0012225454
0.043393526 0.0012225454
0.043393526 0.0012225454
0.043393526 0.0012225454
0.043393526 0.0012225454
0.043393526 0.0012225454
0.043393526 0.0012225454
0.043393526 0.0012225454
0.043393526 0.0012225454
0.043393526 0.0012225454
0.043393526 0.0012225454
0.043393526 0.0012225454
0.043393526 0.0012225454
0.043393526 0.0012225454
0.043393526 0.0012225454
0.043393526 0.0012225454
0.043393526 0.0012225454
0.043393526 0.0012225454
0.043393526 0.0012225454
0.043393526 0.0012225454
0.043393526 0.0012225454
0.043393526 0.0012225454
0.043393526 0.0012225454
0.043393526 0.0012225454
0.043393526 0.0012225454
0.043393526 0.0012225454
0.043393526 0.0012225454
0.043393526 0.0012225454
0.043393526 0.0012225454
0.043393526 0.0012225454
0.043393526 0.0012225454
0.043393526 0.0012225454
0.043393526 0.0012225454
0.043393526 0.0012225454
0.043393526 0.0012225454
0.043393526 0.0012225454
0.043393526 0.0012225454
0.043393526 0.0012225454
0.043393526 0.0012225454
0.043393526 0.0012225454
0.043393526 0.0012225454
0.043393526 0.0012225454
0.043393526 0.0012225454
0.043393526 0.0012225454
0.043393526 0.0012225454
0.043393526 0.0012225454
0.043393526 0.0012225454
0.043393526 0.0012225454
0.043393526 0.0012225454
0.043393526 0.0012225454
0.043393526 0.0012225454
0.043393526 0.0012225454
0.043393526 0.0012225454
0.043393526 0.0012225454
0.043393526 0.0012225454
0.043393526 0.0012225454
0.043393526 0.0012225454
0.043393526 0.0012225454
0.043393526 0.0012225454
0.043393526 0.0012225454
0.043393526 0.0012225454
0.043393526 0.0012225454
0.043393526 0.0012225454
0.043393526 0.0012225454
0.043393526 0.0012225454
0.043393526 0.0012225454
0.043393526 0.0012225454
0.043393526 0.0012225454
0.043393526 0.0012225454
0.043393526 0.0012225454
0.043393526 0.0012225454
0.043393526 0.0012225454
0.043393526 0.0012225454
0.043393526 0.0012225454
0.043393526 0.0012225454
0.043393526 0.0012225454
0.043393526 0.0012225454
0.043393526 0.0012225454
0.043393526 0.0012225454
0.043393526 0.0012225454
0.043393526 0.0012225454
0.043393526 0.0012225454
0.043393526 0.0012225454
0.043393526 0.0012225454
0.043393526 0.0012225454
0.043393526 0.0012225454
0.043393526 0.0012225454
0.043393526 0.0012225454
0.043393526 0.0012225454
0.043393526 0.0012225454
0.043393526 0.0012225454
0.043393526 0.0012225454
0.043393526 0.0012225454
0.043393526 0.0012225454
0.043393526 0.0012225454
0.043393526 0.0012225454
0.043393526 0.0012225454
0.043393526 0.0012225454
0.043393526 0.0012225454
0.043393526 0.0012225454
0.043393526 0.0012225454
0.043393526 0.0012225454
0.043393526 0.0012225454
0.043393526 0.0012225454
0.043393526 0.0012225454
0.043393526 0.0012225454
0.043393526 0.0012225454
0.043393526 0.0012225454
0.043393526 0.0012225454
0.043284938 0.0012158081
0.04303197 0.0012099614
0.04303197 0.0012099614
0.04303197 0.0012099614
0.04303197 0.0012099614
0.04303197 0.0012099614
0.04303197 0.0012099614
0.04303197 0.0012099614
0.04303197 0.0012099614
0.04303197 0.0012099614
0.04303197 0.0012099614
0.04303197 0.0012099614
0.04303197 0.0012099614
0.04303197 0.0012099614
0.04303197 0.0012099614
0.04303197 0.0012099614
0.04303197 0.0012099614
0.04303197 0.0012099614
0.04303197 0.0012099614
0.04303197 0.0012099614
0.04303197 0.0012099614
0.04303197 0.0012099614
0.04303197 0.0012099614
0.04303197 0.0012099614
0.04303197 0.0012099614
0.04303197 0.0012099614
0.04303197 0.0012099614
0.04303197 0.0012099614
0.04303197 0.0012099614
0.04303197 0.0012099614
0.04303197 0.0012099614
0.04303197 0.0012099614
0.04303197 0.0012099614
0.04303197 0.0012099614
0.04303197 0.0012099614
0.04303197 0.0012099614
0.04303197 0.0012099614
0.04303197 0.0012099614
0.04303197 0.0012099614
0.04303197 0.0012099614
0.04303197 0.0012099614
0.04303197 0.0012099614
0.04303197 0.0012099614
0.04303197 0.0012099614
0.04303197 0.0012099614
0.04303197 0.0012099614
0.04303197 0.0012099614
0.04303197 0.0012099614
0.04303197 0.0012099614
0.04303197 0.0012099614
0.04303197 0.0012099614
0.04303197 0.0012099614
0.04303197 0.0012099614
0.04303197 0.0012099614
0.04303197 0.0012099614
0.04303197 0.0012099614
0.04303197 0.0012099614
0.04303197 0.0012099614
0.04303197 0.0012099614
0.04303197 0.0012099614
0.04303197 0.0012099614
0.04303197 0.0012099614
0.04303197 0.0012099614
0.04303197 0.0012099614
0.04303197 0.0012099614
0.04303197 0.0012099614
0.04303197 0.0012099614
0.04303197 0.0012099614
0.04303197 0.0012099614
0.04303197 0.0012099614
0.04303197 0.0012099614
0.04303197 0.0012099614
0.04303197 0.0012099614
0.04303197 0.0012099614
0.04303197 0.0012099614
0.04303197 0.0012099614
0.04303197 0.0012099614
0.04303197 0.0012099614
0.04303197 0.0012099614
0.04303197 0.0012099614
0.04303197 0.0012099614
0.04303197 0.0012099614
0.04303197 0.0012099614
0.04303197 0.0012099614
0.04303197 0.0012099614
0.04303197 0.0012099614
0.04303197 0.0012099614
0.04303197 0.0012099614
0.04303197 0.0012099614
0.04303197 0.0012099614
0.04303197 0.0012099614
0.04303197 0.0012099614
0.04303197 0.0012099614
0.04303197 0.0012099614
0.04303197 0.0012099614
0.04303197 0.0012099614
0.04303197 0.0012099614
0.04303197 0.0012099614
0.04303197 0.0012099614
0.04303197 0.0012099614
0.04303197 0.0012099614
0.04303197 0.0012099614
0.04303197 0.0012099614
0.04303197 0.0012099614
0.04303197 0.0012099614
0.04303197 0.0012099614
0.04303197 0.0012099614
0.04303197 0.0012099614
0.04303197 0.0012099614
0.04303197 0.0012099614
0.04303197 0.0012099614
0.04303197 0.0012099614
0.04303197 0.0012099614
0.04303197 0.0012099614
0.04303197 0.0012099614
0.04303197 0.0012099614
0.04303197 0.0012099614
0.04303197 0.0012099614
0.04303197 0.0012099614
0.04303197 0.0012099614
0.04303197 0.0012099614
0.04303197 0.0012099614
0.04303197 0.0012099614
0.04303197 0.0012099614
0.04303197 0.0012099614
0.04303197 0.0012099614
0.04303197 0.0012099614
0.04303197 0.0012099614
0.04303197 0.0012099614
0.04303197 0.0012099614
0.04303197 0.0012099614
0.04303197 0.0012099614
0.04303197 0.0012099614
0.04303197 0.0012099614
0.04303197 0.0012099614
0.04303197 0.0012099614
0.04303197 0.0012099614
0.04303197 0.0012099614
0.04303197 0.0012099614
0.04303197 0.0012099614
0.04303197 0.0012099614
0.04303197 0.0012099614
0.04303197 0.0012099614
0.04303197 0.0012099614
0.04303197 0.0012099614
0.04303197 0.0012099614
0.039796572 0.0011142563
0.039796572 0.0011142563
0.039796572 0.0011142563
0.038485635 0.0010831141
0.038485635 0.0010831141
0.038485635 0.0010831141
0.038485635 0.0010831141
0.038485635 0.0010831141
0.038485635 0.0010831141
0.038485635 0.0010831141
0.038485635 0.0010831141
0.038485635 0.0010831141
0.038485635 0.0010831141
0.038485635 0.0010831141
0.038485635 0.0010831141
0.038485635 0.0010831141
0.038485635 0.0010831141
0.038485635 0.0010831141
0.038485635 0.0010831141
0.038485635 0.0010831141
0.038485635 0.0010831141
0.038485635 0.0010831141
0.038485635 0.0010831141
0.038485635 0.0010831141
0.038485635 0.0010831141
0.038485635 0.0010831141
0.038485635 0.0010831141
0.038485635 0.0010831141
0.038485635 0.0010831141
0.038485635 0.0010831141
0.038485635 0.0010831141
0.038485635 0.0010831141
0.038485635 0.0010831141
0.038485635 0.0010831141
0.038485635 0.0010831141
0.038485635 0.0010831141
0.038485635 0.0010831141
0.038485635 0.0010831141
0.038485635 0.0010831141
0.038485635 0.0010831141
0.038485635 0.0010831141
0.038485635 0.0010831141
0.038485635 0.0010831141
0.038485635 0.0010831141
0.038485635 0.0010831141
0.038485635 0.0010831141
0.038485635 0.0010831141
0.038485635 0.0010831141
0.038485635 0.0010831141
0.038485635 0.0010831141
0.038485635 0.0010831141
0.038485635 0.0010831141
0.038485635 0.0010831141
0.038485635 0.0010831141
0.038485635 0.0010831141
0.038485635 0.0010831141
0.038485635 0.0010831141
0.038485635 0.0010831141
0.038485635 0.0010831141
0.038485635 0.0010831141
0.038485635 0.0010831141
0.038485635 0.0010831141
0.038485635 0.0010831141
0.038485635 0.0010831141
0.038485635 0.0010831141
0.038485635 0.0010831141
0.038485635 0.0010831141
0.038485635 0.0010831141
0.038485635 0.0010831141
0.038485635 0.0010831141
0.038485635 0.0010831141
0.038485635 0.0010831141
0.038485635 0.0010831141
0.038485635 0.0010831141
0.038485635 0.0010831141
0.038485635 0.0010831141
0.038485635 0.0010831141
0.038485635 0.0010831141
0.038485635 0.0010831141
0.038485635 0.0010831141
0.038485635 0.0010831141
0.038485635 0.0010831141
0.038485635 0.0010831141
0.038485635 0.0010831141
0.038485635 0.0010831141
0.038485635 0.0010831141
0.038485635 0.0010831141
0.038485635 0.0010831141
0.038485635 0.0010831141
0.038485635 0.0010831141
0.038485635 0.0010831141
0.038485635 0.0010831141
0.038485635 0.0010831141
0.038485635 0.0010831141
0.038485635 0.0010831141
0.038485635 0.0010831141
0.038485635 0.0010831141
0.038485635 0.0010831141
0.038485635 0.0010831141
0.038485635 0.0010831141
0.038485635 0.0010831141
0.038485635 0.0010831141
0.038485635 0.0010831141
0.038485635 0.0010831141
0.038485635 0.0010831141
0.038485635 0.0010831141
0.038485635 0.0010831141
0.038485635 0.0010831141
0.038485635 0.0010831141
0.038485635 0.0010831141
0.038485635 0.0010831141
0.038485635 0.0010831141
0.038485635 0.0010831141
0.038485635 0.0010831141
0.038485635 0.0010831141
0.038485635 0.0010831141
0.038485635 0.0010831141
0.038485635 0.0010831141
0.038485635 0.0010831141
0.038485635 0.0010831141
0.038485635 0.0010831141
0.038485635 0.0010831141
0.038485635 0.0010831141
0.038485635 0.0010831141
0.038485635 0.0010831141
0.038485635 0.0010831141
0.038485635 0.0010831141
0.038485635 0.0010831141
0.038485635 0.0010831141
0.038485635 0.0010831141
0.038485635 0.0010831141
0.038485635 0.0010831141
0.038485635 0.0010831141
0.038485635 0.0010831141
0.038485635 0.0010831141
0.038485635 0.0010831141
0.038485635 0.0010831141
0.038485635 0.0010831141
0.038485635 0.0010831141
0.038485635 0.0010831141
0.038485635 0.0010831141
0.038485635 0.0010831141
0.038485635 0.0010831141
0.038485635 0.0010831141
0.038485635 0.0010831141
0.038485635 0.0010831141
0.038485635 0.0010831141
0.038485635 0.0010831141
0.038377047 0.0010763769
0.038377047 0.0010763769
0.038377047 0.0010763769
0.038377047 0.0010763769
0.038377047 0.0010763769
0.038377047 0.0010763769
0.038377047 0.0010763769
0.038377047 0.0010763769
0.038377047 0.0010763769
0.038377047 0.0010763769
0.038377047 0.0010763769
0.038377047 0.0010763769
0.038377047 0.0010763769
0.038377047 0.0010763769
0.038377047 0.0010763769
0.038377047 0.0010763769
0.038377047 0.0010763769
0.038152818 0.0010491356
0.038152818 0.0010491356
0.038152818 0.0010491356
0.038152818 0.0010491356
0.038152818 0.0010491356
0.037051596 0.0009165332
0.037051596 0.0009165332
0.037051596 0.0009165332
0.037051596 0.0009165332
0.037051596 0.0009165332
0.037051596 0.0009165332
0.037051596 0.0009165332
0.037051596 0.0009165332
0.037051596 0.0009165332
0.04926669 0.0013332892
0.04926669 0.0013332892
0.04926669 0.0013332892
0.04926669 0.0013332892
0.045074664 0.0012582999
0.045074664 0.0012582999
0.044108458 0.0012398602
0.043756474 0.001232881
0.043756474 0.001232881
0.043756474 0.001232881
0.043756474 0.001232881
0.043756474 0.001232881
0.043756474 0.001232881
0.043756474 0.001232881
0.043756474 0.001232881
0.043756474 0.001232881
0.043756474 0.001232881
0.043756474 0.001232881
0.043756474 0.001232881
0.043756474 0.001232881
0.043756474 0.001232881
0.043756474 0.001232881
0.043756474 0.001232881
0.043756474 0.001232881
0.043756474 0.001232881
0.043756474 0.001232881
0.043756474 0.001232881
0.043756474 0.001232881
0.043756474 0.001232881
0.043756474 0.001232881
0.043756474 0.001232881
0.043756474 0.001232881
0.043756474 0.001232881
0.043756474 0.001232881
0.043756474 0.001232881
0.043756474 0.001232881
0.043756474 0.001232881
0.043756474 0.001232881
0.043756474 0.001232881
0.043756474 0.001232881
0.043756474 0.001232881
0.043756474 0.001232881
0.043756474 0.001232881
0.043756474 0.001232881
0.043756474 0.001232881
0.043756474 0.001232881
0.043756474 0.001232881
0.043756474 0.001232881
0.043756474 0.001232881
0.043756474 0.001232881
0.043756474 0.001232881
0.043756474 0.001232881
0.043756474 0.001232881
0.043756474 0.001232881
0.043756474 0.001232881
0.043756474 0.001232881
0.043756474 0.001232881
0.043756474 0.001232881
0.043756474 0.001232881
0.043756474 0.001232881
0.043756474 0.001232881
0.043393526 0.0012225454
0.043393526 0.0012225454
0.043393526 0.0012225454
0.043393526 0.0012225454
0.043393526 0.0012225454
0.040293887 0.0011302093
0.040293887 0.0011302093
0.040293887 0.0011302093
0.03993233 0.0011176253
0.03993233 0.0011176253
0.03993233 0.0011176253
0.03993233 0.0011176253
0.039580345 0.0011106461
0.039580345 0.0011106461
0.039580345 0.0011106461
0.039580345 0.0011106461
0.039580345 0.0011106461
0.039580345 0.0011106461
0.039580345 0.0011106461
0.039580345 0.0011106461
0.039580345 0.0011106461
0.038485635 0.0010831141
0.038485635 0.0010831141
0.038485635 0.0010831141
0.038485635 0.0010831141
0.038485635 0.0010831141
0.038485635 0.0010831141
0.038485635 0.0010831141
0.038485635 0.0010831141
0.038485635 0.0010831141
0.038485635 0.0010831141
0.038485635 0.0010831141
0.038485635 0.0010831141
0.038485635 0.0010831141
0.038485635 0.0010831141
0.038081154 0.0010441131
0.038081154 0.0010441131
0.038081154 0.0010441131
0.038081154 0.0010441131
0.038081154 0.0010441131
0.038081154 0.0010441131
0.038081154 0.0010441131
0.038081154 0.0010441131
0.038081154 0.0010441131
0.038081154 0.0010441131
0.038081154 0.0010441131
0.038081154 0.0010441131
0.038081154 0.0010441131
0.038081154 0.0010441131
0.038081154 0.0010441131
0.038081154 0.0010441131
0.038081154 0.0010441131
0.038081154 0.0010441131
0.038081154 0.0010441131
0.038081154 0.0010441131
0.038081154 0.0010441131
0.038081154 0.0010441131
0.038081154 0.0010441131
0.038081154 0.0010441131
0.038081154 0.0010441131
0.038081154 0.0010441131
0.038081154 0.0010441131
0.038081154 0.0010441131
0.038081154 0.0010441131
0.038081154 0.0010441131
0.038081154 0.0010441131
0.038081154 0.0010441131
0.038081154 0.0010441131
0.038081154 0.0010441131
0.038081154 0.0010441131
0.038081154 0.0010441131
0.038081154 0.0010441131
0.038081154 0.0010441131
0.038081154 0.0010441131
0.038081154 0.0010441131
0.038081154 0.0010441131
0.038081154 0.0010441131
0.038081154 0.0010441131
0.038081154 0.0010441131
0.038081154 0.0010441131
0.038081154 0.0010441131
0.038081154 0.0010441131
0.038081154 0.0010441131
0.038081154 0.0010441131
0.038081154 0.0010441131
0.038081154 0.0010441131
0.038081154 0.0010441131
0.038081154 0.0010441131
0.038081154 0.0010441131
0.038081154 0.0010441131
0.038081154 0.0010441131
0.038081154 0.0010441131
0.038081154 0.0010441131
0.038081154 0.0010441131
0.038081154 0.0010441131
0.038081154 0.0010441131
0.038081154 0.0010441131
0.038081154 0.0010441131
0.038081154 0.0010441131
0.038081154 0.0010441131
0.038081154 0.0010441131
0.038081154 0.0010441131
0.038081154 0.0010441131
0.038081154 0.0010441131
0.038081154 0.0010441131
0.038081154 0.0010441131
0.038081154 0.0010441131
0.038081154 0.0010441131
0.038081154 0.0010441131
0.038081154 0.0010441131
0.038081154 0.0010441131
0.038081154 0.0010441131
0.038081154 0.0010441131
0.038081154 0.0010441131
0.038081154 0.0010441131
0.038081154 0.0010441131
0.038081154 0.0010441131
0.038081154 0.0010441131
0.038081154 0.0010441131
0.038081154 0.0010441131
0.038081154 0.0010441131
0.038081154 0.0010441131
0.038081154 0.0010441131
0.038081154 0.0010441131
0.038081154 0.0010441131
0.038081154 0.0010441131
0.038081154 0.0010441131
0.038081154 0.0010441131
0.038081154 0.0010441131
0.038081154 0.0010441131
0.038081154 0.0010441131
0.038081154 0.0010441131
0.038081154 0.0010441131
0.038081154 0.0010441131
0.038081154 0.0010441131
0.038081154 0.0010441131
0.038081154 0.0010441131
0.038081154 0.0010441131
0.038081154 0.0010441131
0.038081154 0.0010441131
0.038081154 0.0010441131
0.038081154 0.0010441131
0.038081154 0.0010441131
0.038081154 0.0010441131
0.038081154 0.0010441131
0.038081154 0.0010441131
0.038081154 0.0010441131
0.038081154 0.0010441131
0.038081154 0.0010441131
0.038081154 0.0010441131
0.038081154 0.0010441131
0.038081154 0.0010441131
0.038081154 0.0010441131
0.038081154 0.0010441131
0.038081154 0.0010441131
0.038081154 0.0010441131
0.038081154 0.0010441131
0.038081154 0.0010441131
0.038081154 0.0010441131
0.038081154 0.0010441131
0.038081154 0.0010441131
0.038081154 0.0010441131
0.038081154 0.0010441131
0.038081154 0.0010441131
0.038081154 0.0010441131
0.038081154 0.0010441131
0.038081154 0.0010441131
0.038081154 0.0010441131
0.038081154 0.0010441131
0.038081154 0.0010441131
0.038081154 0.0010441131
0.038081154 0.0010441131
0.038081154 0.0010441131
0.038081154 0.0010441131
0.038081154 0.0010441131
0.038081154 0.0010441131
0.038081154 0.0010441131
0.038081154 0.0010441131
0.038081154 0.0010441131
0.038081154 0.0010441131
0.038081154 0.0010441131
0.038081154 0.0010441131
0.038081154 0.0010441131
0.038081154 0.0010441131
0.038081154 0.0010441131
0.038081154 0.0010441131
0.038081154 0.0010441131
0.038081154 0.0010441131
0.038081154 0.0010441131
0.038081154 0.0010441131
0.038081154 0.0010441131
0.038081154 0.0010441131
0.038081154 0.0010441131
0.038081154 0.0010441131
0.038081154 0.0010441131
0.038081154 0.0010441131
0.038081154 0.0010441131
0.038081154 0.0010441131
0.038081154 0.0010441131
0.038081154 0.0010441131
0.038081154 0.0010441131
0.038081154 0.0010441131
0.038081154 0.0010441131
0.038081154 0.0010441131
0.038081154 0.0010441131
0.038081154 0.0010441131
0.038081154 0.0010441131
0.038081154 0.0010441131
0.038081154 0.0010441131
0.038081154 0.0010441131
0.038081154 0.0010441131
0.038081154 0.0010441131
0.038081154 0.0010441131
0.038081154 0.0010441131
0.038081154 0.0010441131
0.038081154 0.0010441131
0.038081154 0.0010441131
0.038081154 0.0010441131
0.038081154 0.0010441131
0.038081154 0.0010441131
0.038081154 0.0010441131
0.038081154 0.0010441131
0.038081154 0.0010441131
0.038081154 0.0010441131
0.038081154 0.0010441131
0.038081154 0.0010441131
0.038081154 0.0010441131
0.038081154 0.0010441131
0.038081154 0.0010441131
0.038081154 0.0010441131
0.038081154 0.0010441131
0.038081154 0.0010441131
0.038081154 0.0010441131
0.038081154 0.0010441131
0.038081154 0.0010441131
0.038081154 0.0010441131
0.038081154 0.0010441131
0.038081154 0.0010441131
0.038081154 0.0010441131
0.037051596 0.0009165332
0.037051596 0.0009165332
0.037051596 0.0009165332
0.037051596 0.0009165332
0.037051596 0.0009165332
0.037051596 0.0009165332
0.037051596 0.0009165332
0.037051596 0.0009165332
0.037051596 0.0009165332
0.037051596 0.0009165332
0.037051596 0.0009165332
0.037051596 0.0009165332
0.037051596 0.0009165332
0.037051596 0.0009165332
0.037051596 0.0009165332
0.037051596 0.0009165332
0.037051596 0.0009165332
0.037051596 0.0009165332
0.037051596 0.0009165332
0.037051596 0.0009165332
0.037051596 0.0009165332
0.037051596 0.0009165332
0.037051596 0.0009165332
0.037051596 0.0009165332
0.037051596 0.0009165332
0.037051596 0.0009165332
0.037051596 0.0009165332
0.037051596 0.0009165332
0.037051596 0.0009165332
0.037051596 0.0009165332
0.036264073 0.00078293396
0.036264073 0.00078293396
0.036264073 0.00078293396
0.036264073 0.00078293396
0.036264073 0.00078293396
0.036264073 0.00078293396
0.036264073 0.00078293396
0.036264073 0.00078293396
0.036264073 0.00078293396
0.036264073 0.00078293396
0.036264073 0.00078293396
0.036264073 0.00078293396
0.036264073 0.00078293396
0.036264073 0.00078293396
0.036264073 0.00078293396
0.036264073 0.00078293396
0.036264073 0.00078293396
0.036264073 0.00078293396
0.036264073 0.00078293396
0.035692293 0.0006216037
0.045074664 0.0012582999
0.045074664 0.0012582999
0.045074664 0.0012582999
0.045074664 0.0012582999
0.045074664 0.0012582999
0.045074664 0.0012582999
0.045074664 0.0012582999
0.045074664 0.0012582999
0.045074664 0.0012582999
0.045074664 0.0012582999
0.045074664 0.0012582999
0.045074664 0.0012582999
0.045074664 0.0012582999
0.043756474 0.001232881
0.043756474 0.001232881
0.043756474 0.001232881
0.043756474 0.001232881
0.043756474 0.001232881
0.043756474 0.001232881
0.043756474 0.001232881
0.043756474 0.001232881
0.043756474 0.001232881
0.043284938 0.0012158081
0.043284938 0.0012158081
0.043284938 0.0012158081
0.043284938 0.0012158081
0.043284938 0.0012158081
0.043284938 0.0012158081
0.043284938 0.0012158081
0.043284938 0.0012158081
0.043284938 0.0012158081
0.043284938 0.0012158081
0.043284938 0.0012158081
0.043284938 0.0012158081
0.043284938 0.0012158081
0.043284938 0.0012158081
0.043284938 0.0012158081
0.043284938 0.0012158081
0.043284938 0.0012158081
0.043284938 0.0012158081
0.043284938 0.0012158081
0.043284938 0.0012158081
0.043284938 0.0012158081
0.043284938 0.0012158081
0.043284938 0.0012158081
0.043284938 0.0012158081
0.043284938 0.0012158081
0.043284938 0.0012158081
0.043284938 0.0012158081
0.043284938 0.0012158081
0.043284938 0.0012158081
0.043284938 0.0012158081
0.043284938 0.0012158081
0.043284938 0.0012158081
0.043284938 0.0012158081
0.043284938 0.0012158081
0.043284938 0.0012158081
0.043284938 0.0012158081
0.043284938 0.0012158081
0.043284938 0.0012158081
0.043284938 0.0012158081
0.043284938 0.0012158081
0.043284938 0.0012158081
0.043284938 0.0012158081
0.043284938 0.0012158081
0.043284938 0.0012158081
0.043284938 0.0012158081
0.042679984 0.0012029822
0.0401853 0.001123472
0.0401853 0.001123472
0.0401853 0.001123472
0.039796572 0.0011142563
0.039796572 0.0011142563
0.039580345 0.0011106461
0.039580345 0.0011106461
0.039580345 0.0011106461
0.039580345 0.0011106461
0.039580345 0.0011106461
0.039580345 0.0011106461
0.039580345 0.0011106461
0.039580345 0.0011106461
0.039580345 0.0011106461
0.039580345 0.0011106461
0.039580345 0.0011106461
0.039580345 0.0011106461
0.039580345 0.0011106461
0.039580345 0.0011106461
0.039580345 0.0011106461
0.039580345 0.0011106461
0.039580345 0.0011106461
0.039580345 0.0011106461
0.039580345 0.0011106461
0.039580345 0.0011106461
0.039580345 0.0011106461
0.039580345 0.0011106461
0.039580345 0.0011106461
0.039580345 0.0011106461
0.039580345 0.0011106461
0.039580345 0.0011106461
0.039580345 0.0011106461
0.039580345 0.0011106461
0.039580345 0.0011106461
0.039580345 0.0011106461
0.039580345 0.0011106461
0.039580345 0.0011106461
0.039580345 0.0011106461
0.039580345 0.0011106461
0.039580345 0.0011106461
0.039580345 0.0011106461
0.039580345 0.0011106461
0.03909059 0.00109594
0.03909059 0.00109594
0.038377047 0.0010763769
0.038377047 0.0010763769
0.038377047 0.0010763769
0.038377047 0.0010763769
0.038377047 0.0010763769
0.038377047 0.0010763769
0.038377047 0.0010763769
0.038377047 0.0010763769
0.038377047 0.0010763769
0.038377047 0.0010763769
0.038377047 0.0010763769
0.038377047 0.0010763769
0.038377047 0.0010763769
0.038377047 0.0010763769
0.038377047 0.0010763769
0.038377047 0.0010763769
0.038377047 0.0010763769
0.038377047 0.0010763769
0.038377047 0.0010763769
0.038377047 0.0010763769
0.038377047 0.0010763769
0.038377047 0.0010763769
0.038377047 0.0010763769
0.038377047 0.0010763769
0.038377047 0.0010763769
0.038377047 0.0010763769
0.038377047 0.0010763769
0.038377047 0.0010763769
0.038377047 0.0010763769
0.038377047 0.0010763769
0.038377047 0.0010763769
0.038377047 0.0010763769
0.038377047 0.0010763769
0.038377047 0.0010763769
0.038377047 0.0010763769
0.038377047 0.0010763769
0.038377047 0.0010763769
0.038377047 0.0010763769
0.038377047 0.0010763769
0.038377047 0.0010763769
0.038377047 0.0010763769
0.038377047 0.0010763769
0.038377047 0.0010763769
0.038377047 0.0010763769
0.038377047 0.0010763769
0.038377047 0.0010763769
0.038377047 0.0010763769
0.038377047 0.0010763769
0.038377047 0.0010763769
0.038377047 0.0010763769
0.038377047 0.0010763769
0.038377047 0.0010763769
0.038377047 0.0010763769
0.038377047 0.0010763769
0.038377047 0.0010763769
0.038377047 0.0010763769
0.038377047 0.0010763769
0.038377047 0.0010763769
0.038377047 0.0010763769
0.038377047 0.0010763769
0.038377047 0.0010763769
0.038377047 0.0010763769
0.038377047 0.0010763769
0.038377047 0.0010763769
0.038377047 0.0010763769
0.038377047 0.0010763769
0.038377047 0.0010763769
0.038377047 0.0010763769
0.038377047 0.0010763769
0.038377047 0.0010763769
0.038377047 0.0010763769
0.038377047 0.0010763769
0.038377047 0.0010763769
0.038377047 0.0010763769
0.038377047 0.0010763769
0.038377047 0.0010763769
0.038377047 0.0010763769
0.038377047 0.0010763769
0.038377047 0.0010763769
0.038377047 0.0010763769
0.038377047 0.0010763769
0.038377047 0.0010763769
0.038377047 0.0010763769
0.038377047 0.0010763769
0.038377047 0.0010763769
0.038377047 0.0010763769
0.038377047 0.0010763769
0.038377047 0.0010763769
0.038377047 0.0010763769
0.038377047 0.0010763769
0.038377047 0.0010763769
0.038377047 0.0010763769
0.038377047 0.0010763769
0.038377047 0.0010763769
0.038377047 0.0010763769
0.038377047 0.0010763769
0.038377047 0.0010763769
0.038377047 0.0010763769
0.038377047 0.0010763769
0.038377047 0.0010763769
0.038377047 0.0010763769
0.038377047 0.0010763769
0.038377047 0.0010763769
0.038377047 0.0010763769
0.038377047 0.0010763769
0.038377047 0.0010763769
0.038377047 0.0010763769
0.038377047 0.0010763769
0.038377047 0.0010763769
0.038377047 0.0010763769
0.038377047 0.0010763769
0.038377047 0.0010763769
0.038377047 0.0010763769
0.038377047 0.0010763769
0.038377047 0.0010763769
0.038377047 0.0010763769
0.038377047 0.0010763769
0.038377047 0.0010763769
0.038377047 0.0010763769
0.038377047 0.0010763769
0.038377047 0.0010763769
0.038377047 0.0010763769
0.038377047 0.0010763769
0.038377047 0.0010763769
0.038377047 0.0010763769
0.038377047 0.0010763769
0.038377047 0.0010763769
0.038377047 0.0010763769
0.038377047 0.0010763769
0.038152818 0.0010491356
0.037347488 0.0009487969
0.037347488 0.0009487969
0.037051596 0.0009165332
0.037051596 0.0009165332
0.036264073 0.00078293396
0.036264073 0.00078293396
0.036264073 0.00078293396
0.036264073 0.00078293396
0.036264073 0.00078293396
0.036264073 0.00078293396
0.036264073 0.00078293396
0.036264073 0.00078293396
0.036264073 0.00078293396
0.036264073 0.00078293396
0.036264073 0.00078293396
0.047712356 0.001301905
0.047712356 0.001301905
0.047712356 0.001301905
0.047712356 0.001301905
0.047712356 0.001301905
0.047712356 0.001301905
0.046265922 0.0012752998
0.046265922 0.0012752998
0.046265922 0.0012752998
0.046265922 0.0012752998
0.046265922 0.0012752998
0.046265922 0.0012752998
0.046265922 0.0012752998
0.046265922 0.0012752998
0.045768607 0.001259347
0.043756474 0.001232881
0.043756474 0.001232881
0.043756474 0.001232881
0.043393526 0.0012225454
0.043284938 0.0012158081
0.043284938 0.0012158081
0.043284938 0.0012158081
0.04303197 0.0012099614
0.04303197 0.0012099614
0.042679984 0.0012029822
0.042679984 0.0012029822
0.042679984 0.0012029822
0.042679984 0.0012029822
0.042679984 0.0012029822
0.042679984 0.0012029822
0.042679984 0.0012029822
0.042679984 0.0012029822
0.042679984 0.0012029822
0.042679984 0.0012029822
0.042679984 0.0012029822
0.042679984 0.0012029822
0.042679984 0.0012029822
0.042679984 0.0012029822
0.042679984 0.0012029822
0.042679984 0.0012029822
0.042679984 0.0012029822
0.042679984 0.0012029822
0.042679984 0.0012029822
0.042679984 0.0012029822
0.042679984 0.0012029822
0.042679984 0.0012029822
0.042679984 0.0012029822
0.042679984 0.0012029822
0.042679984 0.0012029822
0.042679984 0.0012029822
0.042679984 0.0012029822
0.042679984 0.0012029822
0.042679984 0.0012029822
0.042679984 0.0012029822
0.042679984 0.0012029822
0.042679984 0.0012029822
0.042679984 0.0012029822
0.042679984 0.0012029822
0.042679984 0.0012029822
0.042679984 0.0012029822
0.042679984 0.0012029822
0.042679984 0.0012029822
0.042679984 0.0012029822
0.042679984 0.0012029822
0.042679984 0.0012029822
0.042679984 0.0012029822
0.042679984 0.0012029822
0.042679984 0.0012029822
0.042679984 0.0012029822
0.042679984 0.0012029822
0.042679984 0.0012029822
0.042679984 0.0012029822
0.042679984 0.0012029822
0.042679984 0.0012029822
0.042679984 0.0012029822
0.042679984 0.0012029822
0.042679984 0.0012029822
0.042679984 0.0012029822
0.042679984 0.0012029822
0.042679984 0.0012029822
0.042679984 0.0012029822
0.042679984 0.0012029822
0.042679984 0.0012029822
0.042679984 0.0012029822
0.042679984 0.0012029822
0.042679984 0.0012029822
0.042679984 0.0012029822
0.042679984 0.0012029822
0.042679984 0.0012029822
0.042679984 0.0012029822
0.042679984 0.0012029822
0.042679984 0.0012029822
0.042679984 0.0012029822
0.042679984 0.0012029822
0.042679984 0.0012029822
0.042679984 0.0012029822
0.042679984 0.0012029822
0.042679984 0.0012029822
0.042679984 0.0012029822
0.042679984 0.0012029822
0.042679984 0.0012029822
0.042679984 0.0012029822
0.042679984 0.0012029822
0.042679984 0.0012029822
0.042679984 0.0012029822
0.042679984 0.0012029822
0.042679984 0.0012029822
0.042679984 0.0012029822
0.042679984 0.0012029822
0.042679984 0.0012029822
0.042679984 0.0012029822
0.042679984 0.0012029822
0.042679984 0.0012029822
0.042679984 0.0012029822
0.042679984 0.0012029822
0.042679984 0.0012029822
0.042679984 0.0012029822
0.042679984 0.0012029822
0.042679984 0.0012029822
0.042679984 0.0012029822
0.042679984 0.0012029822
0.042679984 0.0012029822
0.042679984 0.0012029822
0.042679984 0.0012029822
0.042679984 0.0012029822
0.042627484 0.0011709604
0.040891282 0.0011417883
0.040891282 0.0011417883
0.039580345 0.0011106461
0.039580345 0.0011106461
0.039580345 0.0011106461
0.039580345 0.0011106461
0.039435014 0.0011016723
0.039435014 0.0011016723
0.039435014 0.0011016723
0.039435014 0.0011016723
0.03908303 0.0010946931
0.03908303 0.0010946931
0.03908303 0.0010946931
0.03908303 0.0010946931
0.03908303 0.0010946931
0.03908303 0.0010946931
0.03908303 0.0010946931
0.038485635 0.0010831141
0.038485635 0.0010831141
0.038377047 0.0010763769
0.038377047 0.0010763769
0.038377047 0.0010763769
0.038152818 0.0010491356
0.038081154 0.0010441131
0.038081154 0.0010441131
0.038081154 0.0010441131
0.038081154 0.0010441131
0.038081154 0.0010441131
0.038081154 0.0010441131
0.037347488 0.0009487969
0.048669297 0.0013217102
0.048669297 0.0013217102
0.048425898 0.0013214683
0.048425898 0.0013214683
0.048425898 0.0013214683
0.048425898 0.0013214683
0.048425898 0.0013214683
0.048425898 0.0013214683
0.048425898 0.0013214683
0.048425898 0.0013214683
0.047928583 0.0013055153
0.047928583 0.0013055153
0.046979465 0.0012948631
0.046979465 0.0012948631
0.04687088 0.0012881258
0.04648215 0.0012789101
0.045768607 0.001259347
0.044705853 0.0012514392
0.0443429 0.0012411036
0.0443429 0.0012411036
0.044108458 0.0012398602
0.044108458 0.0012398602
0.044108458 0.0012398602
0.044108458 0.0012398602
0.044108458 0.0012398602
0.044108458 0.0012398602
0.044108458 0.0012398602
0.043990918 0.0012341244
0.043756474 0.001232881
0.043756474 0.001232881
0.043756474 0.001232881
0.043756474 0.001232881
0.04363692 0.0012227873
0.043393526 0.0012225454
0.043393526 0.0012225454
0.043393526 0.0012225454
0.043393526 0.0012225454
0.043393526 0.0012225454
0.043284938 0.0012158081
0.043284938 0.0012158081
0.043284938 0.0012158081
0.043284938 0.0012158081
0.043284938 0.0012158081
0.042679984 0.0012029822
0.042679984 0.0012029822
0.042679984 0.0012029822
0.042679984 0.0012029822
0.041151505 0.0011419117
0.040891282 0.0011417883
0.040891282 0.0011417883
0.040293887 0.0011302093
0.040293887 0.0011302093
0.040293887 0.0011302093
0.040293887 0.0011302093
0.040293887 0.0011302093
0.040293887 0.0011302093
0.040293887 0.0011302093
0.040293887 0.0011302093
0.040293887 0.0011302093
0.0401853 0.001123472
0.0401853 0.001123472
0.0401853 0.001123472
0.0401853 0.001123472
0.0401853 0.001123472
0.0401853 0.001123472
0.0401853 0.001123472
0.0401853 0.001123472
0.0401853 0.001123472
0.0401853 0.001123472
0.0401853 0.001123472
0.0401853 0.001123472
0.0401853 0.001123472
0.0401853 0.001123472
0.0401853 0.001123472
0.0401853 0.001123472
0.0401853 0.001123472
0.0401853 0.001123472
0.0401853 0.001123472
0.0401853 0.001123472
0.0401853 0.001123472
0.0401853 0.001123472
0.0401853 0.001123472
0.0401853 0.001123472
0.0401853 0.001123472
0.0401853 0.001123472
0.0401853 0.001123472
0.0401853 0.001123472
0.0401853 0.001123472
0.0401853 0.001123472
0.0401853 0.001123472
0.0401853 0.001123472
0.0401853 0.001123472
0.0401853 0.001123472
0.0401853 0.001123472
0.0401853 0.001123472
0.0401853 0.001123472
0.0401853 0.001123472
0.0401853 0.001123472
0.0401853 0.001123472
0.0401853 0.001123472
0.03993233 0.0011176253
0.03993233 0.0011176253
0.039796572 0.0011142563
0.039796572 0.0011142563
0.039580345 0.0011106461
0.03909059 0.00109594
0.03909059 0.00109594
0.03908303 0.0010946931
0.038377047 0.0010763769
0.038377047 0.0010763769
0.038377047 0.0010763769
0.038377047 0.0010763769
0.038152818 0.0010491356
0.038152818 0.0010491356
0.038152818 0.0010491356
0.038152818 0.0010491356
0.038152818 0.0010491356
0.038152818 0.0010491356
0.038152818 0.0010491356
0.038152818 0.0010491356
0.038081154 0.0010441131
0.038081154 0.0010441131
0.038081154 0.0010441131
0.038081154 0.0010441131
0.038081154 0.0010441131
0.038081154 0.0010441131
0.038081154 0.0010441131
0.038081154 0.0010441131
0.038081154 0.0010441131
0.038081154 0.0010441131
0.038081154 0.0010441131
0.037974812 0.0009914375
0.037051596 0.0009165332
0.037051596 0.0009165332
0.037051596 0.0009165332
0.037051596 0.0009165332
0.037051596 0.0009165332
0.03613521 0.00065570045
0.048669297 0.0013217102
0.048317313 0.001314731
0.04818907 0.0013135447
0.04818907 0.0013135447
0.04818907 0.0013135447
0.04818907 0.0013135447
0.04818907 0.0013135447
0.04818907 0.0013135447
0.04818907 0.0013135447
0.04818907 0.0013135447
0.04818907 0.0013135447
0.04818907 0.0013135447
0.04818907 0.0013135447
0.04818907 0.0013135447
0.047222864 0.001295105
0.047222864 0.001295105
0.047222864 0.001295105
0.047222864 0.001295105
0.047222864 0.001295105
0.047222864 0.001295105
0.047222864 0.001295105
0.047222864 0.001295105
0.047222864 0.001295105
0.047222864 0.001295105
0.047222864 0.001295105
0.047222864 0.001295105
0.047222864 0.001295105
0.047222864 0.001295105
0.047222864 0.001295105
0.047222864 0.001295105
0.047222864 0.001295105
0.047222864 0.001295105
0.047222864 0.001295105
0.047222864 0.001295105
0.047222864 0.001295105
0.046979465 0.0012948631
0.046979465 0.0012948631
0.046979465 0.0012948631
0.046979465 0.0012948631
0.046979465 0.0012948631
0.046979465 0.0012948631
0.04687088 0.0012881258
0.04687088 0.0012881258
0.04687088 0.0012881258
0.04687088 0.0012881258
0.04687088 0.0012881258
0.04577617 0.0012605939
0.04577617 0.0012605939
0.04577617 0.0012605939
0.04577617 0.0012605939
0.04577617 0.0012605939
0.04577617 0.0012605939
0.04577617 0.0012605939
0.04577617 0.0012605939
0.04577617 0.0012605939
0.04577617 0.0012605939
0.04577617 0.0012605939
0.04577617 0.0012605939
0.04577617 0.0012605939
0.04577617 0.0012605939
0.04577617 0.0012605939
0.04577617 0.0012605939
0.04577617 0.0012605939
0.04577617 0.0012605939
0.04577617 0.0012605939
0.04577617 0.0012605939
0.04577617 0.0012605939
0.045074664 0.0012582999
0.044705853 0.0012514392
0.0443429 0.0012411036
0.044108458 0.0012398602
0.044108458 0.0012398602
0.044108458 0.0012398602
0.044108458 0.0012398602
0.04363692 0.0012227873
0.04363692 0.0012227873
0.04363692 0.0012227873
0.04363692 0.0012227873
0.04363692 0.0012227873
0.04363692 0.0012227873
0.04363692 0.0012227873
0.04363692 0.0012227873
0.04363692 0.0012227873
0.04363692 0.0012227873
0.04363692 0.0012227873
0.04363692 0.0012227873
0.04363692 0.0012227873
0.04363692 0.0012227873
0.04363692 0.0012227873
0.04363692 0.0012227873
0.04363692 0.0012227873
0.04363692 0.0012227873
0.04363692 0.0012227873
0.04363692 0.0012227873
0.04363692 0.0012227873
0.04363692 0.0012227873
0.04363692 0.0012227873
0.043393526 0.0012225454
0.043284938 0.0012158081
0.043284938 0.0012158081
0.043284938 0.0012158081
0.043284938 0.0012158081
0.043284938 0.0012158081
0.043284938 0.0012158081
0.043284938 0.0012158081
0.043284938 0.0012158081
0.043284938 0.0012158081
0.043284938 0.0012158081
0.043284938 0.0012158081
0.043284938 0.0012158081
0.043284938 0.0012158081
0.043284938 0.0012158081
0.043284938 0.0012158081
0.043284938 0.0012158081
0.043284938 0.0012158081
0.043284938 0.0012158081
0.043284938 0.0012158081
0.043284938 0.0012158081
0.043284938 0.0012158081
0.043284938 0.0012158081
0.043284938 0.0012158081
0.043284938 0.0012158081
0.043284938 0.0012158081
0.043284938 0.0012158081
0.043284938 0.0012158081
0.043284938 0.0012158081
0.043284938 0.0012158081
0.043284938 0.0012158081
0.043284938 0.0012158081
0.043284938 0.0012158081
0.043284938 0.0012158081
0.043284938 0.0012158081
0.043284938 0.0012158081
0.043284938 0.0012158081
0.043284938 0.0012158081
0.043284938 0.0012158081
0.043284938 0.0012158081
0.043284938 0.0012158081
0.043284938 0.0012158081
0.043284938 0.0012158081
0.043284938 0.0012158081
0.043284938 0.0012158081
0.04303197 0.0012099614
0.04303197 0.0012099614
0.04303197 0.0012099614
0.04303197 0.0012099614
0.04303197 0.0012099614
0.04303197 0.0012099614
0.04303197 0.0012099614
0.04303197 0.0012099614
0.04303197 0.0012099614
0.04303197 0.0012099614
0.04303197 0.0012099614
0.04303197 0.0012099614
0.04303197 0.0012099614
0.04303197 0.0012099614
0.04303197 0.0012099614
0.04303197 0.0012099614
0.04303197 0.0012099614
0.04303197 0.0012099614
0.04303197 0.0012099614
0.04303197 0.0012099614
0.04303197 0.0012099614
0.04303197 0.0012099614
0.040537287 0.0011304512
0.040537287 0.0011304512
0.040537287 0.0011304512
0.040293887 0.0011302093
0.039796572 0.0011142563
0.03909059 0.00109594
0.03909059 0.00109594
0.03909059 0.00109594
0.03909059 0.00109594
0.03908303 0.0010946931
0.03908303 0.0010946931
0.038729034 0.0010833561
0.038729034 0.0010833561
0.038729034 0.0010833561
0.038729034 0.0010833561
0.038729034 0.0010833561
0.038729034 0.0010833561
0.038729034 0.0010833561
0.038729034 0.0010833561
0.038729034 0.0010833561
0.038729034 0.0010833561
0.038729034 0.0010833561
0.038729034 0.0010833561
0.038729034 0.0010833561
0.038729034 0.0010833561
0.038729034 0.0010833561
0.038729034 0.0010833561
0.038729034 0.0010833561
0.038729034 0.0010833561
0.038729034 0.0010833561
0.038729034 0.0010833561
0.038729034 0.0010833561
0.038729034 0.0010833561
0.038729034 0.0010833561
0.038729034 0.0010833561
0.038729034 0.0010833561
0.038729034 0.0010833561
0.038729034 0.0010833561
0.038729034 0.0010833561
0.038729034 0.0010833561
0.038485635 0.0010831141
0.038485635 0.0010831141
0.038485635 0.0010831141
0.038485635 0.0010831141
0.038485635 0.0010831141
0.038377047 0.0010763769
0.038377047 0.0010763769
0.038377047 0.0010763769
0.038377047 0.0010763769
0.038377047 0.0010763769
0.038377047 0.0010763769
0.038377047 0.0010763769
0.038377047 0.0010763769
0.038377047 0.0010763769
0.038377047 0.0010763769
0.038377047 0.0010763769
0.038081154 0.0010441131
0.037680306 0.0009827755
0.037680306 0.0009827755
0.037680306 0.0009827755
0.037456077 0.0009555342
0.036629338 0.0008394793
0.036629338 0.0008394793
0.045768607 0.001259347
0.045074664 0.0012582999
0.045074664 0.0012582999
0.045074664 0.0012582999
0.043990918 0.0012341244
0.043756474 0.001232881
0.043756474 0.001232881
0.043756474 0.001232881
0.043756474 0.001232881
0.043756474 0.001232881
0.043284938 0.0012158081
0.043284938 0.0012158081
0.043284938 0.0012158081
0.043284938 0.0012158081
0.043284938 0.0012158081
0.043284938 0.0012158081
0.043284938 0.0012158081
0.043284938 0.0012158081
0.043284938 0.0012158081
0.043284938 0.0012158081
0.043284938 0.0012158081
0.043284938 0.0012158081
0.043284938 0.0012158081
0.043284938 0.0012158081
0.043284938 0.0012158081
0.043284938 0.0012158081
0.043284938 0.0012158081
0.043284938 0.0012158081
0.043284938 0.0012158081
0.043284938 0.0012158081
0.043284938 0.0012158081
0.043284938 0.0012158081
0.043284938 0.0012158081
0.043284938 0.0012158081
0.043284938 0.0012158081
0.043284938 0.0012158081
0.043284938 0.0012158081
0.043284938 0.0012158081
0.043284938 0.0012158081
0.043284938 0.0012158081
0.043284938 0.0012158081
0.043284938 0.0012158081
0.043284938 0.0012158081
0.043284938 0.0012158081
0.043284938 0.0012158081
0.043284938 0.0012158081
0.043284938 0.0012158081
0.043284938 0.0012158081
0.04292338 0.0012032241
0.04292338 0.0012032241
0.04292338 0.0012032241
0.04292338 0.0012032241
0.042679984 0.0012029822
0.042679984 0.0012029822
0.042679984 0.0012029822
0.042679984 0.0012029822
0.042679984 0.0012029822
0.042679984 0.0012029822
0.042679984 0.0012029822
0.042679984 0.0012029822
0.042679984 0.0012029822
0.042679984 0.0012029822
0.042679984 0.0012029822
0.042679984 0.0012029822
0.042679984 0.0012029822
0.042679984 0.0012029822
0.042679984 0.0012029822
0.042679984 0.0012029822
0.042679984 0.0012029822
0.042679984 0.0012029822
0.042679984 0.0012029822
0.042679984 0.0012029822
0.042679984 0.0012029822
0.042679984 0.0012029822
0.042679984 0.0012029822
0.042679984 0.0012029822
0.042679984 0.0012029822
0.042679984 0.0012029822
0.042679984 0.0012029822
0.042679984 0.0012029822
0.042679984 0.0012029822
0.042679984 0.0012029822
0.042679984 0.0012029822
0.042679984 0.0012029822
0.042679984 0.0012029822
0.042679984 0.0012029822
0.042679984 0.0012029822
0.042679984 0.0012029822
0.042679984 0.0012029822
0.042679984 0.0012029822
0.042679984 0.0012029822
0.042679984 0.0012029822
0.042679984 0.0012029822
0.042679984 0.0012029822
0.042679984 0.0012029822
0.042679984 0.0012029822
0.042679984 0.0012029822
0.042679984 0.0012029822
0.042679984 0.0012029822
0.042679984 0.0012029822
0.042679984 0.0012029822
0.042679984 0.0012029822
0.042679984 0.0012029822
0.042679984 0.0012029822
0.042679984 0.0012029822
0.042679984 0.0012029822
0.042679984 0.0012029822
0.042679984 0.0012029822
0.042679984 0.0012029822
0.042679984 0.0012029822
0.042679984 0.0012029822
0.042679984 0.0012029822
0.042679984 0.0012029822
0.042679984 0.0012029822
0.042679984 0.0012029822
0.042679984 0.0012029822
0.042679984 0.0012029822
0.042679984 0.0012029822
0.042679984 0.0012029822
0.042679984 0.0012029822
0.042679984 0.0012029822
0.042679984 0.0012029822
0.042679984 0.0012029822
0.042679984 0.0012029822
0.042679984 0.0012029822
0.042679984 0.0012029822
0.042679984 0.0012029822
0.042679984 0.0012029822
0.042679984 0.0012029822
0.042679984 0.0012029822
0.042679984 0.0012029822
0.042679984 0.0012029822
0.042679984 0.0012029822
0.042679984 0.0012029822
0.042679984 0.0012029822
0.042679984 0.0012029822
0.042679984 0.0012029822
0.042679984 0.0012029822
0.042679984 0.0012029822
0.042679984 0.0012029822
0.042679984 0.0012029822
0.042679984 0.0012029822
0.042679984 0.0012029822
0.042679984 0.0012029822
0.042679984 0.0012029822
0.042679984 0.0012029822
0.042679984 0.0012029822
0.042679984 0.0012029822
0.042679984 0.0012029822
0.042679984 0.0012029822
0.042679984 0.0012029822
0.042679984 0.0012029822
0.042679984 0.0012029822
0.042679984 0.0012029822
0.042679984 0.0012029822
0.042679984 0.0012029822
0.042679984 0.0012029822
0.042679984 0.0012029822
0.042679984 0.0012029822
0.042679984 0.0012029822
0.042679984 0.0012029822
0.042679984 0.0012029822
0.042679984 0.0012029822
0.042679984 0.0012029822
0.042679984 0.0012029822
0.042679984 0.0012029822
0.042679984 0.0012029822
0.042679984 0.0012029822
0.042679984 0.0012029822
0.042679984 0.0012029822
0.042679984 0.0012029822
0.042679984 0.0012029822
0.042679984 0.0012029822
0.042679984 0.0012029822
0.042679984 0.0012029822
0.042679984 0.0012029822
0.042679984 0.0012029822
0.042679984 0.0012029822
0.042679984 0.0012029822
0.042679984 0.0012029822
0.042679984 0.0012029822
0.042679984 0.0012029822
0.042679984 0.0012029822
0.042679984 0.0012029822
0.042679984 0.0012029822
0.042679984 0.0012029822
0.042679984 0.0012029822
0.042679984 0.0012029822
0.042679984 0.0012029822
0.042679984 0.0012029822
0.042679984 0.0012029822
0.042679984 0.0012029822
0.042679984 0.0012029822
0.042679984 0.0012029822
0.042679984 0.0012029822
0.042679984 0.0012029822
0.042679984 0.0012029822
0.042679984 0.0012029822
0.042679984 0.0012029822
0.042679984 0.0012029822
0.042679984 0.0012029822
0.042679984 0.0012029822
0.042679984 0.0012029822
0.042679984 0.0012029822
0.042679984 0.0012029822
0.042679984 0.0012029822
0.042679984 0.0012029822
0.039580345 0.0011106461
0.03908303 0.0010946931
0.03908303 0.0010946931
0.038729034 0.0010833561
0.038729034 0.0010833561
0.038377047 0.0010763769
0.038377047 0.0010763769
0.038377047 0.0010763769
0.038377047 0.0010763769
0.038377047 0.0010763769
0.038377047 0.0010763769
0.038377047 0.0010763769
0.038377047 0.0010763769
0.038377047 0.0010763769
0.038377047 0.0010763769
0.038377047 0.0010763769
0.038377047 0.0010763769
0.038377047 0.0010763769
0.038377047 0.0010763769
0.038377047 0.0010763769
0.038377047 0.0010763769
0.038377047 0.0010763769
0.038377047 0.0010763769
0.038377047 0.0010763769
0.038377047 0.0010763769
0.038377047 0.0010763769
0.038377047 0.0010763769
0.038377047 0.0010763769
0.038377047 0.0010763769
0.038377047 0.0010763769
0.038377047 0.0010763769
0.038377047 0.0010763769
0.038377047 0.0010763769
0.038377047 0.0010763769
0.038377047 0.0010763769
0.038377047 0.0010763769
0.038377047 0.0010763769
0.038377047 0.0010763769
0.038377047 0.0010763769
0.038377047 0.0010763769
0.038377047 0.0010763769
0.038377047 0.0010763769
0.038377047 0.0010763769
0.038377047 0.0010763769
0.038377047 0.0010763769
0.038377047 0.0010763769
0.038377047 0.0010763769
0.038377047 0.0010763769
0.038377047 0.0010763769
0.038377047 0.0010763769
0.038377047 0.0010763769
0.038377047 0.0010763769
0.038377047 0.0010763769
0.038377047 0.0010763769
0.038377047 0.0010763769
0.038377047 0.0010763769
0.038377047 0.0010763769
0.038377047 0.0010763769
0.038377047 0.0010763769
0.038377047 0.0010763769
0.038377047 0.0010763769
0.038377047 0.0010763769
0.038377047 0.0010763769
0.038377047 0.0010763769
0.038377047 0.0010763769
0.038377047 0.0010763769
0.038377047 0.0010763769
0.038377047 0.0010763769
0.038377047 0.0010763769
0.038377047 0.0010763769
0.038377047 0.0010763769
0.038377047 0.0010763769
0.038377047 0.0010763769
0.038152818 0.0010491356
0.038152818 0.0010491356
0.038081154 0.0010441131
0.03807299 0.0009935535
0.037680306 0.0009827755
0.037275825 0.0009437744
0.037275825 0.0009437744
0.037275825 0.0009437744
0.037275825 0.0009437744
0.037275825 0.0009437744
0.037275825 0.0009437744
0.037275825 0.0009437744
0.037275825 0.0009437744
0.037275825 0.0009437744
0.037275825 0.0009437744
0.037275825 0.0009437744
0.037275825 0.0009437744
0.037275825 0.0009437744
0.037275825 0.0009437744
0.037275825 0.0009437744
0.037275825 0.0009437744
0.037275825 0.0009437744
0.037275825 0.0009437744
0.037275825 0.0009437744
0.037275825 0.0009437744
0.037275825 0.0009437744
0.037275825 0.0009437744
0.037275825 0.0009437744
0.037275825 0.0009437744
0.037275825 0.0009437744
0.037275825 0.0009437744
0.037275825 0.0009437744
0.037275825 0.0009437744
0.037275825 0.0009437744
0.037275825 0.0009437744
0.037275825 0.0009437744
0.037275825 0.0009437744
0.037275825 0.0009437744
0.037275825 0.0009437744
0.037275825 0.0009437744
0.037275825 0.0009437744
0.037275825 0.0009437744
0.037275825 0.0009437744
0.037275825 0.0009437744
0.037275825 0.0009437744
0.04496608 0.0012515626
0.04496608 0.0012515626
0.04496608 0.0012515626
0.04496608 0.0012515626
0.04496608 0.0012515626
0.044705853 0.0012514392
0.044705853 0.0012514392
0.044705853 0.0012514392
0.044705853 0.0012514392
0.044705853 0.0012514392
0.044705853 0.0012514392
0.044705853 0.0012514392
0.044705853 0.0012514392
0.044705853 0.0012514392
0.044705853 0.0012514392
0.044705853 0.0012514392
0.044705853 0.0012514392
0.044705853 0.0012514392
0.044705853 0.0012514392
0.044705853 0.0012514392
0.044705853 0.0012514392
0.044603128 0.001241227
0.044108458 0.0012398602
0.044108458 0.0012398602
0.043990918 0.0012341244
0.043990918 0.0012341244
0.043990918 0.0012341244
0.043990918 0.0012341244
0.043990918 0.0012341244
0.043990918 0.0012341244
0.043990918 0.0012341244
0.043990918 0.0012341244
0.043990918 0.0012341244
0.043990918 0.0012341244
0.043990918 0.0012341244
0.043990918 0.0012341244
0.043990918 0.0012341244
0.043756474 0.001232881
0.043756474 0.001232881
0.043756474 0.001232881
0.043756474 0.001232881
0.043756474 0.001232881
0.043756474 0.001232881
0.043393526 0.0012225454
0.043393526 0.0012225454
0.043393526 0.0012225454
0.043393526 0.0012225454
0.043393526 0.0012225454
0.043393526 0.0012225454
0.043393526 0.0012225454
0.043393526 0.0012225454
0.043393526 0.0012225454
0.043393526 0.0012225454
0.043393526 0.0012225454
0.043284938 0.0012158081
0.043284938 0.0012158081
0.042679984 0.0012029822
0.042679984 0.0012029822
0.042679984 0.0012029822
0.042679984 0.0012029822
0.042679984 0.0012029822
0.042679984 0.0012029822
0.042679984 0.0012029822
0.042679984 0.0012029822
0.042679984 0.0012029822
0.042679984 0.0012029822
0.042679984 0.0012029822
0.042679984 0.0012029822
0.042679984 0.0012029822
0.042679984 0.0012029822
0.042679984 0.0012029822
0.042679984 0.0012029822
0.042679984 0.0012029822
0.042679984 0.0012029822
0.042679984 0.0012029822
0.042679984 0.0012029822
0.042679984 0.0012029822
0.042679984 0.0012029822
0.042679984 0.0012029822
0.042679984 0.0012029822
0.042679984 0.0012029822
0.042679984 0.0012029822
0.042679984 0.0012029822
0.042679984 0.0012029822
0.042679984 0.0012029822
0.042679984 0.0012029822
0.042679984 0.0012029822
0.042679984 0.0012029822
0.042679984 0.0012029822
0.042679984 0.0012029822
0.042679984 0.0012029822
0.042679984 0.0012029822
0.042679984 0.0012029822
0.042679984 0.0012029822
0.042679984 0.0012029822
0.042679984 0.0012029822
0.042679984 0.0012029822
0.042679984 0.0012029822
0.042679984 0.0012029822
0.042679984 0.0012029822
0.042679984 0.0012029822
0.042679984 0.0012029822
0.042679984 0.0012029822
0.042679984 0.0012029822
0.042679984 0.0012029822
0.042679984 0.0012029822
0.042679984 0.0012029822
0.042679984 0.0012029822
0.042679984 0.0012029822
0.042679984 0.0012029822
0.042679984 0.0012029822
0.042679984 0.0012029822
0.042679984 0.0012029822
0.042679984 0.0012029822
0.042679984 0.0012029822
0.042679984 0.0012029822
0.042679984 0.0012029822
0.041151505 0.0011419117
0.040891282 0.0011417883
0.040891282 0.0011417883
0.0401853 0.001123472
0.039580345 0.0011106461
0.039580345 0.0011106461
0.039580345 0.0011106461
0.03909059 0.00109594
0.038485635 0.0010831141
0.038485635 0.0010831141
0.038485635 0.0010831141
0.038485635 0.0010831141
0.038485635 0.0010831141
0.038485635 0.0010831141
0.038485635 0.0010831141
0.038485635 0.0010831141
0.038485635 0.0010831141
0.038485635 0.0010831141
0.038485635 0.0010831141
0.038485635 0.0010831141
0.038485635 0.0010831141
0.038485635 0.0010831141
0.038485635 0.0010831141
0.038485635 0.0010831141
0.038485635 0.0010831141
0.038485635 0.0010831141
0.038485635 0.0010831141
0.038485635 0.0010831141
0.038485635 0.0010831141
0.038485635 0.0010831141
0.038485635 0.0010831141
0.038485635 0.0010831141
0.038485635 0.0010831141
0.038485635 0.0010831141
0.038485635 0.0010831141
0.038485635 0.0010831141
0.038485635 0.0010831141
0.038485635 0.0010831141
0.038485635 0.0010831141
0.038485635 0.0010831141
0.038485635 0.0010831141
0.038485635 0.0010831141
0.038485635 0.0010831141
0.038485635 0.0010831141
0.038485635 0.0010831141
0.038485635 0.0010831141
0.038485635 0.0010831141
0.038485635 0.0010831141
0.038485635 0.0010831141
0.038485635 0.0010831141
0.038485635 0.0010831141
0.038485635 0.0010831141
0.038485635 0.0010831141
0.038485635 0.0010831141
0.038485635 0.0010831141
0.038485635 0.0010831141
0.038485635 0.0010831141
0.038485635 0.0010831141
0.038485635 0.0010831141
0.038377047 0.0010763769
0.038377047 0.0010763769
0.038377047 0.0010763769
0.038377047 0.0010763769
0.038377047 0.0010763769
0.038377047 0.0010763769
0.038377047 0.0010763769
0.038377047 0.0010763769
0.038377047 0.0010763769
0.038377047 0.0010763769
0.038377047 0.0010763769
0.038152818 0.0010491356
0.038152818 0.0010491356
0.038152818 0.0010491356
0.038081154 0.0010441131
0.038081154 0.0010441131
0.038081154 0.0010441131
0.038081154 0.0010441131
0.038081154 0.0010441131
0.038081154 0.0010441131
0.038081154 0.0010441131
0.038081154 0.0010441131
0.038081154 0.0010441131
0.038081154 0.0010441131
0.038081154 0.0010441131
0.037456077 0.0009555342
0.037384413 0.00095051166
0.037384413 0.00095051166
0.037347488 0.0009487969
0.037051596 0.0009165332
0.037051596 0.0009165332
0.037051596 0.0009165332
0.037051596 0.0009165332
0.037051596 0.0009165332
0.037051596 0.0009165332
0.037051596 0.0009165332
0.037051596 0.0009165332
0.037051596 0.0009165332
0.037051596 0.0009165332
0.037051596 0.0009165332
0.037051596 0.0009165332
0.037051596 0.0009165332
0.037051596 0.0009165332
0.037051596 0.0009165332
0.037051596 0.0009165332
0.037051596 0.0009165332
0.037051596 0.0009165332
0.037051596 0.0009165332
0.037051596 0.0009165332
0.037051596 0.0009165332
0.037051596 0.0009165332
0.037051596 0.0009165332
0.037051596 0.0009165332
0.037051596 0.0009165332
0.037051596 0.0009165332
0.037051596 0.0009165332
0.037051596 0.0009165332
0.037051596 0.0009165332
0.037051596 0.0009165332
0.037051596 0.0009165332
0.037051596 0.0009165332
0.037051596 0.0009165332
0.037051596 0.0009165332
0.037051596 0.0009165332
0.037051596 0.0009165332
0.037051596 0.0009165332
0.037051596 0.0009165332
0.037051596 0.0009165332
0.037051596 0.0009165332
0.037051596 0.0009165332
0.037051596 0.0009165332
0.037051596 0.0009165332
0.037051596 0.0009165332
0.037051596 0.0009165332
0.037051596 0.0009165332
0.037051596 0.0009165332
0.037051596 0.0009165332
0.037051596 0.0009165332
0.037051596 0.0009165332
0.037051596 0.0009165332
0.037051596 0.0009165332
0.037051596 0.0009165332
0.037051596 0.0009165332
0.037051596 0.0009165332
0.037051596 0.0009165332
0.037051596 0.0009165332
0.037051596 0.0009165332
0.037051596 0.0009165332
0.037051596 0.0009165332
0.037051596 0.0009165332
0.037051596 0.0009165332
0.03682475 0.00086510455
0.036431618 0.00080933166
0.049375277 0.0013400265
0.047928844 0.0013134213
0.047928844 0.0013134213
0.047928844 0.0013134213
0.047928844 0.0013134213
0.047928844 0.0013134213
0.047928844 0.0013134213
0.047928844 0.0013134213
0.047928844 0.0013134213
0.046617907 0.001282279
0.046617907 0.001282279
0.045074664 0.0012582999
0.045074664 0.0012582999
0.045074664 0.0012582999
0.045074664 0.0012582999
0.045074664 0.0012582999
0.045074664 0.0012582999
0.045074664 0.0012582999
0.045074664 0.0012582999
0.045074664 0.0012582999
0.045074664 0.0012582999
0.045074664 0.0012582999
0.045074664 0.0012582999
0.0443429 0.0012411036
0.0443429 0.0012411036
0.0443429 0.0012411036
0.0443429 0.0012411036
0.044108458 0.0012398602
0.044108458 0.0012398602
0.044108458 0.0012398602
0.044108458 0.0012398602
0.044108458 0.0012398602
0.044108458 0.0012398602
0.044108458 0.0012398602
0.044108458 0.0012398602
0.044108458 0.0012398602
0.044108458 0.0012398602
0.044108458 0.0012398602
0.044108458 0.0012398602
0.043393526 0.0012225454
0.043393526 0.0012225454
0.043393526 0.0012225454
0.043393526 0.0012225454
0.043393526 0.0012225454
0.043393526 0.0012225454
0.043393526 0.0012225454
0.043393526 0.0012225454
0.043393526 0.0012225454
0.043393526 0.0012225454
0.043393526 0.0012225454
0.043393526 0.0012225454
0.043393526 0.0012225454
0.043393526 0.0012225454
0.043393526 0.0012225454
0.043393526 0.0012225454
0.043393526 0.0012225454
0.043393526 0.0012225454
0.043284938 0.0012158081
0.043284938 0.0012158081
0.043284938 0.0012158081
0.043284938 0.0012158081
0.043284938 0.0012158081
0.04303197 0.0012099614
0.04303197 0.0012099614
0.04303197 0.0012099614
0.04303197 0.0012099614
0.04303197 0.0012099614
0.04303197 0.0012099614
0.04303197 0.0012099614
0.04303197 0.0012099614
0.04303197 0.0012099614
0.04303197 0.0012099614
0.04303197 0.0012099614
0.04303197 0.0012099614
0.04303197 0.0012099614
0.04303197 0.0012099614
0.04303197 0.0012099614
0.04303197 0.0012099614
0.04303197 0.0012099614
0.04303197 0.0012099614
0.04303197 0.0012099614
0.04303197 0.0012099614
0.04303197 0.0012099614
0.04303197 0.0012099614
0.04303197 0.0012099614
0.04303197 0.0012099614
0.04303197 0.0012099614
0.04303197 0.0012099614
0.04303197 0.0012099614
0.04303197 0.0012099614
0.04303197 0.0012099614
0.04292338 0.0012032241
0.04292338 0.0012032241
0.04292338 0.0012032241
0.04292338 0.0012032241
0.042679984 0.0012029822
0.042679984 0.0012029822
0.03909059 0.00109594
0.038485635 0.0010831141
0.038485635 0.0010831141
0.038485635 0.0010831141
0.038485635 0.0010831141
0.038485635 0.0010831141
0.038485635 0.0010831141
0.038485635 0.0010831141
0.038485635 0.0010831141
0.038485635 0.0010831141
0.038485635 0.0010831141
0.038485635 0.0010831141
0.038485635 0.0010831141
0.038485635 0.0010831141
0.038485635 0.0010831141
0.038485635 0.0010831141
0.038485635 0.0010831141
0.038485635 0.0010831141
0.038485635 0.0010831141
0.038485635 0.0010831141
0.038485635 0.0010831141
0.038485635 0.0010831141
0.038485635 0.0010831141
0.038485635 0.0010831141
0.038485635 0.0010831141
0.038485635 0.0010831141
0.038485635 0.0010831141
0.038485635 0.0010831141
0.038485635 0.0010831141
0.038485635 0.0010831141
0.038485635 0.0010831141
0.038485635 0.0010831141
0.038485635 0.0010831141
0.038485635 0.0010831141
0.038485635 0.0010831141
0.038485635 0.0010831141
0.038485635 0.0010831141
0.038485635 0.0010831141
0.038485635 0.0010831141
0.038485635 0.0010831141
0.038485635 0.0010831141
0.038485635 0.0010831141
0.038485635 0.0010831141
0.038485635 0.0010831141
0.038485635 0.0010831141
0.038485635 0.0010831141
0.038485635 0.0010831141
0.038485635 0.0010831141
0.038485635 0.0010831141
0.038485635 0.0010831141
0.038485635 0.0010831141
0.038485635 0.0010831141
0.038485635 0.0010831141
0.038485635 0.0010831141
0.038485635 0.0010831141
0.038485635 0.0010831141
0.038485635 0.0010831141
0.038485635 0.0010831141
0.038485635 0.0010831141
0.038485635 0.0010831141
0.038485635 0.0010831141
0.038485635 0.0010831141
0.038485635 0.0010831141
0.038377047 0.0010763769
0.038377047 0.0010763769
0.038377047 0.0010763769
0.038377047 0.0010763769
0.038377047 0.0010763769
0.037456077 0.0009555342
0.037456077 0.0009555342
0.037456077 0.0009555342
0.037456077 0.0009555342
0.037456077 0.0009555342
0.037456077 0.0009555342
0.037384413 0.00095051166
0.037384413 0.00095051166
0.037384413 0.00095051166
0.037384413 0.00095051166
0.037384413 0.00095051166
0.037384413 0.00095051166
0.037275825 0.0009437744
0.037275825 0.0009437744
0.037051596 0.0009165332
0.037051596 0.0009165332
0.037051596 0.0009165332
0.037051596 0.0009165332
0.037051596 0.0009165332
0.037051596 0.0009165332
0.037051596 0.0009165332
0.037051596 0.0009165332
0.037051596 0.0009165332
0.037051596 0.0009165332
0.037051596 0.0009165332
0.037051596 0.0009165332
0.037051596 0.0009165332
0.037051596 0.0009165332
0.037051596 0.0009165332
0.037051596 0.0009165332
0.037051596 0.0009165332
0.037051596 0.0009165332
0.037051596 0.0009165332
0.037051596 0.0009165332
0.037051596 0.0009165332
0.035716783 0.0006241875
