melhores portfólios

sem params

3:
	brkga:		([24, 1, 55], [0.4, 0.20000002, 0.4])
	nsga:		
	hibrido:	

9:
	brkga:		([55, 25, 24, 31, 23, 20, 1, 51, 48], [0.05232803, 0.14767197, 0.15, 0.099999994, 0.14755374, 0.05244626, 0.14286332, 0.057136685, 0.15])
	nsga:		
	hibrido:	

15:
	brkga:		([48, 52, 20, 37, 24, 38, 23, 31, 35, 1, 34, 55, 33, 25, 51], [0.057103682, 0.062896326, 0.04059655, 0.099403456, 0.08444457, 0.035555437, 0.099999994, 0.04000001, 0.020933243, 0.099066764, 0.027678091, 0.09232192, 0.04, 0.10000001, 0.1])
	nsga:		
	hibrido:	



com params

3:
	brkga:		([9, 55, 24], [0.34, 0.34000003, 0.32000002])
	nsga:		
	hibrido:	

9:
	brkga:		([51, 23, 1, 24, 55, 9, 35, 38, 48], [0.081732884, 0.11826712, 0.1, 0.15, 0.11971174, 0.08028826, 0.05189345, 0.14810655, 0.15])
	nsga:		
	hibrido:	

15:
	brkga:		([31, 1, 41, 37, 23, 24, 38, 27, 25, 32, 20, 55, 2, 51, 48], [0.06545527, 0.054544732, 0.099999994, 0.04000001, 0.04, 0.10000001, 0.098589286, 0.041410718, 0.055475764, 0.06452424, 0.043125726, 0.07687428, 0.025583567, 0.09441644, 0.1])
	nsga:		
	hibrido:	
