0.0291315755303686 0.0008238084260962747
0.03063144556681349 0.0008742058768632548
0.030646032035235686 0.0008747936146028622
0.03177250291940628 0.0009092060083958618
0.03202677449284984 0.0009566849816993173
0.0324945814552442 0.000978161184020454
0.03326544162935422 0.0010134474320967878
0.03346694791856637 0.0010187252748202907
0.03447357597118518 0.0010689097164124823
0.03465694442414508 0.0010773134387512203
0.035087704042612036 0.0010968913777465645
0.03517171239556314 0.00110097787824403
0.03519229589025037 0.0011018777883041952
0.03528826068504967 0.00110574096663973
0.035349618283229946 0.0011092275938498542
0.03538700179838539 0.001110853920046238
0.03545061926642422 0.0011137897012231416
0.03545061926642422 0.0011137897012231416
0.035458838307641335 0.00111424150526057
0.035618663636876824 0.0011215677394117028
0.035664659680294655 0.0011236178337342023
0.035670001209978285 0.0011238361048284888
0.03571703840739734 0.0011252476948735927
0.03573703251204138 0.0011269416497408688
0.035990770223114865 0.001138683203163721
0.036118172454868834 0.001144443400496165
0.036146853738609035 0.0011457604325590615
0.036163183916943016 0.0011465102728850406
0.03617309649266926 0.0011469655030129022
0.03617309649266926 0.0011469655030129022
0.03624521825252101 0.0011503182783665462
0.03627413671813437 0.00115160517275624
0.03627413671813437 0.00115160517275624
0.03635654615277477 0.0011553893868226075
0.03642966415580922 0.001158746937161852
0.03645457609208954 0.0011598274498288447
0.036534477693710043 0.0011635599264897822
0.03656281060097482 0.0011649207850284672
0.03656464606499438 0.001165005072543316
0.03683084442498324 0.0011772258034783859
0.036837551964233245 0.0011775331812760486
0.037040508343726394 0.0011862113000932059
0.037040508343726394 0.0011862113000932059
0.037070300516379176 0.0011881646411852974
0.037070300516379176 0.0011881646411852974
0.03715710168135601 0.0011916234139116887
0.03719735793411972 0.0011939990485431155
0.03722270452454758 0.0011951629593562765
0.03724680597511519 0.0011963204967057272
0.03726144168586175 0.0011969923609181556
0.03726245759927285 0.0011970389927588058
0.03726860571767658 0.0011972706954102214
0.037378229266223945 0.0012021987540856783
0.03739642923431487 0.0012026981959764875
0.037407195781265126 0.0012036699316237184
0.03749834929923712 0.0012078204174376826
0.03749834929923712 0.0012078204174376826
0.03749834929923712 0.0012078204174376826
0.03749834929923712 0.0012078204174376826
0.03749834929923712 0.0012078204174376826
0.03749834929923712 0.0012078204174376826
0.03749834929923712 0.0012078204174376826
0.03749834929923712 0.0012078204174376826
0.03749834929923712 0.0012078204174376826
0.03749834929923712 0.0012078204174376826
0.03749834929923712 0.0012078204174376826
0.03749834929923712 0.0012078204174376826
0.03749834929923712 0.0012078204174376826
0.03749834929923712 0.0012078204174376826
0.03749834929923712 0.0012078204174376826
0.03749834929923712 0.0012078204174376826
0.03749834929923712 0.0012078204174376826
0.03749834929923712 0.0012078204174376826
0.03749834929923712 0.0012078204174376826
0.03749834929923712 0.0012078204174376826
0.03749834929923712 0.0012078204174376826
0.03749834929923712 0.0012078204174376826
0.03749834929923712 0.0012078204174376826
0.03749834929923712 0.0012078204174376826
0.03749834929923712 0.0012078204174376826
0.03749834929923712 0.0012078204174376826
0.03749834929923712 0.0012078204174376826
0.03749834929923712 0.0012078204174376826
0.03749834929923712 0.0012078204174376826
0.03749834929923712 0.0012078204174376826
0.03749834929923712 0.0012078204174376826
0.03749834929923712 0.0012078204174376826
0.03749834929923712 0.0012078204174376826
0.03749834929923712 0.0012078204174376826
0.03749834929923712 0.0012078204174376826
0.03749834929923712 0.0012078204174376826
0.03749834929923712 0.0012078204174376826
0.03749834929923712 0.0012078204174376826
0.03749834929923712 0.0012078204174376826
0.03749834929923712 0.0012078204174376826
0.03749834929923712 0.0012078204174376826
0.03749834929923712 0.0012078204174376826
0.03749834929923712 0.0012078204174376826
0.03749834929923712 0.0012078204174376826
0.03749834929923712 0.0012078204174376826
0.03749834929923712 0.0012078204174376826
0.03749834929923712 0.0012078204174376826
0.03749834929923712 0.0012078204174376826
0.03749834929923712 0.0012078204174376826
0.03749834929923712 0.0012078204174376826
0.03749834929923712 0.0012078204174376826
0.03749834929923712 0.0012078204174376826
0.03749834929923712 0.0012078204174376826
0.03749834929923712 0.0012078204174376826
0.03749834929923712 0.0012078204174376826
0.03749834929923712 0.0012078204174376826
0.03749834929923712 0.0012078204174376826
0.03749834929923712 0.0012078204174376826
0.03749834929923712 0.0012078204174376826
0.03749834929923712 0.0012078204174376826
0.03749834929923712 0.0012078204174376826
0.03749834929923712 0.0012078204174376826
0.03749834929923712 0.0012078204174376826
0.03749834929923712 0.0012078204174376826
0.03749834929923712 0.0012078204174376826
0.03749834929923712 0.0012078204174376826
0.03749834929923712 0.0012078204174376826
0.03749834929923712 0.0012078204174376826
0.03749834929923712 0.0012078204174376826
0.03749834929923712 0.0012078204174376826
0.03749834929923712 0.0012078204174376826
0.03749834929923712 0.0012078204174376826
0.03749834929923712 0.0012078204174376826
0.03749834929923712 0.0012078204174376826
0.03749834929923712 0.0012078204174376826
0.03749834929923712 0.0012078204174376826
0.03749834929923712 0.0012078204174376826
0.03749834929923712 0.0012078204174376826
0.03749834929923712 0.0012078204174376826
0.03749834929923712 0.0012078204174376826
0.03749834929923712 0.0012078204174376826
0.03749834929923712 0.0012078204174376826
0.03749834929923712 0.0012078204174376826
0.03749834929923712 0.0012078204174376826
0.03749834929923712 0.0012078204174376826
0.03749834929923712 0.0012078204174376826
0.03749834929923712 0.0012078204174376826
0.03749834929923712 0.0012078204174376826
0.03749834929923712 0.0012078204174376826
0.03749834929923712 0.0012078204174376826
0.03749834929923712 0.0012078204174376826
0.03749834929923712 0.0012078204174376826
0.03749834929923712 0.0012078204174376826
0.03749834929923712 0.0012078204174376826
0.03749834929923712 0.0012078204174376826
0.03749834929923712 0.0012078204174376826
0.03749834929923712 0.0012078204174376826
0.03749834929923712 0.0012078204174376826
0.03749834929923712 0.0012078204174376826
0.03749834929923712 0.0012078204174376826
0.03749834929923712 0.0012078204174376826
0.03749834929923712 0.0012078204174376826
0.03749834929923712 0.0012078204174376826
0.03749834929923712 0.0012078204174376826
0.03749834929923712 0.0012078204174376826
0.03749834929923712 0.0012078204174376826
0.03749834929923712 0.0012078204174376826
0.03749834929923712 0.0012078204174376826
0.03749834929923712 0.0012078204174376826
0.03749834929923712 0.0012078204174376826
0.03749834929923712 0.0012078204174376826
0.03749834929923712 0.0012078204174376826
0.03749834929923712 0.0012078204174376826
0.03749834929923712 0.0012078204174376826
0.03749834929923712 0.0012078204174376826
0.03749834929923712 0.0012078204174376826
0.03749834929923712 0.0012078204174376826
0.03749834929923712 0.0012078204174376826
0.03749834929923712 0.0012078204174376826
0.03749834929923712 0.0012078204174376826
0.03749834929923712 0.0012078204174376826
0.03749834929923712 0.0012078204174376826
0.03749834929923712 0.0012078204174376826
0.03749834929923712 0.0012078204174376826
0.03749834929923712 0.0012078204174376826
0.03749834929923712 0.0012078204174376826
0.03749834929923712 0.0012078204174376826
0.03749834929923712 0.0012078204174376826
0.03749834929923712 0.0012078204174376826
0.03749834929923712 0.0012078204174376826
0.03749834929923712 0.0012078204174376826
0.03749834929923712 0.0012078204174376826
0.03749834929923712 0.0012078204174376826
0.03749834929923712 0.0012078204174376826
0.03749834929923712 0.0012078204174376826
0.03749834929923712 0.0012078204174376826
0.03749834929923712 0.0012078204174376826
0.03749834929923712 0.0012078204174376826
0.03749834929923712 0.0012078204174376826
0.03749834929923712 0.0012078204174376826
0.03749834929923712 0.0012078204174376826
0.03749834929923712 0.0012078204174376826
0.03749834929923712 0.0012078204174376826
0.03749834929923712 0.0012078204174376826
0.03749834929923712 0.0012078204174376826
0.03749834929923712 0.0012078204174376826
0.03749834929923712 0.0012078204174376826
0.03749834929923712 0.0012078204174376826
0.03749834929923712 0.0012078204174376826
0.03749834929923712 0.0012078204174376826
0.03749834929923712 0.0012078204174376826
0.03749834929923712 0.0012078204174376826
0.03749834929923712 0.0012078204174376826
0.03749834929923712 0.0012078204174376826
0.03749834929923712 0.0012078204174376826
0.03749834929923712 0.0012078204174376826
0.03749834929923712 0.0012078204174376826
0.03749834929923712 0.0012078204174376826
0.03749834929923712 0.0012078204174376826
0.03749834929923712 0.0012078204174376826
0.03749834929923712 0.0012078204174376826
0.03749834929923712 0.0012078204174376826
0.03749834929923712 0.0012078204174376826
0.03749834929923712 0.0012078204174376826
0.03749834929923712 0.0012078204174376826
0.03749834929923712 0.0012078204174376826
0.03749834929923712 0.0012078204174376826
0.03749834929923712 0.0012078204174376826
0.03749834929923712 0.0012078204174376826
0.03749834929923712 0.0012078204174376826
0.03749834929923712 0.0012078204174376826
0.03749834929923712 0.0012078204174376826
0.03749834929923712 0.0012078204174376826
0.03749834929923712 0.0012078204174376826
0.03749834929923712 0.0012078204174376826
0.03749834929923712 0.0012078204174376826
0.03749834929923712 0.0012078204174376826
0.03749834929923712 0.0012078204174376826
0.03749834929923712 0.0012078204174376826
0.03749834929923712 0.0012078204174376826
0.03749834929923712 0.0012078204174376826
0.03749834929923712 0.0012078204174376826
0.03749834929923712 0.0012078204174376826
0.03749834929923712 0.0012078204174376826
0.03749834929923712 0.0012078204174376826
0.03749834929923712 0.0012078204174376826
0.03749834929923712 0.0012078204174376826
0.03749834929923712 0.0012078204174376826
0.03749834929923712 0.0012078204174376826
0.03749834929923712 0.0012078204174376826
0.03749834929923712 0.0012078204174376826
0.03749834929923712 0.0012078204174376826
0.03749834929923712 0.0012078204174376826
0.03749834929923712 0.0012078204174376826
0.03749834929923712 0.0012078204174376826
0.03749834929923712 0.0012078204174376826
0.03749834929923712 0.0012078204174376826
0.03749834929923712 0.0012078204174376826
0.03749834929923712 0.0012078204174376826
0.03749834929923712 0.0012078204174376826
0.03749834929923712 0.0012078204174376826
0.03749834929923712 0.0012078204174376826
0.03749834929923712 0.0012078204174376826
0.03749834929923712 0.0012078204174376826
0.03749834929923712 0.0012078204174376826
0.03749834929923712 0.0012078204174376826
0.03749834929923712 0.0012078204174376826
0.03749834929923712 0.0012078204174376826
0.03749834929923712 0.0012078204174376826
0.03749834929923712 0.0012078204174376826
0.03749834929923712 0.0012078204174376826
0.03749834929923712 0.0012078204174376826
0.03749834929923712 0.0012078204174376826
0.03749834929923712 0.0012078204174376826
0.03749834929923712 0.0012078204174376826
0.03749834929923712 0.0012078204174376826
0.03749834929923712 0.0012078204174376826
0.03749834929923712 0.0012078204174376826
0.03749834929923712 0.0012078204174376826
0.03749834929923712 0.0012078204174376826
0.03749834929923712 0.0012078204174376826
0.03749834929923712 0.0012078204174376826
0.03749834929923712 0.0012078204174376826
0.03749834929923712 0.0012078204174376826
0.03749834929923712 0.0012078204174376826
0.03749834929923712 0.0012078204174376826
0.03749834929923712 0.0012078204174376826
0.03749834929923712 0.0012078204174376826
0.03749834929923712 0.0012078204174376826
0.03749834929923712 0.0012078204174376826
0.03749834929923712 0.0012078204174376826
0.03749834929923712 0.0012078204174376826
0.03749834929923712 0.0012078204174376826
0.03749834929923712 0.0012078204174376826
0.03749834929923712 0.0012078204174376826
0.03749834929923712 0.0012078204174376826
0.03749834929923712 0.0012078204174376826
0.03749834929923712 0.0012078204174376826
0.03749834929923712 0.0012078204174376826
0.03749834929923712 0.0012078204174376826
0.03749834929923712 0.0012078204174376826
0.03749834929923712 0.0012078204174376826
0.03749834929923712 0.0012078204174376826
0.03749834929923712 0.0012078204174376826
0.03749834929923712 0.0012078204174376826
0.03749834929923712 0.0012078204174376826
0.03749834929923712 0.0012078204174376826
0.03749834929923712 0.0012078204174376826
0.03749834929923712 0.0012078204174376826
0.03749834929923712 0.0012078204174376826
0.03749834929923712 0.0012078204174376826
0.03749834929923712 0.0012078204174376826
0.03749834929923712 0.0012078204174376826
0.03749834929923712 0.0012078204174376826
0.03749834929923712 0.0012078204174376826
0.03749834929923712 0.0012078204174376826
0.03749834929923712 0.0012078204174376826
0.03749834929923712 0.0012078204174376826
0.03749834929923712 0.0012078204174376826
0.03749834929923712 0.0012078204174376826
0.03749834929923712 0.0012078204174376826
0.03749834929923712 0.0012078204174376826
0.03749834929923712 0.0012078204174376826
0.03749834929923712 0.0012078204174376826
0.03749834929923712 0.0012078204174376826
0.03749834929923712 0.0012078204174376826
0.03749834929923712 0.0012078204174376826
0.03749834929923712 0.0012078204174376826
0.03749834929923712 0.0012078204174376826
0.03749834929923712 0.0012078204174376826
0.03749834929923712 0.0012078204174376826
0.03749834929923712 0.0012078204174376826
0.03749834929923712 0.0012078204174376826
0.03749834929923712 0.0012078204174376826
0.03749834929923712 0.0012078204174376826
0.03749834929923712 0.0012078204174376826
0.03749834929923712 0.0012078204174376826
0.03749834929923712 0.0012078204174376826
0.03749834929923712 0.0012078204174376826
0.03749834929923712 0.0012078204174376826
0.03749834929923712 0.0012078204174376826
0.03749834929923712 0.0012078204174376826
0.03749834929923712 0.0012078204174376826
0.03749834929923712 0.0012078204174376826
0.03749834929923712 0.0012078204174376826
0.03749834929923712 0.0012078204174376826
0.03749834929923712 0.0012078204174376826
0.03749834929923712 0.0012078204174376826
0.03749834929923712 0.0012078204174376826
0.03749834929923712 0.0012078204174376826
0.03749834929923712 0.0012078204174376826
0.03749834929923712 0.0012078204174376826
0.03749834929923712 0.0012078204174376826
0.03749834929923712 0.0012078204174376826
0.03749834929923712 0.0012078204174376826
0.03749834929923712 0.0012078204174376826
0.03749834929923712 0.0012078204174376826
0.03749834929923712 0.0012078204174376826
0.03749834929923712 0.0012078204174376826
0.03749834929923712 0.0012078204174376826
0.03749834929923712 0.0012078204174376826
0.03749834929923712 0.0012078204174376826
0.03749834929923712 0.0012078204174376826
0.03749834929923712 0.0012078204174376826
0.03749834929923712 0.0012078204174376826
0.03749834929923712 0.0012078204174376826
0.03749834929923712 0.0012078204174376826
0.03749834929923712 0.0012078204174376826
0.03749834929923712 0.0012078204174376826
0.03749834929923712 0.0012078204174376826
0.03749834929923712 0.0012078204174376826
0.03749834929923712 0.0012078204174376826
0.03749834929923712 0.0012078204174376826
0.03749834929923712 0.0012078204174376826
0.03749834929923712 0.0012078204174376826
0.03749834929923712 0.0012078204174376826
0.03749834929923712 0.0012078204174376826
0.03749834929923712 0.0012078204174376826
0.03749834929923712 0.0012078204174376826
0.03749834929923712 0.0012078204174376826
0.03749834929923712 0.0012078204174376826
0.03749834929923712 0.0012078204174376826
0.03749834929923712 0.0012078204174376826
0.03749834929923712 0.0012078204174376826
0.03749834929923712 0.0012078204174376826
0.03749834929923712 0.0012078204174376826
0.03749834929923712 0.0012078204174376826
0.03749834929923712 0.0012078204174376826
0.03749834929923712 0.0012078204174376826
0.03749834929923712 0.0012078204174376826
0.03749834929923712 0.0012078204174376826
0.03749834929923712 0.0012078204174376826
0.03749834929923712 0.0012078204174376826
0.03749834929923712 0.0012078204174376826
0.03749834929923712 0.0012078204174376826
0.03749834929923712 0.0012078204174376826
0.03749834929923712 0.0012078204174376826
0.03749834929923712 0.0012078204174376826
0.03749834929923712 0.0012078204174376826
0.03749834929923712 0.0012078204174376826
0.03749834929923712 0.0012078204174376826
0.03749834929923712 0.0012078204174376826
0.03749834929923712 0.0012078204174376826
0.03749834929923712 0.0012078204174376826
0.03749834929923712 0.0012078204174376826
0.03749834929923712 0.0012078204174376826
0.03749834929923712 0.0012078204174376826
0.03749834929923712 0.0012078204174376826
0.03749834929923712 0.0012078204174376826
0.03749834929923712 0.0012078204174376826
0.03749834929923712 0.0012078204174376826
0.03749834929923712 0.0012078204174376826
0.03749834929923712 0.0012078204174376826
0.03749834929923712 0.0012078204174376826
0.03749834929923712 0.0012078204174376826
0.03749834929923712 0.0012078204174376826
0.03749834929923712 0.0012078204174376826
0.03749834929923712 0.0012078204174376826
0.03749834929923712 0.0012078204174376826
0.03749834929923712 0.0012078204174376826
0.03749834929923712 0.0012078204174376826
0.03749834929923712 0.0012078204174376826
0.03749834929923712 0.0012078204174376826
0.03749834929923712 0.0012078204174376826
0.03749834929923712 0.0012078204174376826
0.03749834929923712 0.0012078204174376826
0.03749834929923712 0.0012078204174376826
0.03749834929923712 0.0012078204174376826
0.03749834929923712 0.0012078204174376826
0.03749834929923712 0.0012078204174376826
0.03749834929923712 0.0012078204174376826
0.03749834929923712 0.0012078204174376826
0.03749834929923712 0.0012078204174376826
0.03749834929923712 0.0012078204174376826
0.03749834929923712 0.0012078204174376826
0.03749834929923712 0.0012078204174376826
0.03749834929923712 0.0012078204174376826
0.03749834929923712 0.0012078204174376826
0.03749834929923712 0.0012078204174376826
0.03749834929923712 0.0012078204174376826
0.03749834929923712 0.0012078204174376826
0.03749834929923712 0.0012078204174376826
0.03749834929923712 0.0012078204174376826
0.03749834929923712 0.0012078204174376826
0.03749834929923712 0.0012078204174376826
0.03749834929923712 0.0012078204174376826
0.03749834929923712 0.0012078204174376826
0.03749834929923712 0.0012078204174376826
0.03749834929923712 0.0012078204174376826
0.03749834929923712 0.0012078204174376826
0.03749834929923712 0.0012078204174376826
0.03749834929923712 0.0012078204174376826
0.03749834929923712 0.0012078204174376826
0.03749834929923712 0.0012078204174376826
0.03749834929923712 0.0012078204174376826
0.03749834929923712 0.0012078204174376826
0.03749834929923712 0.0012078204174376826
0.03749834929923712 0.0012078204174376826
0.03749834929923712 0.0012078204174376826
0.03764512405731629 0.0012146058333521285
0.037695481413011406 0.0012161946590285005
0.037740512577443174 0.0012189847851748013
0.037920281403317775 0.00122704221975876
0.037991841253705236 0.0012304651705968188
0.03809708466479354 0.0012353140370508476
0.03821005650282359 0.0012405016341501738
0.03825520315844745 0.0012425467775155137
0.038363112156047686 0.0012475067997207918
0.03843862067109463 0.0012503622963032654
0.03858231221111182 0.0012575599836992194
0.038663504445445286 0.0012613237711421525
0.03886509032002402 0.0012704794974193467
0.038898278511772 0.0012721156046064577
0.03924087344659522 0.0012876450091403675
0.039315858932775755 0.0012910849067589772
0.03934071111513753 0.001292420747471238
0.03934071111513753 0.001292420747471238
0.039468449168651526 0.0012982864046819712
0.03963639427582558 0.001305928377583939
0.03985940299086664 0.0013162248666699899
0.039926351695667085 0.0013184959719340402
0.03998298330373097 0.0013218321760359378
0.04065846324850363 0.0013519876975859075
0.04087988347693955 0.0013625743008276949
0.04127658523181302 0.0013785353936218558
0.041570315459381 0.0013886008194334797
0.04182306599282814 0.0013967538717630655
0.04183722659848809 0.0013974322385662064
0.04196459850921863 0.001401447109670501
0.0421016307862155 0.0014061140055316769
0.042342593405078795 0.001414077093783792
0.042395474973991196 0.0014158175117584537
0.04252851628500307 0.0014202296319792106
0.0426646507847082 0.001424248192018731
0.042740974375854765 0.0014271632308376276
0.04274247381105576 0.0014272471207276882
0.042758073562386395 0.0014277769349603391
0.04293989767938856 0.001433562316652118
0.04293989767938856 0.001433562316652118
0.042957365039258115 0.0014343265240620193
0.0432301543377865 0.0014419753903877068
0.04371118399509789 0.0014591010968854827
0.04475184884961238 0.001491784883240901
0.05404678298818713 0.0016392940930088748
0.056926605339386066 0.0016439895123380927
