0.02916260276640726 0.0008202172051813505
0.029191199165147376 0.0008204505857361334
0.02928320583722164 0.0008247370383140917
0.02928875162891687 0.0008266828922559742
0.02937281438911183 0.0008296946765396141
0.029528133469817357 0.0008344519042483579
0.02955010674454363 0.0008355636704912362
0.02965315966387078 0.0008395254579783147
0.029677341432155984 0.0008411100791249086
0.029749015726797196 0.0008431628418017844
0.02978238123924072 0.0008489473334252444
0.02993887875154696 0.0008497169153662706
0.02999411851632214 0.0008513859493034379
0.030162760672548583 0.0008538897329399242
0.030162760672548583 0.0008538897329399242
0.030162760672548583 0.0008538897329399242
0.030182036584879918 0.000858644968777173
0.030222431969631647 0.0008590074368592999
0.03026649321786435 0.0008610457876547077
0.03026649321786435 0.0008610457876547077
0.03026649321786435 0.0008610457876547077
0.030268138340510772 0.0008617989721639776
0.030352884430090786 0.0008643362205689568
0.030352884430090786 0.0008643362205689568
0.030442071879324968 0.0008673555670745229
0.030483040818310228 0.0008682082769566803
0.03057293508572573 0.0008717570061122179
0.03064507953098664 0.0008740627347429517
0.03064507953098664 0.0008740627347429517
0.03064507953098664 0.0008740627347429517
0.03064507953098664 0.0008740627347429517
0.03064507953098664 0.0008740627347429517
0.030744272312964428 0.0008764543124999758
0.030747919960324117 0.0008765491210169318
0.030747919960324117 0.0008765491210169318
0.030747919960324117 0.0008765491210169318
0.030747919960324117 0.0008765491210169318
0.030747919960324117 0.0008765491210169318
0.030747919960324117 0.0008765491210169318
0.030747919960324117 0.0008765491210169318
0.030752204264365705 0.0008774820995564507
0.030752204264365705 0.0008774820995564507
0.030752204264365705 0.0008774820995564507
0.030752204264365705 0.0008774820995564507
0.030771376047727134 0.0008781308702158157
0.03081108597381605 0.0008794746400828619
0.03081108597381605 0.0008794746400828619
0.030833932352547586 0.0008802477566877151
0.030833932352547586 0.0008802477566877151
0.03085816342685377 0.0008810677274710499
0.03089721834452092 0.0008823893316683041
0.03089721834452092 0.0008823893316683041
0.030925429129798836 0.0008824746837360118
0.030925429129798836 0.0008824746837360118
0.030925429129798836 0.0008824746837360118
0.030925429129798836 0.0008824746837360118
0.030925429129798836 0.0008824746837360118
0.030925429129798836 0.0008824746837360118
0.030925429129798836 0.0008824746837360118
0.030925429129798836 0.0008824746837360118
0.030925429129798836 0.0008824746837360118
0.030925429129798836 0.0008824746837360118
0.030925429129798836 0.0008824746837360118
0.03095122001319199 0.0008842167378424959
0.030968962174390935 0.000885929272507445
0.031021256103243338 0.000886769581408052
0.031046901960594078 0.0008867900065663867
0.031046901960594078 0.0008867900065663867
0.031046901960594078 0.0008867900065663867
0.031046901960594078 0.0008867900065663867
0.031046901960594078 0.0008867900065663867
0.031117599921672266 0.0008898469837324163
0.03117128868293256 0.0008916637932683248
0.031183286373461877 0.0008923038555987413
0.031183286373461877 0.0008923038555987413
0.03125744500235533 0.0008948628603195982
0.03125744500235533 0.0008948628603195982
0.03125744500235533 0.0008948628603195982
0.03127106487773004 0.0008950401853908294
0.03130767011790234 0.0008976146511973968
0.03135636313052732 0.0008979266550791611
0.03135636313052732 0.0008979266550791611
0.03139736950742618 0.0008995658398744124
0.03139736950742618 0.0008995658398744124
0.03139736950742618 0.0008995658398744124
0.03151460709017655 0.0009038651883111143
0.03151460709017655 0.0009038651883111143
0.031520527121892336 0.0009048146697194781
0.031522707654897675 0.0009052076671437581
0.03157229823002443 0.0009061206873503764
0.0316284681408382 0.000907134600473794
0.031718748257400835 0.0009107085038514654
0.03172557896604151 0.0009110539014873292
0.03172557896604151 0.0009110539014873292
0.03172557896604151 0.0009110539014873292
0.03172557896604151 0.0009110539014873292
0.03172557896604151 0.0009110539014873292
0.03172557896604151 0.0009110539014873292
0.03172557896604151 0.0009110539014873292
0.03178181242707406 0.0009140027147426484
0.031882329144822176 0.0009169730300157151
0.0319262925231374 0.0009180154396725749
0.0319262925231374 0.0009180154396725749
0.0319262925231374 0.0009180154396725749
0.0319262925231374 0.0009180154396725749
0.0319262925231374 0.0009180154396725749
0.0319262925231374 0.0009180154396725749
0.0319262925231374 0.0009180154396725749
0.0319262925231374 0.0009180154396725749
0.0319262925231374 0.0009180154396725749
0.0319262925231374 0.0009180154396725749
0.031937248220355034 0.0009185376090303946
0.03195868367832194 0.0009197115491305302
0.03204067261820732 0.0009228392752732776
0.03204232285959474 0.000951341792346097
0.03250376248782852 0.0009671915409887892
0.032549624987590065 0.0009701054768250864
0.03262819534799906 0.0009832725501727779
0.032729774626247043 0.0009874723852320733
0.03299886234120775 0.0010004640808329674
0.03431835210575543 0.0010013887323716418
0.034346484150504016 0.001001521208917923
0.03435066335171469 0.0010017397714497127
0.03435860231979641 0.001002424669911108
0.03437864205369084 0.0010030950496647813
0.03440756338053763 0.0010038299740530937
0.03441840290780515 0.0010500716757755114
0.03501475289777533 0.0010567903541140722
0.03506598682074516 0.0010749192898185885
0.03508179557728529 0.001096373005304966
0.03511175816705481 0.0010972864800400668
0.035116864335360876 0.001097830318149186
0.03512378057100412 0.0010988312514014346
0.03515906297549926 0.0011004969963803353
0.035187430951656655 0.0011013881891489487
0.03522394294823599 0.001103422614286018
0.03524872636554813 0.0011045707667359482
0.03526057197303012 0.0011051529486465924
0.03526057197303012 0.0011051529486465924
0.03530181694809746 0.0011069980269945265
0.0353164582988356 0.0011074460597271314
0.03536432838058592 0.0011092314282893066
0.03536542989508979 0.0011093443351099374
0.03542413578724181 0.0011126139546610253
0.03542413578724181 0.0011126139546610253
0.03542413578724181 0.0011126139546610253
0.035438077984819356 0.0011133012175024598
0.03545809667440058 0.00111380378466661
0.03546432178452502 0.0011139372676536039
0.03546432178452502 0.0011139372676536039
0.03546432178452502 0.0011139372676536039
0.03546432178452502 0.0011139372676536039
0.035509923430399395 0.0011139766600965747
0.03551412093062846 0.0011166104464141724
0.035546537368020624 0.0011182282529849452
0.035577602853342 0.0011185483300095694
0.03559438573476555 0.001119315509363076
0.035602238518228885 0.0011207910671850413
0.035602238518228885 0.0011207910671850413
0.035602238518228885 0.0011207910671850413
0.0356269502942251 0.0011213774954511987
0.0356269502942251 0.0011213774954511987
0.03563507364376023 0.0011222986062666223
0.03569475960672865 0.0011244413471045076
0.0357370891996831 0.0011267614877227775
0.0357370891996831 0.0011267614877227775
0.0357370891996831 0.0011267614877227775
0.03581624547893817 0.001130497262608032
0.03581624547893817 0.001130497262608032
0.03581624547893817 0.001130497262608032
0.03581624547893817 0.001130497262608032
0.0358470650499537 0.001131957145385022
0.0358470650499537 0.001131957145385022
0.035871183725337395 0.0011326549211475548
0.035871183725337395 0.0011326549211475548
0.035871183725337395 0.0011326549211475548
0.03597797134468783 0.0011374858428105795
0.036014456181624924 0.001139679631639236
0.0360658054012635 0.0011408297205060083
0.03607131382652592 0.001141826869569097
0.0360803441375532 0.0011427557031635275
0.03611109201329956 0.0011436254968880876
0.036131439150938235 0.0011448561952359631
0.036142530889496004 0.0011456032516563251
0.0362065022538319 0.0011483969659845117
0.03626927650886799 0.0011513890812962202
0.036273080372540914 0.0011514507200054572
0.036324142285332386 0.0011529738405664052
0.036328202307067105 0.0011540867559810546
0.036382941536800495 0.0011565635770431507
0.036382941536800495 0.0011565635770431507
0.036512258851133156 0.001160252694017923
0.03653371309204331 0.001161923698638868
0.036535878705890576 0.0011636213673502016
0.03654203147628106 0.0011639057563862857
0.03656054368954333 0.0011647558543216084
0.03656609524028791 0.001164941554402154
0.03656609524028791 0.001164941554402154
0.03665287907315377 0.001168085940071641
0.036709398172214094 0.0011713838010432315
0.03671120145315279 0.001171711608939799
0.03674363382787434 0.0011718792759832176
0.036755711531759654 0.001173688151378659
0.036796281629767266 0.0011752383725374487
0.03681111247532434 0.001176291103372958
0.036873013640573334 0.0011783443469675883
0.03687639220346396 0.0011792449053296568
0.036892831038969946 0.0011800861939829871
0.036958276571653695 0.0011823527335418508
0.037000734361709586 0.0011825408061500934
0.0370074867693748 0.0011828394227176705
0.03710046774150333 0.0011884581415564244
0.03710046774150333 0.0011884581415564244
0.03725063388405678 0.0011946832544960592
0.03725063388405678 0.0011946832544960592
0.037283629475086205 0.0011978028532105335
0.03730408498391295 0.001198905435904128
0.0373128148680813 0.001199073303172752
0.0373128148680813 0.001199073303172752
0.037384307834132276 0.0012026101168591628
0.03739285296828729 0.001202943526841682
0.03739285296828729 0.001202943526841682
0.03742739956953206 0.0012045354354412766
0.03746718261618907 0.0012064092733932064
0.037628449241042666 0.0012137297772828843
0.037628449241042666 0.0012137297772828843
0.037628449241042666 0.0012137297772828843
0.037721466915075524 0.0012158723402508345
0.037721466915075524 0.0012158723402508345
0.03774510808146509 0.0012190905908465585
0.03774510808146509 0.0012190905908465585
0.03774510808146509 0.0012190905908465585
0.03774510808146509 0.0012190905908465585
0.037810678748343124 0.001221337594169239
0.038008868138227084 0.0012248556115084283
0.038009393625557025 0.0012272643026393236
0.03801645899523992 0.0012311515945807984
0.03804612231718455 0.0012328353186992153
0.03804612231718455 0.0012328353186992153
0.03804612231718455 0.0012328353186992153
0.03804612231718455 0.0012328353186992153
0.03807247302537229 0.0012340019904842256
0.038156978593866034 0.0012379308380427467
0.03830354180754797 0.0012388600332420836
0.038367799937430676 0.00124759895649129
0.038504541770721205 0.0012517287843962534
0.03855211997799893 0.0012560503055404938
0.03862528114769473 0.0012574440696493988
0.03862528114769473 0.0012574440696493988
0.038692566460352996 0.00126107037371921
0.038712483906112954 0.0012635467861988325
0.03903145348831034 0.0012781090305519053
0.03905364859687424 0.0012787396225243056
0.03906132640589218 0.0012795575091013084
0.03906132640589218 0.0012795575091013084
0.039246345591295556 0.0012799613324590482
0.03929909976642409 0.0012823403776867945
0.03930239230176523 0.001284384459843603
0.03933121193646562 0.0012905116977282908
0.03933121193646562 0.0012905116977282908
0.03935508489802373 0.0012919289009709304
0.039563449224413114 0.0013024402776136395
0.039611750428648125 0.0013038877217879546
0.03968342817430887 0.0013061519820205252
0.039774240836166874 0.0013112499372775147
0.039791531035231684 0.0013112685179090774
0.03980324692787626 0.0013135820301871557
0.039864250305665254 0.0013148660398988221
0.04007651367747296 0.001324885910268024
0.04007828429050531 0.0013259530622106404
0.04007828429050531 0.0013259530622106404
0.04011106887057787 0.001327140843573411
0.040136678997519784 0.0013286844947442914
0.04017685915489852 0.0013307605467860763
0.04017685915489852 0.0013307605467860763
0.040291291331277006 0.0013357013909284512
0.040487118134990896 0.0013409509641330772
0.040496834957939126 0.0013453099163916189
0.04058202137943156 0.0013459401455516188
0.040588501813906816 0.0013480523911988365
0.040743206376168184 0.0013544138536172889
0.04099134827174137 0.0013547004946269322
0.040994852879791516 0.0013548158580248735
0.040994852879791516 0.0013548158580248735
0.040994852879791516 0.0013548158580248735
0.040994852879791516 0.0013548158580248735
0.040994852879791516 0.0013548158580248735
0.04100530284513925 0.0013559213481049157
0.041018066811622345 0.0013572812207965055
0.041018066811622345 0.0013572812207965055
0.04101851561430265 0.0013587808015044966
0.041030745261295784 0.0013596309854945355
0.041030745261295784 0.0013596309854945355
0.041030745261295784 0.0013596309854945355
0.041030745261295784 0.0013596309854945355
0.041030745261295784 0.0013596309854945355
0.041030745261295784 0.0013596309854945355
0.041030745261295784 0.0013596309854945355
0.041030745261295784 0.0013596309854945355
0.041030745261295784 0.0013596309854945355
0.04103835041959523 0.001361040514148456
0.041054446943961174 0.0013640233518853932
0.041060369633582026 0.001365121182302618
0.0410654032579724 0.0013663071947459114
0.041084160228586006 0.0013689126984389234
0.04110702192648624 0.0013729062207474539
0.04167179530661135 0.0013741770214094715
0.04167179530661135 0.0013741770214094715
0.04167179530661135 0.0013741770214094715
0.04167179530661135 0.0013741770214094715
0.04167179530661135 0.0013741770214094715
0.04183658452568366 0.0013844216448232055
0.04183658452568366 0.0013844216448232055
0.04193954824576017 0.00138569138085553
0.0420735294709929 0.0013859862058544867
0.04234353799225833 0.0014033824336860783
0.042392125908331635 0.0014066659667809275
0.04239493308062038 0.001406891535972777
0.04252225706445578 0.0014147497621782362
0.04266581982634969 0.001415903939600384
0.042705489910431126 0.0014200998859099576
0.042705489910431126 0.0014200998859099576
0.04273075948945225 0.0014212167920418838
0.04273075948945225 0.0014212167920418838
0.042774813999736844 0.0014248754275358825
0.04297369255973271 0.0014347014539476464
0.04299180336232274 0.001434705149645386
0.04299180336232274 0.001434705149645386
0.04299180336232274 0.001434705149645386
0.04299180336232274 0.001434705149645386
0.04299180336232274 0.001434705149645386
0.04299186314137936 0.0014354073902131904
0.04299186314137936 0.0014354073902131904
0.04299186314137936 0.0014354073902131904
0.043017570791756374 0.001436321408137658
0.043033643125949185 0.001436832802642672
0.043033643125949185 0.001436832802642672
0.043058570930463905 0.0014374251828358207
0.04307055200009291 0.0014380293461895015
0.04309939429352362 0.0014389388667706954
0.04312222673965645 0.001439565760476968
0.04315638363136537 0.0014400491072867191
0.04316424915558341 0.0014404610039470878
0.04319280311017122 0.0014416620482356093
0.043235143995049734 0.0014434618000397422
0.043235143995049734 0.0014434618000397422
0.04330289454283115 0.0014455495608731114
0.04338170071950721 0.0014482615485307986
0.04344848884242776 0.0014497562551654233
0.04344946205136101 0.0014505031430344542
0.04347223412770517 0.0014512461341090062
0.04347223412770517 0.0014512461341090062
0.04347369236633844 0.0014512957431749643
0.04355290119414414 0.0014534177864449077
0.043562689080750505 0.0014541533774175628
0.04357950338772382 0.0014547000067704728
0.04373344962685465 0.0014595591240864293
0.04373344962685465 0.0014595591240864293
0.04373344962685465 0.0014595591240864293
0.04373344962685465 0.0014595591240864293
0.04373344962685465 0.0014595591240864293
0.043742917640862966 0.001460072328489713
0.0437490261931575 0.0014602772860903852
0.04375975129127491 0.0014604333933620152
0.04376380479530728 0.0014608100581848665
0.04376380479530728 0.0014608100581848665
0.04376380479530728 0.0014608100581848665
0.043802572591350245 0.001462075870118691
0.04385173730107566 0.0014636995752838333
0.04385173730107566 0.0014636995752838333
0.04387571798732313 0.0014644915557216669
0.04388767162250741 0.0014648410054223717
0.0438938265349983 0.0014651062282335346
0.04390563140410239 0.0014652824590054272
0.04390563140410239 0.0014652824590054272
0.04390563140410239 0.0014652824590054272
0.04390563140410239 0.0014652824590054272
0.04390563140410239 0.0014652824590054272
0.04390563140410239 0.0014652824590054272
0.04391035222706264 0.0014654393793345076
0.043924104467149214 0.0014658882531920579
0.043924104467149214 0.0014658882531920579
0.04394522107754287 0.0014665903643388118
0.04395946143392553 0.001467257424779416
0.04400007148742871 0.0014684235861944753
0.04404107616774197 0.0014697774725027733
0.04404107616774197 0.0014697774725027733
0.04408490739163924 0.0014704249616982023
0.04409348147263706 0.0014714925836511095
0.04409851117388229 0.001471697796224667
0.04413241148078504 0.001472157414050639
0.04413621609666585 0.0014729471109862053
0.0441680267696443 0.0014740044999720472
0.04420212859586918 0.00147516083528267
0.04422273392803083 0.0014758229700545802
0.0442336277723375 0.0014761850822895123
0.0442336277723375 0.0014761850822895123
0.04424274133039707 0.0014764880173906635
0.04424274133039707 0.0014764880173906635
0.04426957605261077 0.001477412252821068
0.04427616774089175 0.0014775991137594402
0.0443533213532554 0.0014801637055192073
0.04440135755898013 0.0014817604325223924
0.04440135755898013 0.0014817604325223924
0.04440135755898013 0.0014817604325223924
0.04447237949658202 0.0014841212067781505
0.04447237949658202 0.0014841212067781505
0.04455242234931111 0.0014866247628943282
0.04465573953534198 0.0014900641386324093
0.04465573953534198 0.0014900641386324093
0.04465573953534198 0.0014900641386324093
0.04465573953534198 0.0014900641386324093
0.044667724482794574 0.001490440931805839
0.044721808698753834 0.0014923195982727345
0.048941805433076996 0.0015585265996780064
0.05105018240922366 0.0015927144869190232
0.05416496641132773 0.0015959650320306164
0.055656103583297145 0.0016331319132734789
0.057317910246436274 0.0016872281996079437
0.058736821258348657 0.0016880421832453092
0.059122138754579556 0.0016956705036172337
0.059471440785918386 0.0016996230213822414
0.060245484392035954 0.0017090935548870424
0.06059613745650056 0.0017219064330067477
0.06059613745650056 0.0017219064330067477
0.061195833087772475 0.0017255640846671424
0.061195833087772475 0.0017255640846671424
0.061195833087772475 0.0017255640846671424
0.06211186065978575 0.001727344922561765
0.06257293272528595 0.0017448880334738654
0.06288838172964349 0.0017553019556166374
0.06377410590732206 0.001768183920146536
0.06422970755054752 0.0017684304646621621
0.06430407608560414 0.0017691958498635774
0.06430407608560414 0.0017691958498635774
0.06430407608560414 0.0017691958498635774
0.06430407608560414 0.0017691958498635774
0.06479526464207824 0.0017765634570400398
0.06497941091184516 0.0017855903825900678
0.0657711990847327 0.0018014924967459213
0.06648803937015424 0.0018181124996364158
0.06776922578614061 0.0018277402760300799
0.06794700115981574 0.0018412466592988277
0.0689040112253983 0.0018586592185204501
0.06989592954651808 0.0018643631926941527
0.07016751421164094 0.0018658939322197532
0.07094077479869607 0.0018676559593508036
0.07094274937829785 0.00188000718743041
0.07095661601855352 0.0018882757732711641
0.07149632954504194 0.0018986260450709266
0.0716037712883661 0.001901925520843076
0.072309077558838 0.001912990267934806
0.07295657631045924 0.0019167135176960254
0.07316507414464854 0.001920019518549458
0.0735060615284589 0.001926420047016397
0.0735060615284589 0.001926420047016397
0.07393954061439334 0.0019336751339208175
0.07422414957560489 0.0019371517544401495
0.07424810894606065 0.0019380537678835835
0.07424810894606065 0.0019380537678835835
0.07424810894606065 0.0019380537678835835
0.07424810894606065 0.0019380537678835835
0.07428483145162275 0.0019395398659340717
0.07500353783283344 0.0019507245719311605
0.07513485876706834 0.0019513168428216844
0.07513485876706834 0.0019513168428216844
0.07513485876706834 0.0019513168428216844
0.07517756190705589 0.0019537551161144906
0.07562431478019921 0.001961945713134983
0.07653165067140488 0.001975479927826133
0.07661657397795735 0.001978815107796156
0.07661657397795735 0.001978815107796156
0.07661657397795735 0.001978815107796156
0.0768200960647598 0.0019827054737088343
0.0768200960647598 0.0019827054737088343
0.0768200960647598 0.0019827054737088343
0.0768200960647598 0.0019827054737088343
0.0768200960647598 0.0019827054737088343
0.0768200960647598 0.0019827054737088343
0.07720294534020723 0.0019904902311694613
0.07720294534020723 0.0019904902311694613
0.07721708410710297 0.001994648567097049
0.07781157820919746 0.002004470931628905
0.07781157820919746 0.002004470931628905
0.0784872816274337 0.0020189361962253145
0.07989369400604254 0.0020226451621178482
