0.029213620344978267 0.0008256201481681065
0.029314608419732744 0.0008303364335879017
0.029634931298562085 0.0008429939761406096
0.02982440137156749 0.000846095510554438
0.029875820948518216 0.0008524619064533809
0.029875820948518216 0.0008524619064533809
0.029875820948518216 0.0008524619064533809
0.02990132025040654 0.0008563484631953801
0.030053417697623576 0.0008622626916759353
0.030144215544650202 0.0008630108863131501
0.030178917856414623 0.0008643748171497617
0.03019132888506905 0.0008687040871932138
0.030252084568795436 0.0008741820031982725
0.030561959082752527 0.0008805659910407888
0.030593986721803045 0.0008858590005007847
0.030677957671288537 0.000887965096560622
0.030677957671288537 0.000887965096560622
0.030867501725462824 0.0008978405758917632
0.030961306294740275 0.0009018537791471279
0.031140833320992895 0.0009079569458710572
0.03127424389733936 0.0009080433536935654
0.03131091402711946 0.000909367291465983
0.03131667646710186 0.0009166486574019399
0.03131667646710186 0.0009166486574019399
0.031422779132710146 0.0009178405873943314
0.03160739930643255 0.0009210853467539853
0.03167823411145616 0.0009240328735025062
0.03177704976005497 0.0009360806804341752
0.031787599760606994 0.0009372463094181171
0.03196011140972291 0.0009386103195650225
0.03196011140972291 0.0009386103195650225
0.0320211250585433 0.0009466611296572555
0.03227001908704504 0.0009512376634406278
0.03227001908704504 0.0009512376634406278
0.03227001908704504 0.0009512376634406278
0.03227001908704504 0.0009512376634406278
0.03227001908704504 0.0009512376634406278
0.032277466816848274 0.0009575823756152102
0.03235878727782566 0.0009580771810296488
0.03235878727782566 0.0009580771810296488
0.03235878727782566 0.0009580771810296488
0.03235878727782566 0.0009580771810296488
0.03241788107657872 0.0009718738903533579
0.03274905409160418 0.0009782827598870927
0.03284911420535458 0.0009802332058261606
0.03310473948883869 0.0009866884622771813
0.033124760729423657 0.0010045519348081883
0.033551266722414236 0.0010090348798032615
0.03370756772936126 0.0010195216714980488
0.03393721097902465 0.0010305445575893002
0.0341314891571144 0.0010374832099684572
0.0341314891571144 0.0010374832099684572
0.0341314891571144 0.0010374832099684572
0.0341314891571144 0.0010374832099684572
0.03440824366786785 0.0010439886215392934
0.034519195873689915 0.0010480036872200207
0.034552344079265704 0.0010571867921345048
0.0346042133144457 0.0010577077172387365
0.03475048613057003 0.0010706345002353297
0.035153729650343024 0.0010950878207257996
0.03526884632745972 0.001099812948010441
0.03527208520419008 0.00110105554938216
0.035347820391884305 0.00110834553660908
0.03536003153082407 0.0011085504356950476
0.03537299325442109 0.0011092483525040945
0.03538441687433289 0.0011093426796809688
0.03539033264889638 0.0011102602452887182
0.035409930604819374 0.0011111458275274311
0.03543991039282406 0.0011124198142869741
0.03543991039282406 0.0011124198142869741
0.03548593142268133 0.0011137418526969676
0.035491917298669975 0.0011151504865287481
0.03555327760492344 0.00111767881059872
0.035560472588701174 0.0011178211193381602
0.03559305571065166 0.0011184749332711916
0.03559305571065166 0.0011184749332711916
0.03560032968872788 0.001119045542999568
0.035641875326444195 0.0011198789459655
0.035641875326444195 0.0011198789459655
0.0356550132973507 0.0011207226907103838
0.035663425983730165 0.001122634103956072
0.0357196488184688 0.0011250667161506523
0.03573339626444475 0.0011253527821787593
0.03577227851285417 0.0011261164935603822
0.03577531585940751 0.001128029606559448
0.03579428935141564 0.0011281411936948933
0.03579988508350528 0.0011288497428861887
0.03579988508350528 0.0011288497428861887
0.03579988508350528 0.0011288497428861887
0.03582674542205392 0.0011300475850413013
0.035834258462917656 0.0011302831092330227
0.035865314979717386 0.0011308980739988307
0.03586840212078524 0.0011316816297608587
0.03590036923756509 0.001131811033195978
0.035902791713453376 0.0011319098639821599
0.035902791713453376 0.0011319098639821599
0.035902791713453376 0.0011319098639821599
0.035902791713453376 0.0011319098639821599
0.035902791713453376 0.0011319098639821599
0.035902791713453376 0.0011319098639821599
0.035902791713453376 0.0011319098639821599
0.03592138324540175 0.0011336025435378122
0.03595825686650366 0.001133676463836286
0.035972251904331114 0.001136968546615272
0.0359823503885014 0.0011371916041227437
0.036040295193285145 0.0011398074772217656
0.03605305333093228 0.0011404829846405845
0.036106682175222504 0.0011434275451694647
0.03613452308629452 0.00114447384115142
0.0361801651019122 0.0011465144236339527
0.03624481410646127 0.0011481276004390705
0.036293036406315364 0.0011515416122786907
0.036314554998558 0.0011520855631506467
0.03633712280390266 0.0011535818643746455
0.03636649660696619 0.0011549661534866397
0.036420385819368926 0.0011565231826756715
0.036420385819368926 0.0011565231826756715
0.0364415549873407 0.0011579921976757866
0.03644192515663567 0.0011584438367105274
0.03646517549643483 0.0011592324698897452
0.03646871920385587 0.001159650024359276
0.03653451669129408 0.0011619453553010084
0.036557872084160115 0.001162678539170322
0.03657723225386817 0.001164405701491418
0.03657723225386817 0.001164405701491418
0.036613223805378126 0.0011660711044995625
0.03665868870311206 0.001168392090734697
0.03668164541059915 0.0011694683307049165
0.036768845691017626 0.0011739564895400722
0.036810348945294585 0.0011751823583859196
0.036897409329334 0.0011753979988763966
0.036897409329334 0.0011753979988763966
0.036904366105633045 0.0011758110037519602
0.036904366105633045 0.0011758110037519602
0.036922889455096544 0.0011787985433982166
0.03695530231514181 0.0011791487507954164
0.03695801480524371 0.0011815866983592145
0.03697066173993287 0.0011829608054306179
0.03697066173993287 0.0011829608054306179
0.03701816768193707 0.0011832327920093715
0.03703086427188742 0.0011838237413520614
0.037073272150954836 0.0011857973765028746
0.037083067981643014 0.0011865670560329738
0.03713214495724988 0.0011887735649830596
0.03713214495724988 0.0011887735649830596
0.037148130861074796 0.0011898540404884483
0.03716047225528339 0.0011916938690442421
0.037196697667657666 0.0011920737876343515
0.03721624344797522 0.0011924513401548314
0.03721624344797522 0.0011924513401548314
0.03723067845835086 0.0011935603999929678
0.03723350750119482 0.0011938851220059127
0.03725942619039408 0.001194461090143169
0.0373030509254045 0.0011964226519225601
0.03735349085758569 0.0011988389156008113
0.03735349085758569 0.0011988389156008113
0.03735349085758569 0.0011988389156008113
0.03735401829058948 0.0011988634224722365
0.03735401829058948 0.0011988634224722365
0.03745144557488893 0.0012020863337311497
0.03745144557488893 0.0012020863337311497
0.03747320477222305 0.0012026936560701593
0.03752309582446127 0.0012065739914281293
0.03757898450185318 0.0012093334456346116
0.03762031346282693 0.0012123894137459881
0.03768713692695277 0.0012143669236215297
0.03768713692695277 0.0012143669236215297
0.037719288703872686 0.0012163242805684244
0.037727247751529525 0.001216687959434343
0.037750136830397275 0.0012172989571764862
0.03776699536128126 0.0012180835847144119
0.03776699536128126 0.0012180835847144119
0.03783198934595862 0.0012189735161431906
0.03784577792162863 0.0012207774406182465
0.03787046795250771 0.001222899218899194
0.03787046795250771 0.001222899218899194
0.03787046795250771 0.001222899218899194
0.03787046795250771 0.001222899218899194
0.03787046795250771 0.001222899218899194
0.037903120051415766 0.00122290531220977
0.037903120051415766 0.00122290531220977
0.037903120051415766 0.00122290531220977
0.03793382810912615 0.001225848052836359
0.03794197158580818 0.0012271315923636573
0.03796644977209632 0.001227366273550307
0.03799775894068608 0.0012277080795988714
0.038094020276627824 0.0012281386307271941
0.03809407276571414 0.001231882600720475
0.03809731523660532 0.0012323875290317964
0.03809731523660532 0.0012323875290317964
0.03813187827283439 0.0012330454811465019
0.03813678103562735 0.0012335445434484644
0.038177878800739876 0.0012369276906222279
0.038214577043497615 0.001238914232698063
0.03824340154591895 0.0012412067779265642
0.03825760221148723 0.0012414559298041864
0.038299123093591195 0.0012419657600868223
0.03830692709793469 0.0012432122391664335
0.03835914332167441 0.0012465452674495546
0.03845833410317474 0.0012515602639764734
0.03851704246599961 0.0012529911158743552
0.038564586439814474 0.001255479528571854
0.038656988325562164 0.0012556263481335234
0.03866483768585923 0.001257087934664969
0.03867460418958421 0.0012603241143283367
0.038683577092810825 0.0012606979369349444
0.03869911452613574 0.0012614648382951532
0.03873458051191821 0.0012638738194631896
0.038787756625252176 0.001264601809825358
0.038787756625252176 0.001264601809825358
0.038821504077924104 0.001265397152168407
0.03884498919432909 0.0012682539070145594
0.03884928016928381 0.0012697631845405115
0.03884928016928381 0.0012697631845405115
0.03884928016928381 0.0012697631845405115
0.03889008121939172 0.0012697964400843584
0.038894801569089435 0.0012704442135362648
0.038913132617554316 0.0012714253171022577
0.03891727292955606 0.001272288733914608
0.0389453587160871 0.0012729251501296013
0.038969976844701035 0.0012738267816798426
0.038987456174561515 0.0012755335818960753
0.03902028139375159 0.0012768290219359229
0.03904629240637994 0.0012782813393797485
0.03913303382820138 0.0012795748200454147
0.03913303382820138 0.0012795748200454147
0.03915179128249514 0.001282532591298885
0.03920480949622345 0.0012831693555778781
0.039234558640587294 0.0012863846127672417
0.039274432234032874 0.0012873749341715524
0.03932137949051136 0.0012894483409502384
0.0393905382212759 0.0012918313878385883
0.039442512504213094 0.0012944109517280169
0.0395044655956818 0.0012994583533843726
0.03953329568523103 0.0012995449291824566
0.03953329568523103 0.0012995449291824566
0.03954371064355942 0.0012997361732086674
0.03955096082173911 0.0013003754201274973
0.0396093375466927 0.001303119874536861
0.039625085694132305 0.001303416745140889
0.03964742630431094 0.0013035695966340907
0.03967242028103812 0.0013051484469031374
0.03974552246867164 0.0013095223879899594
0.039757685096697255 0.0013100941720779532
0.039757685096697255 0.0013100941720779532
0.039757685096697255 0.0013100941720779532
0.03981158618000098 0.001312628250138214
0.039857450383302136 0.0013147271101221331
0.03986833979399792 0.001315452910204463
0.03986833979399792 0.001315452910204463
0.03986833979399792 0.001315452910204463
0.03989719553952132 0.0013170917640525919
0.039987937146835614 0.001319048666170236
0.04004962684511779 0.001320007136086114
0.04004962684511779 0.001320007136086114
0.040057772031092155 0.001322803401967838
0.04006130212990837 0.0013243309117095298
0.04009490024245872 0.0013245984708658736
0.04009490024245872 0.0013245984708658736
0.040157384357267234 0.001328013366969656
0.04018743812719883 0.0013301991481445689
0.04020893007412775 0.0013309667945386996
0.04032774446694372 0.001336156032239441
0.04046022735517669 0.001341353762108616
0.040538900528386435 0.0013452681624578704
0.04059324959863909 0.0013471918704832508
0.04059324959863909 0.0013471918704832508
0.04060692099225418 0.001350284607554181
0.04068900434782808 0.0013520987773454616
0.04069015148236858 0.0013521576031358467
0.04069085239860979 0.001352865753149124
0.0407291004327461 0.0013544487497732052
0.0407291004327461 0.0013544487497732052
0.04122172905833347 0.0013765069721826846
0.04122452747269941 0.0013772214085781245
0.04156750208002333 0.0013772637290092316
0.04156935942482956 0.0013856341472313352
0.04156935942482956 0.0013856341472313352
0.04156935942482956 0.0013856341472313352
0.04162026248434264 0.0013897393768979023
0.04163370777822339 0.0013901646805145173
0.04163370777822339 0.0013901646805145173
0.041796300959395676 0.001395307865158376
0.04186618495002281 0.001397307808315581
0.042047912286857 0.001398198767214153
0.04206086021809241 0.0013985387281909227
0.04207028077529521 0.0014007937922711061
0.04213911085909567 0.0014049210645905427
0.04233278211816496 0.001412389389664869
0.04248063411529042 0.0014129565216529612
0.04248063411529042 0.0014129565216529612
0.04249676190195306 0.0014131184362779674
0.04249676190195306 0.0014131184362779674
0.04262663121318053 0.001419762066602708
0.04265409463768419 0.0014204060642664608
0.042710523641015574 0.0014224578192883405
0.04273306436614021 0.0014244438669215045
0.04282781639464968 0.00142520220351586
0.04284487863876324 0.0014260986503185948
0.042901106036904176 0.0014289894025251956
0.042908489027042584 0.0014292177372439002
0.04299727998199755 0.00143384033839312
0.04308744092095454 0.001436898880877878
0.04338933531982399 0.0014423689439759235
0.043712029188969236 0.0014576807947664972
0.0440982289602977 0.0014618085587554258
0.044175109204542075 0.001463999630311987
0.044175109204542075 0.001463999630311987
0.04438057788929367 0.001474066868173324
0.04451662426087232 0.0014807768266849942
0.04451662426087232 0.0014807768266849942
0.0509812199683717 0.0014875595097263608
0.05438231662529122 0.0016154541134002771
0.0582690371156927 0.0016806030707236532
0.059558179766938356 0.0017160147328200881
0.060430759258615 0.0017163045935629777
0.060430759258615 0.0017163045935629777
0.060430759258615 0.0017163045935629777
0.06074855511512003 0.0017167352342940755
0.060956773256984356 0.0017336124698109127
0.060956773256984356 0.0017336124698109127
0.060956773256984356 0.0017336124698109127
0.061743167612674704 0.0017402940798852341
0.06210249521563291 0.0017448125259867712
0.062153063514497224 0.00174487774947526
0.06268987232387319 0.001756560393992056
0.06285366132261927 0.0017620992276296123
0.06285366132261927 0.0017620992276296123
0.06292101271182171 0.0017664003385385145
0.06392079904380685 0.0017728503073974773
0.06443140518754972 0.0017753238172049783
0.06476251301623215 0.0017800435666098415
0.06535366513548983 0.0017974064181852615
0.06580200286624754 0.0018116592139989524
0.06714395739805613 0.0018241456647757916
0.06741166229332814 0.0018327600762029772
0.06776742568026586 0.001833996209119304
0.06776742568026586 0.001833996209119304
0.06776742568026586 0.001833996209119304
0.06776742568026586 0.001833996209119304
0.06782903979563083 0.0018350322221121621
0.06826741988397023 0.0018424033978453646
0.06830785816426839 0.0018474757726831673
0.06856129729471722 0.0018536157897416962
0.0694207428542558 0.001861795978834952
0.07023042890274242 0.001866289463366203
0.07063269927946499 0.0018808071079736825
0.07095029610275037 0.001883687539252203
0.07126176131917722 0.0018918450987703548
0.07139531615111264 0.0018937804091402085
0.07162037876839736 0.0018987818714335841
0.07238894187027334 0.0019127788353155554
0.07334890882732245 0.0019268299135323827
0.07398044787646159 0.0019444041234960834
0.07427259226504257 0.0019468030652149174
0.0766883619770414 0.0019849779367235657
0.07681810970915733 0.001987207778952872
0.07738194597723513 0.0019994173107676615
0.08283664898243472 0.0020013861316467486
