0.05845243774466009 0.0007815095013798749
0.058760827715988215 0.0009400983016814407
0.05897941887248941 0.0009407398463198539
0.059313425250999786 0.0010720020495193368
0.05957899605809537 0.0010771140442486888
0.059977196442351784 0.0011000138763166448
0.06000681059260772 0.001192708706487383
0.06060351212491762 0.0012958288741494552
0.06093713025844518 0.0012989172432165616
0.060956957236061836 0.001322881547854644
0.06136591299897846 0.0013519799952858597
0.061375508470101627 0.0013557435620389841
0.062370559881522215 0.00139132250907884
0.06319316994976018 0.0014555650535885841
0.06358333864306846 0.0014556411799003517
0.06368846854504571 0.0014778359459308677
0.06452714657318663 0.001487691135491231
0.06494419652675937 0.001506194260315578
0.06504091141102814 0.0015536746256734118
0.06667299515888427 0.00155906641413093
0.06719839299566606 0.001589690601242397
0.06864190708255895 0.0015938288483203105
0.0688643577584051 0.0015943817401615956
0.06891212488607698 0.001642147499659841
0.06894094437925621 0.0016451822876996664
0.06926516287244251 0.0016471562210187683
0.06961669925386291 0.001661062469027889
0.07069524666908279 0.0016623639715124241
0.0742769094755034 0.0016742222621249944
