0.05887316618367622 0.000813093580252696
0.05901849695841515 0.0008245765175258625
0.059313694089372676 0.0008746266908014679
0.05935545600324062 0.0009154234050114999
0.05936658177887846 0.001014896048048544
0.05945135122100907 0.0010628083563309486
0.059937816946600456 0.0011937319775134603
0.0608281567493009 0.001282915102901164
0.06093820917921616 0.001330414899832003
0.0611052786443961 0.0013621825720299611
0.06376982207747388 0.0013870900116094217
0.06388236327305068 0.0014116471461713188
0.06529560469481689 0.0014331728287283816
0.06529560469481689 0.0014331728287283816
0.06547898025271456 0.0014468842568954921
0.06574044650715372 0.0014913278474544935
0.06653888018720591 0.0015432060482250556
0.06766207277735738 0.001560921388655798
0.06790588362575145 0.0015904707583565567
0.06910136883984573 0.0015985507697336197
0.06919586617918282 0.0016068226751177455
0.06925626293473894 0.0016073506735487062
0.06926019088394841 0.0016254781636099386
0.06969802429059359 0.0016320156963844858
0.06981990201656253 0.0016890350529800034
0.07257168002348838 0.0016916177777824219
0.0744015244814927 0.0017217912712803299
