1.9031196476e-05
1.90994674723e-05
1.71302075405e-05
1.79458727558e-05
1.7779837452e-05
1.83553793911e-05
1.85010186467e-05
1.73388092016e-05
1.92430108931e-05
1.9371870347e-05
1.80665427949e-05
1.71054647433e-05
1.65393653398e-05
2.09999556961e-05
1.81653385677e-05
1.9985366882e-05
1.81847255659e-05
1.88099212397e-05
1.74036232459e-05
1.86384189703e-05
1.5797634855e-05
2.18817435377e-05
2.00294926888e-05
1.85857923117e-05
1.79257757201e-05
2.04051598046e-05
1.73466578671e-05
1.99530464863e-05
1.9717578594e-05
1.91294119781e-05