0.036519453 0.00080945314
0.036529455 0.00080996123
0.037521847 0.0009825715
0.037509713 0.0009823592
0.046642065 0.0012610849
0.037678443 0.0009829714
0.04706726 0.0012708037
0.046915706 0.0012679133
0.0378694 0.0010167359
0.046585552 0.0012590776
0.041411977 0.0011339661
0.046739276 0.0012630097
0.047834996 0.0012849842
0.047659308 0.0012830723
0.046445243 0.0012582091
0.047825586 0.001284844
0.04745658 0.0012768836
0.046805393 0.0012641686
0.04725797 0.0012732764
0.047106184 0.0012711602
0.04646538 0.00125826
0.048721615 0.001286612
0.04692588 0.0012680849
0.046982147 0.0012692702
0.048761386 0.0012874254
0.046846576 0.0012659528
0.046853825 0.0012665312
0.04679803 0.0012639998
0.047095682 0.0012708117
0.046781037 0.0012638315
0.047199145 0.001272775
0.04714211 0.0012719154
0.047161885 0.0012720461
0.04716733 0.0012725515
0.047117572 0.0012716339
0.046720807 0.0012626955
0.046999335 0.0012694173
0.047238242 0.0012728785
0.0466972 0.001261422
0.04782462 0.0012838702
0.036934756 0.000908548
0.03998026 0.0010855553
0.037932377 0.001023708
0.03774113 0.0010125815
0.040667623 0.0011142421
0.03692834 0.0009081052
0.037680093 0.0009844395
0.0405194 0.0011063747
0.04412296 0.0012140172
0.040734448 0.0011185233
0.038380533 0.0010492202
0.04023562 0.001099568
0.040140826 0.0010979247
0.040525556 0.0011072333
0.04218539 0.0011604952
0.044569634 0.001225716
0.041886654 0.0011505062
0.04086509 0.001121939
0.04172136 0.0011440677
0.043691352 0.0012018093
0.04079926 0.0011198716
0.044127192 0.0012141396
0.04372419 0.0012037574
0.03927489 0.0010732393
0.040798366 0.0011198114
0.040410284 0.0011050703
0.04031356 0.0011026354
0.03885697 0.0010629756
0.039029613 0.0010653611
0.03823669 0.0010441076
0.03832364 0.001047077
0.042291287 0.0011630887
0.042038742 0.0011558989
0.044445317 0.0012241931
0.044093356 0.001211593
0.039087955 0.0010670535
0.03811714 0.0010382081
0.038746558 0.0010588929
0.03926773 0.00107298
0.039106607 0.0010672138
0.038339473 0.0010475386
0.03857769 0.001053305
0.04213319 0.0011590653
0.042992912 0.0011826527
0.038746893 0.0010591459
0.043748014 0.0012042136
0.03958995 0.0010832736
0.043005496 0.0011833194
0.039402075 0.0010780764
0.0423521 0.0011645845
0.039379768 0.0010769061
0.039393827 0.0010775162
0.042802993 0.0011778583
0.03875181 0.0010593609
0.038391437 0.0010492279
0.04410015 0.0012117032
0.04351086 0.001197436
0.043360006 0.0011930335
0.043390457 0.0011939259
0.04352487 0.0011977709
0.043867588 0.0012072158
0.043992415 0.001210764
0.043037184 0.0011839019
0.038681556 0.0010581787
0.04460963 0.001226743
0.039110605 0.0010674819
0.043333303 0.0011922277
0.039387602 0.0010770863
0.044240743 0.0012179419
0.042153865 0.0011602064
0.04379015 0.0012053979
0.04228908 0.0011628828
0.038675494 0.0010562618
0.04251144 0.0011705499
0.03876261 0.0010599066
0.044723682 0.0012293265
0.04348632 0.0011966429
0.044245206 0.0012179727
0.03916218 0.0010694449
0.044624466 0.0012272365
0.042939447 0.0011808245
0.043367762 0.0011931848
0.0424332 0.0011677055
0.043543763 0.0011982605
0.03915001 0.0010690104
0.039129693 0.0010679577
0.038645297 0.0010554967
0.043317985 0.0011910019
0.041767914 0.0011460899
0.044547863 0.0012249118
0.04583936 0.0012540716
0.039469182 0.0010807129
0.038294826 0.0010459266
0.040534988 0.0011080877
0.042102925 0.0011584163
0.04457424 0.0012257777
0.04200874 0.0011548798
0.043128543 0.0011868988
0.043062277 0.0011847108
0.043534823 0.0011981787
0.04207256 0.001157986
0.041678105 0.0011431505
0.042806055 0.0011782879
0.042544723 0.0011711858
0.041756116 0.0011456977
0.04084661 0.0011218238
0.04330561 0.0011896598
0.043965157 0.001210048
0.039365035 0.0010762752
0.044262473 0.0012188267
0.045194626 0.0012407464
0.040914964 0.0011235711
0.038633876 0.0010550375
0.04317847 0.0011871937
0.040669013 0.0011157282
0.04347607 0.0011957699
0.0433764 0.0011936004
0.03941934 0.0010784179
0.038410027 0.0010515254
0.038730413 0.0010584455
0.042152546 0.0011597634
0.041738167 0.0011452864
0.038116347 0.0010380871
0.043547913 0.0011983851
0.044236448 0.0012175596
0.040904388 0.0011231722
0.0393728 0.0010765259
0.043821555 0.0012061683
0.04552645 0.0012480379
0.038395755 0.00104951
0.042036917 0.001155833
0.040011797 0.001093375
0.042385787 0.0011671615
0.038833875 0.0010628514
0.04388815 0.0012078417
0.044163175 0.0012167217
0.042831685 0.0011795212
0.04248241 0.0011691166
0.03914136 0.001068687
0.038827572 0.0010618783
0.04555303 0.0012490517
0.043765735 0.0012047791
0.040812016 0.0011204343
0.04412143 0.0012138681
0.03918393 0.0010703045
0.04176872 0.0011461024
0.03910022 0.0010672086
0.04270686 0.0011746426
0.03940073 0.0010780691
0.04389578 0.0012080965
0.042501103 0.0011692946
0.04301679 0.0011836062
0.038152482 0.0010408234
0.038201276 0.0010426225
0.04518592 0.0012402051
0.044226926 0.0012172116
0.04422788 0.0012173039
0.040310558 0.0011025887
0.04349237 0.0011967117
0.042997986 0.0011831278
0.04084348 0.0011217518
0.043774858 0.0012050022
0.040559705 0.0011130805
0.044610467 0.0012267713
0.040302176 0.0011024
0.042441513 0.001167718
0.042033833 0.001155653
0.03825687 0.0010449102
0.0430559 0.0011841998
0.038339503 0.001047601
0.04329845 0.0011894276
0.03818257 0.0010420914
0.04353002 0.0011980616
0.042615402 0.0011723752
0.043136254 0.0011871847
0.04397659 0.0012100626
0.043905713 0.0012081749
0.043503392 0.0011974068
0.03937551 0.0010767182
0.03940779 0.0010781426
0.03816116 0.0010416014
0.044629537 0.0012273847
0.03911534 0.0010678491
0.03947266 0.0010813222
0.042144388 0.0011596432
0.038287055 0.0010457073
0.044583313 0.001226465
0.04345574 0.0011956317
0.041743632 0.0011454838
0.043522265 0.0011976402
0.042315356 0.001163566
0.038739707 0.0010586358
0.043420713 0.0011945808
0.048862446 0.0012942769
0.03938783 0.0010771526
0.04019938 0.0010986124
0.03826559 0.0010450865
0.042135403 0.0011590949
0.04424963 0.0012185208
0.043859515 0.0012069986
0.04354283 0.0011982456
0.03942128 0.0010784926
0.040678665 0.0011177431
0.04255902 0.0011721463
0.039098483 0.0010671429
0.039380956 0.0010769737
0.044580888 0.0012262509
0.038370084 0.001048711
0.038319744 0.001046872
0.03832093 0.0010468857
0.04337076 0.0011934647
0.039110612 0.001067482
0.04217804 0.001160431
0.043394018 0.0011939881
0.04394513 0.0012092894
0.039400104 0.0010779001
0.0404157 0.0011051153
0.043081623 0.0011852927
0.04247105 0.0011686623
0.045517385 0.0012476654
0.041572146 0.0011374509
0.041617367 0.0011397218
0.042868007 0.0011804104
0.042738978 0.001175382
0.04398574 0.0012101792
0.045000233 0.0012351285
0.04074189 0.0011189391
0.041989744 0.0011545424
0.042309064 0.0011633938
0.03860617 0.0010543203
0.040105525 0.0010962684
0.040961206 0.0011247357
0.044219866 0.0012169273
0.042825878 0.0011784976
0.039100006 0.001067207
0.044545423 0.0012248307
0.039014008 0.0010643335
0.042100705 0.001158178
0.03826512 0.001045022
0.042138234 0.0011595248
0.0404428 0.0011053822
0.043073814 0.0011848311
0.038343612 0.0010476592
0.04587595 0.001255088
0.038115136 0.0010380577
0.043660473 0.001200996
0.04011809 0.0010968613
0.03827969 0.0010454707
0.038314942 0.001046816
0.039359473 0.0010760336
0.0385455 0.001051641
0.04317994 0.001187362
0.042453744 0.0011681662
0.043964773 0.0012099374
0.040103 0.0010962493
0.043349944 0.0011928709
0.04279774 0.0011776282
0.038025636 0.0010376708
0.042034872 0.001155701
0.042745188 0.0011756873
0.038221665 0.0010434905
0.04006382 0.0010944325
0.038200915 0.0010426076
0.039247807 0.0010719881
0.040827252 0.0011212418
0.041664127 0.0011424132
0.042643484 0.0011733975
0.04377148 0.0012049191
0.04371819 0.0012035773
0.03826678 0.0010453305
0.04426856 0.0012191387
0.043990754 0.0012103453
0.03935216 0.001075598
0.03818927 0.0010423228
0.04461447 0.0012270099
0.03939543 0.0010775193
0.042947065 0.0011820496
0.039520387 0.0010821647
0.04227436 0.0011618999
0.039071057 0.0010665839
0.04250144 0.0011694595
0.044000458 0.0012109815
0.045572042 0.0012497123
0.041780982 0.001146864
0.043937087 0.0012091468
0.04472643 0.0012294898
0.040869884 0.0011223471
0.044110455 0.0012130359
0.039176907 0.0010698509
0.040236585 0.001101924
0.043830894 0.0012065276
0.03829857 0.0010462272
0.04217108 0.0011603298
0.043869436 0.0012073511
0.041854184 0.0011492786
0.043103755 0.0011858145
0.042427167 0.0011673555
0.039194595 0.0010707651
0.04272634 0.0011750144
0.04084472 0.0011217728
0.038284328 0.0010455118
0.040174667 0.0010980675
0.04438256 0.0012198105
0.041790523 0.0011469867
0.038167693 0.0010416894
0.04348492 0.0011963916
0.043938193 0.0012092793
0.0391472 0.0010689284
0.03942749 0.0010787388
0.044124022 0.0012140676
0.03913652 0.0010684781
0.040226143 0.0010995638
0.043552145 0.0011985082
0.043443173 0.0011953089
0.038803827 0.001061
0.03840563 0.0010496601
0.0417626 0.0011458611
0.038626198 0.0010545048
0.041728336 0.0011449913
0.042625334 0.001172706
0.043387607 0.0011938224
0.04183297 0.0011482693
0.039399244 0.0010777719
0.044641882 0.0012275677
0.044405665 0.0012203779
0.04012131 0.0010978593
0.038879197 0.0010632116
0.04356216 0.0011989219
0.043849286 0.0012068863
0.039257742 0.0010726814
0.040552836 0.0011086296
0.042820167 0.0011783823
0.04413375 0.0012159965
0.04299693 0.001182686
0.044554844 0.0012251148
0.043446213 0.0011953465
0.042106174 0.0011588506
0.04460968 0.0012267445
0.040042117 0.0010941592
0.03840026 0.001049535
0.03865397 0.0010562191
0.043658856 0.001200727
0.041706134 0.0011436709
0.042863183 0.0011801554
0.042035807 0.0011557989
0.041902944 0.0011523829
0.043077014 0.0011849218
0.04153325 0.0011355741
0.045169793 0.0012396184
0.04246055 0.0011684463
0.04380593 0.0012058424
0.038788065 0.0010602265
0.044119112 0.001213823
0.03868025 0.0010566656
0.041779354 0.0011465763
0.042033568 0.0011554406
0.043353688 0.001192962
0.03887901 0.0010631904
0.04185566 0.0011493429
0.04032272 0.0011030625
0.042320274 0.0011636157
0.044558976 0.0012253412
0.043563683 0.0011991346
0.0435529 0.0011985527
0.044685952 0.0012288917
0.042043943 0.0011570699
0.04390704 0.0012087107
0.039033603 0.001066323
0.03815267 0.0010408318
0.042827938 0.0011785328
0.04193757 0.0011532593
0.04389177 0.0012078487
0.041767176 0.001146029
0.038798787 0.0010602523
0.038781237 0.0010601407
0.040870707 0.001123005
0.04442179 0.0012230042
0.044554107 0.0012249202
0.042761467 0.0011757679
0.04380019 0.0012055415
0.04242141 0.0011673153
0.04190029 0.0011510007
0.042202216 0.0011616226
0.037955146 0.0010314755
0.039388087 0.0010772605
0.044248197 0.0012180996
0.04196282 0.001154247
0.044767298 0.0012309953
0.048920043 0.0012975172
0.04174828 0.0011455812
0.043091636 0.0011855128
0.038993716 0.0010633043
0.04083625 0.001121494
0.04387331 0.0012076909
0.038321715 0.0010468918
0.04395698 0.0012097076
0.044401374 0.0012202979
0.045544364 0.0012485605
0.039155275 0.0010692071
0.039145764 0.0010687894
0.043849733 0.0012069229
0.039286714 0.0010737451
0.039026953 0.0010646234
0.044331323 0.0012192632
0.043039206 0.0011840718
0.038260207 0.0010449359
0.039267134 0.0010729089
0.04263349 0.0011728826
0.043069974 0.0011847392
0.039195694 0.0010710192
0.043356042 0.0011930192
0.038201515 0.0010426507
0.0442403 0.0012176032
0.042022336 0.0011552725
0.039983027 0.0010865916
0.041393638 0.0011333826
0.04131017 0.0011311297
0.041101787 0.0011256733
0.041605856 0.001137629
0.04126477 0.0011285577
0.04497091 0.0012312832
0.04329695 0.0011875646
0.046260606 0.0012581444
0.037674222 0.0009828417
0.04139946 0.0011335883
0.0413879 0.0011330933
0.046813164 0.0012652101
0.047008507 0.0012704604
0.045509372 0.0012422301
0.04126699 0.0011286447
0.041183677 0.001128524
0.045503914 0.0012415943
0.04128551 0.0011299469
0.044993468 0.0012327756
0.04115477 0.0011267446
0.03700883 0.0009245505
0.036801293 0.0008435276
0.04665014 0.0012613566
0.037022475 0.00092754123
0.037007365 0.0009228628
0.036733914 0.0008414623
0.041542523 0.0011359232
0.036941085 0.0009184304
0.037924495 0.0010203269
0.04152814 0.0011341417
0.0379119 0.0010202473
0.04757275 0.0012776274
0.03692672 0.00087014673
0.03666333 0.0008275091
0.03731849 0.00094749127
0.03656451 0.0008262332
0.03732222 0.00094934006
0.03732216 0.0009487527
0.037705008 0.0009984169
0.037721973 0.0009995803
0.047528267 0.0012773072
0.03655054 0.0008232167
0.037698913 0.000997319
0.037323285 0.0009522209
0.037244182 0.0009462538
0.03665904 0.0008269892
0.037209257 0.0009426578
0.036560934 0.0008234352
0.036553793 0.0008232503
0.037205126 0.00094207685
0.037221134 0.0009449876
0.037228256 0.00094546925
0.04759904 0.0012779656
