0.050366085 0.001344282
0.050099943 0.0013397646
0.049925603 0.0013378384
0.049925603 0.0013378384
0.049925603 0.0013378384
0.049925603 0.0013378384
0.04991804 0.0013362038
0.049654223 0.0013360895
0.04940622 0.0013322678
0.049212407 0.0013312399
0.049212407 0.0013312399
0.04921057 0.0013312302
0.04921057 0.0013312302
0.04921057 0.0013312302
0.04921057 0.0013312302
0.04921057 0.0013312302
0.04921057 0.0013312302
0.049208466 0.001331219
0.049208466 0.001331219
0.049203414 0.001331097
0.049203414 0.001331097
0.049131647 0.0013308116
0.047242336 0.0012988786
0.047242336 0.0012988786
0.047242336 0.0012988786
0.047242336 0.0012988786
0.046719648 0.0012947728
0.04413047 0.0012331804
0.04321998 0.0012042756
0.04321998 0.0012042756
0.04321998 0.0012042756
0.042042572 0.0011770707
0.040359374 0.0011192234
0.040359374 0.0011192234
0.040359374 0.0011192234
0.040359374 0.0011192234
0.040359374 0.0011192234
0.040359374 0.0011192234
0.040359374 0.0011192234
0.040359374 0.0011192234
0.040359374 0.0011192234
0.04012747 0.0011087653
0.03964181 0.0011013272
0.03964181 0.0011013272
0.03964181 0.0011013272
0.03964181 0.0011013272
0.03964181 0.0011013272
0.039586 0.0011005629
0.039586 0.0011005629
0.039586 0.0011005629
0.039586 0.0011005629
0.039586 0.0011005629
0.039518338 0.0010995396
0.039475724 0.0010988924
0.039475724 0.0010988924
0.039475724 0.0010988924
0.03810072 0.0010634741
0.03810072 0.0010634741
0.037772797 0.001043693
0.037755534 0.0010429351
0.037755534 0.0010429351
0.03774578 0.0010425068
0.037742626 0.0010423682
0.03769684 0.0010418465
0.03769684 0.0010418465
0.03769684 0.0010418465
0.03765046 0.0010416217
0.03742673 0.001017042
0.03742673 0.001017042
0.03742673 0.001017042
0.03737724 0.0010153574
0.03735368 0.0010079656
0.037139397 0.0009930152
0.037139397 0.0009930152
0.037139397 0.0009930152
0.037139397 0.0009930152
0.037097517 0.0009857394
0.03707154 0.0009855678
0.037025597 0.0009837823
0.036917154 0.0009728288
0.03684792 0.00096338056
0.03684792 0.00096338056
0.03684792 0.00096338056
0.035777457 0.0007458393
0.04855182 0.0013263968
0.04855182 0.0013263968
0.04772299 0.0013165984
0.043867145 0.001221042
0.0413604 0.0011509693
0.0413604 0.0011509693
0.0413604 0.0011509693
0.0413604 0.0011509693
0.0413604 0.0011509693
0.0413604 0.0011509693
0.0413604 0.0011509693
0.0413604 0.0011509693
0.0413604 0.0011509693
0.0413604 0.0011509693
0.0413604 0.0011509693
0.040143363 0.0011129914
0.039411664 0.0010958044
0.039411664 0.0010958044
0.03837759 0.0010739452
0.03837759 0.0010739452
0.03837759 0.0010739452
0.038336255 0.0010679682
0.038294047 0.0010654771
0.03827673 0.001065168
0.03827673 0.001065168
0.03827673 0.001065168
0.03826855 0.0010647326
0.038265638 0.0010644859
0.038242716 0.0010635697
0.037666764 0.0010416337
0.03753658 0.0010319987
0.03753658 0.0010319987
0.037534952 0.0010315037
0.037534952 0.0010315037
0.037534952 0.0010315037
0.037534952 0.0010315037
0.03751969 0.0010261841
0.036952246 0.000975889
0.03681066 0.0009579682
0.03680956 0.00095543015
0.03680543 0.0009548308
0.036800537 0.0009539559
0.03679566 0.0009538668
0.03679566 0.0009538668
0.03679566 0.0009538668
0.03679566 0.0009538668
0.03679566 0.0009538668
0.03678936 0.0009523714
0.05076592 0.0013487773
0.0507111 0.0013468029
0.050678946 0.0013458055
0.050678946 0.0013458055
0.050636735 0.0013447738
0.03833011 0.0010674665
0.0375164 0.0010238676
0.0375164 0.0010238676
0.0375164 0.0010238676
0.0375164 0.0010238676
0.0375164 0.0010238676
0.0375164 0.0010238676
0.0375164 0.0010238676
0.0375164 0.0010238676
0.0375164 0.0010238676
0.0375164 0.0010238676
0.0375164 0.0010238676
0.0375164 0.0010238676
0.0375164 0.0010238676
0.0375164 0.0010238676
0.0375164 0.0010238676
0.0375164 0.0010238676
0.0375164 0.0010238676
0.03750912 0.0010232334
0.03750912 0.0010232334
0.03750912 0.0010232334
0.03750912 0.0010232334
0.03750912 0.0010232334
0.03750912 0.0010232334
0.03750912 0.0010232334
0.03750912 0.0010232334
0.03750912 0.0010232334
0.03750912 0.0010232334
0.03750912 0.0010232334
0.03750912 0.0010232334
0.03750912 0.0010232334
0.03750912 0.0010232334
0.03750912 0.0010232334
0.03750912 0.0010232334
0.03750912 0.0010232334
0.03750912 0.0010232334
0.03723493 0.0009977733
0.037227917 0.0009969099
0.037227917 0.0009969099
0.037227917 0.0009969099
0.037227917 0.0009969099
0.037227917 0.0009969099
0.037227917 0.0009969099
0.03711308 0.0009864775
0.03711308 0.0009864775
0.03711308 0.0009864775
0.037110914 0.0009862328
0.037110914 0.0009862328
0.03710884 0.000985906
0.036959562 0.0009818231
0.036959562 0.0009818231
0.03684099 0.00096305803
0.03681548 0.0009589284
0.03641839 0.0009065825
0.03641839 0.0009065825
0.036316257 0.000887935
0.050813776 0.001350804
0.050813776 0.001350804
0.045264818 0.0012602
0.045264818 0.0012602
0.044049747 0.001226455
0.044049747 0.001226455
0.043497834 0.001217072
0.04149337 0.0011656255
0.041479852 0.001162959
0.040170535 0.0011175314
0.03971941 0.0011060874
0.039708592 0.0011058038
0.038030002 0.001058814
0.037993543 0.0010573127
0.037856687 0.0010527818
0.037856687 0.0010527818
0.037856687 0.0010527818
0.037848134 0.0010524784
0.037848134 0.0010524784
0.03781745 0.001043853
0.03781745 0.001043853
0.037606392 0.0010332419
0.037606392 0.0010332419
0.037480768 0.0010218726
0.03747902 0.0010211832
0.03747902 0.0010211832
0.037448265 0.0010210887
0.03737073 0.0010139009
0.03737073 0.0010139009
0.03737073 0.0010139009
0.03737017 0.0010137687
0.037304915 0.0010076284
0.037294302 0.0010036761
0.037270144 0.0009992123
0.037270144 0.0009992123
0.037270144 0.0009992123
0.037235115 0.0009991496
0.037204538 0.0009961249
0.037204538 0.0009961249
0.037204538 0.0009961249
0.037204538 0.0009961249
0.037204538 0.0009961249
0.037204538 0.0009961249
0.037204538 0.0009961249
0.037128538 0.0009874997
0.037128538 0.0009874997
0.036887035 0.00096673594
0.036887035 0.00096673594
0.036887035 0.00096673594
0.036881085 0.00096436497
0.036881085 0.00096436497
0.036881085 0.00096436497
0.036881085 0.00096436497
0.036881085 0.00096436497
0.036881085 0.00096436497
0.03682708 0.0009606312
0.03682708 0.0009606312
0.03682708 0.0009606312
0.03682708 0.0009606312
0.036621105 0.00093607744
0.036583763 0.0009335671
0.036550406 0.00092498556
0.036500994 0.00092121185
0.04936054 0.0013320154
0.04936054 0.0013320154
0.04870491 0.0013290856
0.04870491 0.0013290856
0.048117183 0.001318953
0.047291894 0.0013026474
0.046743345 0.0012957734
0.046670325 0.0012926904
0.046670325 0.0012926904
0.04369518 0.001220497
0.04369518 0.001220497
0.04369518 0.001220497
0.04369518 0.001220497
0.04369518 0.001220497
0.04369518 0.001220497
0.04369518 0.001220497
0.04343791 0.0012156657
0.042586863 0.0011936529
0.041403353 0.0011604116
0.041403353 0.0011604116
0.04110744 0.0011503191
0.04110744 0.0011503191
0.04110744 0.0011503191
0.04110744 0.0011503191
0.038390547 0.001074378
0.037133295 0.0009899216
0.036541123 0.0009214927
0.036014166 0.00083247275
0.03600838 0.0008298242
0.03600838 0.0008298242
0.03600838 0.0008298242
0.03600838 0.0008298242
0.03600838 0.0008298242
0.03600838 0.0008298242
0.035974193 0.00081668963
0.035945825 0.00080976
0.035945825 0.00080976
0.03589706 0.000806971
0.03572781 0.00073552364
0.03572781 0.00073552364
0.035643388 0.0006858741
0.035643388 0.0006858741
0.035637274 0.00066725403
0.035622932 0.0006606603
0.03557139 0.0006483205
0.035565566 0.0006344242
0.035565566 0.0006344242
0.035565566 0.0006344242
0.035565566 0.0006344242
0.035565566 0.0006344242
0.035565566 0.0006344242
0.035549328 0.00062696205
0.035549328 0.00062696205
0.035540715 0.000549435
0.047342267 0.0013072942
0.045215555 0.0012557774
0.045014154 0.0012534277
0.045014154 0.0012534277
0.045014154 0.0012534277
0.045014154 0.0012534277
0.040919743 0.0011417848
0.040919743 0.0011417848
0.04088601 0.0011398557
0.03969008 0.001102381
0.047224324 0.0012980996
0.047224324 0.0012980996
0.047224324 0.0012980996
0.046037287 0.001280118
0.045125972 0.0012545445
0.045116797 0.0012540858
0.044907648 0.0012467244
0.044744898 0.0012458935
0.044012714 0.0012219565
0.043500956 0.0012186612
0.043084525 0.0012023713
0.043084525 0.0012023713
0.042982664 0.0012017586
0.042982664 0.0012017586
0.042982664 0.0012017586
0.042982664 0.0012017586
0.042802475 0.0011969017
0.042730413 0.001195855
0.042171314 0.001182705
0.04216153 0.0011803831
0.04216153 0.0011803831
0.04216153 0.0011803831
0.041965846 0.0011744235
0.041965846 0.0011744235
0.04189084 0.0011726595
0.04189084 0.0011726595
0.041838896 0.0011714378
0.041838896 0.0011714378
0.041838896 0.0011714378
0.04134611 0.0011505771
0.04134611 0.0011505771
0.04134611 0.0011505771
0.04134611 0.0011505771
0.04133605 0.0011503744
0.04133605 0.0011503744
0.04096064 0.0011497614
0.04096064 0.0011497614
0.040364653 0.0011199465
0.040364653 0.0011199465
0.03842943 0.0010793848
0.03834526 0.0010720659
0.036735475 0.0009486851
0.03649026 0.0009075506
0.036465578 0.0009066021
0.03631256 0.00088407
0.03631256 0.00088407
0.03631256 0.00088407
0.03631256 0.00088407
0.03631256 0.00088407
0.036291942 0.00087545
0.03629157 0.00086056377
0.035941947 0.0008083989
0.035795685 0.0007459026
0.035771493 0.0007393732
0.035754483 0.00073741446
0.035726443 0.0007330465
0.03567044 0.00072597613
0.035547893 0.00062382495
0.044122823 0.00123039
0.044122823 0.00123039
0.044122823 0.00123039
0.044122823 0.00123039
0.04405259 0.0012293261
0.043959882 0.0012212591
0.043959882 0.0012212591
0.042939164 0.0011986461
0.039973736 0.0011085315
0.038775362 0.0010796755
0.03735655 0.0010121281
0.037050538 0.0009848067
0.036933318 0.00097567047
0.036907718 0.0009715787
0.0369027 0.0009707233
0.0369027 0.0009707233
0.036896717 0.0009698205
0.036346618 0.0008933197
0.03617124 0.00086028996
0.03617124 0.00086028996
0.03617124 0.00086028996
0.03617124 0.00086028996
0.03617124 0.00086028996
0.036129545 0.00084917096
0.036129545 0.00084917096
0.036085952 0.0008478148
0.036085952 0.0008478148
0.03608554 0.000847737
0.036081582 0.0008471265
0.036081582 0.0008471265
0.036081582 0.0008471265
0.036081582 0.0008471265
0.036055334 0.000842991
0.036055334 0.000842991
0.036055334 0.000842991
0.03605219 0.00084249565
0.03604771 0.0008417892
0.03604771 0.0008417892
0.036025066 0.00083820877
0.036016934 0.00083523965
0.03587672 0.00079370383
0.03587672 0.00079370383
0.03587672 0.00079370383
0.03587672 0.00079370383
0.03587672 0.00079370383
0.03587672 0.00079370383
0.03585786 0.00077543047
0.035852134 0.00077273464
0.035852134 0.00077273464
0.035836194 0.0007720553
0.035836194 0.0007720553
0.035836194 0.0007720553
0.035836194 0.0007720553
0.03583514 0.0007718913
0.03583514 0.0007718913
0.03583514 0.0007718913
0.03583514 0.0007718913
0.03583514 0.0007718913
0.03583514 0.0007718913
0.0358271 0.0007688097
0.0358271 0.0007688097
0.035812292 0.0007580701
0.03580872 0.00075078936
0.04788527 0.001318429
0.047624283 0.0013137439
0.047601044 0.0013111798
0.047601044 0.0013111798
0.047601044 0.0013111798
0.047601044 0.0013111798
0.04750922 0.0013094909
0.047508463 0.001309477
0.04659669 0.0012877224
0.04659669 0.0012877224
0.046148624 0.0012869738
0.04569747 0.0012783944
0.045573447 0.0012672392
0.045293003 0.001266548
0.044454847 0.0012442921
0.044198316 0.0012404739
0.04329532 0.0012119347
0.043257236 0.0012093495
0.043215614 0.0012028666
0.043215614 0.0012028666
0.042844135 0.0011976615
0.042700093 0.0011953987
0.042683043 0.001195116
0.042583786 0.0011918042
0.042528052 0.0011904519
0.042528052 0.0011904519
0.04239787 0.0011883278
0.04239787 0.0011883278
0.04239787 0.0011883278
0.04212505 0.0011791177
0.04212505 0.0011791177
0.041814666 0.0011704308
0.041382574 0.0011562761
0.041382574 0.0011562761
0.041382574 0.0011562761
0.040475216 0.0011397062
0.040414754 0.0011331
0.04037037 0.0011299934
0.03994691 0.0011062861
0.03994691 0.0011062861
0.038882736 0.0010910068
0.038882736 0.0010910068
0.038869355 0.0010895823
0.038869355 0.0010895823
0.0388538 0.0010875547
0.038815226 0.0010846615
0.038815226 0.0010846615
0.038810387 0.0010809812
0.036679283 0.00094291155
0.036679283 0.00094291155
0.03661835 0.00093362015
0.03661835 0.00093362015
0.03661835 0.00093362015
0.03661835 0.00093362015
0.03661835 0.00093362015
