0.04419048 0.0012336492
0.040112615 0.0011089705
0.040112615 0.0011089705
0.039745517 0.0011057451
0.03956258 0.0011017383
0.049905095 0.001338043
0.045177586 0.0012567067
0.045177586 0.0012567067
0.045111466 0.0012562483
0.045111466 0.0012562483
0.04500164 0.0012538596
0.04450924 0.0012398623
0.044464014 0.0012366497
0.040329836 0.001117756
0.04019717 0.0011165517
0.04019717 0.0011165517
0.04019717 0.0011165517
0.04019236 0.0011137741
0.04019236 0.0011137741
0.04019236 0.0011137741
0.040137667 0.0011121901
0.04013351 0.0011103915
0.03851105 0.0010665815
0.03829049 0.0010665752
0.038075686 0.0010505057
0.038071603 0.0010504216
0.038071603 0.0010504216
0.038071603 0.0010504216
0.038071603 0.0010504216
0.038071603 0.0010504216
0.038071603 0.0010504216
0.038071603 0.0010504216
0.038071603 0.0010504216
0.038071603 0.0010504216
0.038061697 0.0010500238
0.038048 0.0010495313
0.038041797 0.0010484876
0.038041797 0.0010484876
0.03799462 0.0010421976
0.03799462 0.0010421976
0.03799462 0.0010421976
0.03799462 0.0010421976
0.03799462 0.0010421976
0.03799462 0.0010421976
0.03799462 0.0010421976
0.03799462 0.0010421976
0.03799462 0.0010421976
0.03799462 0.0010421976
0.037568275 0.001020318
0.03749439 0.0010134685
0.03749439 0.0010134685
0.03749439 0.0010134685
0.037160795 0.0009931698
0.037148833 0.0009817692
0.037148833 0.0009817692
0.036806528 0.00094831875
0.036806528 0.00094831875
0.036546387 0.0009202475
0.036475476 0.00089391775
0.036475476 0.00089391775
0.037907746 0.0010421724
0.03787445 0.0010382702
0.037858706 0.0010381113
0.037858706 0.0010381113
0.037854392 0.0010379524
0.037854392 0.0010379524
0.037854392 0.0010379524
0.037854392 0.0010379524
0.037854392 0.0010379524
0.037763327 0.0010354588
0.037618898 0.0010293925
0.03761174 0.0010286968
0.03761174 0.0010286968
0.03761174 0.0010286968
0.03761174 0.0010286968
0.037365034 0.0009991028
0.037365034 0.0009991028
0.037237804 0.0009963367
0.04530642 0.0012626908
0.043971807 0.0012290309
0.043763082 0.0012203838
0.043763082 0.0012203838
0.043763082 0.0012203838
0.043763082 0.0012203838
0.043763082 0.0012203838
0.043569196 0.0012122106
0.043334283 0.0012110805
0.043056317 0.0012075509
0.042948045 0.0011992098
0.04285784 0.0011966972
0.04280651 0.0011954021
0.042750977 0.0011919754
0.042750977 0.0011919754
0.042641945 0.0011880571
0.042544387 0.001186653
0.042519283 0.00118629
0.0424526 0.0011830264
0.042218614 0.0011809233
0.04210431 0.0011776927
0.042103175 0.0011776824
0.042103175 0.0011776824
0.042103175 0.0011776824
0.042103175 0.0011776824
0.042103175 0.0011776824
0.042103175 0.0011776824
0.042103175 0.0011776824
0.042103175 0.0011776824
0.042103175 0.0011776824
0.042103175 0.0011776824
0.04208098 0.0011755471
0.04208098 0.0011755471
0.04201536 0.0011738217
0.04201536 0.0011738217
0.04201536 0.0011738217
0.04198248 0.0011727406
0.04196276 0.001172584
0.0419357 0.0011724175
0.0419357 0.0011724175
0.04189974 0.0011719657
0.041893292 0.0011696363
0.041893292 0.0011696363
0.041893292 0.0011696363
0.041893292 0.0011696363
0.041780174 0.0011690877
0.04175259 0.0011661539
0.04175259 0.0011661539
0.04175259 0.0011661539
0.04175259 0.0011661539
0.04175259 0.0011661539
0.04175259 0.0011661539
0.04175259 0.0011661539
0.04175259 0.0011661539
0.04175259 0.0011661539
0.04175259 0.0011661539
0.04175259 0.0011661539
0.04175259 0.0011661539
0.04175259 0.0011661539
0.04175259 0.0011661539
0.04175259 0.0011661539
0.04175259 0.0011661539
0.04175259 0.0011661539
0.04175259 0.0011661539
0.04175259 0.0011661539
0.04175259 0.0011661539
0.04175259 0.0011661539
0.04175259 0.0011661539
0.04175259 0.0011661539
0.04175259 0.0011661539
0.04175259 0.0011661539
0.04175259 0.0011661539
0.04175259 0.0011661539
0.04175259 0.0011661539
0.04175259 0.0011661539
0.04175259 0.0011661539
0.04175259 0.0011661539
0.04175259 0.0011661539
0.04175259 0.0011661539
0.04175259 0.0011661539
0.04175259 0.0011661539
0.04175259 0.0011661539
0.04175259 0.0011661539
0.04175259 0.0011661539
0.04175259 0.0011661539
0.04175259 0.0011661539
0.04175259 0.0011661539
0.04175259 0.0011661539
0.04175259 0.0011661539
0.04175259 0.0011661539
0.04175259 0.0011661539
0.04175259 0.0011661539
0.04175259 0.0011661539
0.04175259 0.0011661539
0.04175259 0.0011661539
0.04175259 0.0011661539
0.04175259 0.0011661539
0.04175259 0.0011661539
0.04175259 0.0011661539
0.04175259 0.0011661539
0.04175259 0.0011661539
0.04175259 0.0011661539
0.04175259 0.0011661539
0.04175259 0.0011661539
0.04175259 0.0011661539
0.04175259 0.0011661539
0.04175259 0.0011661539
0.04175259 0.0011661539
0.04175259 0.0011661539
0.04175259 0.0011661539
0.04175259 0.0011661539
0.04175259 0.0011661539
0.04175259 0.0011661539
0.04175259 0.0011661539
0.04175259 0.0011661539
0.04175259 0.0011661539
0.04175259 0.0011661539
0.04175259 0.0011661539
0.04175259 0.0011661539
0.04175259 0.0011661539
0.04175259 0.0011661539
0.04175259 0.0011661539
0.04175259 0.0011661539
0.04175259 0.0011661539
0.04175259 0.0011661539
0.04175259 0.0011661539
0.04175259 0.0011661539
0.04175259 0.0011661539
0.04175259 0.0011661539
0.04175259 0.0011661539
0.04175259 0.0011661539
0.04175259 0.0011661539
0.04175259 0.0011661539
0.04175259 0.0011661539
0.04175259 0.0011661539
0.04175259 0.0011661539
0.04175259 0.0011661539
0.04175259 0.0011661539
0.04175259 0.0011661539
0.04175259 0.0011661539
0.04175259 0.0011661539
0.04175259 0.0011661539
0.04175259 0.0011661539
0.04175259 0.0011661539
0.04175259 0.0011661539
0.04175259 0.0011661539
0.04173535 0.0011656267
0.04173535 0.0011656267
0.04167376 0.0011642125
0.04167376 0.0011642125
0.04167376 0.0011642125
0.04167376 0.0011642125
0.04167376 0.0011642125
0.04167376 0.0011642125
0.04167376 0.0011642125
0.04165779 0.0011638192
0.04165779 0.0011638192
0.04165779 0.0011638192
0.04165779 0.0011638192
0.04165779 0.0011638192
0.04165779 0.0011638192
0.04165779 0.0011638192
0.041566744 0.0011637646
0.041548584 0.0011611297
0.04143258 0.0011582337
0.04143258 0.0011582337
0.04143258 0.0011582337
0.04143258 0.0011582337
0.04143258 0.0011582337
0.04143258 0.0011582337
0.04143258 0.0011582337
0.04143258 0.0011582337
0.04143258 0.0011582337
0.04143258 0.0011582337
0.04143258 0.0011582337
0.04143258 0.0011582337
0.04143258 0.0011582337
0.04143258 0.0011582337
0.04143258 0.0011582337
0.04143258 0.0011582337
0.04143258 0.0011582337
0.04143258 0.0011582337
0.04143258 0.0011582337
0.04143258 0.0011582337
0.041425716 0.0011581036
0.041382346 0.0011569905
0.041270312 0.0011536087
0.04121525 0.0011528813
0.04104146 0.0011508279
0.041037865 0.0011487516
0.041012008 0.0011479057
0.041012008 0.0011479057
0.041012008 0.0011479057
0.040888723 0.0011470662
0.040888723 0.0011470662
0.040860984 0.0011464497
0.040661942 0.0011380082
0.040551618 0.0011365762
0.040439688 0.001132808
0.040439688 0.001132808
0.040439688 0.001132808
0.040439688 0.001132808
0.040439688 0.001132808
0.040439688 0.001132808
0.040439688 0.001132808
0.040423453 0.0011282483
0.040382266 0.0011210927
0.040067676 0.0011061891
0.039890226 0.0011061553
0.03967856 0.0011030852
0.039584965 0.0011022348
0.039462946 0.0011006678
0.039232634 0.001092139
0.039232634 0.001092139
0.039232634 0.001092139
0.039232634 0.001092139
0.03908655 0.0010858662
0.039018493 0.0010816315
0.039018493 0.0010816315
0.039018493 0.0010816315
0.039018493 0.0010816315
0.039018493 0.0010816315
0.039018493 0.0010816315
0.03813428 0.0010656657
0.03813428 0.0010656657
0.03813428 0.0010656657
0.038088255 0.0010569819
0.038015053 0.0010452821
0.04852368 0.0013211443
0.048210684 0.0013198631
0.04816435 0.0013192815
0.048105378 0.0013185107
0.048055645 0.0013178721
0.047791395 0.0013150425
0.047791395 0.0013150425
0.047791395 0.0013150425
0.047738366 0.0013137973
0.047738366 0.0013137973
0.047738366 0.0013137973
0.047738366 0.0013137973
0.047738366 0.0013137973
0.047738366 0.0013137973
0.047738366 0.0013137973
0.047738366 0.0013137973
0.047680598 0.0013130554
0.04764469 0.0013125942
0.04764469 0.0013125942
0.04764469 0.0013125942
0.047589917 0.001310822
0.04741188 0.0013096043
0.04741188 0.0013096043
0.04741188 0.0013096043
0.047381386 0.0013092126
0.047163077 0.0013074601
0.04711319 0.0013057683
0.04711319 0.0013057683
0.046852607 0.0013014084
0.046852607 0.0013014084
0.046845656 0.0013012959
0.04684468 0.001299426
0.04684468 0.001299426
0.04683772 0.0012994128
0.04683175 0.001298357
0.046829503 0.001296206
0.046829503 0.001296206
0.046829503 0.001296206
0.046829503 0.001296206
0.04682038 0.0012960548
0.04681827 0.0012931573
0.04681748 0.0012931156
0.04681748 0.0012931156
0.04681748 0.0012931156
0.04681748 0.0012931156
0.04681748 0.0012931156
0.046817053 0.0012928685
0.046817053 0.0012928685
0.046817053 0.0012928685
0.046817053 0.0012928685
0.04681534 0.0012925627
0.04681534 0.0012925627
0.04681534 0.0012925627
0.04681534 0.0012925627
0.04680489 0.0012900827
0.046803296 0.0012896032
0.046803296 0.0012896032
0.046803296 0.0012896032
0.046803094 0.0012895552
0.046802368 0.0012893828
0.046802368 0.0012893828
0.046802368 0.0012893828
0.046802368 0.0012893828
0.046802368 0.0012893828
0.046802368 0.0012893828
0.046802368 0.0012893828
0.046802368 0.0012893828
0.046802368 0.0012893828
0.046802368 0.0012893828
0.046802368 0.0012893828
0.046802368 0.0012893828
0.046802368 0.0012893828
0.046802368 0.0012893828
0.046802368 0.0012893828
0.046802368 0.0012893828
0.046802368 0.0012893828
0.046802368 0.0012893828
0.046802368 0.0012893828
0.046802368 0.0012893828
0.046802368 0.0012893828
0.046802368 0.0012893828
0.046802368 0.0012893828
0.046802368 0.0012893828
0.046802368 0.0012893828
0.046802368 0.0012893828
0.046802368 0.0012893828
0.046802368 0.0012893828
0.046802368 0.0012893828
0.046802368 0.0012893828
0.046802368 0.0012893828
0.046802368 0.0012893828
0.046801545 0.0012893173
0.046801545 0.0012893173
0.046801448 0.0012893097
0.04680053 0.0012892369
0.04679841 0.001288444
0.04679841 0.001288444
0.04679841 0.001288444
0.04679696 0.001288099
0.046506055 0.0012879132
0.046110068 0.0012827726
0.045692243 0.001278038
0.045692243 0.001278038
0.045666434 0.0012687241
0.04536882 0.0012687118
0.045364454 0.0012685615
0.045364454 0.0012685615
0.045326516 0.0012672554
0.045326516 0.0012672554
0.045019556 0.0012543254
0.04479001 0.0012520346
0.04479001 0.0012520346
0.044675183 0.0012494479
0.044675183 0.0012494479
0.04461001 0.0012479821
0.04394302 0.0012286173
0.04385599 0.0012255411
0.043594766 0.0012196422
0.04285823 0.0011991622
0.04223524 0.0011820297
0.042184148 0.001180073
0.042184148 0.001180073
0.042184148 0.001180073
0.042023305 0.001175518
0.04146129 0.0011602095
0.04115078 0.0011515225
0.04115078 0.0011515225
0.041081224 0.0011508906
0.041081224 0.0011508906
0.039202876 0.0010874117
0.039202876 0.0010874117
0.039202876 0.0010874117
0.039202876 0.0010874117
0.03896232 0.0010791736
0.03896232 0.0010791736
0.03896232 0.0010791736
0.03896232 0.0010791736
0.03896232 0.0010791736
0.03896232 0.0010791736
0.038693044 0.0010786629
0.0386146 0.0010757239
0.038583957 0.0010732897
0.038583957 0.0010732897
0.03802126 0.001046395
0.037479293 0.0010133389
0.037479293 0.0010133389
0.03747425 0.0010128614
0.03747425 0.0010128614
0.03747425 0.0010128614
0.03747425 0.0010128614
0.03747425 0.0010128614
0.037466794 0.0010126019
0.03741467 0.0010037203
0.03741467 0.0010037203
0.037381936 0.0010025918
0.037381936 0.0010025918
0.037325736 0.0009988031
0.037154134 0.0009880204
0.037154134 0.0009880204
0.03710115 0.0009787864
0.037085183 0.0009771419
0.037085183 0.0009771419
0.03705644 0.0009748098
0.036841623 0.00095952494
0.036841623 0.00095952494
0.03683806 0.0009584648
0.036834046 0.0009500241
0.03683267 0.0009499879
0.036786303 0.0009474121
0.036767606 0.0009471774
0.036767606 0.0009471774
0.036767606 0.0009471774
0.036767606 0.0009471774
0.036721494 0.00094229565
0.036721494 0.00094229565
0.036703512 0.0009394841
0.0366221 0.00093410333
0.0366221 0.00093410333
0.03638642 0.0008894468
0.036376625 0.0008761668
0.036364257 0.0008739087
0.036364257 0.0008739087
0.036364257 0.0008739087
0.036364257 0.0008739087
0.036364257 0.0008739087
0.036364257 0.0008739087
0.036364257 0.0008739087
0.036360137 0.00087302004
0.036360137 0.00087302004
0.036348894 0.0008705959
0.036348894 0.0008705959
0.036348894 0.0008705959
0.036348894 0.0008705959
0.036327586 0.0008698299
0.03630197 0.00086047844
0.03630197 0.00086047844
0.03629658 0.00085743656
0.036247443 0.000856763
0.036247443 0.000856763
0.036218766 0.00085441396
0.036204506 0.0008515865
0.036204506 0.0008515865
0.036202103 0.00084958633
0.036198344 0.0008486442
0.036198344 0.0008486442
0.036198344 0.0008486442
0.036198344 0.0008486442
0.036187697 0.00084727776
0.0361798 0.0008423245
0.036156174 0.00084180105
0.036156174 0.00084180105
0.036156174 0.00084180105
0.036152747 0.00084032095
0.036147065 0.00083786546
0.036147065 0.00083786546
0.036077347 0.00083505345
0.036037702 0.00081821537
0.03602445 0.0008161776
0.03601341 0.00079531304
0.03601341 0.00079531304
0.03601341 0.00079531304
0.035999384 0.0007924292
0.035999384 0.0007924292
0.035982627 0.0007920184
0.035968132 0.0007888714
0.035955645 0.00078615977
0.035952047 0.00077905465
0.035934754 0.00077416934
0.035934754 0.00077416934
0.035923883 0.0007710973
0.035923883 0.0007710973
0.035923883 0.0007710973
0.035923883 0.0007710973
0.035923883 0.0007710973
0.035923883 0.0007710973
0.035923883 0.0007710973
0.035923883 0.0007710973
0.035921372 0.00077038823
0.03591748 0.0007692884
0.03591748 0.0007692884
0.03591748 0.0007692884
0.035916883 0.00076918496
0.035916883 0.00076918496
0.035916883 0.00076918496
0.035907734 0.0007665349
0.035907734 0.0007665349
0.035907734 0.0007665349
0.035904832 0.0007660049
0.035899382 0.00076438836
0.035895154 0.0007623324
0.035880253 0.0007576906
0.035876248 0.0007541655
0.035876248 0.0007541655
0.035861515 0.00075347594
0.035857704 0.0007523995
0.035851166 0.0007507842
0.035835706 0.000745614
0.035835706 0.000745614
0.03583134 0.0007438703
0.03583134 0.0007438703
0.03583134 0.0007438703
0.03583134 0.0007438703
0.03583134 0.0007438703
0.03583134 0.0007438703
0.03583134 0.0007438703
0.03583134 0.0007438703
0.03583134 0.0007438703
0.03583134 0.0007438703
0.03583134 0.0007438703
0.03583134 0.0007438703
0.03583134 0.0007438703
0.03583134 0.0007438703
0.03583134 0.0007438703
0.03583134 0.0007438703
0.03583134 0.0007438703
0.03583134 0.0007438703
0.0358313 0.00074386696
0.03582754 0.0007435679
0.035824724 0.00074334367
0.035824206 0.0007432071
0.035821524 0.0007421763
0.035821524 0.0007421763
0.035821524 0.0007421763
0.035821524 0.0007421763
0.035821524 0.0007421763
0.035814337 0.00074014656
0.035814337 0.00074014656
0.035814337 0.00074014656
0.035814337 0.00074014656
0.035814337 0.00074014656
0.035814337 0.00074014656
0.03581402 0.00074012927
0.035813216 0.0007398298
0.035813216 0.0007398298
0.035799462 0.00073594326
0.035764147 0.0006306312
0.03572439 0.0005790888
0.036942217 0.000967073
0.036915354 0.0009629768
0.03649941 0.0009167706
0.03649941 0.0009167706
0.03649941 0.0009167706
0.03649941 0.0009167706
0.03649941 0.0009167706
0.039209574 0.0010889285
0.039209574 0.0010889285
0.039209574 0.0010889285
0.039209574 0.0010889285
0.039209574 0.0010889285
0.039209574 0.0010889285
0.039209574 0.0010889285
0.039209574 0.0010889285
0.039209574 0.0010889285
0.039209574 0.0010889285
0.039209574 0.0010889285
0.039209574 0.0010889285
0.039209574 0.0010889285
0.039209574 0.0010889285
0.039209574 0.0010889285
0.039209574 0.0010889285
0.039209574 0.0010889285
0.039209574 0.0010889285
0.039209574 0.0010889285
0.039209574 0.0010889285
0.039209574 0.0010889285
0.039209574 0.0010889285
0.039209574 0.0010889285
0.039209574 0.0010889285
0.039209574 0.0010889285
0.039209574 0.0010889285
0.039209574 0.0010889285
0.039209574 0.0010889285
0.039209574 0.0010889285
0.039209574 0.0010889285
0.039209574 0.0010889285
0.039209574 0.0010889285
0.039209574 0.0010889285
0.039209574 0.0010889285
0.039209574 0.0010889285
0.039209574 0.0010889285
0.039209574 0.0010889285
0.039209574 0.0010889285
0.039209574 0.0010889285
0.039209574 0.0010889285
0.039209574 0.0010889285
0.039209574 0.0010889285
0.039209574 0.0010889285
0.039209574 0.0010889285
0.039209574 0.0010889285
0.039209574 0.0010889285
0.039209574 0.0010889285
0.039209574 0.0010889285
0.039209574 0.0010889285
0.039209574 0.0010889285
0.039209574 0.0010889285
0.039209574 0.0010889285
0.039209574 0.0010889285
0.039209574 0.0010889285
0.039209574 0.0010889285
0.039209574 0.0010889285
0.039209574 0.0010889285
0.039209574 0.0010889285
0.039209574 0.0010889285
0.039209574 0.0010889285
0.039209574 0.0010889285
0.039209574 0.0010889285
0.039209574 0.0010889285
0.039209574 0.0010889285
0.039209574 0.0010889285
0.039209574 0.0010889285
0.039209574 0.0010889285
0.039209574 0.0010889285
0.039209574 0.0010889285
0.039209574 0.0010889285
0.039209574 0.0010889285
0.039209574 0.0010889285
0.039209574 0.0010889285
0.039209574 0.0010889285
0.039209574 0.0010889285
0.039209574 0.0010889285
0.039209574 0.0010889285
0.039209574 0.0010889285
0.039209574 0.0010889285
0.039209574 0.0010889285
0.039209574 0.0010889285
0.039209574 0.0010889285
0.039209574 0.0010889285
0.039209574 0.0010889285
0.039209574 0.0010889285
0.039209574 0.0010889285
0.039209574 0.0010889285
0.039209574 0.0010889285
0.039209574 0.0010889285
0.039209574 0.0010889285
0.039209574 0.0010889285
0.039209574 0.0010889285
0.039209574 0.0010889285
0.039209574 0.0010889285
0.039209574 0.0010889285
0.039209574 0.0010889285
0.039209574 0.0010889285
0.039209574 0.0010889285
0.039209574 0.0010889285
0.039209574 0.0010889285
0.039209574 0.0010889285
0.039209574 0.0010889285
0.039209574 0.0010889285
0.039209574 0.0010889285
0.039209574 0.0010889285
0.039209574 0.0010889285
0.039209574 0.0010889285
0.039209574 0.0010889285
0.039209574 0.0010889285
0.039209574 0.0010889285
0.039209574 0.0010889285
0.039209574 0.0010889285
0.039209574 0.0010889285
0.039209574 0.0010889285
0.039209574 0.0010889285
0.039209574 0.0010889285
0.039209574 0.0010889285
0.039209574 0.0010889285
0.039209574 0.0010889285
0.039209574 0.0010889285
0.039209574 0.0010889285
0.039209574 0.0010889285
0.039209574 0.0010889285
0.039209574 0.0010889285
0.039209574 0.0010889285
0.039209574 0.0010889285
0.039209574 0.0010889285
0.039209574 0.0010889285
0.039209574 0.0010889285
0.039209574 0.0010889285
0.039209574 0.0010889285
0.039209574 0.0010889285
0.039209574 0.0010889285
0.039209574 0.0010889285
0.039209574 0.0010889285
0.039209574 0.0010889285
0.039209574 0.0010889285
0.039209574 0.0010889285
0.039209574 0.0010889285
0.039209574 0.0010889285
0.039209574 0.0010889285
0.039209574 0.0010889285
0.039209574 0.0010889285
0.039209574 0.0010889285
0.039209574 0.0010889285
0.039209574 0.0010889285
0.039209574 0.0010889285
0.039209574 0.0010889285
0.039209574 0.0010889285
0.039209574 0.0010889285
0.039209574 0.0010889285
0.039209574 0.0010889285
0.039209574 0.0010889285
0.039209574 0.0010889285
0.039209574 0.0010889285
0.039209574 0.0010889285
0.039209574 0.0010889285
0.039209574 0.0010889285
0.039209574 0.0010889285
0.039209574 0.0010889285
0.039209574 0.0010889285
0.039209574 0.0010889285
0.039209574 0.0010889285
0.039209574 0.0010889285
0.039209574 0.0010889285
0.039209574 0.0010889285
0.039209574 0.0010889285
0.039209574 0.0010889285
0.039209574 0.0010889285
0.039209574 0.0010889285
0.039209574 0.0010889285
0.039209574 0.0010889285
0.039209574 0.0010889285
0.039209574 0.0010889285
0.039209574 0.0010889285
0.039209574 0.0010889285
0.039209574 0.0010889285
0.039209574 0.0010889285
0.039209574 0.0010889285
0.039209574 0.0010889285
0.039209574 0.0010889285
0.039209574 0.0010889285
0.039209574 0.0010889285
0.039209574 0.0010889285
0.039209574 0.0010889285
0.039209574 0.0010889285
0.039209574 0.0010889285
0.039209574 0.0010889285
0.039209574 0.0010889285
0.039209574 0.0010889285
0.039209574 0.0010889285
0.039209574 0.0010889285
0.039209574 0.0010889285
0.039209574 0.0010889285
0.039209574 0.0010889285
0.039209574 0.0010889285
0.039209574 0.0010889285
0.039209574 0.0010889285
0.039209574 0.0010889285
0.039209574 0.0010889285
0.039209574 0.0010889285
0.039209574 0.0010889285
0.039209574 0.0010889285
0.039209574 0.0010889285
0.039209574 0.0010889285
0.039209574 0.0010889285
0.039209574 0.0010889285
0.039209574 0.0010889285
0.039209574 0.0010889285
0.039209574 0.0010889285
0.039209574 0.0010889285
0.039209574 0.0010889285
0.039209574 0.0010889285
0.039209574 0.0010889285
0.039209574 0.0010889285
0.039209574 0.0010889285
0.039209574 0.0010889285
0.039209574 0.0010889285
0.039209574 0.0010889285
0.039209574 0.0010889285
0.039209574 0.0010889285
0.039209574 0.0010889285
0.039209574 0.0010889285
0.039209574 0.0010889285
0.039209574 0.0010889285
0.039209574 0.0010889285
0.039209574 0.0010889285
0.039209574 0.0010889285
0.039209574 0.0010889285
0.039209574 0.0010889285
0.039209574 0.0010889285
0.039209574 0.0010889285
0.039209574 0.0010889285
0.039209574 0.0010889285
0.039209574 0.0010889285
0.039209574 0.0010889285
0.039209574 0.0010889285
0.039209574 0.0010889285
0.039209574 0.0010889285
0.039209574 0.0010889285
0.039209574 0.0010889285
0.039209574 0.0010889285
0.039209574 0.0010889285
0.039209574 0.0010889285
0.039209574 0.0010889285
0.039209574 0.0010889285
0.039209574 0.0010889285
0.039209574 0.0010889285
0.039209574 0.0010889285
0.039209574 0.0010889285
0.039209574 0.0010889285
0.039209574 0.0010889285
0.039209574 0.0010889285
0.039209574 0.0010889285
0.039209574 0.0010889285
0.039209574 0.0010889285
0.039209574 0.0010889285
0.039209574 0.0010889285
0.039209574 0.0010889285
0.039209574 0.0010889285
0.039209574 0.0010889285
0.039209574 0.0010889285
0.039209574 0.0010889285
0.039209574 0.0010889285
0.039209574 0.0010889285
0.039209574 0.0010889285
0.039209574 0.0010889285
0.039209574 0.0010889285
0.039209574 0.0010889285
0.039209574 0.0010889285
0.039209574 0.0010889285
0.039209574 0.0010889285
0.039209574 0.0010889285
0.039209574 0.0010889285
0.039209574 0.0010889285
0.039209574 0.0010889285
0.039209574 0.0010889285
0.039209574 0.0010889285
0.039209574 0.0010889285
0.039209574 0.0010889285
0.039209574 0.0010889285
0.039209574 0.0010889285
0.039209574 0.0010889285
0.039209574 0.0010889285
0.039209574 0.0010889285
0.039209574 0.0010889285
0.039209574 0.0010889285
0.039209574 0.0010889285
0.039209574 0.0010889285
0.039209574 0.0010889285
0.039209574 0.0010889285
0.039209574 0.0010889285
0.039209574 0.0010889285
0.039209574 0.0010889285
0.039209574 0.0010889285
0.039209574 0.0010889285
0.039209574 0.0010889285
0.039209574 0.0010889285
0.039209574 0.0010889285
0.039209574 0.0010889285
0.039209574 0.0010889285
0.039209574 0.0010889285
0.039209574 0.0010889285
0.039209574 0.0010889285
0.039209574 0.0010889285
0.039209574 0.0010889285
0.039209574 0.0010889285
0.039209574 0.0010889285
0.039209574 0.0010889285
0.039209574 0.0010889285
0.039209574 0.0010889285
0.039209574 0.0010889285
0.039209574 0.0010889285
0.039209574 0.0010889285
0.039209574 0.0010889285
0.039209574 0.0010889285
0.039209574 0.0010889285
0.039209574 0.0010889285
0.039209574 0.0010889285
0.039209574 0.0010889285
0.039209574 0.0010889285
0.039209574 0.0010889285
0.039209574 0.0010889285
0.039209574 0.0010889285
0.039209574 0.0010889285
0.039209574 0.0010889285
0.039209574 0.0010889285
0.039209574 0.0010889285
0.039209574 0.0010889285
0.039209574 0.0010889285
0.039209574 0.0010889285
0.039209574 0.0010889285
0.039209574 0.0010889285
0.039209574 0.0010889285
0.039209574 0.0010889285
0.039209574 0.0010889285
0.039209574 0.0010889285
0.039209574 0.0010889285
0.039209574 0.0010889285
0.039209574 0.0010889285
0.039209574 0.0010889285
0.039209574 0.0010889285
0.039209574 0.0010889285
0.039209574 0.0010889285
0.039209574 0.0010889285
0.039209574 0.0010889285
0.039209574 0.0010889285
0.039209574 0.0010889285
0.039209574 0.0010889285
0.039209574 0.0010889285
0.039209574 0.0010889285
0.039209574 0.0010889285
0.039209574 0.0010889285
0.039209574 0.0010889285
0.039209574 0.0010889285
0.039209574 0.0010889285
0.039209574 0.0010889285
0.039209574 0.0010889285
0.039209574 0.0010889285
0.039209574 0.0010889285
0.039209574 0.0010889285
0.039209574 0.0010889285
0.039209574 0.0010889285
0.039209574 0.0010889285
0.039209574 0.0010889285
0.039209574 0.0010889285
0.039209574 0.0010889285
0.039209574 0.0010889285
0.039209574 0.0010889285
0.039209574 0.0010889285
0.039209574 0.0010889285
0.039209574 0.0010889285
0.039209574 0.0010889285
0.039209574 0.0010889285
0.039209574 0.0010889285
0.039209574 0.0010889285
0.039209574 0.0010889285
0.039209574 0.0010889285
0.039209574 0.0010889285
0.039209574 0.0010889285
0.039209574 0.0010889285
0.039209574 0.0010889285
0.039209574 0.0010889285
0.039209574 0.0010889285
0.039209574 0.0010889285
0.039209574 0.0010889285
0.039209574 0.0010889285
0.039209574 0.0010889285
0.039209574 0.0010889285
0.039209574 0.0010889285
0.039209574 0.0010889285
0.039209574 0.0010889285
0.039209574 0.0010889285
0.039209574 0.0010889285
0.039209574 0.0010889285
0.039209574 0.0010889285
0.039209574 0.0010889285
0.039209574 0.0010889285
0.039209574 0.0010889285
0.039209574 0.0010889285
0.039209574 0.0010889285
0.039209574 0.0010889285
0.039209574 0.0010889285
0.039209574 0.0010889285
0.039209574 0.0010889285
0.039209574 0.0010889285
0.039209574 0.0010889285
0.039209574 0.0010889285
0.039209574 0.0010889285
0.039209574 0.0010889285
0.039209574 0.0010889285
0.039209574 0.0010889285
0.039209574 0.0010889285
0.039209574 0.0010889285
0.039209574 0.0010889285
0.039209574 0.0010889285
0.039209574 0.0010889285
0.039209574 0.0010889285
0.039209574 0.0010889285
0.039209574 0.0010889285
0.039209574 0.0010889285
0.039209574 0.0010889285
0.039209574 0.0010889285
0.039209574 0.0010889285
0.039209574 0.0010889285
0.039209574 0.0010889285
0.039209574 0.0010889285
0.039209574 0.0010889285
0.039209574 0.0010889285
0.039209574 0.0010889285
0.039209574 0.0010889285
0.039209574 0.0010889285
0.039209574 0.0010889285
0.039209574 0.0010889285
0.039209574 0.0010889285
0.039209574 0.0010889285
0.039209574 0.0010889285
0.039209574 0.0010889285
0.039209574 0.0010889285
0.039209574 0.0010889285
0.039209574 0.0010889285
0.039209574 0.0010889285
0.039209574 0.0010889285
0.039209574 0.0010889285
0.039209574 0.0010889285
0.039209574 0.0010889285
0.039209574 0.0010889285
0.039209574 0.0010889285
0.039209574 0.0010889285
0.039209574 0.0010889285
0.039209574 0.0010889285
0.039209574 0.0010889285
0.039209574 0.0010889285
0.039209574 0.0010889285
0.039209574 0.0010889285
0.039209574 0.0010889285
0.039209574 0.0010889285
0.039209574 0.0010889285
0.039209574 0.0010889285
0.039209574 0.0010889285
0.039209574 0.0010889285
0.039209574 0.0010889285
0.039209574 0.0010889285
0.039209574 0.0010889285
0.039209574 0.0010889285
0.039209574 0.0010889285
0.039209574 0.0010889285
0.039209574 0.0010889285
0.039209574 0.0010889285
0.039209574 0.0010889285
0.039209574 0.0010889285
0.039209574 0.0010889285
0.039209574 0.0010889285
0.039209574 0.0010889285
0.039209574 0.0010889285
0.039209574 0.0010889285
0.039209574 0.0010889285
0.039209574 0.0010889285
0.039209574 0.0010889285
0.039209574 0.0010889285
0.039209574 0.0010889285
0.039209574 0.0010889285
0.039209574 0.0010889285
0.039209574 0.0010889285
0.039209574 0.0010889285
0.039209574 0.0010889285
0.039209574 0.0010889285
0.039209574 0.0010889285
0.039209574 0.0010889285
0.039209574 0.0010889285
0.039209574 0.0010889285
0.039209574 0.0010889285
0.039209574 0.0010889285
0.039209574 0.0010889285
0.039209574 0.0010889285
0.039209574 0.0010889285
0.039209574 0.0010889285
0.03911229 0.0010871075
0.03911229 0.0010871075
0.03911229 0.0010871075
