0.01707231905311346 0.0015456846449524164
0.01707231905311346 0.0015456846449524164
0.01679243170656264 0.0015326790453400463
0.01679243170656264 0.0015326790453400463
0.009290516492910683 0.0010375519341323525
0.009350725449621677 0.0010466072126291692
0.010266141267493367 0.0011550537456059828
0.010266141267493367 0.0011550537456059828
0.01736512896604836 0.0015593583229929209
0.015759837930090725 0.0014686370122944936
0.01723691006191075 0.0015536328428424895
0.01723691006191075 0.0015536328428424895
0.023514943197369576 0.0017300942563451827
0.015720184892416 0.0014635857369285077
0.018583334516733885 0.0015985176723916084
0.018583334516733885 0.0015985176723916084
0.009157453430816531 0.0010150203597731888
0.008726759813725948 0.0007000885671004653
0.018775945995002985 0.0016103962843772024
0.018775945995002985 0.0016103962843772024
0.01971005415543914 0.0016339791181962937
0.016167399007827044 0.0014872247411403805
0.017557214479893446 0.0015665440732846037
0.010120834573172033 0.001144291934906505
0.010168127482756972 0.0011494181089801714
0.009162067901343107 0.0010152561881113797
0.020535034127533436 0.001648360484978184
0.010110755451023579 0.0011413023748900741
0.017647514352574944 0.0015683721721870825
0.0161111440975219 0.0014864669792586938
0.016240263590589166 0.0014931247133063152
0.00866136234253645 0.0006004202150506899
0.01199904887471348 0.0012758896627929062
0.010084289591759443 0.001135062106186524
0.009408221463672817 0.0010494945308892056
0.009408221463672817 0.0010494945308892056
0.00929028820246458 0.0010359156440244988
0.00929028820246458 0.0010359156440244988
0.01591328694485128 0.0014793463342357427
0.012621793895959854 0.0013361095188884065
0.012621793895959854 0.0013361095188884065
0.013422777876257896 0.001354880994767882
0.013422777876257896 0.001354880994767882
0.016632614191621542 0.0015310050803236663
0.01923435740172863 0.0016157673962879926
0.013373926281929016 0.0013524925452657044
0.012638872489333153 0.001346438701148145
0.0192148145288229 0.001613564760191366
0.01328484551049769 0.0013495787570718676
0.009391023544594646 0.0010493013833183795
0.009775741258636117 0.0010931344440905377
0.019926365464925766 0.0016344473115168512
0.017445283010601997 0.0015603573119733483
0.018380021676421165 0.001595352659933269
0.01708349003456533 0.0015484006726182997
0.009587199194356799 0.0010727007174864411
0.00912797066848725 0.0010120263759745285
0.015544410096481442 0.0014342707581818104
0.009567329892888665 0.0010717344266595319
0.009567329892888665 0.0010717344266595319
0.009608773747459054 0.0010730695503298193
0.009417874622158706 0.0010544865508563817
0.01706096390262246 0.0015454450622200966
0.01608193852007389 0.0014833240275038406
0.010104144224897027 0.001139080515713431
0.010104144224897027 0.001139080515713431
0.020224360516294837 0.0016436705773230642
0.010675589554011822 0.0011770827986765653
0.019382513826712966 0.0016234641952905804
0.019363656407222152 0.0016231226036325097
0.018707077484577894 0.0016024673823267221
0.013529440853744745 0.0013640057004522532
0.014250153908506036 0.0014120727282715961
0.016839718213304877 0.0015356094809249043
0.016839718213304877 0.0015356094809249043
0.01000171690247953 0.0011235805723117664
0.019930266542360187 0.0016355191182810813
0.019056545570492744 0.0016117789782583714
0.009710766025818884 0.0010930747230304405
0.020145489601418376 0.0016407303919550031
0.021398224402219057 0.001670303987339139
0.009075674694031477 0.0010102158121298999
0.009475013241171837 0.0010624049027683213
0.01822864101268351 0.0015923722530715168
0.017200930509716272 0.0015527483774349093
0.009937367867678404 0.001115843901061453
0.00945480540394783 0.0010600424575386569
0.018077716464176774 0.001583627294166945
0.012678884784691036 0.0013488196564139798
0.008609560551121831 0.0005468693125294521
0.01744870957918465 0.0015630162379238755
0.015869958442635834 0.0014745137304998934
0.012476599775254726 0.0013146350247552618
0.017670319182798266 0.0015691363805672154
0.024878978612832725 0.0017527060845168307
0.024878978612832725 0.0017527060845168307
0.01931623136624694 0.001618881884496659
0.012528074206784368 0.0013333360839169472
0.012528074206784368 0.0013333360839169472
0.01618614117614925 0.0014876837376505136
0.015985069097951055 0.001480172184528783
0.014298960566520691 0.0014162913576001301
0.009890416171401739 0.0011039880337193608
0.008722208207473159 0.0006988100067246705
0.02196978498250246 0.0016847981314640492
0.017097175121307373 0.0015513858816120774
0.009779474581591785 0.0010995615011779591
0.008729616878554225 0.0007035710514173843
0.01620299252681434 0.0014889364101691172
0.01629666145890951 0.0014931299665477127
0.01770689315162599 0.001570916545460932
0.0177737670019269 0.0015760227834107354
0.009222668828442693 0.0010328843491151929
0.022125471383333206 0.0016903849027585238
0.018059912603348494 0.0015830120973987505
0.017959923017770052 0.0015786297444719821
0.020558583550155163 0.0016498267650604248
0.020365113858133554 0.0016467277746414766
0.010020221350714564 0.001124487491324544
0.013633809750899673 0.0013706675526918843
0.01821370515972376 0.0015873575757723302
0.016535229748114944 0.0015156663721427321
0.0163409486413002 0.0015155641012825072
0.016940023051574826 0.0015451397048309445
0.014750117436051369 0.001423298628651537
0.01088424283079803 0.0012403105647535995
0.009154126513749361 0.0010137003846466541
0.009326821775175631 0.001042772812070325
0.026038821088150144 0.0017803878581617028
0.008835137356072664 0.0007595606221002527
0.014248595340177417 0.0014076828374527395
0.009563389467075467 0.0010664830770110711
0.009004674153402448 0.000851356380735524
0.009004674153402448 0.000851356380735524
0.008787899394519627 0.0007280070713022724
0.010069289244711399 0.001130839780671522
0.009278289275243878 0.0010335212718928233
0.02076037274673581 0.0016543148667551577
0.00970979139674455 0.0010893530125031248
0.008797141956165433 0.000748992788430769
0.00931136729195714 0.0010382835025666282
0.01414629677310586 0.0014065817522350699
0.013506883522495627 0.0013594323099823669
0.01420973869971931 0.0014070971228647977
0.01915733329951763 0.0016128823335748166
0.01915733329951763 0.0016128823335748166
0.0194563923869282 0.0016305065364576876
0.0194563923869282 0.0016305065364576876
0.011538388789631426 0.0012753805494867265
0.014109326992183924 0.001405997682013549
0.02197926351800561 0.0016848657978698611
0.02197926351800561 0.0016848657978698611
0.008877015789039433 0.0007972355160745792
0.01345497346483171 0.0013556525082094595
0.01345497346483171 0.0013556525082094595
0.026705325348302722 0.0018112339894287288
0.013942067045718431 0.0013718091213377193
0.013942067045718431 0.0013718091213377193
0.009439943940378726 0.0010559537186054513
0.016906433505937457 0.0015377129311673343
0.01690820837393403 0.0015377292002085596
0.013564292807132006 0.001366009353660047
0.014074422651901841 0.0014048546727281064
0.014074422651901841 0.0014048546727281064
0.014249283820390701 0.0014093011850491166
0.01622022851370275 0.0014903916598996148
0.010592649690806866 0.0011672444961732253
0.010592649690806866 0.0011672444961732253
0.009191849268972874 0.0010249365295749158
0.008896781015209854 0.0008003620023373514
0.009521968546323478 0.0010647242015693337
0.009521968546323478 0.0010647242015693337
0.008799165138043463 0.0007501612708438188
0.015839731553569436 0.0014688324590679258
0.012609069934114814 0.001335453416686505
0.012609069934114814 0.001335453416686505
0.009663928882218897 0.0010825045319506899
0.016733473865315318 0.001531150919618085
0.009652586188167334 0.001080768313840963
0.009652586188167334 0.001080768313840963
0.009149437304586172 0.0010134000331163406
0.009149437304586172 0.0010134000331163406
0.009142698487266898 0.0010120596416527405
0.009142698487266898 0.0010120596416527405
0.013325782958418131 0.001351179787889123
0.018646493554115295 0.001601777010364458
0.00967798032797873 0.001085730953491293
0.00967798032797873 0.001085730953491293
0.017248183488845825 0.0015542189648840576
0.017248183488845825 0.0015542189648840576
0.009511864394880831 0.0010635429935064167
0.009511864394880831 0.0010635429935064167
0.009632677887566388 0.0010772549430839717
0.009632677887566388 0.0010772549430839717
0.015600550221279263 0.001448459195671603
0.012608490884304047 0.0013348418433452025
0.01902092481032014 0.0016116546757984906
0.01902092481032014 0.0016116546757984906
0.016603851225227118 0.0015215803286992013
0.016603851225227118 0.0015215803286992013
0.016931936144828796 0.001541042496683076
0.01728647854179144 0.0015592677664244547
0.02131939772516489 0.0016603057156316936
0.00998204224742949 0.001118923886679113
0.01688638632185757 0.0015370811452157795
0.01688638632185757 0.0015370811452157795
0.01342718699015677 0.0013550057774409652
0.016229334054514766 0.0014906705473549664
0.016863281838595867 0.0015363522979896516
0.00934988516382873 0.0010462222999194637
0.00934988516382873 0.0010462222999194637
0.013566609006375074 0.001366387601592578
0.020680900663137436 0.0016541297954972833
0.013385833008214831 0.0013538733910536394
0.013385833008214831 0.0013538733910536394
0.013482647715136409 0.0013574471813626587
0.01834710408002138 0.001593122782651335
0.012512270594015718 0.001316935638897121
0.013417282607406378 0.0013542393135139719
0.009545747423544526 0.0010647721646819264
0.009545747423544526 0.0010647721646819264
0.017447978490963578 0.0015606751112500206
0.022318743402138352 0.001703536487184465
0.009156053885817528 0.001014964989735745
