0.017827199306339025 0.0015744159754831344
0.018654077779501677 0.001596169313415885
0.019104264676570892 0.0016086449613794684
0.012501667253673077 0.0012787037558155134
0.009158497676253319 0.0010039264598162845
0.009158497676253319 0.0010039264598162845
0.0187108819372952 0.0015965838392730802
0.02056885091587901 0.0016459068283438683
0.02056885091587901 0.0016459068283438683
0.009565596468746662 0.0010651883931132033
0.009565596468746662 0.0010651883931132033
0.014267499791458249 0.0014006660785526037
0.019877993036061525 0.0016318937996402383
0.013611184898763895 0.0013569848088081926
0.016522253630682826 0.001496956858318299
0.021928761154413223 0.001684568269411102
0.02191443694755435 0.0016824875201564282
0.013526145368814468 0.0013445733056869358
0.009961161762475967 0.0011057731753680855
0.021082699298858643 0.0016620573005639017
0.021082699298858643 0.0016620573005639017
0.02513219160027802 0.0017677341238595545
0.024050423642620444 0.0017330288246739656
0.019050217233598232 0.0016084234812296927
0.01754182856529951 0.0015592931595165282
0.017555219121277332 0.0015594563737977296
0.014181922189891338 0.0013968105922685936
0.01721753808669746 0.0015500846784561872
0.00924863526597619 0.0010250327468384057
0.01739907287992537 0.0015567025111522526
0.008785775629803538 0.0006444359314627945
0.01631578872911632 0.0014853290340397507
0.01667842664755881 0.0015067482745507732
0.01667842664755881 0.0015067482745507732
0.021626019850373268 0.001675635256106034
0.017715538386255503 0.0015667628322262317
0.017715538386255503 0.0015667628322262317
0.01643145619891584 0.001493149989983067
0.017562416847795248 0.0015605076914653182
0.009428091114386916 0.001048247519065626
0.016720220213755965 0.0015170371334534138
0.009274123702198267 0.0010250385385006666
0.013495011487975717 0.001336679793894291
0.010016369400545955 0.0011104742443421856
0.02232460444793105 0.0016933527658693492
0.009687762940302491 0.001079080902854912
0.018720522057265043 0.0015984402562025934
0.012082344852387905 0.001247348787728697
0.020615224726498127 0.001647360622882843
0.01656326651573181 0.0015019089623820037
0.01873505488038063 0.001598605391336605
0.012605977710336447 0.0013267431495478377
0.009538003476336598 0.0010570026352070272
0.009527520975098014 0.001056639157468453
0.018466728273779154 0.0015886746114119887
0.009243323700502515 0.001020254916511476
0.01950934622436762 0.0016239504038821906
0.013944474048912525 0.0013721952418563887
0.013944474048912525 0.0013721952418563887
0.01912214420735836 0.0016089901037048548
0.00934809586033225 0.0010375096753705293
0.00934809586033225 0.0010375096753705293
0.01742422580718994 0.0015588787791784853
0.016423522727563977 0.0014923867711331695
0.016301604453474283 0.0014839249197393656
0.009218441555276513 0.0010190553875872865
0.009218441555276513 0.0010190553875872865
0.020620951894670725 0.001647950237384066
0.02347326185554266 0.0017247320793103427
0.022581088822335005 0.001700930210063234
0.019848180003464222 0.0016306716424878687
0.022438283544033766 0.0016968097479548305
0.016696842154487967 0.0015071103407535702
0.009175673127174377 0.0010133045143447816
0.013589273439720273 0.001356930602923967
0.015965425176545978 0.0014765027590328828
0.010028364136815071 0.001126412011217326
0.010510712629184127 0.0011608838976826519
0.012656614184379578 0.001331198334810324
0.01662544021382928 0.0015033255622256547
0.009377538226544857 0.0010413624986540526
0.00963992578908801 0.001073906445526518
0.009423003066331148 0.0010442957718623802
0.015746876713819802 0.0014647154021076858
0.018815885297954082 0.0016020636539906263
0.018449203576892614 0.0015863929584156722
0.009582862141542137 0.0010721790313255042
0.009300337173044682 0.00103203380422201
0.010695823933929205 0.0012076600396540016
0.020398559048771858 0.0016457869787700474
0.019382365979254246 0.0016194945201277733
0.012632029131054878 0.0013307745393831283
0.016337398905307055 0.001485676024458371
0.013533245539292693 0.0013512863224605098
0.014292956795543432 0.0014072425256017596
0.01418386958539486 0.0013993330940138549
0.018592466600239277 0.0015944198239594698
0.01728515629656613 0.0015506998170167208
0.00900646427180618 0.0007671173443668522
0.018766271881759167 0.0015995848807506263
0.020728330593556166 0.0016542277589906007
0.01898864982649684 0.0016057918837759644
0.014369351090863347 0.0014074289938434958
0.016527557279914618 0.001501264952821657
0.016172297531738877 0.0014805500977672637
0.01708573824726045 0.0015422456490341574
0.01708573824726045 0.0015422456490341574
0.009338321862742305 0.001037372276186943
0.013811072101816535 0.0013659006217494607
0.016527454368770123 0.0014989490591688082
0.00900645274668932 0.0007658249596715905
0.02024474646896124 0.0016401246830355376
0.01362700667232275 0.0013605640706373379
0.023176750168204308 0.0017183228046633303
0.009709883714094758 0.0010861294285859913
0.009133503772318363 0.0010013968421844766
0.00928341201506555 0.0010279198904754594
0.021471240557730198 0.0016713510849513113
0.019258289132267237 0.001614038017578423
0.019258289132267237 0.001614038017578423
0.020016350783407688 0.0016351144877262414
0.020016350783407688 0.0016351144877262414
0.012661908520385623 0.0013321510923560709
0.012616211315616965 0.0013298913108883426
0.024297377094626427 0.0017464824777562171
0.024270640686154366 0.0017460235103499144
0.017793036997318268 0.0015689949213992804
0.019787626806646585 0.001628105150302872
0.008827088982798159 0.0007215279474621639
0.017196516506373882 0.0015458765847142786
0.01805249764584005 0.0015770508325658739
0.020641965325921774 0.00164939506794326
0.01057265605777502 0.0011802371736848727
0.0186456311494112 0.0015948762011248618
0.008877511718310416 0.0007346482816501521
0.018356715561822057 0.0015837810933589935
0.02126503176987171 0.0016659273533150554
0.019833111204206944 0.0016289212217088789
0.019833111204206944 0.0016289212217088789
0.025349784176796675 0.0017699077725410461
0.025349784176796675 0.0017699077725410461
0.012549739563837647 0.0013159623194951564
0.012057550251483917 0.0012344901624601334
0.016293124994263053 0.0014820427459198982
0.012608622433617711 0.0013268749171402305
0.01357853040099144 0.0013529983698390424
0.0189604670740664 0.0016051619895733893
0.018273073714226484 0.0015810052573215216
0.012552206870168447 0.0013170877791708335
0.026881312485784292 0.001813994807889685
0.01377419289201498 0.0013629828608827665
0.012543826829642057 0.0013141385279595852
0.019255726132541895 0.0016137075144797564
0.01966336788609624 0.0016244906873907894
0.018403667956590652 0.0015838622057344764
0.016940300120040774 0.0015380675322376192
0.016940300120040774 0.0015380675322376192
0.010278442408889532 0.0011479384411359206
0.01790298125706613 0.0015752371109556407
0.019716748967766762 0.0016263826983049512
0.01887821452692151 0.0016029408434405923
0.02066290145739913 0.001649993850151077
0.02066290145739913 0.001649993850151077
0.008723514387384057 0.0006378264588420279
0.020955059211701155 0.0016578483046032488
0.020955059211701155 0.0016578483046032488
0.009424504358321428 0.0010465541417943314
0.0094513229560107 0.00105069023265969
0.019013193901628256 0.0016068545228336006
0.017556313425302505 0.0015599510225001723
0.017556313425302505 0.0015599510225001723
0.02016759430989623 0.0016376149142161012
0.019120939541608095 0.0016087473777588457
0.016376544255763292 0.0014902333641657606
0.018520253710448742 0.0015902190934866667
0.018520253710448742 0.0015902190934866667
0.022749999538064003 0.0017044640553649515
0.022749999538064003 0.0017044640553649515
0.020103815011680126 0.0016353164974134415
0.020398425869643688 0.001643026334932074
0.0203932486474514 0.0016407440416514874
0.009508407907560468 0.0010551610321272165
0.009375143330544233 0.001039883485645987
0.009375143330544233 0.001039883485645987
0.017626736080273986 0.0015624742954969406
0.021005709189921618 0.0016599170630797744
0.0176672856323421 0.0015639428165741265
0.01880296180024743 0.0016008731035981327
0.012590965488925576 0.0013250682968646288
0.024820287013426423 0.0017502952832728624
0.01764927338808775 0.0015631323913112283
0.018939265049993992 0.0016047690296545625
0.01892296178266406 0.001603968266863376
0.01892296178266406 0.001603968266863376
0.012583673931658268 0.0013174680643714964
0.014286181889474392 0.0014010487066116184
0.021762996912002563 0.0016789630753919482
0.013498194050043821 0.0013422688061837107
0.019295422360301018 0.0016162509855348617
0.018163800472393632 0.0015771634643897414
0.016881577670574188 0.0015267012058757246
0.016881577670574188 0.0015267012058757246
0.02247225074097514 0.0016980415675789118
0.02247225074097514 0.0016980415675789118
0.008910828037187457 0.0007492285876651295
0.022616401314735413 0.0017016050114762038
0.019725560676306486 0.0016267027822323143
0.019725560676306486 0.0016267027822323143
0.02085819561034441 0.001656336709856987
0.02085819561034441 0.001656336709856987
0.013582826126366854 0.001356209526420571
0.01855997135862708 0.001591150852618739
0.018875732086598873 0.0016026720986701548
0.017628373112529516 0.0015626352687831968
0.009329954395070672 0.00103325184318237
0.012683348264545202 0.0013322448794497177
0.021960307843983173 0.001685512368567288
0.021960307843983173 0.001685512368567288
0.018960903398692608 0.0016054906882345676
0.021182586904615164 0.0016644820861984044
0.01663288241252303 0.0015039040736155584
0.017340947641059756 0.0015539234154857695
0.0188987348228693 0.0016035237640608102
0.009309944696724415 0.0010321451700292528
0.022027275525033474 0.0016867953818291426
0.013677923940122128 0.001362784780212678
0.013685820391401649 0.0013627985754283145
0.020148462615907192 0.0016353249084204435
0.020148462615907192 0.0016353249084204435
0.023043157532811165 0.001711269811494276
0.023043157532811165 0.001711269811494276
0.022143496200442314 0.0016905689844861627
0.022143496200442314 0.0016905689844861627
0.009369010804221034 0.0010377056169090793
0.020683830603957176 0.0016511862922925502
0.020683830603957176 0.0016511862922925502
0.016483065206557512 0.0014963274588808417
0.009894301882013679 0.001097798827686347
0.013783196220174432 0.0013658383541041985
0.01757057337090373 0.001562342484248802
0.018046593526378274 0.001576648763148114
0.01914250524714589 0.0016122859960887581
0.02001279406249523 0.0016319802962243557
