0.009833768242970109 0.0010990235750796273
0.009219361934810877 0.0010185623250436038
0.01854291884228587 0.0015913534443825483
0.019902787636965513 0.0016338986170012504
0.019902787636965513 0.0016338986170012504
0.018612679559737444 0.0015955120034050196
0.010621661087498069 0.0011885167041327804
0.020916424226015806 0.001657381420955062
0.012504629092290998 0.0013059078191872686
0.022708953358232975 0.001705384667729959
0.010457510827109218 0.0011715935252141207
0.010457510827109218 0.0011715935252141207
0.00904558296315372 0.0007812011244823225
0.018557244911789894 0.0015922413440421224
0.025154457660391927 0.001759424078045413
0.017200950998812914 0.0015462515293620527
0.009473227197304368 0.0010549917788011953
0.008792677894234657 0.0007073207088978961
0.01708773197606206 0.0015424257435370237
0.018119659973308444 0.0015769081364851445
0.012676664162427187 0.0013326384214451537
0.012676664162427187 0.0013326384214451537
0.010085723362863064 0.001133373676566407
0.009856438264250755 0.0011051403416786343
0.009818431921303272 0.0010966127156279981
0.020819174591451883 0.001655060943448916
0.020819174591451883 0.001655060943448916
0.018127140821889043 0.001578054652782157
0.018361686263233423 0.0015850607305765152
0.022702562622725964 0.0016970487195067108
0.02385606523603201 0.0017345586966257542
0.013844102621078491 0.0013653426867676899
0.009377952665090561 0.0010415437573101372
0.012640691129490733 0.0013307016051840037
0.018302206648513675 0.0015808737080078572
0.011295885313302279 0.0012483038153732195
0.009202181361615658 0.0010144065890926868
0.009376062313094735 0.0010386989306425676
0.017622905783355236 0.001563544530654326
0.01427593152038753 0.001401911024004221
0.01762264594435692 0.0015625726955477148
0.01762264594435692 0.0015625726955477148
0.009450699668377638 0.0010502044024178758
0.01844869554042816 0.001588323968462646
0.009955236921086907 0.0011135678796563298
0.009955236921086907 0.0011135678796563298
0.01632571336813271 0.0014909822639310732
0.014256685273721814 0.0014009269652888179
0.015585833694785833 0.0014614563551731408
0.009740026434883475 0.001086948803276755
0.009595858165994287 0.0010692560317693278
0.012610605917870998 0.0013252516655484214
0.009297030977904797 0.001032079613651149
0.009297030977904797 0.001032079613651149
0.018874439876526594 0.0016018884198274463
0.01742905518040061 0.0015531883982475847
0.011163103277795017 0.001246839325176552
0.019346721936017275 0.0016188430890906602
0.016466519562527537 0.0014949201431591064
0.00962011725641787 0.001072079743607901
0.00913062528707087 0.0008558075351174921
0.013678985880687833 0.0013635443174280226
0.012594337807968259 0.001322506315773353
0.010725323809310794 0.0012148338282713667
0.019308995455503464 0.0016162662068381906
0.017263957299292088 0.0015503175382036716
0.00942733301781118 0.0010487454273970798
0.016448725946247578 0.0014948156604077667
0.016578838462010026 0.0015027995832497254
0.016558331670239568 0.0015011336945462972
0.008796884561888874 0.0007320868826354854
0.01870395429432392 0.0015982726181391627
0.016872921027243137 0.0015175893640844151
0.02071811445057392 0.0016500295605510473
0.009763036156073213 0.0010923839145107195
0.018741720356047153 0.0015994780405890197
0.009457432199269533 0.0010511965956538916
0.019387013977393508 0.0016241151315625757
0.009063489851541817 0.0007876827658037655
0.017067255452275276 0.00154015957377851
0.019853220554068685 0.0016338793211616576
0.012238958152011037 0.0012600827030837536
0.009152924409136176 0.0010087940900120884
0.009879508288577199 0.0011067468876717612
0.014284956734627485 0.0014068802120164037
0.018563542515039444 0.0015946750063449144
0.009448224445804954 0.0010500606877030805
0.0166521561332047 0.0015072240785229951
0.022940505295991898 0.0017123266006819904
0.009963752701878548 0.0011156638793181628
0.010021794121712446 0.0011234396224608645
0.00920341070741415 0.0010177239309996367
0.009170531528070569 0.0010090312280226499
0.016147798392921686 0.001480327671742998
0.01678473991341889 0.0015129234816413373
0.009007610729895532 0.0007740576475043781
0.024628374027088284 0.0017559532425366342
0.00955963646993041 0.00106844658148475
0.016000804491341114 0.0014692257391288877
0.015205391915515065 0.001416889688698575
0.01723673357628286 0.0015487337077502161
0.009686531499028206 0.0010817785805556923
0.018433045595884323 0.0015862771833781153
0.009954489767551422 0.0011120774724986404
0.009671045234426856 0.0010797835129778832
0.015708762337453663 0.0014685935893794522
0.018865388352423906 0.0016018680471461266
0.010150543181225657 0.0011443237162893638
0.010150543181225657 0.0011443237162893638
0.009353281930088997 0.0010386956273578107
0.020418561063706875 0.0016436819278169423
0.009057777468115091 0.0007851056507206522
0.0228353519923985 0.001709942996967584
0.0228353519923985 0.001709942996967584
0.018758818972855806 0.0016011528205126524
0.01891873311251402 0.0016044163203332573
0.01891873311251402 0.0016044163203332573
0.020256070885807276 0.0016396069258917123
0.020256070885807276 0.0016396069258917123
0.00938465422950685 0.0010417722951387987
0.018310522194951773 0.0015837890969123691
0.020046829245984554 0.0016346688207704574
0.016317771864123642 0.0014872297906549647
0.009934905683621764 0.0011108349863206968
0.009316244162619114 0.0010360853339079767
0.012583125848323107 0.0013189505407353863
0.009600721765309572 0.0010709529597079381
0.016520212637260556 0.0014961121341912076
0.009616614785045385 0.0010710361821111292
0.01981051964685321 0.001626801589736715
0.01889895973727107 0.0016028165409807116
0.013572307769209146 0.001354527470539324
0.008935317629948258 0.0007485546957468614
0.018099697772413492 0.0015724430559203029
0.018099697772413492 0.0015724430559203029
0.018754736054688692 0.0015999138122424483
0.017543170601129532 0.0015621259808540344
0.009284221101552248 0.0010282146831741557
0.016647069714963436 0.001506338783656247
0.017062754137441516 0.0015226802788674831
0.020660293055698276 0.0016443679633084685
0.01699465699493885 0.0015187510289251804
0.009284163592383265 0.001028068916639313
0.021527045406401157 0.0016721287101972848
0.009494851576164365 0.001057867702911608
0.009503153152763844 0.0010596673382679
0.00954775558784604 0.0010614722268655896
0.014354255050420761 0.001407725882017985
0.019288338720798492 0.001614994223928079
0.009270241484045982 0.001025536679662764
0.009289859794080257 0.001029281469527632
0.0176764449570328 0.0015638670301996171
0.018912583589553833 0.0016034554573707283
0.021413832437247038 0.0016633938939776272
0.01652029436081648 0.0014965470181778073
0.009246644796803594 0.001018794981064275
0.0190117284655571 0.0016126086411532015
0.017908341251313686 0.0015705316618550569
0.016549397259950638 0.0015005071909399703
0.016549397259950638 0.0015005071909399703
0.021812689024955034 0.0016813829715829343
0.01958110835403204 0.0016250727931037545
0.01958110835403204 0.0016250727931037545
0.020066889002919197 0.0016360901354346424
0.020066889002919197 0.0016360901354346424
0.017900412436574697 0.0015705014520790428
0.017900412436574697 0.0015705014520790428
0.01678175269626081 0.0015110554959392175
0.013621070422232151 0.0013575735356425866
0.018464493099600077 0.0015888725611148402
0.01784193143248558 0.0015667910629417747
0.009702753741294146 0.0010849044338101521
0.009702753741294146 0.0010849044338101521
0.018473651725798845 0.0015892043593339622
0.013607162283733487 0.0013557578495237976
0.009011856745928526 0.0007789472801960073
0.009011856745928526 0.0007789472801960073
0.016448051668703556 0.0014937853411538526
0.016444575507193804 0.001492416558903642
0.009838964091613889 0.0011005071719409898
0.010163345257751644 0.0011465760471764952
0.010108521673828363 0.001138101564720273
0.00962623581290245 0.0010757811833173037
0.023747148923575878 0.0017319149046670645
0.00939650647342205 0.0010444744111737236
0.00939650647342205 0.0010444744111737236
0.013504044385626912 0.0013521040382329375
0.01343849953263998 0.0013395414862316102
0.01343849953263998 0.0013395414862316102
0.009252239251509309 0.001023382559651509
0.009252239251509309 0.001023382559651509
0.012636496452614665 0.0013278225815156475
0.016527085099369287 0.0014996754325693473
0.021021800581365824 0.0016615652129985392
0.021021800581365824 0.0016615652129985392
0.022082073614001274 0.0016879266768228263
0.022082073614001274 0.0016879266768228263
0.01899815211072564 0.0016062719223555177
0.009460253408178687 0.0010536940972087905
0.009148220997303724 0.001003674085950479
0.01984680723398924 0.0016284746816381812
0.009984321426600218 0.001117473773774691
0.009984321426600218 0.001117473773774691
0.010081894462928176 0.0011282697814749554
0.012572908308357 0.001318795999395661
0.012572908308357 0.001318795999395661
0.013677027309313416 0.0013591987226391211
0.013677027309313416 0.0013591987226391211
0.009623567806556821 0.0010726120235631242
0.008940330939367414 0.0007631646731169894
0.017324124928563833 0.0015520113229285926
0.013452069833874702 0.001344934105873108
0.013452069833874702 0.001344934105873108
0.01034064358100295 0.001158449158538133
0.017442503245547414 0.0015540435269940645
0.013433963526040316 0.0013357599382288754
0.009351443964987993 0.0010380711319157854
0.00897347298450768 0.0007724327806499787
0.00897347298450768 0.0007724327806499787
0.017492928076535463 0.0015581502811983228
0.012620205758139491 0.0013257207465358078
0.012620205758139491 0.0013257207465358078
0.016538324998691678 0.001500300451880321
0.017331470269709826 0.0015525099588558078
0.018505172338336706 0.0015906768094282597
0.01919696433469653 0.0016141621745191514
0.01919696433469653 0.0016141621745191514
0.009376170812174678 0.0010400130122434348
0.016147329937666655 0.0014797177573200315
0.016147329937666655 0.0014797177573200315
0.009555557044222951 0.0010622832778608426
0.009555557044222951 0.0010622832778608426
0.022281215526163578 0.001692446880042553
0.009749592281877995 0.0010902496724156663
0.009666292928159237 0.0010785144986584783
0.009404493728652596 0.0010445838706800714
0.009404493728652596 0.0010445838706800714
0.018380236346274614 0.0015858252882026136
