0.018728640861809254 0.0015998320595826954
0.009924040408805013 0.0011074226204073057
0.018841842655092478 0.001602626231033355
0.018841842655092478 0.001602626231033355
0.0102596883662045 0.0011478290107334033
0.009842189028859138 0.0010972302698064595
0.013544683111831546 0.0013455011940095574
0.0095625224057585 0.001062628667568788
0.009415496373549104 0.0010425223445054144
0.009415496373549104 0.0010425223445054144
0.01368375588208437 0.00136448405100964
0.019973087590187788 0.0016341507725883275
0.010663806460797787 0.0011899663077201694
0.01918401150032878 0.0016136557387653738
0.021461497992277145 0.0016748246271163225
0.021461497992277145 0.0016748246271163225
0.018708436284214258 0.0015993497509043664
0.009746992727741599 0.0010875705920625478
0.010335462167859077 0.0011570549831958488
0.019594315439462662 0.0016244127473328263
0.009479206753894687 0.001052280145813711
0.016839720541611314 0.0015136806177906692
0.016842593206092715 0.0015139634197112173
0.009223390370607376 0.0010120046936208382
0.01779631618410349 0.0015690892469137907
0.017237498424947262 0.0015474142564926296
0.00979412323795259 0.0010921882058028132
0.0089147585676983 0.0007729632416157983
0.020918811671435833 0.0016565964906476438
0.00918390741571784 0.0010076499020215124
0.009931905893608928 0.0011082690180046484
0.009455864783376455 0.001048804639140144
0.0192930712364614 0.001614016538951546
0.009956964291632175 0.0011103380820713937
0.009867266518995166 0.0010992260940838605
0.017185170203447342 0.0015368564636446536
0.019428741186857224 0.00161859201034531
0.018570950720459223 0.0015948629297781736
0.014367037685588002 0.0014052114565856755
0.009181070607155561 0.0010075528116431087
0.013524509267881513 0.0013353413669392467
0.01368035632185638 0.0013594542688224465
0.009116560337133706 0.0007844166248105466
0.009240132756531239 0.0010167072177864611
0.010390141513198614 0.0011645736958598718
0.020544961094856262 0.0016492243448738009
0.013628494692966342 0.0013550490839406848
0.017336451215669513 0.0015538979787379503
0.010159853613004088 0.0011340222699800506
0.010224686469882727 0.0011411121668061242
0.009232644457370043 0.001016547583276406
0.018869444262236357 0.0016041033086366951
0.017102533718571067 0.0015266580448951572
0.017113162204623222 0.0015276795311365277
0.009392665233463049 0.0010393841803306714
0.021154601126909256 0.0016651676269248128
0.019209518563002348 0.001613914588233456
0.019209518563002348 0.001613914588233456
0.014300212962552905 0.0014050861063878983
0.019478240981698036 0.001622165902517736
0.019401627592742443 0.0016178631922230124
0.009995418600738049 0.0011160938738612458
0.009995418600738049 0.0011160938738612458
0.010003704112023115 0.0011163686140207574
0.009975772816687822 0.0011134885717183352
0.012573780491948128 0.0013131539890309796
0.016500515630468726 0.0014931069599697366
0.019451287109404802 0.0016189981834031641
0.012627855874598026 0.0013275157689349726
0.009594178292900324 0.0010687535832403228
0.01687766774557531 0.0015142645861487836
0.023872879333794117 0.0017374484450556338
0.008655950659886003 0.0006134212235338055
0.019915110897272825 0.0016331716033164412
0.009141481365077198 0.0007939474962768145
0.024692455772310495 0.0017380848003085703
0.008820888586342335 0.0007166024370235391
0.010946097900159657 0.0012306826247368008
0.020015690475702286 0.0016352399252355099
0.016900598304346204 0.0015144027420319617
0.017350585665553808 0.0015558936283923686
0.013727853540331125 0.0013703547592740506
0.01823111600242555 0.0015841573040233925
0.018976060673594475 0.0016074933810159564
0.009523661341518164 0.0010594073974061757
0.009523661341518164 0.0010594073974061757
0.008615256985649467 0.0005953916770522483
0.025148803601041436 0.001761989202350378
0.01938640931621194 0.0016166575660463423
0.009650027379393578 0.0010729525529313833
0.012531647575087845 0.0012973506090929732
0.008867665892466903 0.0007419824178214185
0.010064880130812526 0.0011310439294902608
0.009498029947280884 0.0010529296268941835
0.017841623397544026 0.0015705595433246344
0.00966299558058381 0.0010756735864561051
0.009393988875672221 0.0010394322162028402
0.01991073926910758 0.0016311292129103094
0.016134734731167555 0.0014842912933090702
0.009490970987826586 0.0010526912228669971
0.020693457685410976 0.001651442114962265
0.009254914941266179 0.0010170101886615157
0.009254914941266179 0.0010170101886615157
0.009517241036519408 0.0010539738432271406
0.009813955752179027 0.0010936466132989153
0.009646621299907565 0.001072417013347149
0.00926717626862228 0.001021377058350481
0.009882018435746431 0.0011024534760508686
0.009882018435746431 0.0011024534760508686
0.009180910885334015 0.0010046329844044521
0.019114664290100336 0.001610043429536745
0.010577619075775146 0.0011855279008159414
0.012637365376576781 0.0013282347790664062
0.020355524960905313 0.0016400968306697905
0.020632498897612095 0.0016499787743669003
0.020632498897612095 0.0016499787743669003
0.01002981117926538 0.001120282438932918
0.00965045066550374 0.0010748674249043688
0.017572517041116953 0.0015631175192538649
0.009321426041424274 0.001031973384669982
0.00946550746448338 0.0010492252913536504
0.009627378778532147 0.0010708227346185595
0.009958637412637472 0.001113161924877204
0.016329397214576602 0.00148675475793425
0.021236950997263193 0.0016667602467350662
0.013533078599721193 0.0013433571439236403
0.009738125139847398 0.0010834056010935456
0.009733136976137757 0.001083306924556382
0.009259224636480212 0.0010190555913140997
0.01002030773088336 0.001116583909606561
0.012554922606796026 0.0012989361421205103
0.017567041097208858 0.001559571421239525
0.008819582872092724 0.0006856330437585711
0.01848764903843403 0.0015926322957966477
0.01662273984402418 0.0015004499146016315
0.016581758856773376 0.0014990502240834758
0.012650023680180311 0.0013284604356158525
0.0189310391433537 0.0016051473794505
0.018517879769206047 0.0015934731345623732
0.010215301997959614 0.0011395647015888244
0.01860615098848939 0.0015970502281561494
0.009566824650391936 0.0010632179473759606
0.013618665048852563 0.0013539451465476304
0.01820551953278482 0.001575105678057298
0.01820551953278482 0.001575105678057298
0.019857049454003572 0.001628644939046353
0.019857049454003572 0.001628644939046353
0.009542744141072035 0.0010620443936204538
0.009675982408225536 0.001083085619029589
0.009542744141072035 0.0010620443936204538
0.01359645533375442 0.0013508036208804697
0.009275412186980247 0.0010235552763333544
0.026013866532593966 0.0017740594921633601
0.009266867535188794 0.0010194006899837404
0.009149287827312946 0.0008636232232674956
0.017034287564456463 0.0015192528371699154
0.017034287564456463 0.0015192528371699154
0.009429429657757282 0.001045980490744114
0.009775120299309492 0.0010902460635406896
0.009845752501860261 0.0010990132723236457
0.009822862455621362 0.0010965148103423417
0.019393350929021835 0.0016169689770322293
0.010254968423396349 0.0011477923253551126
0.022664738819003105 0.001707039395114407
0.009287541033700109 0.001031301508191973
0.009405370336025953 0.001041884461301379
0.010196758899837732 0.00113851907372009
0.010196758899837732 0.00113851907372009
0.021848757285624743 0.0016867519589141011
0.021707684732973576 0.0016823059122543782
0.010218199575319886 0.0011406944249756634
0.010242737364023924 0.0011432420869823545
0.013655448332428932 0.0013578160287579522
0.02253124420531094 0.0017046909197233617
0.02253124420531094 0.0017046909197233617
0.012556805741041899 0.0013051241548964754
0.012040307279676199 0.001243178645381704
0.010427646106109023 0.001169050854514353
0.009478099411353469 0.001050009421305731
0.009478099411353469 0.001050009421305731
0.008865914074704051 0.0007396386354230344
0.009371587540954351 0.0010356161510571837
0.00983143039047718 0.0010966781846946105
0.013635248644277453 0.0013561501837102696
0.009099156828597188 0.0007755938204354607
0.009099156828597188 0.0007755938204354607
0.01002132473513484 0.0011181636073160917
0.01002132473513484 0.0011181636073160917
0.012493230402469635 0.0012790904438588768
0.020894919987767935 0.0016554560279473662
0.009584678569808602 0.0010666224698070437
0.021998913027346134 0.001689023629296571
0.009763470385223627 0.0010888332762988284
0.009763470385223627 0.0010888332762988284
0.009372231317684054 0.0010359719744883478
0.016819838900119066 0.0015087337960721925
0.020942806731909513 0.001658039924222976
0.020514387637376785 0.001647299824981019
0.009360211435705423 0.0010331177327316254
0.018477670615538955 0.00158989496412687
0.021317741833627224 0.0016690549382474273
0.009449047734960914 0.0010461712518008426
0.009176443796604872 0.0010039140761364251
0.009943084558472037 0.0011091932246927172
0.009943084558472037 0.0011091932246927172
0.020428720861673355 0.0016442705527879298
0.020428720861673355 0.0016442705527879298
0.01691124215722084 0.0015161321207415313
0.010544618126004934 0.0011780216736951843
0.010516570415347815 0.0011750814592232928
0.02346088131889701 0.0017277873121201992
0.010812775348313153 0.0012264809192856774
0.01675127842463553 0.0015041335573187098
0.02328050904907286 0.001718335784971714
0.010275395354256034 0.0011519653344294056
0.01972841192036867 0.0016272095090243965
0.019680104684084654 0.001626350946025923
0.013513818616047502 0.0013305367028806359
0.019858420826494694 0.001630971411941573
0.01746365404687822 0.0015594555588904768
0.01858486607670784 0.0015959155280143023
0.009675618261098862 0.0010761279409052804
0.009675618261098862 0.0010761279409052804
0.009451024932786822 0.0010469557892065495
0.009200887521728873 0.0010106102708959952
0.009200887521728873 0.0010106102708959952
0.010290119098499417 0.00115416623884812
0.014478588942438364 0.0014056411455385387
0.0200612498447299 0.0016374498372897506
0.019741062074899673 0.0016273868968710303
0.017953063594177365 0.0015723278338555247
0.010194921866059303 0.0011384541576262563
0.013589701615273952 0.0013467145035974681
0.008695734315551817 0.0006182975630508736
0.009204631904140115 0.001010690044495277
0.009204631904140115 0.001010690044495277
0.01655085082165897 0.0014940885594114661
