0.007157933196017391 0.0008206310477293915
0.0071629909925796445 0.0008216479261570752
0.0071629909925796445 0.0008216479261570752
0.007243043324414234 0.0008342522611990449
0.0072724264156297045 0.0008368040829096269
0.007319672281083222 0.0008413705905756481
0.007319672281083222 0.0008413705905756481
0.007324938840470866 0.0008428299385500439
0.007340022880498522 0.0008432153488303365
0.007365031576569763 0.0008474885445496976
0.007365031576569763 0.0008474885445496976
0.007410585061702314 0.0008537172896226979
0.007421372211962493 0.0008561777897571807
0.007458423882257901 0.0008611271048708652
0.007511625106273205 0.0008680476826203263
0.007511625106273205 0.0008680476826203263
0.007555876710084259 0.0008730037993370527
0.007567116473140914 0.0008761276880944863
0.007607688161960589 0.0008788284401375824
0.007664507405105705 0.0008862606780781051
0.007676565212095624 0.0008901100701540893
0.0076931273323505595 0.0008909069149279974
0.007694409442988384 0.0008918248537047703
0.007716627895153713 0.000895228186241957
0.007718882061862821 0.0008955161623533656
0.00773278975013344 0.0008963045693009178
0.007770796628606263 0.0009010986708267955
0.0078036072917866085 0.0009039433573817233
0.007820617894039376 0.0009059543577577687
0.00782288109266504 0.0009072266310575752
0.007841088942680853 0.0009098878911369566
0.007848265158082436 0.0009120452125647153
0.007893329141156775 0.0009174048248400365
0.007907236656738877 0.0009195789840790306
0.007912981909336883 0.0009203129550306486
0.00792637889858181 0.0009214033586273945
0.007936801204186451 0.0009233559373467311
0.007936801204186451 0.0009233559373467311
0.007936801204186451 0.0009233559373467311
0.007936801204186451 0.0009233559373467311
0.007936801204186451 0.0009233559373467311
0.007936801204186451 0.0009233559373467311
0.007936801204186451 0.0009233559373467311
0.007936801204186451 0.0009233559373467311
0.007936801204186451 0.0009233559373467311
0.007941145214558508 0.0009242594823871859
0.007946831412443477 0.0009246373252564483
0.007950728315563059 0.0009254663081836799
0.00797919502030589 0.0009268853319675976
0.007979226853576396 0.0009287759263935419
0.007991041020907096 0.0009302852158428602
0.008038869406957711 0.0009362774769430399
0.008042403917866661 0.0009366938031393583
0.008042403917866661 0.0009366938031393583
0.008042403917866661 0.0009366938031393583
0.008042403917866661 0.0009366938031393583
0.008050333256048767 0.0009370217886934006
0.008053954765329505 0.0009373524807888007
0.00806909421540241 0.0009402567321936408
0.008076247176925566 0.000941170546344705
0.008078599743614974 0.0009414710894404404
0.008079466606368265 0.0009424333582829958
0.008098604805410971 0.0009440267893166554
0.00810557084501184 0.000944916726972947
0.008143286005556007 0.0009497349370601632
0.008144924062237758 0.0009499442049144202
0.008150858294542223 0.0009507023227772596
0.008152700230723228 0.0009508806566868697
0.008173992125081624 0.0009515778952633517
0.008224431079340394 0.0009608631905237611
0.008234835612784049 0.0009614306578077568
0.008249951621821544 0.0009628200741003232
0.008252943689153601 0.0009643776158335131
0.008278985291087747 0.0009669737987187046
0.008285016552769666 0.0009685461174169091
0.008301266831972106 0.0009710578799201361
0.008301266831972106 0.0009710578799201361
0.008311897517906633 0.0009720355014705773
0.008311897517906633 0.0009720355014705773
0.008311897517906633 0.0009720355014705773
0.008311897517906633 0.0009720355014705773
0.008354045070469891 0.0009766599931669718
0.00839272463468372 0.0009795327650922998
0.00839272463468372 0.0009795327650922998
0.008395825731548054 0.0009825334722901595
0.008416805517055589 0.000984462418225217
0.008427136866890388 0.0009859976726672298
0.008431438325194916 0.0009865471862719095
0.008447683912573868 0.000989292546459938
0.008447683912573868 0.000989292546459938
0.008452821829891983 0.0009896153116268408
0.008458320201565055 0.0009916696433709057
0.008480907486777501 0.000992867014511527
0.008486071517585483 0.0009947052837263413
0.008494427871745095 0.000995193311661994
0.008529865293156271 0.000997850915309259
0.00856146966975335 0.0010040782764673456
0.008570048972331882 0.0010050661737111828
0.008570048972331882 0.0010050661737111828
0.008570048972331882 0.0010050661737111828
0.008571034591905363 0.0010063382288206686
0.008593595870348369 0.001006668706351907
0.00859607532733107 0.0010079525959995174
0.008647961612708435 0.0010155651356928063
0.00864999488452483 0.001016033269887525
0.008653667260735794 0.0010165110854295685
0.008668363387151042 0.0010168150275081768
0.008672249975617434 0.0010187158822749071
0.008679156384523908 0.0010206505366265012
0.008687164111408022 0.0010208693429101458
0.008711636156282985 0.0010240533869982729
0.008718887293996086 0.0010246890872671714
0.00873936497276465 0.0010280154693875835
0.00873936497276465 0.0010280154693875835
0.008789161555388836 0.0010339204000004455
0.008789161555388836 0.0010339204000004455
0.008789846012226259 0.0010344015801772785
0.00879183155751511 0.001034893016949292
0.008807375717834479 0.0010349138448479327
0.00881758519524297 0.0010379310976812452
0.008820961073048196 0.0010379785368129584
0.008827237157500303 0.0010392646994919952
0.00883777646776313 0.0010405576368970539
0.008876821309285871 0.001044900022420604
0.008878067286289721 0.0010463755321735387
0.008888703863181819 0.0010475306314879093
0.00892503947253301 0.0010521310946108656
0.008934913917009126 0.0010528853943541584
0.008955191212239973 0.0010545175908247013
0.008957131027916738 0.0010563811465370927
0.008957131027916738 0.0010563811465370927
0.00896019237908087 0.0010564818963283763
0.008984840152271772 0.0010595986090954912
0.008994362682603854 0.001060846613942617
0.009004143511581013 0.0010622825089576214
0.009020056760771921 0.001062527252364255
0.009020056760771921 0.001062527252364255
0.009020056760771921 0.001062527252364255
0.009024697038766065 0.0010637456842197694
0.009024697038766065 0.0010637456842197694
0.009028898284098304 0.0010638754915980528
0.009042844245547587 0.0010673067639425447
0.009042844245547587 0.0010673067639425447
0.009047937966561549 0.0010676417357705155
0.00905146442667195 0.0010678824932998103
0.00905146442667195 0.0010678824932998103
0.00905146442667195 0.0010678824932998103
0.009054792413600979 0.0010689805412444524
0.009060816119350208 0.001069027093733587
0.00908457074933448 0.0010706149961604641
0.009087925884385029 0.001072089026272483
0.009087925884385029 0.001072089026272483
0.009090679717009676 0.0010741217766802465
0.009099517468425952 0.001074605743448915
0.00910355494760011 0.0010748104631969299
0.009112241244217728 0.0010752160766820738
0.009112241244217728 0.0010752160766820738
0.009118495599882684 0.001076539755619594
0.009126638839916705 0.0010785231067696587
0.009126638839916705 0.0010785231067696587
0.009162732305899202 0.0010799720131886362
0.009162732305899202 0.0010799720131886362
0.009162732305899202 0.0010799720131886362
0.009162732305899202 0.0010799720131886362
0.009162732305899202 0.0010799720131886362
0.009162732305899202 0.0010799720131886362
0.009162732305899202 0.0010799720131886362
0.009162732305899202 0.0010799720131886362
0.009162732305899202 0.0010799720131886362
0.009162732305899202 0.0010799720131886362
0.009162732305899202 0.0010799720131886362
0.009162732305899202 0.0010799720131886362
0.009162732305899202 0.0010799720131886362
0.009162732305899202 0.0010799720131886362
0.009162732305899202 0.0010799720131886362
0.009162732305899202 0.0010799720131886362
0.009162732305899202 0.0010799720131886362
0.009162732305899202 0.0010799720131886362
0.009162732305899202 0.0010799720131886362
0.009162732305899202 0.0010799720131886362
0.009162732305899202 0.0010799720131886362
0.009162732305899202 0.0010799720131886362
0.009162732305899202 0.0010799720131886362
0.009162732305899202 0.0010799720131886362
0.009162732305899202 0.0010799720131886362
0.009162732305899202 0.0010799720131886362
0.009162732305899202 0.0010799720131886362
0.009162732305899202 0.0010799720131886362
0.009162732305899202 0.0010799720131886362
0.009162732305899202 0.0010799720131886362
0.009162732305899202 0.0010799720131886362
0.009162732305899202 0.0010799720131886362
0.009162732305899202 0.0010799720131886362
0.009162732305899202 0.0010799720131886362
0.009162732305899202 0.0010799720131886362
0.009162732305899202 0.0010799720131886362
0.009162732305899202 0.0010799720131886362
0.009162732305899202 0.0010799720131886362
0.009162732305899202 0.0010799720131886362
0.009162732305899202 0.0010799720131886362
0.009162732305899202 0.0010799720131886362
0.009162732305899202 0.0010799720131886362
0.009162732305899202 0.0010799720131886362
0.009162732305899202 0.0010799720131886362
0.009162732305899202 0.0010799720131886362
0.009162732305899202 0.0010799720131886362
0.009162732305899202 0.0010799720131886362
0.009162732305899202 0.0010799720131886362
0.009162732305899202 0.0010799720131886362
0.009162732305899202 0.0010799720131886362
0.009162732305899202 0.0010799720131886362
0.009162732305899202 0.0010799720131886362
0.009162732305899202 0.0010799720131886362
0.009162732305899202 0.0010799720131886362
0.009162732305899202 0.0010799720131886362
0.009162732305899202 0.0010799720131886362
0.009162732305899202 0.0010799720131886362
0.009162732305899202 0.0010799720131886362
0.009162732305899202 0.0010799720131886362
0.009162732305899202 0.0010799720131886362
0.009162732305899202 0.0010799720131886362
0.009162732305899202 0.0010799720131886362
0.009162732305899202 0.0010799720131886362
0.009162732305899202 0.0010799720131886362
0.009162732305899202 0.0010799720131886362
0.009162732305899202 0.0010799720131886362
0.009162732305899202 0.0010799720131886362
0.009162732305899202 0.0010799720131886362
0.009162732305899202 0.0010799720131886362
0.009162732305899202 0.0010799720131886362
0.009162732305899202 0.0010799720131886362
0.009162732305899202 0.0010799720131886362
0.009162732305899202 0.0010799720131886362
0.009162732305899202 0.0010799720131886362
0.009162732305899202 0.0010799720131886362
0.009162732305899202 0.0010799720131886362
0.009162732305899202 0.0010799720131886362
0.009162732305899202 0.0010799720131886362
0.009162732305899202 0.0010799720131886362
0.009162732305899202 0.0010799720131886362
0.009162732305899202 0.0010799720131886362
0.009162732305899202 0.0010799720131886362
0.009162732305899202 0.0010799720131886362
0.009162732305899202 0.0010799720131886362
0.009162732305899202 0.0010799720131886362
0.009162732305899202 0.0010799720131886362
0.009162732305899202 0.0010799720131886362
0.009162732305899202 0.0010799720131886362
0.009162732305899202 0.0010799720131886362
0.009162732305899202 0.0010799720131886362
0.009162732305899202 0.0010799720131886362
0.009162732305899202 0.0010799720131886362
0.009162732305899202 0.0010799720131886362
0.009162732305899202 0.0010799720131886362
0.009162732305899202 0.0010799720131886362
0.009162732305899202 0.0010799720131886362
0.009162732305899202 0.0010799720131886362
0.009162732305899202 0.0010799720131886362
0.009162732305899202 0.0010799720131886362
0.009162732305899202 0.0010799720131886362
0.009162732305899202 0.0010799720131886362
0.009162732305899202 0.0010799720131886362
0.009162732305899202 0.0010799720131886362
0.009162732305899202 0.0010799720131886362
0.009162732305899202 0.0010799720131886362
0.009162732305899202 0.0010799720131886362
0.009162732305899202 0.0010799720131886362
0.009162732305899202 0.0010799720131886362
0.009162732305899202 0.0010799720131886362
0.009162732305899202 0.0010799720131886362
0.009162732305899202 0.0010799720131886362
0.009162732305899202 0.0010799720131886362
0.009162732305899202 0.0010799720131886362
0.009162732305899202 0.0010799720131886362
0.009162732305899202 0.0010799720131886362
0.009162732305899202 0.0010799720131886362
0.009162732305899202 0.0010799720131886362
0.009162732305899202 0.0010799720131886362
0.009162732305899202 0.0010799720131886362
0.009162732305899202 0.0010799720131886362
0.009169904875285382 0.001081405824422445
0.009183519576845895 0.0010844598565593142
0.00918772630406851 0.0010850085197526894
0.00918772630406851 0.0010850085197526894
0.00918772630406851 0.0010850085197526894
0.009200748152903683 0.0010873900457862085
0.0092040915091437 0.0010881935621984149
0.009209946368168598 0.001088622298598095
0.00921849474873047 0.0010899942336442061
0.00921849474873047 0.0010899942336442061
0.009223952155461228 0.0010907588235890926
0.009226420551403738 0.0010914277993751566
0.009226420551403738 0.0010914277993751566
0.009226420551403738 0.0010914277993751566
0.009226420551403738 0.0010914277993751566
0.009226420551403738 0.0010914277993751566
0.009226420551403738 0.0010914277993751566
0.009226420551403738 0.0010914277993751566
0.009226420551403738 0.0010914277993751566
0.009226420551403738 0.0010914277993751566
0.009226420551403738 0.0010914277993751566
0.009226420551403738 0.0010914277993751566
0.009226420551403738 0.0010914277993751566
0.009226420551403738 0.0010914277993751566
0.009226420551403738 0.0010914277993751566
0.009226420551403738 0.0010914277993751566
0.009226420551403738 0.0010914277993751566
0.009226420551403738 0.0010914277993751566
0.009226420551403738 0.0010914277993751566
0.009226420551403738 0.0010914277993751566
0.009226420551403738 0.0010914277993751566
0.009226420551403738 0.0010914277993751566
0.009226420551403738 0.0010914277993751566
0.009226420551403738 0.0010914277993751566
0.009226420551403738 0.0010914277993751566
0.009226420551403738 0.0010914277993751566
0.009226420551403738 0.0010914277993751566
0.009226420551403738 0.0010914277993751566
0.009239675348309127 0.0010931335930727858
0.009252169720414302 0.0010942604627472183
0.00927835114752584 0.0010981382009000317
0.009288657244200207 0.001098172267361326
0.009290004626944164 0.001098969401888149
0.009296046713914185 0.0010993482115954165
0.009300040554944631 0.001100610387951225
0.00930648086988246 0.0011015017462260893
0.00930648086988246 0.0011015017462260893
0.009332042886406667 0.0011048977262626443
0.009346844732148658 0.0011070021683055717
0.00936068409293182 0.001109075390879669
0.009373064238127018 0.001109093475627227
0.009374018473709497 0.0011094245689030342
0.00938087347874213 0.0011110935672944164
0.009382368757391912 0.001111589435761621
0.009382368757391912 0.001111589435761621
0.009395516734651235 0.0011133546165599307
0.009410177202667224 0.0011152622180717162
0.00943856495734446 0.0011176896236293446
0.009441854408059855 0.0011182370094875828
0.009445575363154381 0.0011190655402069356
0.00946219892462016 0.001121980270432761
0.00946219892462016 0.001121980270432761
0.009472976827807254 0.0011234757268126757
0.009504336081016227 0.001127370410974939
0.00951710611371816 0.0011279673429438043
0.009527023703183849 0.0011292608253361878
0.009530560387847258 0.0011308231330823693
0.009539227088196035 0.0011314928438411836
0.009544907696439987 0.0011317231125636481
0.009552371712314604 0.001131750705241061
0.009559745106051908 0.0011328578940671672
0.009565931009884305 0.0011352052678353364
0.009573955377267879 0.0011357163575900838
0.009580797968398872 0.0011376718097501925
0.009590252290144239 0.0011377058565416546
0.009594197317416868 0.0011396952202293647
0.009606515421447349 0.0011402268201177398
0.009606515421447349 0.0011402268201177398
0.009608103949414614 0.0011405480388794985
0.009616150987976052 0.0011408851132680509
0.009623782389219335 0.0011423753225052878
0.009628049650434605 0.0011436874124040272
0.009628049650434605 0.0011436874124040272
0.009635267204005461 0.0011443390083404116
0.00964581408569109 0.001144753872564483
0.00964581408569109 0.001144753872564483
0.009659443322522002 0.0011473721108966489
0.009678712706993015 0.0011498709847904776
0.00968465905267524 0.0011500151231793763
0.00968465905267524 0.0011500151231793763
0.009692124649114453 0.0011501532011809713
0.009695462458694341 0.0011521343266750928
0.009704835799287605 0.0011536900201155349
0.009717667234883542 0.0011541442943319574
0.009754250116150899 0.0011595050418357006
0.009754250116150899 0.0011595050418357006
0.00982141712092565 0.0011684828380802326
0.009979732653652967 0.0011888958884387628
0.010007678593599589 0.0011919494645567278
0.010007678593599589 0.0011919494645567278
0.010007678593599589 0.0011919494645567278
0.010007956015723756 0.0011919961244383358
0.010007956015723756 0.0011919961244383358
0.010086922539083094 0.0012013825875372371
0.010252440271647406 0.0012158339671201482
0.010264827716165182 0.0012182776510866777
0.010325231326608815 0.0012336880637798236
0.010375527879944963 0.0012358875634662187
0.010405930678244643 0.001240253039428467
0.010493959814031052 0.0012530215676823124
0.010522815319820696 0.0012591353373922118
0.010628050454695788 0.0012716130979981617
0.01064120972481537 0.0012739482571670277
0.010720737569996575 0.0012787160188264901
0.010735840254281342 0.001286798938290679
0.01081954552528053 0.0012937054586929445
0.011119980926865076 0.0013352257911750205
0.011261463813320112 0.0013532471377173706
0.011567723699567479 0.0013910844544573718
0.011795159783565384 0.001422177286891963
0.011882355007528957 0.001433182286623459
0.012269961877533668 0.0014836689038744955
0.012273368299764942 0.0014842808463913476
0.012275389219698387 0.0014846438544536822
0.012286905668843691 0.0014867126419188137
0.012286905668843691 0.0014867126419188137
0.012337825586794384 0.0014900428738040864
0.012396872242122912 0.0014926522265792412
0.012494205458301906 0.0014965026613310663
0.012868489936012792 0.0015063254659366543
0.013236934187780235 0.0015171442212972926
0.013922656732012043 0.0015352818695259902
0.016655587624985743 0.001608764036410762
0.016884945909270893 0.0016140986903680462
0.016958251524172123 0.0016156944190744496
0.017381351156817562 0.0016189515345885915
0.017381351156817562 0.0016189515345885915
0.01745823968002752 0.0016211777214875547
0.017950732726796335 0.0016404063528861527
0.018383993307680438 0.00165398092213832
0.018467803882404914 0.001656673314519346
0.018598125414534893 0.0016617924136373865
0.01872646527230377 0.0016635120425329206
0.01876365311490924 0.0016645099329497194
0.019605167089237933 0.0016841530504829315
0.019667877902612096 0.0016900737551455121
0.019795666993234977 0.0016916653764954587
0.020145630797188924 0.0016987463622889364
0.020145630797188924 0.0016987463622889364
0.020171013437515633 0.001702246054078
0.02035442749773422 0.0017080619031130083
0.02047373448355371 0.0017105620193526862
0.02069968795493784 0.0017162169243928648
0.02074358105239308 0.0017165296096523857
0.021121613759261616 0.001728370902581921
0.021530243470134002 0.0017405135499765616
0.0219941613801187 0.0017508704789841853
0.02230751663794475 0.00175976428669783
0.022314638632864158 0.0017597932264218604
0.022431077017244977 0.001763080476871217
0.022431077017244977 0.001763080476871217
0.022483044727795783 0.001764149714920781
0.022589522293886534 0.0017666613606678065
0.022756886874964494 0.0017716600374061303
0.022756886874964494 0.0017716600374061303
0.022888144339678684 0.0017751821016723094
0.022888144339678684 0.0017751821016723094
0.022910812688162703 0.0017754624872642435
0.022910812688162703 0.0017754624872642435
0.023025028253470095 0.0017765852060489318
0.023263395391038506 0.001786440541511955
0.023338590867934224 0.001788412012712425
0.02360424549727653 0.0017949180985086873
0.023619805730251933 0.0017952712514515694
0.023849849473663327 0.0018005169373318873
0.02391664602601963 0.001803135325942791
0.023997287520287652 0.0018052713528288063
0.023997820019479865 0.0018062106536366677
0.024320444871337284 0.0018133552168953311
0.024723695836428996 0.0018243538235326242
0.024723695836428996 0.0018243538235326242
0.0247237712545721 0.0018253028911867548
0.02506302629302489 0.0018339068560109203
0.025075573760544305 0.0018351257904332939
0.0251792105935418 0.0018366582011731243
0.02523421384390926 0.001838134012331797
0.02523421384390926 0.001838134012331797
0.025380868592895157 0.0018411493643533529
0.025605538287999805 0.0018461619686965607
0.025623682601868876 0.0018463767194891842
0.02569973049116392 0.0018510109678696617
0.025721756057936175 0.0018512161891472778
0.025721756057936175 0.0018512161891472778
0.025721756057936175 0.0018512161891472778
0.0257263315400467 0.0018514627218430607
0.0257263315400467 0.0018514627218430607
0.025837596257061148 0.0018547412707519847
0.025837596257061148 0.0018547412707519847
0.025992227883280337 0.0018576533719178085
0.025992227883280337 0.0018576533719178085
0.026062970353054663 0.0018603719507564883
0.026062970353054663 0.0018603719507564883
0.026158364563126292 0.0018626281782733768
0.026776986127063807 0.0018799169137803332
0.027073418604511266 0.0018859940347751227
0.0271495676411259 0.0018884493548198202
0.027432126104610106 0.0018971104554084187
0.028118034917954792 0.0019146358677621755
0.02812255664337676 0.0019150356205155604
0.028192259373856356 0.0019159325057536301
0.028617297689064746 0.0019192126406627225
0.029924410987606363 0.0019620659139599535
0.030721143447974403 0.0019812328776367748
0.030721143447974403 0.0019812328776367748
0.030771472558068304 0.0019847894304067647
0.03167023495039853 0.002009337941133069
0.03256563089566706 0.0020318324015849527
0.03313804476417182 0.002046999952855939
0.03436294856174135 0.002079281509493397
0.03470806020727446 0.002084402043117994
