0.0071639360475478 0.0008161139143733099
0.0071639360475478 0.0008161139143733099
0.008494937837279202 0.0009954821222479993
0.009363228406488703 0.001108682956733262
0.00950368565645597 0.001127165067183631
0.009684932136291655 0.001150777065526747
0.009714632151610432 0.0011544214925236723
0.009714632151610432 0.0011544214925236723
0.009714632151610432 0.0011544214925236723
0.010670370928797177 0.0011694235060726184
0.01182078502214552 0.0011860587581196567
0.011840360181287958 0.0011993000582429633
0.011866177463851582 0.00120615008301703
0.011881190124306511 0.0012222569884644658
0.011881190124306511 0.0012222569884644658
0.011881190124306511 0.0012222569884644658
0.011881190124306511 0.0012222569884644658
0.011885742193711597 0.0012252186929892354
0.011895942191263428 0.0012279171156659213
0.011913737645547009 0.0012417614180954446
0.011913737645547009 0.0012417614180954446
0.011949969337012884 0.001256896154071273
0.011950317783482158 0.001263681959189846
0.0119827986809429 0.001283901661764878
0.011990209221549288 0.0012846389375007856
0.012000667058975713 0.001290687895205093
0.012000667058975713 0.001290687895205093
0.01200492521014089 0.0012936306860717285
0.012008042713623159 0.0012982741049024288
0.012019616054398522 0.0013043248794392102
0.012028283217113559 0.0013091377262942727
0.012028283217113559 0.0013091377262942727
0.012028283217113559 0.0013091377262942727
0.012028283217113559 0.0013091377262942727
0.012049845566545743 0.0013218736728462846
0.012049845566545743 0.0013218736728462846
0.012063973841196465 0.0013276632857662537
0.012066365044454887 0.0013285618604799926
0.012067681885825935 0.0013299413684298516
0.012081880611521465 0.0013386642421767624
0.01210300689046468 0.0013532835422189777
0.012119494379927957 0.0013630116965764711
0.012119494379927957 0.0013630116965764711
0.012122277561575901 0.001364987604083636
0.012148364393032811 0.001379507452196326
0.012168263851086896 0.0013921608004018083
0.012171873431324837 0.0013939496302381056
0.012171873431324837 0.0013939496302381056
0.012171873431324837 0.0013939496302381056
0.012171873431324837 0.0013939496302381056
0.012171873431324837 0.0013939496302381056
0.012171873431324837 0.0013939496302381056
0.012171873431324837 0.0013939496302381056
0.012171873431324837 0.0013939496302381056
0.012171873431324837 0.0013939496302381056
0.012183676915871685 0.0014012009449613418
0.012183676915871685 0.0014012009449613418
0.012183676915871685 0.0014012009449613418
0.012183721891715155 0.0014012285574932606
0.012186547579736065 0.0014029643988150934
0.012186547579736065 0.0014029643988150934
0.012186547579736065 0.0014029643988150934
0.012186547579736065 0.0014029643988150934
0.012191187748721688 0.0014058152688234528
0.01220124579542893 0.00141199429646729
0.01220124579542893 0.00141199429646729
0.012202404552151734 0.0014127058458264518
0.012202404552151734 0.0014127058458264518
0.012202404552151734 0.0014127058458264518
0.012202404552151734 0.0014127058458264518
0.012202404552151734 0.0014127058458264518
0.012202404552151734 0.0014127058458264518
0.012217435887931744 0.001421940263928118
0.012238130446541717 0.0014304913415792752
0.012255318966941526 0.0014358917715452607
0.012255318966941526 0.0014358917715452607
0.012255318966941526 0.0014358917715452607
0.012255318966941526 0.0014358917715452607
0.012255318966941526 0.0014358917715452607
0.012255318966941526 0.0014358917715452607
0.012258321419410663 0.0014380757593302823
0.012263839634650268 0.001445426035250626
0.012269709646432593 0.001449431127765533
0.01228201786598677 0.0014553136524051047
0.012292149319972676 0.0014647410462637369
0.012293251725292447 0.0014654934252921713
0.012293251725292447 0.0014654934252921713
0.012293251725292447 0.0014654934252921713
0.012293251725292447 0.0014654934252921713
0.012293251725292447 0.0014654934252921713
0.012293251725292447 0.0014654934252921713
0.012293251725292447 0.0014654934252921713
0.012293251725292447 0.0014654934252921713
0.012293251725292447 0.0014654934252921713
0.012293251725292447 0.0014654934252921713
0.012333077799371825 0.0014851085288558213
0.012334521408258414 0.0014884366020715704
0.01233572865328949 0.00149122076577209
0.012335775562269276 0.001491329225352398
0.012335775562269276 0.001491329225352398
0.012335775562269276 0.001491329225352398
0.012335775562269276 0.001491329225352398
0.012335775562269276 0.001491329225352398
0.02371116028924821 0.0017906340343545133
0.02461919826531319 0.0018136104198675368
0.026032704471909612 0.001814479950606358
0.026709098095271243 0.0018650644250252327
0.030265520729161777 0.0019600777910626847
0.033021507255796334 0.0019756454236304222
0.03326047006582135 0.0019917872380477205
0.03360300100288862 0.0020145061269976265
0.03361714358241664 0.0020201536984445893
0.03371178065182095 0.002021892978640763
0.03425760064901242 0.002071788319201903
