0.008611436802277867 0.0008711268394233979
0.009207962799785523 0.0009010499851880686
0.009279204907886088 0.0009030752358676175
0.009708559758560215 0.0011518016501305566
0.009809035655211492 0.0011663373060558668
0.00984633839158362 0.0011675507298146053
0.009903266743084355 0.0011786942292381858
0.010029822403014515 0.0011931043869181364
0.010334760393426592 0.0012238867857122168
0.010429919776866626 0.0012445424036311235
0.010447722241105732 0.0012496966559578443
0.010788800400923549 0.0012941609292182199
0.010829073822901564 0.001298380656981545
0.01131085182997876 0.0013614386531807703
0.012238069219181493 0.0014183817123744258
0.012295187194968624 0.0014610469570251184
0.012349660409404302 0.001491099967258547
0.01335047540293718 0.0015196085433451167
0.01594005929565788 0.0015890155099643121
0.016620392403808224 0.0016070024289323525
0.018094011298052576 0.0016388122165671847
0.018094011298052576 0.0016388122165671847
0.018337525561726332 0.0016452295248605055
0.018735777361976666 0.001661325494996205
0.019671959153325133 0.0016902810573692067
0.021164619773653255 0.0017284254946751216
0.0224320211924201 0.001763507605485025
0.02331941489134043 0.0017851089717152704
0.02331941489134043 0.0017851089717152704
0.02359195180074078 0.0017933147684633722
0.023696691547687755 0.001794510706731075
0.023725635481801843 0.0017990959665688323
0.0239227298008314 0.001803099142350615
0.02398725435600257 0.0018042667253909907
0.024241572541951206 0.0018093527521107259
0.024364603867079376 0.0018133864405646414
0.02446110142990871 0.0018143120588065232
0.024507304661137114 0.0018171541749606866
0.024578046978846663 0.0018203348340022204
0.024578046978846663 0.0018203348340022204
0.024820588205320585 0.0018260490020535886
0.024948566838983985 0.00182905795185469
0.025154461722585845 0.0018357670651993866
0.025318656919097484 0.0018379288556377173
0.025318656919097484 0.0018379288556377173
0.025459081459272732 0.001843846188970723
0.025717010484361036 0.0018508708091105656
0.025906320173965075 0.001856391071073655
0.025910049998283297 0.0018571607860840378
0.02602764415464818 0.0018580952176436916
0.02616098390365756 0.0018631258645241977
0.026265754929069997 0.0018652406973359162
0.026265754929069997 0.0018652406973359162
0.026265754929069997 0.0018652406973359162
0.02651939461274992 0.0018732896157784445
0.026779965953850376 0.0018788785214729855
0.026779965953850376 0.0018788785214729855
0.027021997489784573 0.001886299954031014
0.02712004378057305 0.0018876368102509712
0.02712004378057305 0.0018876368102509712
0.0271476051479072 0.0018884682868064136
0.0271476051479072 0.0018884682868064136
0.027336457347796418 0.001893474937314596
0.02744475021122658 0.0018960584476830685
0.027466501508834736 0.0018969224772198282
0.027466501508834736 0.0018969224772198282
0.027466501508834736 0.0018969224772198282
0.027466501508834736 0.0018969224772198282
0.027466501508834736 0.0018969224772198282
0.027466501508834736 0.0018969224772198282
0.027466501508834736 0.0018969224772198282
0.027466501508834736 0.0018969224772198282
0.027603598852906606 0.001898259665808557
0.027617954086519198 0.001900638678295072
0.02766069871359621 0.0019034221314008241
0.027817269985862925 0.001904391343202798
0.027821159073464465 0.001906492891982536
0.027821159073464465 0.001906492891982536
0.027937114380299343 0.0019107591647505202
0.028094019757035127 0.0019134513304273296
0.028371229650061905 0.0019181778458359417
0.028495197751744764 0.0019241943807080256
0.02860194124233361 0.0019267901781112782
0.028609812041373056 0.0019288657976734994
0.028684008199764792 0.0019308402758852062
0.028756790321024454 0.0019327416696647425
0.028954646537846223 0.0019380423709181214
0.028954646537846223 0.0019380423709181214
0.029258188659118056 0.0019442712815746265
0.029261356994789496 0.001946489000867324
0.02966112227977626 0.0019566751984559233
0.029787250173698456 0.001958116153111756
0.029787250173698456 0.001958116153111756
0.030408183670262382 0.001971832745826149
0.031202549261308 0.001996713789411225
0.031202549261308 0.001996713789411225
0.03145853290494212 0.002004674250587561
0.03153478736749605 0.0020049854107041113
0.03241967597492285 0.002028454278195366
0.03259395720686089 0.00203280472159385
0.032746345450242215 0.0020335962719332727
0.03394701317365989 0.0020652329922232022
