0.04409362026490271 0.0010351109976909356
0.03956687240861356 0.0008022493705084344
0.040389749221503735 0.00086290550780177
0.043655841960571706 0.001015636274132703
0.042757924646139145 0.0009617805462767137
0.03884292067959905 0.0006625901360166608
0.04350062785670161 0.0009941255320882192
0.04467300116084516 0.0010516673828533385
0.04419192229397595 0.001041106032062089
0.04442127398215234 0.0010413458549010102
0.039259007666260004 0.0007469088343441399
0.042385641718283296 0.0009368028340759338
0.040992980590090156 0.0008885204842954408
0.04255042760632932 0.0009443098779229331
0.04188028397038579 0.0009258840746042551
0.04317798768170178 0.0009705455720450118
0.04323131334967911 0.0009760241218828014
0.04320542304776609 0.0009729279436214711
0.04452754196245223 0.0010458130891493056
0.042460025870241225 0.0009388798189320369
0.04155275225639343 0.0009213119328705943
0.04181784833781421 0.0009246068366337568
0.043971707578748465 0.0010186208892264403
0.044833041494712234 0.001061204900906887
0.039093257393687963 0.0007136324197745125
0.04075692594051361 0.0008873988638242736
0.04071875265799463 0.0008690785464295914
0.04260496888309717 0.0009607744805180118
0.039683323353528976 0.0008180691311281407
0.041115632047876716 0.0009083885706786532
0.040467417682521045 0.0008634550863462209
0.038991567213088274 0.0006743090123109141
0.04100519872736186 0.000897873226676893
0.041991395759396255 0.00093327179820335
0.039839559234678745 0.0008406524764268397
0.042596383253112435 0.000957417614699807
0.03980812267400324 0.0008404116090332536
0.04114468488842249 0.0009094369352169451
0.03972467454150319 0.0008234375359279511
