0.042946643428876996 0.000969591495959321
0.039601556258276105 0.0007866995365475304
0.042156412615440786 0.0009513035056443186
0.03855096467304975 0.0006438616337618441
0.040416226256638765 0.0008772762193984818
0.03853757097385824 0.0006080864741306868
0.043246852001175284 0.0009907770454447018
0.0395065339980647 0.0007594106746182661
0.03856294439174235 0.0006783552901197254
0.03931628353893757 0.0007504062439238623
0.04265360813587904 0.0009678781034381245
0.0407841675914824 0.0009058197010745062
0.045047296793200076 0.001044506501784781
0.04065935802645981 0.0008916054730434553
0.0396601480897516 0.0007913202969120903
0.04207921167835593 0.0009380261162732495
0.04245048761367798 0.0009563758799231437
0.04263581684790552 0.000958923176767712
0.038751414278522134 0.0007193863691554725
0.04325905069708824 0.000996958113319124
0.04316234099678695 0.0009805010352010868
0.04404316167347133 0.0010123972322162444
0.03842422540765256 0.0005515045315860334
0.04042415670119226 0.0008840233631417505
0.0430966264102608 0.000976974300101574
0.04039761680178344 0.0008573899494876969
0.03976561629679054 0.0008438172051228321
0.03970460221171379 0.0008331108820129884
0.044373472686856985 0.0010126199722435558
0.04183048568665981 0.000931932772800792
0.04153951117768884 0.0009291563037550077
0.043478332459926605 0.0010025361261796206
0.03913941734936088 0.0007358656785072526
0.04218683298677206 0.0009535396457067691
0.03934485209174454 0.0007557786905181274
