0.0401338383089751 0.0008581169859098736
0.04484972101636231 0.00104863353408291
0.03865399188362062 0.000696416314895032
0.042064940091222525 0.0009384642298755352
0.04175026714801788 0.0009293689645346603
0.04098415980115533 0.0009021152197874471
0.04564689239487052 0.0010649379728420172
0.03967922949232161 0.0008168422007202025
0.040702202124521136 0.0008840943346513086
0.03892669454216957 0.000760542935495323
0.03943762229755521 0.0007826492324056744
0.039870599401183426 0.0008335349793924252
0.03905685106292367 0.0007622394170994085
0.04381137515883893 0.0010309421386409667
0.04178524040617049 0.0009315289789810777
0.043969715596176684 0.0010362771981817787
0.045437061693519354 0.0010576997738098726
0.040406472282484174 0.000867148749421176
0.043689354322850704 0.0010091688764077844
0.03939776460174471 0.000772631512973021
0.04425576678477228 0.0010426940425531939
0.04357267706654966 0.001003552800284524
0.04125193622894585 0.0009144622754320153
0.04374342202208936 0.0010130064438271802
0.03949194448068738 0.0008055475043420302
0.03972458571661264 0.0008197430927339155
0.04298562998883426 0.000992233449323976
0.038767732214182615 0.0007050480694488215
0.038912167539820075 0.0007557181254469469
0.04258587956428528 0.0009581216872902587
0.03995264577679336 0.0008403530796385894
0.038531586062163115 0.0004794274627784034
0.04001978680025786 0.0008514604692209105
0.04286009178031236 0.0009882004542305367
0.042153929942287505 0.0009475931983615737
0.04142543871421367 0.0009158861857940792
0.03974250110331923 0.00082257221765758
0.04187291907146573 0.0009352798178952071
0.040546532487496734 0.0008776819304330274
0.041463850531727076 0.0009199040505336598
0.04104129713959992 0.0009137425431617885
0.04084966832306236 0.0008928136667236686
