0.038837929954752326 0.0007321458122078184
0.043956583365797997 0.001023565146169858
0.03838157095015049 0.0005823675230658409
0.040082827559672296 0.0008453850266505469
0.0397046331781894 0.0008150517489866616
0.0388816746417433 0.0007445324331456504
0.03866247972473502 0.0006147390424757759
0.04279855452477932 0.0009756119252415374
0.03980490821413696 0.0008410301015828736
0.04078631242737174 0.0008995341604531859
0.04233506158925593 0.00095294408765767
0.04330633417703211 0.000985605079222296
0.038998338975943625 0.000774174399111871
0.043479501735419035 0.0010139426685782382
0.041058776900172234 0.0009197247572956257
0.042212497210130095 0.000932139534597809
0.03875257808249444 0.0006463536872161058
0.04229723324533552 0.0009369532081109355
0.04444756964221597 0.0010316237421648111
0.04057020030450076 0.0008959873330240953
0.04089195386040956 0.0009098883147089509
0.04026360251009464 0.0008455551790120808
0.04408319527283311 0.0010288002504239557
0.03896956401877105 0.0007564391917185276
0.04314258927479386 0.0009844533951763879
0.04403766628820449 0.001027845226417412
0.038821304915472865 0.0007293912815384829
0.03878326783888042 0.0006829102026131295
0.03961456706747413 0.0008082176091193105
0.04363503260537982 0.0010141528364329133
0.04100850108079612 0.0009110829937526432
0.040376411750912666 0.0008527647876235278
0.03890173928812146 0.0007533376776791556
0.04249271401204169 0.0009564752272126498
0.03974706772714853 0.000819349880430309
