0.031275911415326846 0.0005935952951799156
0.031275911415326846 0.0005935952951799156
0.031275911415326846 0.0005935952951799156
0.03211782271718324 0.0008314696582703889
0.03211782271718324 0.0008314696582703889
0.03211782271718324 0.0008314696582703889
0.03419597449783645 0.0009915926244299733
0.03419597449783645 0.0009915926244299733
0.03419597449783645 0.0009915926244299733
0.03419597449783645 0.0009915926244299733
0.03419597449783645 0.0009915926244299733
0.03419597449783645 0.0009915926244299733
0.03672561906081933 0.001018007557610761
0.03672561906081933 0.001018007557610761
0.0376929532029068 0.00107768304346471
0.0376929532029068 0.00107768304346471
0.037937131979449076 0.0010857174609134228
0.03833432159997581 0.0010987865214714151
0.03843689393528827 0.0011021615443634928
0.03843689393528827 0.0011021615443634928
0.03843689393528827 0.0011021615443634928
0.03843689393528827 0.0011021615443634928
0.03843689393528827 0.0011021615443634928
0.03858037757591054 0.0011429335477075185
0.03858037757591054 0.0011429335477075185
0.04045078847725998 0.0011793030606075644
0.041194729717964354 0.001203781565683452
0.04297848975516407 0.0012996948440643736
0.05264128344254201 0.0013646108087805187
0.055881338418248834 0.001501616550583361
0.055881338418248834 0.001501616550583361
0.055881338418248834 0.001501616550583361
