0.03211888958488633 0.0005321678363694491
0.03211888958488633 0.0005321678363694491
0.03211888958488633 0.0005321678363694491
0.03211888958488633 0.0005321678363694491
0.03211888958488633 0.0005321678363694491
0.03211888958488633 0.0005321678363694491
0.03211888958488633 0.0005321678363694491
0.03211888958488633 0.0005321678363694491
0.03211888958488633 0.0005321678363694491
0.03211888958488633 0.0005321678363694491
0.03211888958488633 0.0005321678363694491
0.03211888958488633 0.0005321678363694491
0.03211888958488633 0.0005321678363694491
0.03211888958488633 0.0005321678363694491
0.03211888958488633 0.0005321678363694491
0.03211888958488633 0.0005321678363694491
0.03211888958488633 0.0005321678363694491
0.03211888958488633 0.0005321678363694491
0.03211888958488633 0.0005321678363694491
0.03211888958488633 0.0005321678363694491
0.03211888958488633 0.0005321678363694491
0.03211888958488633 0.0005321678363694491
0.03211888958488633 0.0005321678363694491
0.03211888958488633 0.0005321678363694491
0.03211888958488633 0.0005321678363694491
0.03211888958488633 0.0005321678363694491
0.03211888958488633 0.0005321678363694491
0.03211888958488633 0.0005321678363694491
0.03211888958488633 0.0005321678363694491
0.03211888958488633 0.0005321678363694491
0.03211888958488633 0.0005321678363694491
0.03211888958488633 0.0005321678363694491
0.03211888958488633 0.0005321678363694491
0.03211888958488633 0.0005321678363694491
0.03211888958488633 0.0005321678363694491
0.03211888958488633 0.0005321678363694491
0.03211888958488633 0.0005321678363694491
0.03211888958488633 0.0005321678363694491
0.03211888958488633 0.0005321678363694491
0.03211888958488633 0.0005321678363694491
0.03211888958488633 0.0005321678363694491
0.03211888958488633 0.0005321678363694491
0.03211888958488633 0.0005321678363694491
0.03211888958488633 0.0005321678363694491
0.03211888958488633 0.0005321678363694491
0.03211888958488633 0.0005321678363694491
0.03211888958488633 0.0005321678363694491
0.03211888958488633 0.0005321678363694491
0.03211888958488633 0.0005321678363694491
0.03211888958488633 0.0005321678363694491
0.03211888958488633 0.0005321678363694491
0.03211888958488633 0.0005321678363694491
0.03211888958488633 0.0005321678363694491
0.03211888958488633 0.0005321678363694491
0.03211888958488633 0.0005321678363694491
0.03211888958488633 0.0005321678363694491
0.03211888958488633 0.0005321678363694491
0.03211888958488633 0.0005321678363694491
0.03211888958488633 0.0005321678363694491
0.03211888958488633 0.0005321678363694491
0.03211888958488633 0.0005321678363694491
0.03211888958488633 0.0005321678363694491
0.03211888958488633 0.0005321678363694491
0.03211888958488633 0.0005321678363694491
0.03211888958488633 0.0005321678363694491
0.03211888958488633 0.0005321678363694491
0.03211888958488633 0.0005321678363694491
0.03211888958488633 0.0005321678363694491
0.03211888958488633 0.0005321678363694491
0.03211888958488633 0.0005321678363694491
0.03211888958488633 0.0005321678363694491
0.03211888958488633 0.0005321678363694491
0.03211888958488633 0.0005321678363694491
0.03211888958488633 0.0005321678363694491
0.03211888958488633 0.0005321678363694491
0.03211888958488633 0.0005321678363694491
0.03211888958488633 0.0005321678363694491
0.03211888958488633 0.0005321678363694491
0.03211888958488633 0.0005321678363694491
0.03211888958488633 0.0005321678363694491
0.03211888958488633 0.0005321678363694491
0.03211888958488633 0.0005321678363694491
0.03211888958488633 0.0005321678363694491
0.03211888958488633 0.0005321678363694491
0.03211888958488633 0.0005321678363694491
0.03211888958488633 0.0005321678363694491
0.03211888958488633 0.0005321678363694491
0.03211888958488633 0.0005321678363694491
0.03211888958488633 0.0005321678363694491
0.03211888958488633 0.0005321678363694491
0.03211888958488633 0.0005321678363694491
0.03211888958488633 0.0005321678363694491
0.03211888958488633 0.0005321678363694491
0.03211888958488633 0.0005321678363694491
0.03211888958488633 0.0005321678363694491
0.03211888958488633 0.0005321678363694491
0.03211888958488633 0.0005321678363694491
0.03211888958488633 0.0005321678363694491
0.03246742780744642 0.0007375446416584718
0.03246742780744642 0.0007375446416584718
0.03246742780744642 0.0007375446416584718
0.03246742780744642 0.0007375446416584718
0.03246742780744642 0.0007375446416584718
0.03248299411268896 0.0007380864414463674
0.03248299411268896 0.0007380864414463674
0.0324835932699889 0.000738107280318998
0.0324835932699889 0.000738107280318998
0.03248412923097305 0.0007381259344323229
0.03248944746385077 0.0007383110354410211
0.03248944746385077 0.0007383110354410211
0.03248944746385077 0.0007383110354410211
0.03248944746385077 0.0007383110354410211
0.03248944746385077 0.0007383110354410211
0.03248944746385077 0.0007383110354410211
0.03248944746385077 0.0007383110354410211
0.03248944746385077 0.0007383110354410211
0.03248944746385077 0.0007383110354410211
0.03248944746385077 0.0007383110354410211
0.03248944746385077 0.0007383110354410211
0.03249051178979837 0.0007383480940757306
0.032514168691182864 0.0007391714573557139
0.032517532293531326 0.0007392885274806739
0.032556370554848044 0.0007406403073207332
0.032686719317450444 0.000792136635292066
0.032686719317450444 0.000792136635292066
0.032686719317450444 0.000792136635292066
0.032686719317450444 0.000792136635292066
0.032734479996173765 0.0007946799281643063
0.032864100455852835 0.0007979430802827314
0.03332773836311835 0.0008640186726767888
0.035030879290376904 0.000878513649484928
0.03578632910512694 0.0009495898834127033
0.03578632910512694 0.0009495898834127033
0.035810107871449774 0.000999143824649495
0.03581954993630379 0.001001421773041434
0.03588003133774878 0.0010100751273024353
0.03617087587185646 0.0010568063186419574
0.0404724740881114 0.001104222277504586
0.040563304636968875 0.001120131646309457
0.040563304636968875 0.001120131646309457
0.04707132190786231 0.0011469325823497553
0.04717869287116448 0.0011500424111157133
0.04717869287116448 0.0011500424111157133
0.047197792998141044 0.0011505956252817048
0.04724251498459067 0.0011518909263170552
0.04724251498459067 0.0011518909263170552
0.047341681325978144 0.001152626859788945
0.04734179999350405 0.0011547665488656623
0.0473608681623914 0.0011553188279762928
0.0473608681623914 0.0011553188279762928
0.04741981652753312 0.001157026173388739
0.04766841498124491 0.0011642264312494222
0.0478990426132814 0.001170906192911925
0.0478990426132814 0.001170906192911925
0.047999812324165725 0.0011738248181302458
0.047999812324165725 0.0011738248181302458
0.047999812324165725 0.0011738248181302458
0.047999812324165725 0.0011738248181302458
0.047999812324165725 0.0011738248181302458
0.047999812324165725 0.0011738248181302458
0.047999812324165725 0.0011738248181302458
0.047999812324165725 0.0011738248181302458
0.047999812324165725 0.0011738248181302458
0.047999812324165725 0.0011738248181302458
0.047999812324165725 0.0011738248181302458
0.047999812324165725 0.0011738248181302458
0.047999812324165725 0.0011738248181302458
0.047999812324165725 0.0011738248181302458
0.049467875892233004 0.0012306510434516057
0.04952426111353113 0.0012322315676791392
0.04952426111353113 0.0012322315676791392
0.049730934480454944 0.0012380247925009758
0.04977625459141118 0.0012392951525653998
0.04977625459141118 0.0012392951525653998
0.04989440167600961 0.0012426069127273926
0.04989747944245825 0.001242693185057744
0.04998962615005348 0.0012452761332219747
0.050103657396975636 0.0012484725230614932
0.0501126369155793 0.0012487242263691674
0.050117163122115393 0.0012488510996690222
0.050151090097621406 0.0012498021007561803
0.05031378001796645 0.0012543624260285629
0.05049214575666339 0.0012544704345209712
0.05049214575666339 0.0012544704345209712
0.05049214575666339 0.0012544704345209712
0.05049214575666339 0.0012544704345209712
0.05049214575666339 0.0012544704345209712
0.05049214575666339 0.0012544704345209712
0.05049214575666339 0.0012544704345209712
0.05049214575666339 0.0012544704345209712
0.05049214575666339 0.0012544704345209712
0.05049214575666339 0.0012544704345209712
0.05049214575666339 0.0012544704345209712
0.05049214575666339 0.0012544704345209712
0.05049214575666339 0.0012544704345209712
0.05049214575666339 0.0012544704345209712
0.05049214575666339 0.0012544704345209712
0.05049214575666339 0.0012544704345209712
0.05049214575666339 0.0012544704345209712
0.05049214575666339 0.0012544704345209712
0.05049214575666339 0.0012544704345209712
0.05049214575666339 0.0012544704345209712
0.05049214575666339 0.0012544704345209712
0.05049214575666339 0.0012544704345209712
0.05049214575666339 0.0012544704345209712
0.051255144310072824 0.0013352824616603145
0.051434755654821876 0.0013383547165805045
0.05362265413596291 0.0014192957619802611
0.05424417797313921 0.0014373368956762875
0.055684989384937336 0.0014844505103676691
0.0560406486165445 0.0015976166533355953
