0.03208170923810044 0.0005340674587547406
0.03238597739193334 0.0007377597847017278
0.03238597739193334 0.0007377597847017278
0.03253512853637126 0.0007865751951730652
0.03275500504924471 0.0007991341629886164
0.03279603215961364 0.000801318888167552
0.03279603215961364 0.000801318888167552
0.032837966846100713 0.000803551910800684
0.032906170557636394 0.0008464218278442921
0.03290750731488011 0.0008464679609853441
0.03290750731488011 0.0008464679609853441
0.03306694174788573 0.0008519713277507191
0.03307096526197084 0.0008521102114996851
0.033096627503400325 0.0008529960158724978
0.03311023805220939 0.0008534658305494275
0.03311434151041383 0.0008604430398638137
0.03311434151041383 0.0008604430398638137
0.033334286945100745 0.0008611995497839753
0.033334286945100745 0.0008611995497839753
0.033369858856473256 0.0008776532803735147
0.033369858856473256 0.0008776532803735147
0.03336985918313674 0.0008776532916492919
0.03336985918313674 0.0008776532916492919
0.03336985918313674 0.0008776532916492919
0.03336985918313674 0.0008776532916492919
0.03336985918313674 0.0008776532916492919
0.03336985918313674 0.0008776532916492919
0.03336985918313674 0.0008776532916492919
0.03336985918313674 0.0008776532916492919
0.03336985918313674 0.0008776532916492919
0.03336985918313674 0.0008776532916492919
0.03336985918313674 0.0008776532916492919
0.03336985918313674 0.0008776532916492919
0.03336985918313674 0.0008776532916492919
0.03336985918313674 0.0008776532916492919
0.03336985918313674 0.0008776532916492919
0.03336985918313674 0.0008776532916492919
0.03336985918313674 0.0008776532916492919
0.03336985918313674 0.0008776532916492919
0.03336985918313674 0.0008776532916492919
0.03336985918313674 0.0008776532916492919
0.03336985918313674 0.0008776532916492919
0.03336985918313674 0.0008776532916492919
0.03336985918313674 0.0008776532916492919
0.03336985918313674 0.0008776532916492919
0.03336985918313674 0.0008776532916492919
0.03336985918313674 0.0008776532916492919
0.03336985918313674 0.0008776532916492919
0.03336985918313674 0.0008776532916492919
0.03336985918313674 0.0008776532916492919
0.03336985918313674 0.0008776532916492919
0.03336985918313674 0.0008776532916492919
0.03336985918313674 0.0008776532916492919
0.03336985918313674 0.0008776532916492919
0.03336985918313674 0.0008776532916492919
0.03336985918313674 0.0008776532916492919
0.03336985918313674 0.0008776532916492919
0.03336985918313674 0.0008776532916492919
0.03336985918313674 0.0008776532916492919
0.03336985918313674 0.0008776532916492919
0.03336985918313674 0.0008776532916492919
0.03336985918313674 0.0008776532916492919
0.03336985918313674 0.0008776532916492919
0.03336985918313674 0.0008776532916492919
0.03336985918313674 0.0008776532916492919
0.03336985918313674 0.0008776532916492919
0.03336985918313674 0.0008776532916492919
0.03336985918313674 0.0008776532916492919
0.03336985918313674 0.0008776532916492919
0.03336985918313674 0.0008776532916492919
0.03336985918313674 0.0008776532916492919
0.03336985918313674 0.0008776532916492919
0.03336985918313674 0.0008776532916492919
0.03336985918313674 0.0008776532916492919
0.03336985918313674 0.0008776532916492919
0.03336985918313674 0.0008776532916492919
0.03336985918313674 0.0008776532916492919
0.03336985918313674 0.0008776532916492919
0.03336985918313674 0.0008776532916492919
0.03336986004821891 0.0008776533160607694
0.034956037948423474 0.0008801903436691926
0.034956037948423474 0.0008801903436691926
0.03506269389575381 0.0009820853896706182
0.03506269389575381 0.0009820853896706182
0.035690655383356404 0.0009946977823165996
0.035690655383356404 0.0009946977823165996
0.035690655383356404 0.0009946977823165996
0.035690655383356404 0.0009946977823165996
0.035690655383356404 0.0009946977823165996
0.035690655383356404 0.0009946977823165996
0.03569094084035713 0.0009947414542091624
0.03569094084035713 0.0009947414542091624
0.03569094084035713 0.0009947414542091624
0.03569094084035713 0.0009947414542091624
0.03569106856295273 0.0009947607830462861
0.03569106856295273 0.0009947607830462861
0.035691850283296335 0.0009948801240982068
0.035691850283296335 0.0009948801240982068
0.035691850283296335 0.0009948801240982068
0.035691850283296335 0.0009948801240982068
0.03569218278866772 0.0009949306777693155
0.035694267071137945 0.0009952484846447386
0.03569549238944642 0.0009954353185257405
0.03569549238944642 0.0009954353185257405
0.035697371732008494 0.0009957218766079735
0.035697371732008494 0.0009957218766079735
0.035697371732008494 0.0009957218766079735
0.035697371732008494 0.0009957218766079735
0.035702150638400564 0.000996450553901046
0.0357032644580318 0.0009966205327328458
0.03570723563867118 0.0009972259037255614
0.03570723563867118 0.0009972259037255614
0.035708292262115665 0.0009973871614067222
0.035710387792803944 0.0009977065373585232
0.03571059146240026 0.0009977377384848562
0.03571237782187576 0.000998010118707499
0.03571869463541838 0.0009989731467234416
0.03571904794757748 0.000999027018996003
0.03571911111479471 0.0009990366505964342
0.03572009767044998 0.0009991870784653582
0.03573065343098703 0.0010007965979627938
0.03573313227286642 0.0010011745664021043
0.035734345059867494 0.0010013594895365032
0.035739166509851775 0.0010020946537843438
0.03573951730789277 0.0010021481427096243
0.03573985757806423 0.001002200026368166
0.03573997089654136 0.0010022174509515937
0.03574027687257062 0.0010022641055136327
0.035741939529579034 0.0010025176238520977
0.035741939529579034 0.0010025176238520977
0.035744461046152705 0.001002901953208797
0.03574593569426703 0.0010031268043584167
0.035745980909109715 0.0010031336986196706
0.03574998321473808 0.0010037441075383539
0.035751377620741515 0.0010039565775172095
0.03575242636153664 0.0010041164872415331
0.03575274501275288 0.0010041652205161635
0.03575656030481734 0.0010047469679842496
0.03575656063148082 0.0010047469792600267
0.03575656063148082 0.0010047469792600267
0.03575656149656299 0.0010047470036715044
0.03575656149656299 0.0010047470036715044
0.03575656149656299 0.0010047470036715044
0.03575656178394338 0.0010047470089574804
0.03575656178394338 0.0010047470089574804
0.03602574531498759 0.0010474932516555985
0.03602574531498759 0.0010474932516555985
0.03602574531498759 0.0010474932516555985
0.036129645201092776 0.001063577853446702
0.036487088028867486 0.0011178377891603289
0.036487088028867486 0.0011178377891603289
0.036542936361902076 0.001126637035798415
0.036542936361902076 0.001126637035798415
0.036542936361902076 0.001126637035798415
0.03709098567741449 0.0011455546197492697
0.03709098567741449 0.0011455546197492697
0.037090986869160146 0.0011455546554365245
0.037844832809853374 0.0011694744178426563
0.03794433331416393 0.0011729089839200373
0.038392883317111444 0.0011883920374807658
0.039983852658708276 0.001198765034563802
0.04111536361195021 0.0012180410482878292
0.041285749106659574 0.0012416024166080433
0.04183028920869514 0.001348573539361127
0.05183838766641147 0.00139780752126706
0.054224875533621944 0.0014318368416428775
0.054468804903159085 0.0014368939780385094
