0.032242513534782934 0.0005243927071724781
0.032242513534782934 0.0005243927071724781
0.032242513534782934 0.0005243927071724781
0.032242513534782934 0.0005243927071724781
0.032242513534782934 0.0005243927071724781
0.03245487210426788 0.0007371076315240777
0.03248506458886837 0.0007429470453899038
0.03310851837126301 0.0008564516411818137
0.03310851837126301 0.0008564516411818137
0.03310851837126301 0.0008564516411818137
0.03310851837126301 0.0008564516411818137
0.03310851837126301 0.0008564516411818137
0.03329499188565537 0.0008687984871959455
0.033465947693048566 0.0009127668028853517
0.033465947693048566 0.0009127668028853517
0.033465947693048566 0.0009127668028853517
0.033465947693048566 0.0009127668028853517
0.033465947693048566 0.0009127668028853517
0.033465947693048566 0.0009127668028853517
0.033465947693048566 0.0009127668028853517
0.03367593838441264 0.0009284615738985205
0.034656253020057065 0.0009519324094300176
0.034656253020057065 0.0009519324094300176
0.03479364319585059 0.0009578178448754226
0.0348187856515496 0.0009588948668943888
0.03483493528997095 0.0009595866736383091
0.03493846196876288 0.000970392546970843
0.03493846196876288 0.000970392546970843
0.03493846196876288 0.000970392546970843
0.03493846196876288 0.000970392546970843
0.03493846196876288 0.000970392546970843
0.03493846196876288 0.000970392546970843
0.03493846196876288 0.000970392546970843
0.03493846196876288 0.000970392546970843
0.03493846196876288 0.000970392546970843
0.03493846196876288 0.000970392546970843
0.03493846196876288 0.000970392546970843
0.03493846196876288 0.000970392546970843
0.03493846196876288 0.000970392546970843
0.03493846196876288 0.000970392546970843
0.03493846196876288 0.000970392546970843
0.03493846196876288 0.000970392546970843
0.03493846196876288 0.000970392546970843
0.03493846196876288 0.000970392546970843
0.03493846196876288 0.000970392546970843
0.03493846196876288 0.000970392546970843
0.03493846196876288 0.000970392546970843
0.03493846196876288 0.000970392546970843
0.03661903766618867 0.0011251410195576032
0.03661903766618867 0.0011251410195576032
0.03661903766618867 0.0011251410195576032
0.03661903766618867 0.0011251410195576032
0.03664137664610847 0.0011286607027412537
0.03664137664610847 0.0011286607027412537
0.03664137664610847 0.0011286607027412537
0.03664137664610847 0.0011286607027412537
0.03664137700606014 0.0011286607192617893
0.03664137700606014 0.0011286607192617893
0.03664137700606014 0.0011286607192617893
0.0366781998201975 0.0011299317699818051
0.0366781998201975 0.0011299317699818051
0.036749322894040246 0.001131120660512661
0.03682310974738688 0.001134507221656178
0.037819122135511016 0.0011647255380571979
0.03790607597984162 0.0011702741571872491
0.03790607597984162 0.0011702741571872491
0.03790607597984162 0.0011702741571872491
0.03790607597984162 0.0011702741571872491
0.03790607597984162 0.0011702741571872491
0.03790607645064911 0.0011702741773553659
0.03790607645064911 0.0011702741773553659
0.03790607645064911 0.0011702741773553659
0.03790607645064911 0.0011702741773553659
0.037990049735305426 0.001172047613212982
0.03808661235090274 0.0011761840939773114
0.03825332927499966 0.0012268924058187955
0.03850506485945168 0.0012376760760450195
0.04191585417131291 0.0013527812738270062
0.04199592169541966 0.0013561230052930122
0.050313512390765425 0.0013607379992803077
0.05033804334359883 0.0013613149493800292
0.05039480075926665 0.0013626498423559303
0.05053116299915246 0.0013658569826751283
0.05096742633524447 0.001373706428346652
0.05096742633524447 0.001373706428346652
0.05105577284721277 0.0013781954232652165
0.0511080418885823 0.0013794247529547434
0.05245493301059161 0.001468249133234656
0.06011654309024293 0.0015017747397975613
0.06011654309024293 0.0015017747397975613
0.06011654309024293 0.0015017747397975613
