0.03217194145925746 0.0005267850142011107
0.03217194145925746 0.0005267850142011107
0.03217194145925746 0.0005267850142011107
0.03219240782400691 0.0007352478031464377
0.03219240782400691 0.0007352478031464377
0.03219240782400691 0.0007352478031464377
0.03219240782400691 0.0007352478031464377
0.03219240782400691 0.0007352478031464377
0.03219240782400691 0.0007352478031464377
0.03219240782400691 0.0007352478031464377
0.03219240782400691 0.0007352478031464377
0.03219240782400691 0.0007352478031464377
0.03219240782400691 0.0007352478031464377
0.03219240782400691 0.0007352478031464377
0.03219240782400691 0.0007352478031464377
0.03219240782400691 0.0007352478031464377
0.03219240782400691 0.0007352478031464377
0.03219240782400691 0.0007352478031464377
0.03219240782400691 0.0007352478031464377
0.03219240782400691 0.0007352478031464377
0.032192408739372 0.0007352478202182682
0.03219778620179346 0.0007352526668423199
0.03219778620179346 0.0007352526668423199
0.03219778620179346 0.0007352526668423199
0.03219778620179346 0.0007352526668423199
0.03219778620179346 0.0007352526668423199
0.03220206972863075 0.0007352565699684265
0.03220206972863075 0.0007352565699684265
0.03220206972863075 0.0007352565699684265
0.03220206972863075 0.0007352565699684265
0.03220206972863075 0.0007352565699684265
0.03220206972863075 0.0007352565699684265
0.032212775645815206 0.0007352662424593389
0.032212775645815206 0.0007352662424593389
0.032212775645815206 0.0007352662424593389
0.032212775645815206 0.0007352662424593389
0.032212775645815206 0.0007352662424593389
0.032212775645815206 0.0007352662424593389
0.032212775645815206 0.0007352662424593389
0.032212775645815206 0.0007352662424593389
0.03222497717356482 0.0007352773167485511
0.03222497717356482 0.0007352773167485511
0.03222591605987733 0.0007352781670776884
0.03223133735466523 0.0007352830770277626
0.03223133735466523 0.0007352830770277626
0.03223133735466523 0.0007352830770277626
0.03223133735466523 0.0007352830770277626
0.03223133735466523 0.0007352830770277626
0.0322331808557659 0.0007352847466470548
0.0322331808557659 0.0007352847466470548
0.0322331808557659 0.0007352847466470548
0.03224378405618655 0.0007352943497375948
0.03224378405618655 0.0007352943497375948
0.03225219326972448 0.000735301942153418
0.03225219326972448 0.000735301942153418
0.03225219326972448 0.000735301942153418
0.03225219326972448 0.000735301942153418
0.03225219326972448 0.000735301942153418
0.03225219326972448 0.000735301942153418
0.03225219326972448 0.000735301942153418
0.03225219326972448 0.000735301942153418
0.03225219326972448 0.000735301942153418
0.03225219326972448 0.000735301942153418
0.03225892762425861 0.0007353080413134599
0.03225892762425861 0.0007353080413134599
0.03225892762425861 0.0007353080413134599
0.03225892762425861 0.0007353080413134599
0.03225892762425861 0.0007353080413134599
0.03225892762425861 0.0007353080413134599
0.03225892762425861 0.0007353080413134599
0.03225892762425861 0.0007353080413134599
0.03225892762425861 0.0007353080413134599
0.03226126003607262 0.0007377848353968364
0.03226126003607262 0.0007377848353968364
0.03226126003607262 0.0007377848353968364
0.03226126003607262 0.0007377848353968364
0.03227110433071195 0.0007381475754775481
0.03227110433071195 0.0007381475754775481
0.03227110433071195 0.0007381475754775481
0.03227110433071195 0.0007381475754775481
0.032288447743353564 0.0007387866578203064
0.03229214453280919 0.0007389228595264881
0.03246108565591847 0.0007451479593307269
0.03247770250989082 0.0007457602696232788
0.03247770250989082 0.0007457602696232788
0.03247770250989082 0.0007457602696232788
0.03247770250989082 0.0007457602696232788
0.032494965058952274 0.0007463963556679633
0.032510732765217425 0.0007861264760072117
0.03290616936589073 0.0008464217921570374
0.03290617028125582 0.0008464218092288679
0.032991130994064526 0.0008493544904587637
0.03324125929752192 0.0008992172614960363
0.033241260212886994 0.0008992172785678668
0.03376269769943615 0.0009389707842132097
0.03442883255911391 0.000939004802460052
0.034495091256531496 0.0009418431581404744
0.034495091256531496 0.0009418431581404744
0.034495091256531496 0.0009418431581404744
0.034495091256531496 0.0009418431581404744
0.034495091256531496 0.0009418431581404744
0.034792199970934565 0.000954570490291129
0.034976386845454434 0.0009624605441967828
0.034976386845454434 0.0009624605441967828
0.03506269342494632 0.0009820853695025012
0.03506269342494632 0.0009820853695025012
0.03506269342494632 0.0009820853695025012
0.03506269342494632 0.0009820853695025012
0.03506269342494632 0.0009820853695025012
0.03506269342494632 0.0009820853695025012
0.03506269389575381 0.0009820853896706182
0.03506269476083598 0.0009820854140820956
0.03506269476083598 0.0009820854140820956
0.035654365085527925 0.0009881347736568032
0.03565436620636775 0.000988134798299915
0.03582917482001825 0.0010154630467878152
0.03617512718799048 0.0010157763684058559
0.03621084338946106 0.0010158086921732608
0.03688807271559286 0.0010240230175565335
0.03688807271559286 0.0010240230175565335
0.03690819725001225 0.0010307606778725226
0.03701865245293791 0.001035492279428631
0.037045397143048206 0.0010366379494739673
0.037050226686250534 0.001036844834016534
0.03713106993207989 0.0010583003842524624
0.03713106993207989 0.0010583003842524624
0.03713106993207989 0.0010583003842524624
0.03713106993207989 0.0010583003842524624
0.03713106993207989 0.0010583003842524624
0.03713106993207989 0.0010583003842524624
0.03713106993207989 0.0010583003842524624
0.03713106993207989 0.0010583003842524624
0.03713106993207989 0.0010583003842524624
0.03713106993207989 0.0010583003842524624
0.03713106993207989 0.0010583003842524624
0.03713106993207989 0.0010583003842524624
0.03713106993207989 0.0010583003842524624
0.03713106993207989 0.0010583003842524624
0.03713106993207989 0.0010583003842524624
0.03713106993207989 0.0010583003842524624
0.03713106993207989 0.0010583003842524624
0.03713106993207989 0.0010583003842524624
0.03713106993207989 0.0010583003842524624
0.03713106993207989 0.0010583003842524624
0.03713106993207989 0.0010583003842524624
0.03713106993207989 0.0010583003842524624
0.03713106993207989 0.0010583003842524624
0.03713106993207989 0.0010583003842524624
0.03713106993207989 0.0010583003842524624
0.03713106993207989 0.0010583003842524624
0.03713106993207989 0.0010583003842524624
0.03713106993207989 0.0010583003842524624
0.03713106993207989 0.0010583003842524624
0.03713106993207989 0.0010583003842524624
0.03713106993207989 0.0010583003842524624
0.03713106993207989 0.0010583003842524624
0.03713106993207989 0.0010583003842524624
0.03713106993207989 0.0010583003842524624
0.03713106993207989 0.0010583003842524624
0.03713106993207989 0.0010583003842524624
0.03713106993207989 0.0010583003842524624
0.03713106993207989 0.0010583003842524624
0.03713106993207989 0.0010583003842524624
0.03713106993207989 0.0010583003842524624
0.03713106993207989 0.0010583003842524624
0.03713106993207989 0.0010583003842524624
0.03713106993207989 0.0010583003842524624
0.03713106993207989 0.0010583003842524624
0.03713106993207989 0.0010583003842524624
0.03713106993207989 0.0010583003842524624
0.03713106993207989 0.0010583003842524624
0.03713106993207989 0.0010583003842524624
0.03713106993207989 0.0010583003842524624
0.03713106993207989 0.0010583003842524624
0.03713106993207989 0.0010583003842524624
0.03713106993207989 0.0010583003842524624
0.03713106993207989 0.0010583003842524624
0.03713106993207989 0.0010583003842524624
0.03713106993207989 0.0010583003842524624
0.03713106993207989 0.0010583003842524624
0.03713106993207989 0.0010583003842524624
0.03713106993207989 0.0010583003842524624
0.03713106993207989 0.0010583003842524624
0.03713106993207989 0.0010583003842524624
0.03713106993207989 0.0010583003842524624
0.03713106993207989 0.0010583003842524624
0.03713106993207989 0.0010583003842524624
0.03713106993207989 0.0010583003842524624
0.03713106993207989 0.0010583003842524624
0.03713106993207989 0.0010583003842524624
0.03713106993207989 0.0010583003842524624
0.03713106993207989 0.0010583003842524624
0.03713106993207989 0.0010583003842524624
0.03713106993207989 0.0010583003842524624
0.03713106993207989 0.0010583003842524624
0.03713106993207989 0.0010583003842524624
0.03713106993207989 0.0010583003842524624
0.03713106993207989 0.0010583003842524624
0.03713106993207989 0.0010583003842524624
0.03713106993207989 0.0010583003842524624
0.03713107126796955 0.0010583004288320565
0.03713107126796955 0.0010583004288320565
0.03713107126796955 0.0010583004288320565
0.03713107126796955 0.0010583004288320565
0.03713107126796955 0.0010583004288320565
0.03713107126796955 0.0010583004288320565
0.03713107126796955 0.0010583004288320565
0.03713107126796955 0.0010583004288320565
0.03713107126796955 0.0010583004288320565
0.03713107126796955 0.0010583004288320565
0.03713107126796955 0.0010583004288320565
0.03713107126796955 0.0010583004288320565
0.03713107126796955 0.0010583004288320565
0.03713107126796955 0.0010583004288320565
0.03713107126796955 0.0010583004288320565
0.03713107126796955 0.0010583004288320565
0.03713107126796955 0.0010583004288320565
0.03713107126796955 0.0010583004288320565
0.03715895115302562 0.0010583256790442398
0.037449396209180065 0.0011091791016928304
0.03779061649269894 0.0011625925588858062
0.03784483147396371 0.001169474373263062
0.03784483147396371 0.001169474373263062
0.0381799214055949 0.0012222698426020608
0.04866637518490307 0.0012637100114570193
0.05057657723295507 0.0012677159506180938
0.05057657809803724 0.0012677159750295712
0.05064648065655898 0.0012677792606451896
0.05067410155693054 0.0012678042999285058
0.05072374130237034 0.0012678492575781716
0.05075280023016698 0.001267875575624003
0.050799227659593396 0.0012679176239481541
0.05081070503964252 0.0012679280187643796
0.05082055242797294 0.0014384866321009353
0.05082055242797294 0.0014384866321009353
0.05082055242797294 0.0014384866321009353
0.05082055242797294 0.0014384866321009353
0.05193498765015696 0.0014458930776019086
0.05416197765972659 0.0014464681685723694
0.055796099695418606 0.001475863466281427
