0.03141858836677523 0.0007221566806076894
0.03141858836677523 0.0007221566806076894
0.03141858836677523 0.0007221566806076894
0.03141858836677523 0.0007221566806076894
0.03141858836677523 0.0007221566806076894
0.03141858836677523 0.0007221566806076894
0.03141858836677523 0.0007221566806076894
0.03141858836677523 0.0007221566806076894
0.03141858836677523 0.0007221566806076894
0.03141858836677523 0.0007221566806076894
0.03141858836677523 0.0007221566806076894
0.03141858836677523 0.0007221566806076894
0.03141858836677523 0.0007221566806076894
0.03141858836677523 0.0007221566806076894
0.03141858836677523 0.0007221566806076894
0.03141858836677523 0.0007221566806076894
0.03141858836677523 0.0007221566806076894
0.03141858836677523 0.0007221566806076894
0.03141858836677523 0.0007221566806076894
0.03141858836677523 0.0007221566806076894
0.03141858836677523 0.0007221566806076894
0.03141858836677523 0.0007221566806076894
0.03141858836677523 0.0007221566806076894
0.03141858836677523 0.0007221566806076894
0.03141858836677523 0.0007221566806076894
0.03141858836677523 0.0007221566806076894
0.03141858836677523 0.0007221566806076894
0.03141858836677523 0.0007221566806076894
0.03141858836677523 0.0007221566806076894
0.03141858836677523 0.0007221566806076894
0.03141858836677523 0.0007221566806076894
0.03141858836677523 0.0007221566806076894
0.03141858836677523 0.0007221566806076894
0.03141858836677523 0.0007221566806076894
0.03141858836677523 0.0007221566806076894
0.03141858836677523 0.0007221566806076894
0.0314185887217204 0.000722156685357964
0.031423218123544455 0.0007223272767149446
0.031521109781219005 0.0007259343637746904
0.031606833841405405 0.0007290931022775693
0.03166762970652513 0.0007313332929492658
0.03166762970652513 0.0007313332929492658
0.03166762970652513 0.0007313332929492658
0.03171691405499126 0.0007331493101648613
0.03175260830436648 0.0007344645628440706
0.03175260830436648 0.0007344645628440706
0.031809996402281895 0.0007656178772561077
0.031809996402281895 0.0007656178772561077
0.03189442941833306 0.0007962726769628035
0.03189442941833306 0.0007962726769628035
0.03189442941833306 0.0007962726769628035
0.03189442941833306 0.0007962726769628035
0.03207201903933066 0.0008024027194629313
0.03211782271718324 0.000831469658270389
0.03258756515073921 0.0008676636227787759
0.03354912840017964 0.0009009107633117838
0.033749187933424275 0.000921198667059561
0.033749187933424275 0.000921198667059561
0.033851664636277784 0.0009650633223722382
0.03512810567333824 0.0009720086794166288
0.03512810567333824 0.0009720086794166288
0.03512810597800051 0.0009720086915065505
0.035235745881612573 0.0009721061668378607
0.03526812863575557 0.0009721354952017167
0.035628537193061 0.0009724619094794754
0.035642204992998826 0.0010419286589497762
0.036984382813344485 0.0010766669991906415
0.03954101036372592 0.0011114968002828313
0.03973081671143979 0.0012411461147563024
0.046863981702118244 0.0012463060778558116
0.05105014877576257 0.0012798816699354037
0.052429066515676526 0.0013306916822924714
0.054907303066033274 0.0013508288403431149
0.05747166399533128 0.0013602954869821678
