0.03189442973782532 0.0007962726761910066
0.03189442973782532 0.0007962726761910066
0.03348095800524723 0.000903132201574789
0.03366415761068958 0.0009154715301708145
0.03374918866748739 0.0009211986942109006
0.03374918866748739 0.0009211986942109006
0.03374918866748739 0.0009211986942109006
0.03374918866748739 0.0009211986942109006
0.03374918866748739 0.0009211986942109006
0.03374918866748739 0.0009211986942109006
0.03374918866748739 0.0009211986942109006
0.03374918866748739 0.0009211986942109006
0.03374918866748739 0.0009211986942109006
0.03374918866748739 0.0009211986942109006
0.03374918866748739 0.0009211986942109006
0.03374918866748739 0.0009211986942109006
0.03374918866748739 0.0009211986942109006
0.03374918866748739 0.0009211986942109006
0.03374918866748739 0.0009211986942109006
0.03374918866748739 0.0009211986942109006
0.03374918866748739 0.0009211986942109006
0.03374918866748739 0.0009211986942109006
0.03374918866748739 0.0009211986942109006
0.03487565799153643 0.0009330896754132431
0.03507669793709268 0.0009657309229019091
0.03507669793709268 0.0009657309229019091
0.03507669793709268 0.0009657309229019091
0.03507669793709268 0.0009657309229019091
0.03507669793709268 0.0009657309229019091
0.03507669793709268 0.0009657309229019091
0.03507669793709268 0.0009657309229019091
0.03507669793709268 0.0009657309229019091
0.03507669793709268 0.0009657309229019091
0.03507669793709268 0.0009657309229019091
0.03507669793709268 0.0009657309229019091
0.03507669793709268 0.0009657309229019091
0.03507669793709268 0.0009657309229019091
0.03507669793709268 0.0009657309229019091
0.03507669793709268 0.0009657309229019091
0.03507669793709268 0.0009657309229019091
0.03507669793709268 0.0009657309229019091
0.03507669793709268 0.0009657309229019091
0.03507669820630202 0.0009657309294697592
0.03507669820630202 0.0009657309294697592
0.03507669820630202 0.0009657309294697592
0.03507669849368241 0.0009657309347557352
0.03507669849368241 0.0009657309347557352
0.03514592952144847 0.0009762872048929491
0.03514690987037468 0.0009764366863732736
0.035158533541857356 0.0009782090386180491
0.035182962677461606 0.0009819339402888027
0.03518690092561434 0.0009825344358348428
0.03526999233236945 0.000995204033517765
0.03532706167400605 0.0010039058430887109
0.035340322600203714 0.001005927805904676
0.0353403229268672 0.0010059278171804535
0.0353403229268672 0.0010059278171804535
0.0353403229268672 0.0010059278171804535
0.0353403229268672 0.0010059278171804535
0.0353403229268672 0.0010059278171804535
0.0353403229268672 0.0010059278171804535
0.0353403229268672 0.0010059278171804535
0.0353403229268672 0.0010059278171804535
0.03578710858838462 0.0010763217484263616
0.03578710916461589 0.0010763217632750884
0.03578710916461589 0.0010763217632750884
0.03582734002374625 0.0010813216570793283
0.03582734002374625 0.0010813216570793283
0.03582734002374625 0.0010813216570793283
0.03582734002374625 0.0010813216570793283
0.03582734002374625 0.0010813216570793283
0.03582734002374625 0.0010813216570793283
0.03582734002374625 0.0010813216570793283
0.03582734002374625 0.0010813216570793283
0.03582734002374625 0.0010813216570793283
0.03582734060297498 0.0010813216723005764
0.035969985221781554 0.001103796280958859
0.03605073355851758 0.0011165186397100054
0.03605073355851758 0.0011165186397100054
0.03605073355851758 0.0011165186397100054
0.03605073355851758 0.0011165186397100054
0.03605073355851758 0.0011165186397100054
0.03605073355851758 0.0011165186397100054
0.03605073355851758 0.0011165186397100054
0.03605073355851758 0.0011165186397100054
0.03605073355851758 0.0011165186397100054
0.03605073355851758 0.0011165186397100054
0.03605073355851758 0.0011165186397100054
0.03605073355851758 0.0011165186397100054
0.03605073355851758 0.0011165186397100054
0.03605073355851758 0.0011165186397100054
0.03605073355851758 0.0011165186397100054
0.03605073355851758 0.0011165186397100054
0.03605073355851758 0.0011165186397100054
0.03605073355851758 0.0011165186397100054
0.03605073355851758 0.0011165186397100054
0.03605073355851758 0.0011165186397100054
0.03605073355851758 0.0011165186397100054
0.03605073355851758 0.0011165186397100054
0.03605073355851758 0.0011165186397100054
0.03605073355851758 0.0011165186397100054
0.03605073355851758 0.0011165186397100054
0.03605073355851758 0.0011165186397100054
0.03605073355851758 0.0011165186397100054
0.03605073355851758 0.0011165186397100054
0.03605073355851758 0.0011165186397100054
0.03605073355851758 0.0011165186397100054
0.03605073355851758 0.0011165186397100054
0.03605073355851758 0.0011165186397100054
0.03605073355851758 0.0011165186397100054
0.03605073355851758 0.0011165186397100054
0.03605073355851758 0.0011165186397100054
0.03605073355851758 0.0011165186397100054
0.03605073355851758 0.0011165186397100054
0.03605073355851758 0.0011165186397100054
0.03605073355851758 0.0011165186397100054
0.03605073355851758 0.0011165186397100054
0.03605073355851758 0.0011165186397100054
0.03605073355851758 0.0011165186397100054
0.03605073355851758 0.0011165186397100054
0.03605073355851758 0.0011165186397100054
0.03605073355851758 0.0011165186397100054
0.03605073355851758 0.0011165186397100054
0.03605073355851758 0.0011165186397100054
0.03605073355851758 0.0011165186397100054
0.03605073355851758 0.0011165186397100054
0.03605073355851758 0.0011165186397100054
0.03605073355851758 0.0011165186397100054
0.03605073355851758 0.0011165186397100054
0.03605073355851758 0.0011165186397100054
0.03605073355851758 0.0011165186397100054
0.03605073355851758 0.0011165186397100054
0.03605073355851758 0.0011165186397100054
0.03605073355851758 0.0011165186397100054
0.03605073355851758 0.0011165186397100054
0.03605073355851758 0.0011165186397100054
0.03605073355851758 0.0011165186397100054
0.03605073355851758 0.0011165186397100054
0.03605073355851758 0.0011165186397100054
0.03605073355851758 0.0011165186397100054
0.03605073355851758 0.0011165186397100054
0.03605073355851758 0.0011165186397100054
0.03605073355851758 0.0011165186397100054
0.03605073355851758 0.0011165186397100054
0.03605073355851758 0.0011165186397100054
0.03605073355851758 0.0011165186397100054
0.03605073355851758 0.0011165186397100054
0.03605073355851758 0.0011165186397100054
0.03605073355851758 0.0011165186397100054
0.03605073355851758 0.0011165186397100054
0.03605073355851758 0.0011165186397100054
0.03605073355851758 0.0011165186397100054
0.03605073355851758 0.0011165186397100054
0.03605073355851758 0.0011165186397100054
0.03605073355851758 0.0011165186397100054
0.03605073355851758 0.0011165186397100054
0.03605073355851758 0.0011165186397100054
0.03605073355851758 0.0011165186397100054
0.03605073355851758 0.0011165186397100054
0.03605073355851758 0.0011165186397100054
0.03605073355851758 0.0011165186397100054
0.03605073355851758 0.0011165186397100054
0.03605073355851758 0.0011165186397100054
0.03605073355851758 0.0011165186397100054
0.03605073355851758 0.0011165186397100054
0.03605073355851758 0.0011165186397100054
0.03605073355851758 0.0011165186397100054
0.03605073355851758 0.0011165186397100054
0.03605073355851758 0.0011165186397100054
0.03605073355851758 0.0011165186397100054
0.03605073355851758 0.0011165186397100054
0.03605073355851758 0.0011165186397100054
0.03605073355851758 0.0011165186397100054
0.03605073355851758 0.0011165186397100054
0.03605073355851758 0.0011165186397100054
0.03605073355851758 0.0011165186397100054
0.03605073355851758 0.0011165186397100054
0.03605073355851758 0.0011165186397100054
0.03605073355851758 0.0011165186397100054
0.03605073355851758 0.0011165186397100054
0.03605073355851758 0.0011165186397100054
0.03605073355851758 0.0011165186397100054
0.03605073355851758 0.0011165186397100054
0.03605073355851758 0.0011165186397100054
0.03605073355851758 0.0011165186397100054
0.03605073355851758 0.0011165186397100054
0.03605073355851758 0.0011165186397100054
0.03605073355851758 0.0011165186397100054
0.03605073355851758 0.0011165186397100054
0.03605073355851758 0.0011165186397100054
0.03605073355851758 0.0011165186397100054
0.03605073355851758 0.0011165186397100054
0.03605073355851758 0.0011165186397100054
0.03605073355851758 0.0011165186397100054
0.03605073355851758 0.0011165186397100054
0.03605073355851758 0.0011165186397100054
0.03605073355851758 0.0011165186397100054
0.03605073355851758 0.0011165186397100054
0.03605073355851758 0.0011165186397100054
0.03605073355851758 0.0011165186397100054
0.03605073355851758 0.0011165186397100054
0.03605073355851758 0.0011165186397100054
0.03605073355851758 0.0011165186397100054
0.03605073355851758 0.0011165186397100054
0.03605073355851758 0.0011165186397100054
0.03605073355851758 0.0011165186397100054
0.03605073355851758 0.0011165186397100054
0.03605073355851758 0.0011165186397100054
0.03605073355851758 0.0011165186397100054
0.03605073355851758 0.0011165186397100054
0.03605073355851758 0.0011165186397100054
0.03605073355851758 0.0011165186397100054
0.03605073355851758 0.0011165186397100054
0.03605073355851758 0.0011165186397100054
0.03605073355851758 0.0011165186397100054
0.03605073355851758 0.0011165186397100054
0.03605073355851758 0.0011165186397100054
0.03605073355851758 0.0011165186397100054
0.03605073355851758 0.0011165186397100054
0.03605073355851758 0.0011165186397100054
0.03605073355851758 0.0011165186397100054
0.03605073355851758 0.0011165186397100054
0.03605073355851758 0.0011165186397100054
0.03605073355851758 0.0011165186397100054
0.03605073355851758 0.0011165186397100054
0.03605073355851758 0.0011165186397100054
0.03605073355851758 0.0011165186397100054
0.03605073355851758 0.0011165186397100054
0.03605073355851758 0.0011165186397100054
0.03605073355851758 0.0011165186397100054
0.03605073355851758 0.0011165186397100054
0.03605073355851758 0.0011165186397100054
0.03605073391846926 0.001116518656230541
0.03607065872415332 0.0011172064170220071
0.03609316654871732 0.0011179833453372453
0.03613776335780961 0.0011195227417132997
0.036278909363516174 0.0011243948199629265
0.036342772727214076 0.001126599256976025
0.03644479109617556 0.0011301207320368832
0.03647130952258654 0.001131036090221991
0.03651728360236531 0.0011326230299830565
0.03662982891373011 0.0011365078688272304
0.03665405395075516 0.0011373440691957912
0.036798610380648716 0.0011423338712683246
0.036798610380648716 0.0011423338712683246
0.036798610380648716 0.0011423338712683246
0.03685148511153757 0.0011441590024089325
0.03687156348234549 0.0011448520680604865
0.03689008889496875 0.0011454915286667712
0.03689008889496875 0.0011454915286667712
0.03690352260392678 0.0011459552337323288
0.03690352260392678 0.0011459552337323288
0.036927174673207636 0.0011467716563875107
0.03697593899752566 0.0011484549044223922
0.036980140869870934 0.0011485999447457622
0.037006973988121576 0.0011495261709202613
0.03701756801144659 0.001149891855653777
0.03701756801144659 0.001149891855653777
0.0370600649702343 0.00115135876662544
0.0370600649702343 0.00115135876662544
0.0370600649702343 0.00115135876662544
0.03709870011335957 0.0011526923753578991
0.03716884750242527 0.0011551137244988582
0.03723360298408748 0.0011573489556597543
0.03723812008669111 0.0011575048771082159
0.03739502929608685 0.0011629210726992315
0.037422004839614845 0.001163852215112632
0.037422004839614845 0.001163852215112632
0.03752317643938161 0.0011673444586508099
0.037571689886146876 0.001169019046888727
0.037571689886146876 0.001169019046888727
0.03762426637327834 0.001170833883244663
0.03764774955753997 0.0011716444763229827
0.03769141270495184 0.0011731516418195954
0.03771718645353632 0.0011740413006483207
0.037762008163777186 0.0012006726198948872
0.03973081624063231 0.0012411460945881856
0.04236980513657429 0.001387210542323645
0.04236980513657429 0.001387210542323645
0.0490856187220845 0.0014472010979435703
0.05509710894293966 0.0014804781346484694
0.055543896299844596 0.001550872120745156
0.055543897555578425 0.0015508721422243634
0.055543897555578425 0.0015508721422243634
0.058301160752784666 0.0015529202922959728
0.0588154517447638 0.0016009096120275178
