0.03197839240746459 0.0005424057345833458
0.031978393322829674 0.0005424057516551763
0.031978393322829674 0.0005424057516551763
0.031978393322829674 0.0005424057516551763
0.031978393322829674 0.0005424057516551763
0.031978393322829674 0.0005424057516551763
0.031978393322829674 0.0005424057516551763
0.031978393322829674 0.0005424057516551763
0.031978393322829674 0.0005424057516551763
0.031978393322829674 0.0005424057516551763
0.031978393322829674 0.0005424057516551763
0.031978393322829674 0.0005424057516551763
0.031978393322829674 0.0005424057516551763
0.031978393322829674 0.0005424057516551763
0.031978393322829674 0.0005424057516551763
0.031978393322829674 0.0005424057516551763
0.031978393322829674 0.0005424057516551763
0.031978393322829674 0.0005424057516551763
0.031978393322829674 0.0005424057516551763
0.031978393322829674 0.0005424057516551763
0.031978393322829674 0.0005424057516551763
0.031978393322829674 0.0005424057516551763
0.031978393322829674 0.0005424057516551763
0.031978393322829674 0.0005424057516551763
0.031978393322829674 0.0005424057516551763
0.031978393322829674 0.0005424057516551763
0.031978393322829674 0.0005424057516551763
0.031978393322829674 0.0005424057516551763
0.031978393322829674 0.0005424057516551763
0.031978393322829674 0.0005424057516551763
0.031978393322829674 0.0005424057516551763
0.031978393322829674 0.0005424057516551763
0.031978393322829674 0.0005424057516551763
0.032192408739372 0.0007352478202182682
0.032192408739372 0.0007352478202182682
0.032510732765217425 0.0007861264760072117
0.03251073368058251 0.0007861264930790422
0.03251073368058251 0.0007861264930790422
0.03251073368058251 0.0007861264930790422
0.03275766815007905 0.0007906685208457561
0.03290617028125582 0.0008464218092288679
0.03290617028125582 0.0008464218092288679
0.03290617028125582 0.0008464218092288679
0.03290617028125582 0.0008464218092288679
0.033241260212886994 0.0008992172785678668
0.033241260212886994 0.0008992172785678668
0.033241260212886994 0.0008992172785678668
0.033241260212886994 0.0008992172785678668
0.033241260212886994 0.0008992172785678668
0.033241260212886994 0.0008992172785678668
0.033648620400540216 0.0009179137010381572
0.033760798312884685 0.0009392480320378543
0.033760798312884685 0.0009392480320378543
0.03442519127304462 0.0009403844143602398
0.0349696208967106 0.0009759971757330768
0.0349696208967106 0.0009759971757330768
0.035654365085527925 0.0009881347736568032
0.035654365085527925 0.0009881347736568032
0.03565436620636775 0.000988134798299915
0.03592499585822132 0.0010155498062129596
0.03594245592108776 0.001015565619416322
0.0360064321612832 0.0010156235613209017
0.03614290223631406 0.0010157471829602995
0.03614290223631406 0.0010157471829602995
0.03614290223631406 0.0010157471829602995
0.03614290223631406 0.0010157471829602995
0.03614749976122877 0.0010663417196485891
0.03714875198311023 0.0010847867520996392
0.03714875198311023 0.0010847867520996392
0.03714875198311023 0.0010847867520996392
0.03716647659589619 0.001086224753770571
0.03721670205474047 0.0010902997369203252
0.037276768377618015 0.0010951731469244542
0.037931539450768985 0.001118047470278582
0.037931539450768985 0.001118047470278582
0.037931539450768985 0.001118047470278582
0.037931539450768985 0.001118047470278582
0.037931539450768985 0.001118047470278582
0.037931539450768985 0.001118047470278582
0.037931539450768985 0.001118047470278582
0.037931539450768985 0.001118047470278582
0.037931539450768985 0.001118047470278582
0.037931539450768985 0.001118047470278582
0.037931539450768985 0.001118047470278582
0.037931539450768985 0.001118047470278582
0.037931539450768985 0.001118047470278582
0.03793154060323155 0.0011180474999760355
0.03793154060323155 0.0011180474999760355
0.03793154060323155 0.0011180474999760355
0.03793154060323155 0.0011180474999760355
0.0381799214055949 0.0012222698426020608
0.0382856422890278 0.001228646102638709
0.03878382158177722 0.0012499867534578508
0.04135836109422518 0.0012523184151447598
0.04135836120508099 0.001252318418792341
0.04135836120508099 0.001252318418792341
0.04135836243011484 0.0012523184597243542
0.041377914835406406 0.0012789566403567465
0.041377914835406406 0.0012789566403567465
0.04141456435603519 0.001281930092023452
0.041439512276206 0.0012839542119948127
0.041472080125056585 0.001286596565859639
0.041472080125056585 0.001286596565859639
0.041472080125056585 0.001286596565859639
0.04150422530596374 0.001289204690867434
0.04151019205807129 0.0012896887324304015
0.041575992260263796 0.0012950274177515948
0.041636402744285025 0.0012999286870564893
0.0416585804964584 0.0013017281165327518
0.04201627563896407 0.0013546932020968678
0.042019128380257245 0.0013602231533062195
0.04951865609087745 0.0013956492537042751
0.05162542957155225 0.0014316854333791698
0.053824183718002544 0.0014412069760922166
0.05382418483884237 0.0014412070007353284
0.05382418483884237 0.0014412070007353284
0.05423985679672674 0.0015012552973003028
0.05504784492600788 0.001632504707572827
0.056553400718828355 0.0016559539380606857
