9 48 24
0.3337121 0.2751034 0.39118457

55 48 24
0.27284724 0.33935845 0.3877944

9 55 48
0.27392447 0.33814478 0.38793084

48 9 24
0.39098215 0.27324918 0.3357688

55 24 48
0.28003275 0.3911917 0.32877555

24 9 31
0.38958484 0.2689243 0.3414909

48 9 24
0.2850282 0.3219927 0.39297912

48 9 24
0.27276736 0.34192374 0.38530898

9 48 24
0.29485726 0.31360048 0.39154232

9 24 48
0.3867201 0.33011898 0.28316095

55 24 48
0.3311047 0.27795264 0.39094266

24 9 48
0.38763392 0.2791657 0.3332004

9 24 55
0.27091783 0.39265165 0.33643058

9 24 48
0.33819062 0.39114228 0.2706672

48 24 9
0.280981 0.33534643 0.38367262

48 24 55
0.32087684 0.38706508 0.29205814

24 9 48
0.39338723 0.276116 0.3304968

24 55 31
0.28529838 0.3294929 0.3852088

48 55 24
0.3251644 0.38981906 0.2850166

24 48 55
0.27906305 0.38752735 0.33340964

9 24 55
0.27698603 0.38812765 0.33488634

24 9 31
0.39204156 0.28207898 0.32587948

31 24 48
0.38323805 0.32939276 0.2873692

48 24 31
0.28675038 0.38915047 0.3240992

48 55 24
0.35206452 0.25283656 0.39509895

55 48 24
0.33132422 0.27919123 0.3894846

48 9 24
0.34539077 0.38329056 0.2713187

24 48 55
0.3883874 0.2899484 0.32166418

24 48 9
0.38865808 0.27949655 0.33184537

48 24 31
0.32563317 0.39008182 0.28428504

