0.00119309473562
0.00101715169482
0.000578344387918
0.0010109127884
0.000837603134389
0.000880328398268
0.000759337109808
0.000872835653133
0.000934988993891
0.000972127925609
0.000467662187712
0.00149382356563
0.000838089269407
0.000504674986269
0.000660926626043
0.000644438441576
0.00140032319957
0.000800881651325
0.00076329754079
0.000552402224041
0.00186576925878
0.00121137075058
0.00129509030948
0.0010414300861
0.000791292482671
0.00108787259353
0.000744100864661
0.00063433898583
0.00171952454333
0.000934287977815
0.000397370623593
0.000589570763007
0.000334368707432
0.000371039298821
0.000271817070166
0.000359206012487
0.000552947432409
0.000312328482141
0.000412109948881
0.000370386348949
0.000433758007261
0.000428668056766
0.000421733429749
0.000578909067792
0.000590704995526
0.000407516564614
0.000483271924793
0.000383452979894
0.000352780551973
0.000379461877482
0.000342953718495
0.000394631410663
0.000345041281051
0.000610670397235
0.000594506938995
0.000379356399981
0.000323828293228
0.000437908216051
0.000391161632532
0.000534426753374
0.000223197015951
0.000213949492458
0.000171457033297
0.000341659057518
0.000445790438401
0.00020197049245
0.000149576648154
0.000309824449351
0.000239378265751
0.000229414393132
0.000238949978627
0.000194440987728
0.000330394488568
0.000240523542877
0.000189144519995
0.000161042085061
0.000223041778397
0.000156591651265
0.000180990266343
0.000193187529159
0.000244955173046
0.000285244029939
0.000219092005919
0.00026709048276
0.000314468383671
0.000227422154735
0.000221649514829
0.000201016883311
0.000258691016608
0.000233956127465
3.90931562438e-05
3.62520945945e-05
4.11594928848e-05
2.76668150442e-05
3.28684942816e-05
3.36054096156e-05
4.65427714496e-05
4.69057027066e-05
3.30895571434e-05
5.03281904198e-05
4.03675087236e-05
5.92809011927e-05
3.45946325084e-05
5.56600882838e-05
4.27553735468e-05
4.93843726451e-05
4.57617674833e-05
3.41610036148e-05
3.02899192006e-05
3.56890770371e-05
3.77124718129e-05
3.36690856507e-05
6.4912823763e-05
3.88228450841e-05
3.05484247109e-05
4.03333207793e-05
2.71121397317e-05
5.3508845617e-05
3.44662688114e-05
3.23213963774e-05
