3.661830221879258e-05
3.063636514473172e-05
3.139647944296433e-05
3.913199574724451e-05
4.6388345992908576e-05
3.548535321260966e-05
4.475123603256257e-05
3.80379350701453e-05
2.224221250819905e-05
3.593196594722707e-05
4.617905720832781e-05
3.939600375089542e-05
3.9387231617505456e-05
4.580635669460871e-05
4.151297758077115e-05
3.467989599798417e-05
3.220320372419311e-05
4.314542811469451e-05
3.178127232013666e-05
5.1912079040281e-05
3.859434945075906e-05
4.461309691963641e-05
3.3774463569587616e-05
3.35967476631483e-05
4.0136872608810205e-05
4.009274068252205e-05
4.405337200481579e-05
3.914735894831403e-05
4.631186929187174e-05
3.86651788384634e-05
