0.04482501745223999 0.001495842938311398
0.04482501745223999 0.001495842938311398
0.04482501745223999 0.001495842938311398
0.04482501745223999 0.001495842938311398
0.04482501745223999 0.001495842938311398
0.04482501745223999 0.001495842938311398
0.04482501745223999 0.001495842938311398
0.04482501745223999 0.001495842938311398
0.04482501745223999 0.001495842938311398
0.04482501745223999 0.001495842938311398
0.04482501745223999 0.001495842938311398
0.04482501745223999 0.001495842938311398
0.04482501745223999 0.001495842938311398
0.04482501745223999 0.001495842938311398
0.04482501745223999 0.001495842938311398
0.04482501745223999 0.001495842938311398
0.04482501745223999 0.001495842938311398
0.04482501745223999 0.001495842938311398
0.04482501745223999 0.001495842938311398
0.04482501745223999 0.001495842938311398
0.04482501745223999 0.001495842938311398
0.04482501745223999 0.001495842938311398
0.04482501745223999 0.001495842938311398
0.04482501745223999 0.001495842938311398
0.04482501745223999 0.001495842938311398
0.04482501745223999 0.001495842938311398
0.04482501745223999 0.001495842938311398
0.04482501745223999 0.001495842938311398
0.04482501745223999 0.001495842938311398
0.04482501745223999 0.001495842938311398
0.04482501745223999 0.001495842938311398
0.04482501745223999 0.001495842938311398
0.04482501745223999 0.001495842938311398
0.04482501745223999 0.001495842938311398
0.04482501745223999 0.001495842938311398
0.04482501745223999 0.001495842938311398
0.04482501745223999 0.001495842938311398
0.04482501745223999 0.001495842938311398
0.04482501745223999 0.001495842938311398
0.0383770486805588 0.0010763768950710073
0.0383770486805588 0.0010763768950710073
0.0383770486805588 0.0010763768950710073
0.04482501745223999 0.001495842938311398
0.0383770486805588 0.0010763768950710073
0.0383770486805588 0.0010763768950710073
0.0383770486805588 0.0010763768950710073
0.0383770486805588 0.0010763768950710073
0.0383770486805588 0.0010763768950710073
0.0383770486805588 0.0010763768950710073
0.04482501745223999 0.001495842938311398
0.041625251062214375 0.0012873098985437537
0.037392486934550107 0.0010005157455452718
0.04482501745223999 0.001495842938311398
0.039788435387890786 0.0012383441608108114
0.03862122562713921 0.0011044611801480642
0.04482501745223999 0.001495842938311398
0.039188751485198736 0.0011695127886923729
0.04482501745223999 0.001495842938311398
0.03976984822656959 0.0012364799113129266
0.03942807420389727 0.0012149801241321256
0.03980106581002474 0.0012396008260111557
0.03978268901119009 0.0012377719413052546
0.03822106646839529 0.0010665865702321753
0.03978764178464189 0.001238261369508109
0.03932268684729934 0.0011853165033244295
0.039758050232194364 0.0012353233851172263
0.03977524675428867 0.0012370140375423944
0.03862365405075252 0.001104644707083935
0.03978775074938312 0.0012382754939608276
0.03978801053017378 0.0012383024568407563
0.04482501745223999 0.001495842938311398
0.039754367084242404 0.0012349548705969937
0.04186348896473646 0.001306048121477943
0.04185800923733041 0.0013056907064310508
0.03905049420427531 0.0011536646943568485
0.04482501745223999 0.001495842938311398
0.03972373390570283 0.0012319221441430273
0.03978138725506142 0.0012376378545013722
0.03979292372241616 0.0012387930783006595
0.0418233303935267 0.0013034754447289743
0.04482501745223999 0.001495842938311398
0.04482501745223999 0.001495842938311398
0.03977448563091457 0.0012369541018415475
0.041918639035429806 0.0013096329348627478
0.03839288838207722 0.0010781945929920767
0.041914716886822134 0.0013093961206323002
0.04482501745223999 0.001495842938311398
0.04183675616513938 0.0013043114813626744
0.036566395312547684 0.0009577491618983913
0.03977193799801171 0.001236695259649423
0.04482501745223999 0.001495842938311398
0.041813283518422395 0.0013027685326960636
0.04482501745223999 0.001495842938311398
0.03981303423643112 0.001240809919181629
0.04190500808181241 0.0013087604638712946
0.03978961578104645 0.0012384639794618124
0.03979641094338149 0.0012391398668114562
0.03360807365970686 0.0007660612609470263
0.03978293389081955 0.0012377888360788347
0.03977451694663614 0.0012369601681712084
0.039757827355060726 0.0012352997036941815
0.03854795219376683 0.0010959746741718845
0.04482501745223999 0.001495842938311398
0.03978210117202252 0.0012377095208648825
0.04189588752342388 0.0013081505439913599
0.04482501745223999 0.001495842938311398
0.04482501745223999 0.001495842938311398
0.04482501745223999 0.001495842938311398
0.039790356589946896 0.0012385420377540868
0.039428139629308134 0.0012150463644502452
0.04189160920213908 0.0013078682059131097
0.041851819201838225 0.0013052866561338305
0.039786865876521915 0.0012381893757265061
0.039784327207598835 0.0012379288473312045
0.041746318398509175 0.001298367495110142
0.037392486934550107 0.0010005157455452718
0.0393870267434977 0.0012108950159017695
0.03978260402800515 0.0012377630191622302
0.03849695739336312 0.0010901629593718098
0.04172152403043583 0.0012967956408829195
0.06528559688013047 0.0016653736311127432
0.039795261749532074 0.0012390278152452083
0.04482501745223999 0.001495842938311398
0.04185665521072224 0.0013055964536761167
0.03977145504904911 0.001236646745383041
0.03357818641234189 0.0007640616477146978
0.038706690655089915 0.0011142220955662197
0.041795778553932905 0.001301670237808139
0.041806782537605613 0.0013023229876125697
0.04184462840203196 0.0013048182408965658
0.04482501745223999 0.001495842938311398
0.04482501745223999 0.001495842938311398
0.03897865547332913 0.0011454060968389967
0.04190774611197412 0.0013089397125440883
0.039794794109184295 0.001238980732523487
0.04482501745223999 0.001495842938311398
0.03978097788058221 0.001237600066815503
0.03979434969369322 0.0012389375569910044
0.041709782904945314 0.00129601260596246
0.03928714606445283 0.0011808238359662937
0.043144151859451085 0.0013364779042603914
0.03975573572097346 0.0012350847173365764
0.03979753336170688 0.0012392564476613188
0.04187006928259507 0.0013064660306554288
0.03974428307265043 0.0012339401237113634
0.03977530892007053 0.0012370323347568046
0.03976522450102493 0.001236026741025853
0.039801282342523336 0.0012396270940371323
0.03979122423334047 0.001238628754435922
0.04482501745223999 0.001495842938311398
0.04244385869242251 0.0013226770024630241
0.04189528664574027 0.0013081093966320623
0.04187736171297729 0.001306957405176945
0.04482501745223999 0.001495842938311398
0.041785027424339205 0.0013009427766519366
0.041870728018693626 0.00130652991720126
0.03973537910496816 0.0012330659847066272
0.04482501745223999 0.001495842938311398
0.04482501745223999 0.001495842938311398
0.04482501745223999 0.001495842938311398
0.039763344277162105 0.0012358387539279647
0.03353568376041949 0.0007612929093738785
0.03979063330916688 0.001238567465406959
0.03717359539587051 0.0009976554283639416
0.04482501745223999 0.001495842938311398
0.04482501745223999 0.001495842938311398
0.04482501745223999 0.001495842938311398
0.039765370602253824 0.0012360461441858206
0.03975732758408412 0.0012352443245617906
0.039797474863007665 0.0012392435983201722
0.041863719117827713 0.001306068035773933
0.04190250870306045 0.0013085945356579032
0.06659908668370917 0.001721123981042183
0.04152796237030998 0.0012839359715144383
0.03978368564276025 0.001237867547388305
0.04191600059857592 0.0013094605837977724
0.03978384367655963 0.0012378915562294424
0.03977889637462795 0.0012373946919979062
0.04482501745223999 0.001495842938311398
0.039795856282580644 0.0012390730626066215
0.03975775768049061 0.0012352842877589865
0.04183719586580992 0.0013043203380220803
0.041749035590328276 0.0012985564480914036
0.04482501745223999 0.001495842938311398
0.03971823921892792 0.0012313268089201301
0.041861410543788224 0.0013059123157290742
0.04188069701194763 0.0013071518314973218
0.03970606223447248 0.0012301183869567467
0.03976521210279316 0.001236021129443543
0.03976247407263145 0.0012357495525066042
0.039773067517671734 0.001236810116097331
0.03972855908796191 0.0012323863338679075
0.04178166470956057 0.0013007063025725074
0.041864903352689 0.001306131776800612
0.03976869856705889 0.0012363795995042892
0.042770726955495775 0.0013355308565223822
0.03977654833579436 0.0012371698539936915
0.03978445299435407 0.0012379540858091787
0.04191591904964298 0.0013094539535813965
0.04181911691557616 0.0013031616945227142
0.04193405224941671 0.0013106579845043598
0.06586677773157135 0.0016795453502709279
0.033638341003097594 0.0007680112430534791
0.04482501745223999 0.001495842938311398
0.06608688330743462 0.0016869985029188683
0.03941175452200696 0.001213343275594525
0.03977870522066951 0.001237372924151714
0.041862335812766105 0.0013059540651738644
0.041864175524096936 0.0013060934834356885
0.03974120493512601 0.0012336323616182199
0.042699015815742314 0.0013300516329763923
0.03851536475121975 0.0010922556393779814
0.03978231508517638 0.0012377414841466816
0.04482501745223999 0.001495842938311398
0.03978450980503112 0.0012379566815070575
0.039750870724674314 0.001234596844369662
0.039778959995601326 0.0012374026682664407
0.04482501745223999 0.001495842938311398
0.03979710943531245 0.0012392110238579335
0.039777578494977206 0.0012372574274195358
0.039790239941794425 0.0012385264635668136
0.03999717399710789 0.0012461924707167782
0.039781597908586264 0.0012376655649859458
0.039747039205394685 0.0012342100853857119
0.04035537381423637 0.0012549802722787717
0.04274502955377102 0.0013335912608454237
0.04482501745223999 0.001495842938311398
0.03979230945697054 0.0012387306633172557
0.04035259020747617 0.0012544021647045156
0.03962558478815481 0.001219548836161266
0.04193196241976693 0.0013105037924106
0.03838348272256553 0.0010771155011752853
0.039764578628819436 0.0012359681786620058
0.039649063313845545 0.0012226229591760784
0.0417480850010179 0.001298516121096327
0.03979853494092822 0.0012393498072924558
0.041839686629828066 0.001304512587012141
0.041914813104085624 0.0013094047062622849
0.03977083577774465 0.0012365936490823515
0.03370207216357812 0.0007721914716967149
0.039794506039470434 0.0012389540097501595
0.041719410684891045 0.0012966579506610287
0.039381766808219254 0.0012103955905331532
0.041872152825817466 0.0013065996245131828
0.041805107321124524 0.0013022134135098895
0.03978532855398953 0.0012380271473375615
0.04183823347557336 0.001304393204918597
0.03978817141614854 0.0012383203884382965
0.04188881965819746 0.0013077077910566004
0.039754527679178864 0.0012349630687822355
0.03360052435891703 0.0007655454483028734
0.04482501745223999 0.001495842938311398
0.0383770486805588 0.0010763768950710073
0.06587734428467229 0.0016819241227494786
0.039763146021869034 0.0012358083240542328
0.03977676131762564 0.0012371791253826814
0.040206654521171004 0.0012471643276512623
0.04121346725150943 0.0012632006564672338
0.041610633255913854 0.0012863527535955654
0.04182047612266615 0.001303221029957058
0.039410008350387216 0.0012131326820963295
0.04189373448025435 0.0013079934633424273
0.039796486729756 0.0012391466425469844
0.06652416504221037 0.001719468564260751
0.04187159234425053 0.0013065874027233804
0.03355328110046685 0.000762428215239197
0.0418309960514307 0.0013039206351095345
0.03360650816466659 0.0007659377224626951
0.03937374276574701 0.0011910094344784738
0.0658079189597629 0.0016781274371169275
0.03979493217775598 0.0012389938201522455
0.04186541918898001 0.0013061719109828118
0.04180917236953974 0.0013024969011894427
0.03978326765354723 0.0012378278879623394
0.041873378097079694 0.0013066902283753734
0.038658019388094544 0.0011085783280577743
0.03978873195592314 0.001238365790413809
0.0398034923709929 0.0012398477410897613
0.04183581913821399 0.0013042287628195481
0.041809899848885834 0.0013025225271121599
0.041871966794133186 0.001306587928411318
0.03976845886791125 0.00123635809723055
0.039781605009920895 0.0012376661707094172
0.03975674387766048 0.0012351800232863752
0.04185482702450827 0.0013054699993517715
0.03975107130827382 0.0012346106905170018
0.04175748641137034 0.0012991223647986772
0.041895887814462185 0.0013081591296213446
0.04156070505268872 0.00128611273066781
0.03978641191497445 0.001238147013282287
0.039785038272384554 0.0012380070475046523
0.039781418861821294 0.0012376507384033175
0.04188597883330658 0.0013074991802568547
0.03975022985832766 0.0012345298800937599
0.03975478367647156 0.0012349780790827936
0.03978100995300338 0.001237606413269532
0.039773133117705584 0.001236833757502609
0.039756642072461545 0.0012351724381005624
0.04185447294730693 0.0013054544524493394
0.04194420302519575 0.001311312364123296
0.0398172193672508 0.0012412163996486925
0.039740406442433596 0.0012335633364273235
0.039781085622962564 0.0012376143859000877
0.04190623131580651 0.0013088201794744236
0.04181704705115408 0.0013030071695538936
0.03975639428244904 0.0012351555124041624
0.04188209160929546 0.0013072610981907928
0.039764680434018373 0.00123597804667952
0.03978278423892334 0.0012377872917568311
0.03977597533958033 0.0012371075881674187
0.0667361436644569 0.0017231476813321933
0.041904655983671546 0.0013087387251289329
0.03983557736501098 0.0012430436581780668
0.04187665181234479 0.0013068819953332422
0.03978748101508245 0.0012382434415485477
0.04129889386240393 0.0012688984061242081
0.03943024651380256 0.0012152083472756203
0.03975968970917165 0.0012354762893664883
0.0418085134588182 0.0013024544350628275
0.04192339570727199 0.0013099991301714908
0.041834883159026504 0.0013041724232607521
0.041915846115443856 0.0013094492223899579
0.03976476425305009 0.001235987241670955
0.04186531010782346 0.001306159989326261
0.03974259941605851 0.00123377252384671
0.0397986764437519 0.0012393704546411755
0.041863683494739234 0.0013060537639830727
0.039735100232064724 0.0012330306453804951
0.039810035668779165 0.001240493671502918
0.039794149575755 0.0012389129824441625
0.04188120987964794 0.001307195776462322
0.04184621694730595 0.0013049254339421168
0.0388020045356825 0.001125332619267283
0.041861687728669494 0.0013059318898740457
0.0419316915795207 0.001310489278694149
0.039790942042600363 0.0012385893078317167
0.0397767317481339 0.0012371780831017531
0.03978128416929394 0.001237627779119066
0.03977534914156422 0.0012370347685646266
0.04268112970748916 0.0013286869016155833
0.03977400669828057 0.0012369080377538921
0.04194836562965065 0.001311578560489579
0.039789926318917423 0.0012384809506329475
0.04189215961378068 0.0013079283817205578
0.04185377404792234 0.0013053987586317817
0.04180099576478824 0.0013019651269132737
0.04186135117197409 0.0013058974109299015
0.03363203478511423 0.0007676071018067887
0.041798565012868494 0.0013017984383623116
0.04178864462301135 0.001301139116549166
0.041869645938277245 0.0013064333143120166
0.04184903763234615 0.0013051126643404132
0.04180373944109306 0.001302172780924593
0.039858973876107484 0.001245377217856003
0.041913585795555264 0.0013093220150039997
0.0418475228943862 0.0013049966546532232
0.039421000925358385 0.001214254505612189
0.03976917889667675 0.001236434292877675
0.03939642827026546 0.0012118038430344313
0.03856967366300523 0.0010985840308421757
0.06581032235408202 0.001678165821431321
0.04196532559581101 0.0013127051497576758
0.04183240589918569 0.0013040607336733956
0.041865894629154354 0.0013062071484455373
0.04189049685373902 0.0013078084630251396
0.041923390002921224 0.0013099610823701369
0.04184800764778629 0.0013050433371972758
0.04188941192114726 0.0013077345283818431
0.03941769263474271 0.0012138940437580459
0.06581881520105526 0.0016783906867203768
0.04184953751973808 0.0013051195401203586
0.03979170712409541 0.0012386787439027103
0.04189076105831191 0.0013078222254989669
0.038693662150762975 0.0011127414290967863
0.0397862468380481 0.0012381158048810903
0.03979035612428561 0.0012385291756800143
0.041921275784261525 0.001309806975768879
0.03915687825065106 0.0011659068823064445
0.03978079342050478 0.0012375760270515457
0.03980933653656393 0.001240422074261005
0.039827661763411015 0.0012422339095792267
0.039803348015993834 0.001239833271029056
0.03974665136775002 0.0012341801884758752
0.04186107072746381 0.001305880767176859
0.03978666593320668 0.0012381779743009247
0.033566176949534565 0.0007632753495272482
0.04184244590578601 0.001304706189330318
0.04185883892932907 0.0013057410124019952
0.04173679312225431 0.0012977759251953103
0.0418375798035413 0.0013043490434938576
0.039278948213905096 0.0011775627426686697
0.03979615430580452 0.0012391153341013705
0.03977556334575638 0.001237060183484573
0.0397952136117965 0.0012390214906190522
0.03978293505497277 0.001237795788256335
0.06643115857150406 0.0017163677621283568
0.03980292152846232 0.0012397776717989473
0.039822121092583984 0.0012417078942235094
0.03978091606404632 0.0012375987007544609
0.039757655933499336 0.001235276933584828
0.04176637687487528 0.001299730130995158
0.04187154694227502 0.001306568929066998
0.03980960609624162 0.0012404405933921225
0.039760586398188025 0.0012355690014373977
0.041924934776034206 0.0013100479372951668
0.04266135796206072 0.001327154372120276
0.039780008199159056 0.0012375068345136242
0.039766613161191344 0.0012361596327536972
0.03974757721880451 0.0012342695881670807
0.03970787761500105 0.0012302992545301095
0.041891755477990955 0.0013078890224278439
0.03979977278504521 0.0012394825826049782
0.06622516317293048 0.0017129107691289391
0.03978978522354737 0.0012384762194415089
0.0387772370595485 0.0011223431811231421
0.039805233711376786 0.001240016528754495
0.03972354932921007 0.0012318921235419111
0.041759561048820615 0.0012992571246286388
0.04192639177199453 0.001310136267420603
0.041897728748153895 0.0013082724562991643
0.03975361800985411 0.0012348721156740794
0.03979893081123009 0.0012393932938721264
0.03977888653753325 0.001237394686540938
0.039770212199073285 0.0012365037873678375
0.04187772230943665 0.0013069660944893258
0.03976040554698557 0.0012355520975688705
0.03980148601112887 0.0012396327547321562
0.0397152533987537 0.0012310553447605344
0.041818711964879185 0.0013031288126512663
0.04188135440926999 0.0013072123620077036
0.03980462666368112 0.0012399477236613166
0.04267483396688476 0.001328202382865129
0.041785003209952265 0.0013009186714043608
0.039768972725141793 0.0012364090380287962
0.041894309513736516 0.00130803971842397
0.0418619632255286 0.001305934600168257
0.04165432375157252 0.0012923275080538588
0.03941511665470898 0.0012136592667957302
0.03980372584192082 0.001239870764038642
0.04192847915692255 0.0013102876309858402
0.040346567053347826 0.0012530443837022176
0.04188363999128342 0.0013073755017103394
0.03974506416125223 0.0012340170324023347
0.0398008290794678 0.0012395696776366094
0.041901673714164644 0.0013085320460959338
0.04186870262492448 0.0013063924434391083
0.04190946777816862 0.0013090389111312106
0.04191667021950707 0.0013095084759697784
0.03979161463212222 0.0012386598264129134
0.04184164683101699 0.00130463232017064
0.0418658145936206 0.0013061944155197125
0.03979252016870305 0.0012387518672767328
0.03972528816666454 0.0012320400983298896
0.039769931172486395 0.001236502883330104
0.04161046101944521 0.0012863452993769897
0.03899429738521576 0.0011472609621705487
0.041848557186312973 0.0013050556935922941
0.04188871814403683 0.0013076837985863676
0.04190636600833386 0.0013088332161714789
0.039812088187318295 0.001240691952261841
0.041523415653500706 0.0012837239974032855
0.039803709485568106 0.0012398691524140304
0.04185380006674677 0.0013053990987828001
0.06647441326640546 0.0017173436281154864
0.0335619454854168 0.0007630033705936512
0.04183940414804965 0.0013044373936281772
0.04179484321502969 0.0013015488420933252
0.039766401634551585 0.0012361496101220837
0.03970698453485966 0.0012302784161875024
0.04174686240730807 0.001298428796872031
0.04181452112970874 0.0013028708708588965
0.039765695692040026 0.0012360922919469886
0.041896821989212185 0.0013082168879918754
0.03978581534465775 0.0012380798634694656
0.039779260114300996 0.0012374271173030138
0.03359737602295354 0.000765346074331319
0.039800246828235686 0.001239515608176589
0.04186688450863585 0.001306255886447616
0.04035033559193835 0.0012538667688204441
0.03977972053689882 0.0012374836915114429
0.04193512670462951 0.0013107186641718727
0.04175445932196453 0.0012989166662009666
0.0397976990789175 0.0012392611788527574
0.04181014432106167 0.0013025663774897112
0.03978112991899252 0.0012376183531159768
0.04179182881489396 0.00130138765234733
0.06585132353939116 0.0016792076403362444
0.03933557611890137 0.0011863652071042452
0.03976137819699943 0.0012356455390545307
0.04183103406103328 0.0013039752284385031
0.03975545056164265 0.0012350672950560693
0.038982309168204665 0.0011457536529633217
0.0397994969971478 0.0012394483710522763
0.04188076622085646 0.001307187680140487
0.03979540936416015 0.001239053137396695
0.03376395674422383 0.0007731309360679006
