0.040293887723237276 0.0011302093334961683
0.042679982841946185 0.0012029822173644789
0.04375647380948067 0.0012328810480539687
0.04375647380948067 0.0012328810480539687
0.04375647380948067 0.0012328810480539687
0.08324074745178223 0.0020941731054335833
0.04375647380948067 0.0012328810480539687
0.08324074745178223 0.0020941731054335833
0.04375647380948067 0.0012328810480539687
0.040293887723237276 0.0011302093334961683
0.042679982841946185 0.0012029822173644789
0.04375647380948067 0.0012328810480539687
0.04375647380948067 0.0012328810480539687
0.04200072295498103 0.001184091146569699
0.04215068730991334 0.001188258538604714
0.04248611954972148 0.0011975906218140153
0.04312420974019915 0.001215311131090857
0.0430945580592379 0.0012144718821218703
0.041998472064733505 0.0011840287388622528
0.04308568872511387 0.001214225594594609
0.0419953673845157 0.001183942627903889
0.039818800054490566 0.0011177726773894392
0.04218421853147447 0.0011891898539033718
0.04200511460658163 0.0011842133826576173
0.043082072981633246 0.001214124946272932
0.04327544162515551 0.0012195028721180279
0.04219224629923701 0.0011894122399098706
0.0430828956887126 0.0012141476545366459
0.04201382794417441 0.0011844553118862677
0.04307539330329746 0.0012139395003032405
0.0410872696666047 0.001158722860054695
0.039823945495299995 0.0011178687345818616
0.042003712500445545 0.001184174323498155
0.03906883532181382 0.0010985966291627847
0.042679982841946185 0.0012029822173644789
0.042152874753810465 0.0011883194019901566
0.043083847500383854 0.0012141743718530051
0.04200760810635984 0.0011842824533232488
0.0421749921515584 0.0011889327579410747
0.04272268363274634 0.001203887746669352
0.04374199500307441 0.0012324783056101296
0.04307130281813443 0.0012138257989136036
0.04307752731256187 0.0012139988430135418
0.04200438759289682 0.0011841929044749122
0.04200536524876952 0.0011842202075058594
0.04281648306641728 0.0012067597526765894
0.0421492230379954 0.001188217669550795
0.04201807803474367 0.0011845730205095606
0.043086465797387064 0.0012142470768594649
0.04308478091843426 0.0012142004998167977
0.043055880698375404 0.0012133973978052381
0.04199497529771179 0.0011839314429380465
0.043445460963994265 0.0012242311277077533
0.04306045430712402 0.0012135252836742438
0.042147700442001224 0.001188175559946103
0.043084578472189605 0.001214195079228375
0.04308658523950726 0.001214250165503472
0.041076127672567964 0.0011584130588744301
0.04304823116399348 0.00121318437231821
0.04200777073856443 0.0011842868771054782
0.0430929739959538 0.0012144281245127786
0.04306647356133908 0.0012136913137510419
0.04309647879563272 0.0012145251712354366
0.04307281051296741 0.001213867450132966
0.0430884420638904 0.0012143020539951976
0.04107765818480402 0.0011584556305024307
0.042652018601074815 0.001202204419314512
0.04307041328866035 0.0012138009042246267
0.04199652839452028 0.0011839745857287198
0.04344225372187793 0.0012241415060998406
0.04342463531065732 0.0012236515067343134
0.042004481656476855 0.0011841954892588546
0.04199852794408798 0.001184030101285316
0.04215641156770289 0.0011884175255545415
0.041997181600891054 0.0011839927756227553
0.04337642097380012 0.0012223111734783743
0.043053351109847426 0.0012133266391174402
0.042015067068859935 0.001184489354272955
0.04201929515693337 0.0011846073684864677
0.04272087477147579 0.0012038375753036235
0.043093419750221074 0.0012144401589466725
0.04200626804959029 0.0011842453095596284
0.04203863115981221 0.001185159910164657
0.04244271374773234 0.0011963835095230024
0.04307143064215779 0.0012138295351178385
0.04202017851639539 0.001184638327686116
0.04309247026685625 0.001214414049172774
0.043067352613434196 0.0012137157282268163
0.043086485005915165 0.0012142474406573456
0.04308608965948224 0.0012142365158069879
0.04308508615940809 0.0012142087762185838
0.04200611519627273 0.0011842410185636254
0.043113945866934955 0.0012150099755672272
0.04200776666402817 0.0011842867697851034
0.042018552077934146 0.001184586721137748
0.043074071407318115 0.0012139027130615432
0.043080617440864444 0.001214084531966364
0.04326769826002419 0.0012192874200991355
0.041996732354164124 0.0011839804301416734
0.043072641477920115 0.0012138631063862704
0.04308079392649233 0.0012140894395997748
0.0420032124966383 0.0011841603882203344
0.04308033699635416 0.0012140767357777804
0.04340018203947693 0.0012229718231537845
0.04200414300430566 0.0011841860232379986
0.04201947711408138 0.0011846123288705712
0.04214752232655883 0.0011881706232088618
0.041982922703027725 0.0011835970472020563
0.042019393062219024 0.0011846096695080632
0.04307629668619484 0.0012139645077695604
0.04190828779246658 0.0011806140864791814
0.041994165745563805 0.001183908852908644
0.042006037081591785 0.0011842388321383623
0.04307145602069795 0.001213830244523706
0.04308976465836167 0.001214338575664442
0.04310392192564905 0.0012147316774644423
0.043087354162707925 0.001214271949720569
0.043083075899630785 0.0012141526967752725
0.04202188563067466 0.0011846792294818442
0.04200670321006328 0.0011842571966553805
0.043081027339212596 0.0012140958569943905
0.04306891723535955 0.001213759485835908
0.04213645774871111 0.001187863188533811
0.041973300045356154 0.0011833295648102649
0.04371094796806574 0.0012316149659454823
0.041110181831754744 0.001159359195298748
0.042110161506570876 0.0011871337228512857
0.041998378466814756 0.0011840258921438362
0.03982585342600942 0.0011179042121511884
0.042007435229606926 0.0011842776712001069
0.0420062969205901 0.0011842459098261315
0.041990366647951305 0.001183803693493246
0.043081159819848835 0.0012140998878749087
0.043079751543700695 0.0012140605176682584
0.04201195412315428 0.0011844032633234747
0.04107171390205622 0.001158290526291239
0.043105568969622254 0.0012147776360507123
0.0430672470247373 0.00121371358181932
0.04312549054156989 0.0012153326606494375
0.04306949186138809 0.0012137754274590407
0.08324074745178223 0.0020941731054335833
0.04200368619058281 0.001184173561341595
0.04308398126158863 0.0012141779552621301
0.04200880404096097 0.0011843158044939628
0.04309494490735233 0.0012144826723670121
0.04309184371959418 0.0012143966850999277
0.04198243352584541 0.0011835832556243986
0.04307628539390862 0.0012139642931288108
0.042158958967775106 0.0011884881278092507
0.041080353083088994 0.0011585306674533058
0.043092137668281794 0.0012144046268076636
0.04201268416363746 0.0011844234286400024
0.04362848959863186 0.0012293216059333645
0.04200523649342358 0.001184216594992904
0.04199826891999692 0.0011840230890811654
0.043074132641777396 0.001213904131873278
0.04212733404710889 0.0011876102471433114
0.043091468745842576 0.001214386025822023
0.0430789616657421 0.0012140385806560516
0.04306396655738354 0.0012136225122958422
0.0385927309980616 0.0010850736834981944
0.04308608977589756 0.001214236701343907
0.04200581251643598 0.0011842324693134287
0.043086483143270016 0.0012142473060521297
0.04200952686369419 0.0011843355459859595
0.04221485834568739 0.0011900462941412115
0.04271464596968144 0.0012036646294291131
0.04201991285663098 0.0011846243560285075
0.043085820972919464 0.0012142291816417128
0.04216059821192175 0.0011885375752171967
0.04331140371505171 0.0012205031744088046
0.04200541251339018 0.0011842216354125412
0.042005018796771765 0.0011842104595416458
0.043075700057670474 0.0012139482314523775
0.04309853934682906 0.0012145822001912165
0.08324074745178223 0.0020941731054335833
0.042005921015515924 0.0011842354597320082
0.04309442010708153 0.0012144678621552885
0.0411229400197044 0.0011597132361202966
0.041932003339752555 0.0011821969364973484
0.043084726319648325 0.0012141988190705888
0.04308357136324048 0.001214166830322938
0.04199900082312524 0.0011840431798191275
0.04199724760837853 0.0011839948801934952
0.04309780616313219 0.0012145618347858544
0.04201106773689389 0.00118437878882105
0.042000788962468505 0.001184093202027725
0.04256171267479658 0.0011996927933068946
0.043091759202070534 0.00121439411668689
0.04201558814384043 0.0011845040207845159
0.04201503121294081 0.0011844887758343248
0.04309257527347654 0.0012144169668317772
0.04215123935136944 0.0011882739927386865
0.04346080438699573 0.0012246580481587444
0.04201184515841305 0.0011844004129670793
0.04307994828559458 0.0012140658363932744
0.04201837221626192 0.0011845814733533189
0.041987000964581966 0.0011837106194434455
0.043087685480713844 0.001214281284774188
0.041071606101468205 0.0011582873557927087
0.04308712296187878 0.0012142650812165812
0.03936247248202562 0.0011054968690586975
0.042014561127871275 0.001184475222544279
0.04309040878433734 0.0012143569183535874
0.043095278670080006 0.0012144917527621146
0.041997182299382985 0.001183993090307922
0.04200022807344794 0.0011840774895972572
0.043099089059978724 0.0012145977416366804
0.042136987671256065 0.0011878781115228776
0.04215154564008117 0.001188281999930041
0.041918376460671425 0.0011818042075901758
0.043086381163448095 0.0012142446357756853
0.04201661446131766 0.0011845324170280946
0.042010372621007264 0.0011843594311358174
0.043098760419525206 0.0012145884938945528
0.04107271053362638 0.0011583181767491624
0.041066248901188374 0.0011581390899664257
0.043083433993160725 0.001214162832184229
0.043082835618406534 0.0012141460720158648
0.042002986068837345 0.001184154274596949
0.042004371993243694 0.0011841926207125653
0.043087630067020655 0.0012142791820224375
0.04307110037188977 0.0012138204147049692
0.04306857974734157 0.0012137503799749538
0.04309277853462845 0.0012144224165240303
0.041984820971265435 0.0011836501871584915
0.043084529344923794 0.0012141935767431278
0.043082819669507444 0.0012141456063545775
0.0430942167295143 0.0012144623760832474
0.04200453346129507 0.001184197019028943
0.04309476970229298 0.001214477731991792
0.04334098985418677 0.0012213257941766642
0.04190130706410855 0.0011804119385487866
0.04215317883063108 0.0011883275365107693
0.04308052593842149 0.0012140821818320546
0.04310191248077899 0.0012146762273914646
0.04309076676145196 0.0012143663479946554
0.041081537026911974 0.0011585635602386901
0.0420188398566097 0.0011845945446111728
0.04307481774594635 0.0012139234822825529
0.04308938642498106 0.0012143279454903677
0.04307608772069216 0.001213958687003469
0.04307993012480438 0.0012140653125243261
0.041976570850238204 0.0011834204669867177
0.04256580246146768 0.001199806822114624
0.04307027591858059 0.0012137975099903997
0.04197964177001268 0.0011835064433398657
0.04214406886603683 0.001188074649689952
0.04197580355685204 0.0011833991011371836
0.04307607526425272 0.0012139580685470719
0.04197429108899087 0.0011833572971227113
0.0420041928300634 0.001184187611215748
0.04308301326818764 0.0012141510742367245
0.04251701838802546 0.0011984499760728795
0.04246629623230547 0.001197039193357341
0.04249530960805714 0.0011978460770478705
0.039068830432370305 0.0010985962726408616
0.04200014052912593 0.0011840750448754989
0.04200328141450882 0.0011841623454529326
0.04199005663394928 0.00118379526429635
0.04198606323916465 0.0011836842495540623
0.043099096161313355 0.001214598050864879
0.04309766076039523 0.0012145580294600222
0.04106962156947702 0.001158232424131711
0.041997344116680324 0.0011839974995382363
0.04307657480239868 0.0012139723112341017
0.042721034958958626 0.0012038420318276621
0.04200875491369516 0.0011843146894534584
0.042003041482530534 0.0011841557061416097
0.043086932972073555 0.0012142599407525267
0.03859226475469768 0.00108506488322746
0.043085873825475574 0.0012142309060436673
0.04105954535771161 0.0011579523707041517
0.043078837217763066 0.0012140349645051174
0.042679982841946185 0.0012029822173644789
0.04308152850717306 0.001214110121509293
0.04349574213847518 0.0012256296977284364
0.04178786161355674 0.0011779255110013764
0.04240005067549646 0.0011951968190260231
0.04308880621101707 0.0012143117237428669
0.043097160290926695 0.0012145443870394956
0.042017924366518855 0.0011845693043142091
0.04309084918349981 0.0012143686981289648
0.043078947928734124 0.0012140380313212518
0.04200510832015425 0.0011842131934827194
0.04330844269134104 0.0012204205122543499
0.04309375258162618 0.0012144497195549775
0.042142043937928975 0.0011880184065375943
0.043105980614200234 0.0012147913257649634
0.04308021697215736 0.0012140736544097308
0.04213683190755546 0.00118787642713869
0.04107950383331627 0.0011585068714339286
0.0430642026476562 0.001213628664118005
0.043079006019979715 0.0012140397375333123
0.04107095138169825 0.001158269444204052
0.043074080254882574 0.0012139031532569788
0.04214076802600175 0.001187982827104861
0.0430820663459599 0.0012141248189436737
0.04214997368399054 0.0011882385988428723
0.04213926533702761 0.0011879416088049766
0.04213281301781535 0.0011877622455358505
0.04200570413377136 0.0011842297626571963
0.04310307209379971 0.0012147085108153988
0.04353546176571399 0.0012267342572158668
0.043469758005812764 0.0012249075443833135
0.0420031372923404 0.0011841583564091707
0.043088880251161754 0.0012143142994318623
0.04308042163029313 0.0012140791259298567
0.04310749052092433 0.0012148313762736507
0.08324074745178223 0.0020941731054335833
0.04307573172263801 0.0012139488972024992
0.04199430113658309 0.0011839128237625118
0.04308098286855966 0.0012140945909777656
0.042001170571893454 0.001184103302875883
0.04200147744268179 0.0011841121031466173
0.04201337159611285 0.0011844421751447953
0.04262475285213441 0.0012014461299258983
0.04200462601147592 0.0011841996674775146
0.043073132750578225 0.0012138765814597718
0.04337805393151939 0.0012223567355249543
0.040898399078287184 0.0011534849672898417
0.042008382733911276 0.0011843040210806066
0.04311742109712213 0.001215108080941718
0.043060096679255366 0.0012135153447161429
0.04341994097921997 0.0012235216236149427
0.042679982841946185 0.0012029822173644789
0.04200127231888473 0.0011841062696476001
0.04175482923164964 0.001177280384581536
0.04201868444215506 0.0011845901044580387
0.042679982841946185 0.0012029822173644789
0.04083501547574997 0.0011517271468619583
0.04360564274247736 0.0012286861674510874
0.04244843067135662 0.0011965377561864443
0.04201176983769983 0.0011843981883430388
0.042008127202279866 0.001184296968858689
0.04308061907067895 0.001214084964885842
0.04309065395500511 0.0012143633612140547
0.04199342499487102 0.0011838883929158328
0.08324074745178223 0.0020941731054335833
0.04271192371379584 0.0012035888867103495
0.0424537742510438 0.0011966909642069368
0.04107402509544045 0.0011583546875044703
0.043094360386021435 0.0012144662832724862
0.043083056807518005 0.0012141523620812222
0.041260139900259674 0.0011635359114734456
0.0420057768933475 0.001184231528895907
0.04308024514466524 0.0012140743056079373
0.043078563176095486 0.0012140275866840966
0.04306545318104327 0.001213663890666794
0.04199981107376516 0.0011840658025903394
0.04344803362619132 0.0012243029887031298
0.041987804346717894 0.001183732627396239
0.042015025625005364 0.0011844883101730375
0.042008183896541595 0.0011842985659313854
0.043091406812891364 0.001214384516060818
0.042307803058065474 0.0011926315310120117
0.042159216944128275 0.0011884953892149497
0.043087975471280515 0.0012142893683630973
0.04308250790927559 0.0012141370607423596
0.042150866240262985 0.0011882635117217433
0.04272657120600343 0.0012039957618981134
0.04307589295785874 0.0012139532882429194
0.04306377447210252 0.0012136174191255122
0.04215169127564877 0.0011882861799676903
0.0430802566697821 0.0012140744402131531
0.042630444979295135 0.0012016044838674134
0.04272503568790853 0.0012039550856570713
0.042871855082921684 0.0012080366686859634
0.043087070691399276 0.0012142636915086769
0.0420020247111097 0.0011841275099868653
0.043095339438878 0.0012144933243689593
0.043108651298098266 0.0012148636342317332
0.04328158195130527 0.0012196737552585546
0.04306350997649133 0.0012136089244449977
0.04200494650285691 0.0011842085696116555
0.04200217162724584 0.0011841313335025916
0.04205091390758753 0.0011855012271553278
0.04246348736342043 0.0011969611696258653
0.04309600661508739 0.0012145120817876887
0.042443070211447775 0.0011963890210608952
0.0398237508488819 0.001117865256674122
0.04200979240704328 0.001184343193017412
0.04201895394362509 0.0011845976368931588
0.04214857681654394 0.0011881997670570854
0.04106270079500973 0.001158040304289898
0.04365380294620991 0.001230025682161795
0.04308794636745006 0.0012142885534558445
0.08324074745178223 0.0020941731054335833
0.043062092969194055 0.0012135700599174015
0.04347679240163416 0.0012251032021595165
0.03982129681389779 0.0011178194436070044
0.04213656298816204 0.00118786624079803
0.08324074745178223 0.0020941731054335833
0.04488990001846105 0.0012552213811432011
0.042530337697826326 0.0011988201458734693
0.0430891684954986 0.0012143219173594844
0.0431688908720389 0.001216540429595625
0.04314868664368987 0.001215977521496825
0.042005079332739115 0.0011842121621157276
0.043538403580896556 0.0012268162463442422
0.04309954587370157 0.0012146101325924974
0.042018021922558546 0.0011845716799143702
0.04200606816448271 0.0011842396161227953
0.04308582341764122 0.0012142292180215009
0.04216818464919925 0.0011887443979503587
0.042998454766348004 0.0012114904275222216
0.04305411397945136 0.0012133486015954986
0.04236443992704153 0.0011942063829337712
0.08324074745178223 0.0020941731054335833
0.042100159102119505 0.001186857891298132
0.04410845844540745 0.0012398602557368577
0.04107169795315713 0.0011582901588553796
0.04014213220216334 0.0011262250227446202
0.08324074745178223 0.0020941731054335833
0.04308075085282326 0.001214088169945171
0.041998564498499036 0.0011840312490676297
0.03824343276210129 0.0010741569894889835
0.0415401499485597 0.0011713077437889297
0.042023053276352584 0.0011847112145915162
0.043086722609587014 0.0012142541745561175
0.04308562772348523 0.0012142238374508452
0.08324074745178223 0.0020941731054335833
0.0425180975580588 0.001198471447423799
0.04201797989662737 0.0011845706521853572
0.03996876860037446 0.0011216774364584126
0.043405413860455155 0.0012231178516231012
0.042117502191103995 0.0011873516014020424
0.043066052021458745 0.0012136799086874817
0.04234195686876774 0.0011935815473407274
0.04308407357893884 0.0012141806619183626
0.04201265494339168 0.0011844224227388622
0.04308039601892233 0.0012140784710936714
0.04065742390230298 0.001144643687439384
0.04215351492166519 0.001188337027997477
0.04216080321930349 0.0011885393323609605
0.0430788992671296 0.0012140368598920759
0.0420005313353613 0.0011840858114737784
0.042679982841946185 0.0012029822173644789
0.0430812023114413 0.0012141006882302463
0.043088661157526076 0.0012143081548856571
0.04222530033439398 0.0011903368667844916
0.04280228284187615 0.0012053543905494735
0.04308079625479877 0.0012140894796175417
0.04199624911416322 0.0011839669514301931
0.04107896611094475 0.0011584921576286433
0.04375647380948067 0.0012328810480539687
0.042151631671004 0.0011882848011737224
0.03982295631431043 0.0011178502245456912
0.04200315778143704 0.0011841589039249811
0.043085900018922985 0.0012142315681558102
0.04309561173431575 0.0012145010950916912
0.04308881564065814 0.001214312134834472
0.042679982841946185 0.0012029822173644789
0.043092018691822886 0.001214401072502369
0.043479658430442214 0.001225182550115278
0.042280030087567866 0.001191859002574347
0.042007179581560194 0.001184270558951539
0.04199921747203916 0.0011840495499200188
0.04307973524555564 0.0012140601575083565
0.04201200942043215 0.0011844050150102703
0.043064176687039435 0.0012136280565755442
0.04307061294093728 0.0012138065976614598
0.04308022849727422 0.0012140737890149467
