0.08324074745178223 0.0020941731054335833
0.08324074745178223 0.0020941731054335833
0.08324074745178223 0.0020941731054335833
0.08324074745178223 0.0020941731054335833
0.08324074745178223 0.0020941731054335833
0.08324074745178223 0.0020941731054335833
0.08324074745178223 0.0020941731054335833
0.08324074745178223 0.0020941731054335833
0.08324074745178223 0.0020941731054335833
0.08324074745178223 0.0020941731054335833
0.08324074745178223 0.0020941731054335833
0.08324074745178223 0.0020941731054335833
0.08324074745178223 0.0020941731054335833
0.08324074745178223 0.0020941731054335833
0.08324074745178223 0.0020941731054335833
0.08324074745178223 0.0020941731054335833
0.08324074745178223 0.0020941731054335833
0.08324074745178223 0.0020941731054335833
0.08324074745178223 0.0020941731054335833
0.08324074745178223 0.0020941731054335833
0.08324074745178223 0.0020941731054335833
0.08324074745178223 0.0020941731054335833
0.08324074745178223 0.0020941731054335833
0.08324074745178223 0.0020941731054335833
0.04375647380948067 0.0012328810480539687
0.0395803457358852 0.0011106461242889054
0.042679982841946185 0.0012029822173644789
0.04375647380948067 0.0012328810480539687
0.0395803457358852 0.0011106461242889054
0.04375647380948067 0.0012328810480539687
0.042679982841946185 0.0012029822173644789
0.04375647380948067 0.0012328810480539687
0.04375647380948067 0.0012328810480539687
0.04375647380948067 0.0012328810480539687
0.042679982841946185 0.0012029822173644789
0.042679982841946185 0.0012029822173644789
0.042679982841946185 0.0012029822173644789
0.042679982841946185 0.0012029822173644789
0.03848563530482352 0.0010831141771632247
0.042679982841946185 0.0012029822173644789
0.03848563530482352 0.0010831141771632247
0.04375647380948067 0.0012328810480539687
0.04375647380948067 0.0012328810480539687
0.0395803457358852 0.0011106461242889054
0.04375647380948067 0.0012328810480539687
0.04375647380948067 0.0012328810480539687
0.042679982841946185 0.0012029822173644789
0.042679982841946185 0.0012029822173644789
0.04329043673351407 0.001219850979396142
0.04329683375544846 0.0012200303499412257
0.042212381842546165 0.0011899074361281237
0.04222248715814203 0.001190190627312404
0.03857653751038015 0.0010833170053956565
0.04231992841232568 0.0011929148950002855
0.0437194089172408 0.0012318446351855528
0.043285783380270004 0.0012197190517326817
0.03848554124124348 0.0010828822705661878
0.043287246488034725 0.0012197611649753526
0.04013190325349569 0.0011296615448372904
0.043282230384647846 0.0012196252500871196
0.04220525815617293 0.0011897083022631705
0.042632438126020133 0.0012016494838462677
0.04329248215071857 0.0012199078882986214
0.04329753783531487 0.0012200488963571843
0.04329589079134166 0.00122000377450604
0.039424843969754875 0.0011069004340242827
0.038213499588891864 0.0010729822097346187
0.04329477366991341 0.0012199718330521137
0.047891244757920504 0.0012839371811423916
0.03810463938862085 0.001066229942807695
0.04221461561974138 0.0011899707496922929
0.04291445156559348 0.0012091499447706155
0.042916174279525876 0.001209196703712223
0.03942903666757047 0.001107002115531941
0.04141107760369778 0.001164716566563584
0.04350035160314292 0.0012257198250154033
0.04288116958923638 0.0012082161010766868
0.043345126789063215 0.0012213802074256819
0.039436733117327094 0.001107188078094623
0.04292503767646849 0.0012094457852072082
0.046024524490348995 0.0012494054644776043
0.04051297437399626 0.001142270935815759
0.04328056308440864 0.0012195749332022388
0.040507095865905285 0.0011421075269026915
0.042207466321997344 0.0011897704553121002
0.04329241346567869 0.001219905821926659
0.04221482924185693 0.0011899769870069576
0.042927510337904096 0.001209515226946678
0.03942989546339959 0.0011070227501477348
0.04051801632158458 0.0011424134645494632
0.04222609126009047 0.0011902914575330215
0.043287941021844745 0.0012197799660498276
0.042235589236952364 0.0011905574920092477
0.04220657830592245 0.001189744774819701
0.04221832111943513 0.001190074157420895
0.04328978667035699 0.0012198324475320987
0.0432955059222877 0.001219992496771738
0.03884875192306936 0.0010927905332209775
0.0422166904900223 0.0011900284862349508
0.0421983654377982 0.0011895158550032647
0.04329015803523362 0.0012198421973153017
0.04292756202630699 0.0012095164493075572
0.04220211994834244 0.0011896191808773438
0.03959479578770697 0.0011132328072562814
0.0422206757357344 0.0011901406414835947
0.038610370364040136 0.001084489416825818
0.04329283512197435 0.0012199184675409924
0.038213887019082904 0.001072995575668756
0.0382129882927984 0.0010729641835496295
0.04367291019298136 0.0012305399250180926
0.04221377847716212 0.0011899472992809024
0.04218840296380222 0.0011892356560565531
0.0432878453284502 0.0012197785581520293
0.0432946418877691 0.0012199684169900138
0.041586712934076786 0.001172562448118697
0.043295884504914284 0.0012200028795632534
0.04221208894159645 0.0011898997781827347
0.04220161272678524 0.0011896065170731163
0.04328984906896949 0.001219833688082872
0.039857649244368076 0.001118444743042346
0.04329634248279035 0.001220015787112061
0.04329501488246024 0.0012199789089208934
0.04221796430647373 0.0011900643748958828
0.04220344009809196 0.0011896570977114607
0.04051268403418362 0.0011422644511185354
0.042307436699047685 0.0011925659582630033
0.04368875012733042 0.0012309874437050894
0.043277600314468145 0.0012194960727356374
0.0420083892531693 0.001183889908134006
0.04328247788362205 0.0012196276693430264
0.03938555531203747 0.0011013450312020723
0.041801038198173046 0.0011783589434344321
0.03985734889283776 0.0011184383401996456
0.04328274284489453 0.0012196344141557347
0.04328064224682748 0.0012195753879495896
0.040130249224603176 0.0011296050761302467
0.0432937687728554 0.0012199433913337998
0.03942985774483532 0.0011070222408307018
0.042204123572446406 0.0011896777996298624
0.04329278995282948 0.0012199160191812553
0.04329208214767277 0.0012198973854538053
0.04050698387436569 0.001142103887104895
0.041222038911655545 0.0011617087475315202
0.038212559185922146 0.0010729499626904726
0.04221247625537217 0.0011899113942490658
0.042824484407901764 0.0012056023842887953
0.04328866396099329 0.0012198001168144401
0.04328537965193391 0.0012197078176541254
0.03821253660134971 0.0010729488349170424
0.04326109332032502 0.0012190278685011435
0.04221846617292613 0.001190078515719506
0.04328293213620782 0.0012196397401567083
0.04202059400267899 0.0011842486601381097
0.042926348047330976 0.001209482037666021
0.042913560988381505 0.001209123816806823
0.04327548574656248 0.0012194333685329184
0.0412172288633883 0.0011615745461313054
0.0432793446816504 0.0012195390190754551
0.04220689623616636 0.0011897550739377039
0.04293206171132624 0.0012096427999495063
0.04013035772368312 0.00112960759724956
0.04158388706855476 0.0011720143047568854
0.041218516416847706 0.0011616107149166055
0.04330060328356922 0.0012201342906337231
0.04221524531021714 0.0011899883629666874
0.04328859760425985 0.0012197983887745067
0.0429226781707257 0.001209378784551518
0.043266183929517865 0.0012191698042443022
0.03843764029443264 0.0010813272601808421
0.042224278673529625 0.0011902409278263804
0.04328932100906968 0.0012198189906484913
0.04330757143907249 0.0012203296064399183
0.041243251180276275 0.0011623032041825354
0.039858945878222585 0.0011184708419023082
0.04327229596674442 0.001219341327669099
0.04141170089133084 0.001164728164440021
0.043285719351843 0.0012197176583867986
0.04329053102992475 0.0012198527110740542
0.04329350870102644 0.0012199383927509189
0.04290203843265772 0.0012087994837202132
0.042212578118778765 0.0011899138498847606
0.04007483250461519 0.0011276580189587548
0.04333107639104128 0.0012207993713673204
0.04266225884202868 0.001202486630063504
0.04328109044581652 0.0012195898671052419
0.03821639227680862 0.0010730826543294825
0.04299207450821996 0.0012113197517464869
0.03857749002054334 0.0010833492269739509
0.03813585406169295 0.001067314027750399
0.04328837990760803 0.0012197920514154248
0.04328875709325075 0.0012198031217849348
0.038212856044992805 0.001072957536962349
0.04160584812052548 0.0011726290977094322
0.04327802616171539 0.0012195015551696997
0.042236094013787806 0.0011905716437468072
0.04207956790924072 0.0011858865545946173
0.042188252322375774 0.0011892315123986918
0.042215446126647294 0.0011899944547622
0.04222280171234161 0.0011901999205292668
0.03950177086517215 0.0011087539369327715
0.037766825524158776 0.0010315666295355186
0.03959313430823386 0.0011132004292448983
0.04323501163162291 0.0012181132115074433
0.042382591287605464 0.0011946673785132589
0.03857794846408069 0.0010833654087036848
0.043282446917146444 0.00121962622506544
0.040487188613042235 0.0011415487697377102
0.04221662040799856 0.0011900261979462812
0.03821368934586644 0.0010729901769082062
0.03987932903692126 0.0011190604927833192
0.04222015163395554 0.001190125087305205
0.04328730097040534 0.0012197625837870874
0.043530303286388516 0.0012265448458492756
0.04196514724753797 0.0011825278597825672
0.04363844683393836 0.0012295808010094333
0.038648695684969425 0.0010858186324185226
0.042211756808683276 0.0011898908178409329
0.04441944672726095 0.0012414074808475561
0.043294846545904875 0.0012199737611808814
0.042917349841445684 0.001209230689710239
0.04292952688410878 0.0012095710553694516
0.04219649243168533 0.001189464366689208
0.04293557768687606 0.0012097401304345112
0.04218684358056635 0.0011891932317666942
0.042657166020944715 0.0012023441558994818
0.04327654209919274 0.0012194610717415344
0.04220732697285712 0.0011897661079274258
0.0394254878628999 0.00110691602640145
0.04328708769753575 0.0012197557916806545
0.04222179215867072 0.0011901719008164946
0.04346357565373182 0.0012246912410773803
0.04337884648703039 0.0012223223711771425
0.042916005942970514 0.0012091917233192362
0.04329051706008613 0.0012198526928841602
0.04291908908635378 0.0012092802899132948
0.04328301502391696 0.0012196414936624933
0.042925353394821286 0.0012094545054424088
0.043584516854025424 0.0012280728806217667
0.04293028055690229 0.0012095926686015446
0.04052016930654645 0.0011424740841903258
0.043290323577821255 0.0012198475196782965
0.043365633115172386 0.001221952923515346
0.04328792332671583 0.001219779675011523
0.04342656978406012 0.0012236567454237957
0.0422004135325551 0.0011895722927874885
0.042939112754538655 0.001209838857903378
0.04089428763836622 0.0011529276962392032
0.04157429491169751 0.001171744501334615
0.043292055604979396 0.0012198961048852652
0.03985627624206245 0.001118418702390045
0.04156548692844808 0.001171497566247126
0.0422990977531299 0.0011923114379897015
0.04219816892873496 0.0011895125808223384
0.042932170210406184 0.0012096453392587136
0.04293409129604697 0.0012096994214516599
0.043287906562909484 0.0012197790310892742
0.04329269099980593 0.0012199129523651209
0.0426261235261336 0.0012014762742182938
0.04221181327011436 0.0011898935972567415
0.04163369652815163 0.0011734105974028353
0.04051539674401283 0.0011423404703236884
0.04326410801149905 0.0012191101523058023
0.0394292501732707 0.001107007159589557
0.042213828302919865 0.0011899493565579178
0.042219273280352354 0.0011901005145773524
0.04319507465697825 0.001217174925841391
0.04220174520742148 0.001189613303722581
0.04052037186920643 0.001142479155532783
0.03943145216908306 0.0011070612745243125
0.047077804105356336 0.0012613491380761843
0.04327951115556061 0.0012195437011541799
0.043288190849125385 0.0012197882097098045
0.04327218001708388 0.001219338970258832
0.043491719756275415 0.0012254785397090018
0.03857835219241679 0.0010833819396793842
0.04221543134190142 0.0011899930414074333
0.04051022068597376 0.0011421953367971582
0.042932585114613175 0.0012096570135327056
0.038215180626139045 0.0010730412468547001
0.03959256340749562 0.0011131889841635711
0.04291444877162576 0.0012091491698811296
0.04328472004272044 0.0012196900897833984
0.04291775356978178 0.0012092430879420135
0.04013100964948535 0.0011296299599052873
0.04221624613273889 0.0011900162571691908
0.04179344838485122 0.0011778857515309937
0.04328258614987135 0.0012196298230264802
0.04122191318310797 0.001161705884442199
0.04360504436772317 0.0012286306700843852
0.038212519604712725 0.0010729482419264968
0.04219465609639883 0.0011894112813024549
0.04330265102908015 0.0012201922945678234
0.042941777035593987 0.0012099142477381974
0.04221311514265835 0.0011899285582330776
0.04292747541330755 0.0012095143538317643
0.04158508055843413 0.0011720480397343636
0.03943435929249972 0.0011071312164858682
0.0422569903312251 0.0011911542005691445
0.042895052349194884 0.0012086037277185824
0.04292950499802828 0.001209569974889746
0.04293682239949703 0.0012097758226445876
0.04262487846426666 0.0012011828548565973
0.040579288033768535 0.0011441010428825393
0.04333578026853502 0.0012209306441945955
0.04221984383184463 0.0011901164270966547
0.0432713960763067 0.001219316189235542
0.042932319454848766 0.0012096495411242358
0.04330576164647937 0.0012202792531752493
0.04329695738852024 0.0012200318597024307
0.04328157636336982 0.001219601235789014
0.04219609091524035 0.0011894503186340444
0.04292688611894846 0.0012094971752958372
0.03876759740523994 0.0010904330520133954
0.041580266784876585 0.0011719127942342311
0.08324074745178223 0.0020941731054335833
0.043258122401311994 0.0012189427616249304
0.043298624688759446 0.001220078662299784
0.04292823444120586 0.001209534879308194
0.04220823594368994 0.001189791901197168
0.042206459562294185 0.0011897427339135902
0.04197233240120113 0.00118289658712456
0.043294933158904314 0.0012199761367810424
0.043563793413341045 0.0012274932778382208
0.04220786166843027 0.001189781803986989
0.04158367123454809 0.0011720078582584392
0.040506289224140346 0.00114208465856791
0.04351685266010463 0.0012261811789358035
0.04233549640048295 0.0011933506011700956
0.04328288370743394 0.001219638896145625
0.041504421387799084 0.0011691507606883533
0.03845448209904134 0.0010819538038049359
0.043269923655316234 0.0012192749491077848
0.04293134598992765 0.0012096219215891324
0.043284344021230936 0.0012196797470096499
0.04329048306681216 0.0012198514086776413
0.03857813240028918 0.0010833737760549411
0.042793800588697195 0.0012046906667819712
0.04327504802495241 0.0012194186310807709
0.03943497419822961 0.0011071453991462477
0.039433672674931586 0.0011071143089793622
0.03814150299876928 0.001070432786946185
0.04327018745243549 0.0012192823232908268
0.043263415805995464 0.0012190929555799812
0.04329243558458984 0.0012199065458844416
0.042206835467368364 0.0011897528220288223
0.04220738017465919 0.0011897689728357363
0.04327546781860292 0.0012194327136967331
0.04296062909998 0.0012105852547392715
0.03943090350367129 0.001107048055928317
0.04221779725048691 0.0011900596891791793
0.04329232475720346 0.0012199030607007444
0.04328995873220265 0.001219837176904548
0.040505095734260976 0.0011420517257647589
0.040513164130970836 0.0011422772204241483
0.03959475248120725 0.0011132319195894524
0.043288808315992355 0.0012198044096294325
0.042209741310216486 0.0011898332704731729
0.04327237047255039 0.0012193435359222349
0.043264351319521666 0.001219118305016309
0.04108348209410906 0.0011582434981391998
0.04329322837293148 0.001219928188220365
0.04158493806608021 0.0011720434886228759
0.041581301018595695 0.0011719394460669719
0.042214260902255774 0.001189960770716425
0.0394339410122484 0.001107120591768762
0.03772612800821662 0.001027652389893774
0.0424706352641806 0.0011971289932262152
0.04327515326440334 0.0012194208684377372
0.04292743746191263 0.0012095131787646096
0.0395803457358852 0.0011106461242889054
0.042207186692394316 0.0011897626591235166
0.04293350246734917 0.0012096828504581936
0.04293111339211464 0.0012096154532628134
0.04313612903933972 0.0012153483730799053
0.042204114608466625 0.0011896760825038655
0.04013289627619088 0.0011296984266664367
0.039593448396772146 0.0011132058934890665
0.042679982841946185 0.0012029822173644789
0.042223544674925506 0.0011902205769729335
0.043292079819366336 0.0012198967961012386
0.04292526515200734 0.0012094519843230955
0.043273206101730466 0.0012193669608677737
0.04050901113077998 0.0011421611288824352
0.043560562771745026 0.0012274037799215876
0.03991649905219674 0.0011195921615581028
0.04190811258740723 0.0011813582041213522
0.04329161811619997 0.0012198830881970935
0.0394289429532364 0.001107000172851258
0.04221247381065041 0.001189910326502286
0.03810591879300773 0.0010662742679414805
0.04221599386073649 0.0011900096778845182
0.03985579730942845 0.0011184078030055389
0.04220218805130571 0.00118962169290171
0.04221544635947794 0.0011899944584001787
0.042214711545966566 0.0011899728651769692
0.04217356420122087 0.0011888187436852604
0.04334439663216472 0.0012213588852318935
0.04203542158938944 0.0011844971086247824
0.04051362490281463 0.0011422907246014802
0.03874449129216373 0.0010891390884353314
0.04221072408836335 0.0011898614284291398
0.04222033394034952 0.0011901317393494537
0.039857273921370506 0.0011184379436599556
0.04291758383624256 0.001209236590511864
0.038213720778003335 0.0010729903915489558
0.04328593867830932 0.0012197241449030116
0.04221173794940114 0.0011898902903340058
0.043297815369442105 0.001220056688907789
0.04329726425930858 0.0012200413548271172
0.043289605528116226 0.0012198262047604658
0.04222046385984868 0.0011901336820301367
0.04327815771102905 0.001219505942572141
0.04328560712747276 0.0012197146461403463
0.04040082765277475 0.0011390227355150273
0.042215892230160534 0.0011900070185220102
0.043286184314638376 0.001219731890159892
0.038581501226872206 0.001083488910808228
0.04328606487251818 0.0012197279247629922
0.04050044703762978 0.0011419194815971423
0.04329667496494949 0.00122002512216568
0.0422048686305061 0.0011896980886376696
0.042895437218248844 0.0012086161696061026
0.04328331886790693 0.0012196518619020935
0.04013140080496669 0.0011296450174995698
0.08324074745178223 0.0020941731054335833
0.042221904383040965 0.0011901751095138025
0.042220218922011554 0.00119012684081099
0.042457141797058284 0.0011964596851612441
0.08324074745178223 0.0020941731054335833
0.04291371116414666 0.0012091280477761757
0.04569521767552942 0.0012426912217051722
0.03857731679454446 0.0010833436754182912
0.038106749998405576 0.0010663036482583266
0.04329113522544503 0.0012198701515444554
0.042679982841946185 0.0012029822173644789
0.04328608047217131 0.001219729510921752
0.03857629117555916 0.0010833068408828694
0.04328365810215473 0.0012196600109746214
0.043300332967191935 0.0012201272475067526
0.04293184098787606 0.0012096363316231873
0.04219074884895235 0.0011893015089299297
0.04339352482929826 0.0012225454265717417
0.03821293544024229 0.0010729628047556616
0.042679982841946185 0.0012029822173644789
0.04221233236603439 0.0011899070705112536
0.04329826566390693 0.0012200692726764828
0.04329620534554124 0.0012200119490444195
0.042237543035298586 0.0011906129275303101
0.04220338130835444 0.001189655968119041
0.039428234682418406 0.0011069834836234804
0.041608792496845126 0.0011727112068911083
0.04329593083821237 0.0012200041019241326
0.04122973745688796 0.0011619251308729872
0.04222014965489507 0.0011901248872163706
0.04052576899994165 0.0011426311193645233
0.044091906398534775 0.001239393517607823
0.04221510118804872 0.0011899842575076036
0.039855064591392875 0.0011183932183485013
0.043581060715951025 0.0012279666916583665
0.04050612018909305 0.0011420803730288753
0.042215128196403384 0.001189986787721864
0.04158312710933387 0.0011719932008418255
0.0395803457358852 0.0011106461242889054
0.042220442555844784 0.0011901335947186453
0.0432891258969903 0.0012198131007608026
0.03857777314260602 0.0010833590022230055
0.08324074745178223 0.0020941731054335833
0.04292168724350631 0.0012093521800125018
0.04325677012093365 0.0012189062690595165
0.04329370544292033 0.0012199422526464332
0.04022422095295042 0.001132240671722684
0.043580694240517914 0.0012279662623768672
0.04293492855504155 0.0012097221697331406
0.042207567603327334 0.001189773154692375
0.08324074745178223 0.0020941731054335833
0.04347245488315821 0.0012249399187567178
0.04221782519016415 0.0011900609260919737
0.04347022937145084 0.0012248496095708106
0.03943077416624874 0.0011070446562371217
0.03848563530482352 0.0010831141771632247
0.04291230603121221 0.0012090890268154908
0.042937209364026785 0.0012097868166165426
0.04220429330598563 0.0011896814139618073
0.042204551631584764 0.0011896885862370254
0.08324074745178223 0.0020941731054335833
0.04328940459527075 0.0012198214717500377
0.04220598447136581 0.0011897290878550848
0.04221540060825646 0.0011899925139005063
0.043288987362757325 0.0012198091826576274
0.042919302359223366 0.0012092852739442606
0.04329329123720527 0.0012199297671031673
0.03884997148998082 0.0010928325427812524
0.08324074745178223 0.0020941731054335833
0.04335323558188975 0.0012214187736390159
0.04375647380948067 0.0012328810480539687
0.04243389470502734 0.001196084154798882
0.042221297044306993 0.0011901572197530186
0.04290989926084876 0.0012090206691937055
