0.03760914504528046 0.0008268856327049434
0.03760914504528046 0.0008268856327049434
0.03760914504528046 0.0008268856327049434
0.03760914504528046 0.0008268856327049434
0.03760914504528046 0.0008268856327049434
0.03760914504528046 0.0008268856327049434
0.03760914504528046 0.0008268856327049434
0.03760914504528046 0.0008268856327049434
0.03760914504528046 0.0008268856327049434
0.03760914504528046 0.0008268856327049434
0.03760914504528046 0.0008268856327049434
0.03760914504528046 0.0008268856327049434
0.03760914504528046 0.0008268856327049434
0.03760914504528046 0.0008268856327049434
0.03760914504528046 0.0008268856327049434
0.03760914504528046 0.0008268856327049434
0.03760914504528046 0.0008268856327049434
0.03760914504528046 0.0008268856327049434
0.03760914504528046 0.0008268856327049434
0.03760914504528046 0.0008268856327049434
0.03760914504528046 0.0008268856327049434
0.03760914504528046 0.0008268856327049434
0.03760914504528046 0.0008268856327049434
0.03760914504528046 0.0008268856327049434
0.03760914504528046 0.0008268856327049434
0.03760914504528046 0.0008268856327049434
0.03760914504528046 0.0008268856327049434
0.03760914504528046 0.0008268856327049434
0.03760914504528046 0.0008268856327049434
0.03760914504528046 0.0008268856327049434
0.03760914504528046 0.0008268856327049434
0.03760914504528046 0.0008268856327049434
0.03760914504528046 0.0008268856327049434
0.03760914504528046 0.0008268856327049434
0.03760914504528046 0.0008268856327049434
0.03760914504528046 0.0008268856327049434
0.03760914504528046 0.0008268856327049434
0.03760914504528046 0.0008268856327049434
0.042679982841946185 0.0012029822173644789
0.04375647380948067 0.0012328810480539687
0.04375647380948067 0.0012328810480539687
0.08324074745178223 0.0020941731054335833
0.04375647380948067 0.0012328810480539687
0.04375647380948067 0.0012328810480539687
0.04375647380948067 0.0012328810480539687
0.042679982841946185 0.0012029822173644789
0.04375647380948067 0.0012328810480539687
0.04375647380948067 0.0012328810480539687
0.04375647380948067 0.0012328810480539687
0.04375647380948067 0.0012328810480539687
0.043588053551502526 0.0012281986382731702
0.0397363934898749 0.0011162338305439334
0.039586303872056305 0.0011042608421121258
0.04148116591386497 0.0011696555575326784
0.042668300215154886 0.001202627579914406
0.04265701200347394 0.0012023142553516664
0.04174524440895766 0.0011769949160225224
0.04265127028338611 0.0012021545444440562
0.04266427457332611 0.0012025158503092825
0.04147188551723957 0.0011693983378791017
0.04266373359132558 0.0012025012729282025
0.041475124773569405 0.0011694881504809018
0.04157815733924508 0.0011723495681508211
0.041507546324282885 0.001170388306491077
0.04265983810182661 0.0012023926865367685
0.04157556488644332 0.0011722777744580526
0.04375647380948067 0.0012328810480539687
0.04213760350830853 0.0011879030753334519
0.04266426048707217 0.0012025154428556561
0.04256715683732182 0.0011998185764241498
0.04254881222732365 0.0011993093175988179
0.042663751635700464 0.0012025014766550157
0.042552724131383 0.0011994176711596083
0.042292919009923935 0.001191946164908586
0.042665592045523226 0.0012025523174088448
0.04156778543256223 0.0011720612292265287
0.042571153258904815 0.0011999291273241397
0.04266432859003544 0.0012025172582070809
0.04265789734199643 0.001202338531584246
0.042681641527451575 0.0012029981444356963
0.042563748778775334 0.0011997241745120846
0.041587804444134235 0.0011726174598152284
0.042661914601922035 0.0012024501811538357
0.04266320529859513 0.0012024861425743438
0.042679982841946185 0.0012029822173644789
0.042652755859307945 0.0012021958827972412
0.041504460386931896 0.0011703029740601778
0.04256469395477325 0.0011997502406302374
0.04264684161171317 0.00120203092956217
0.04254681430757046 0.001199253325466998
0.0425554116955027 0.0011994923879683483
0.041590216918848455 0.001172684489574749
0.0426578470505774 0.0012023370582028292
0.042663427419029176 0.001202492625452578
0.042663004831410944 0.001202480540086981
0.04265999200288206 0.0012023972376482561
0.042668221052736044 0.0012026254225929733
0.04256344435270876 0.0011997154870186932
0.042663272586651146 0.001202487932459917
0.0415835800813511 0.0011725002386810957
0.04157364112325013 0.001172224159745383
0.0426368952030316 0.0012017557382932864
0.041569099645130336 0.0011720979473466286
0.042548825149424374 0.0011993096632068045
0.04266036895569414 0.0012024072857457213
0.041574861854314804 0.0011722577928594546
0.04254925425630063 0.0011993214175163303
0.046188223524950445 0.0012406367459334433
0.041472652344964445 0.0011694195491145365
0.04157041187863797 0.0011721343798853923
0.04265730222687125 0.0012023218587273732
0.04256165272090584 0.0011996655775874387
0.042561264359392226 0.0011996549255854916
0.04256674984935671 0.0011998073678114451
0.041684934054501355 0.0011750941921491176
0.0422030882909894 0.0011897195181518327
0.04254985717125237 0.0011993382286163978
0.041579228709451854 0.0011723792231350671
0.041481095482595265 0.0011696545207087183
0.039736574864946306 0.0011162371301907115
0.041572148678824306 0.0011721824812411796
0.04266079608350992 0.0012024194329569582
0.042552139377221465 0.0011994015549134929
0.04159377340693027 0.0011727833425538847
0.0426716998917982 0.0012027221418975387
0.04256272583734244 0.0011996954526694026
0.04255363834090531 0.0011994432352366857
0.04255264566745609 0.001199415884912014
0.04154602100607008 0.0011714568972820416
0.041467971401289105 0.0011692894440784585
0.04265637730713934 0.0012022963528579567
0.04147836228366941 0.0011695779739966383
0.041560411802493036 0.0011718567311618244
0.04199929756578058 0.0011840579536510631
0.04147249006200582 0.0011694147851812886
0.042618501582182944 0.0012012443039566278
0.042638994520530105 0.0012018134802929126
0.04255086532793939 0.0011993662374152336
0.04097139206714928 0.0011555309829418547
0.04255513474345207 0.001199484755488811
0.04375647380948067 0.0012328810480539687
0.042679982841946185 0.0012029822173644789
0.04263054707553238 0.0012015790453006048
0.04263630893547088 0.0012017389744869433
0.04185120377223939 0.0011799562453234103
0.04255459678824991 0.001199469857965596
0.04265939851757139 0.001202380568429362
0.04254988033790141 0.0011993387124675792
0.0425471558701247 0.0011992634281341452
0.04258664231747389 0.001200359569338616
0.042648122645914555 0.0012020670546917245
0.04147045686841011 0.001169358938568621
0.04266758041922003 0.001202607305458514
0.04346805321983993 0.0012248624479980208
0.04375647380948067 0.0012328810480539687
0.0415862079244107 0.0011725730673788348
0.0414820242440328 0.0011696798010234488
0.04148654465097934 0.001169805218523834
0.0425655955914408 0.0011997750552836806
0.042651370516978204 0.0012021867642033612
0.04266548063606024 0.0012025492251268588
0.04255549737717956 0.0011994948108622339
0.04184793995227665 0.0011798520499723963
0.04338842479046434 0.0012226495309732854
0.041578150005079806 0.0011723493098543258
0.04265425726771355 0.0012022374830849003
0.042563987197354436 0.0011997308101854287
0.042585182236507535 0.0012003189876850229
0.04256105422973633 0.0011996485591225792
0.042548509198240936 0.0011993006628472358
0.042679982841946185 0.0012029822173644789
0.042640558909624815 0.001201856939587742
0.042663536383770406 0.0012024953502987046
0.04158731852658093 0.001172603981103748
0.04158787499181926 0.001172619382487028
0.041485761757940054 0.0011697838617692469
0.04141749220434576 0.0011678897371893981
0.04267434834036976 0.0012027955272060353
0.04266104300040752 0.0012024258976452984
0.03867020644247532 0.0010868328281503636
0.042556624044664204 0.0011995260028925259
0.04266020155046135 0.0012024026400467847
0.0415807367535308 0.0011724210089596454
0.04157789284363389 0.0011723421521310229
0.042657596757635474 0.0012023304116155487
0.042820985545404255 0.0012068751821061596
0.04159336653538048 0.0011727721757779364
0.04217625723686069 0.0011889777324540773
0.04147882177494466 0.0011695910525304498
0.04255956446286291 0.001199607489979826
0.04162805143278092 0.0011737655986507889
0.042544585070572793 0.0011991914943791926
0.04266470787115395 0.001202528041176265
0.04265991074498743 0.0012023950112052262
0.042663171887397766 0.0012024850620946381
0.04158272431232035 0.0011724762389349053
0.04159219877328724 0.001172739737739903
0.04368442436680198 0.0012308779369050171
0.041472944198176265 0.0011694278327922802
0.04255672392901033 0.0011995288514299318
0.038659399608150125 0.0010863092629733728
0.04254623409360647 0.0011992373292741831
0.042679982841946185 0.0012029822173644789
0.04375647380948067 0.0012328810480539687
0.042565744603052735 0.0011997794354101643
0.04159699531737715 0.0011728727622539736
0.04146907234098762 0.0011693203759932658
0.04255559528246522 0.0011994975575362332
0.04254761408083141 0.0011992759064014535
0.04375647380948067 0.0012328810480539687
0.0425549098290503 0.0011994782435067464
0.042679982841946185 0.0012029822173644789
0.0414700242690742 0.0011693466349242954
0.04295045812614262 0.0012104741035727784
0.04255707538686693 0.0011995386812486686
0.04266567644663155 0.0012025547548546456
0.042954757693223655 0.00121059193770634
0.040993308648467064 0.001156123073087656
0.04192720097489655 0.0011820535055449
0.04264779121149331 0.0012020579015370458
0.0426691637840122 0.001202651510538999
0.04266350355464965 0.0012024944408040028
0.041478201863355935 0.0011695735902321758
0.042661685263738036 0.0012024438146909233
0.041582220466807485 0.0011724624146154383
0.04254323150962591 0.001199154223286314
0.042651327908970416 0.001202156283397926
0.04266518785152584 0.0012025412361253984
0.042679982841946185 0.0012029822173644789
0.041586759383790195 0.0011725885215128073
0.042660364182665944 0.0012024072493659332
0.0421799240866676 0.0011890778841916472
0.04265876009594649 0.0012023625895380974
0.04266725282650441 0.001202598366944585
0.04148068104404956 0.0011696425281115808
0.04257481242530048 0.0012000311908195727
0.042552895727567375 0.0011994229898846243
0.03824857424478978 0.0010736779040598776
0.04757685982622206 0.0013064421218587086
0.04312792117707431 0.0012154080941400025
0.04254487017169595 0.0011991998289886396
0.04375647380948067 0.0012328810480539687
0.04267008975148201 0.0012026772674289532
0.042292999918572605 0.0011919484240934253
0.04158134514000267 0.0011724381183739752
0.04266473778989166 0.0012025284158880822
0.042656958336010575 0.0012023126873828005
0.042655559605918825 0.0012022737864754163
0.04157296079210937 0.0011722050949174445
0.04255455615930259 0.0011994686938123778
0.04256340197753161 0.0011997142537438776
0.04263937589712441 0.001201824165036669
0.04265873448457569 0.00120236188013223
0.04159415699541569 0.0011727940509445034
0.042679982841946185 0.0012029822173644789
0.042560290079563856 0.0011996280954917893
0.041489941999316216 0.0011698998605425004
0.04147166642360389 0.001169392176961992
0.042660957551561296 0.001202423813083442
0.042976871598511934 0.0012112067197449505
0.042670211871154606 0.0012026806980429683
0.04157916782423854 0.001172377396869706
0.041969590121880174 0.0011832319469249342
0.04209360515233129 0.0011866802487929817
0.03975593612994999 0.0011165972864546347
0.04158482851926237 0.0011725664226105437
0.04147883807308972 0.0011695912144205067
0.04148625733796507 0.0011697973841364728
0.04255675582680851 0.0011995294225926045
0.041576973628252745 0.001172316464362666
0.042659744271077216 0.0012023905146634206
0.0426649214932695 0.001202533625473734
0.04255356395151466 0.0011994411106570624
0.04147546284366399 0.0011694979493768187
0.04257486236747354 0.0012000319329672493
0.04148279584478587 0.0011697011159412796
0.042679982841946185 0.0012029822173644789
0.041663373238407075 0.0011747209209715948
0.042667315690778196 0.0012026002223137766
0.04158241662662476 0.001172467664218857
0.04267087182961404 0.0012026991826132871
0.04265349288471043 0.0012022162518405821
0.042665402754209936 0.001202547184220748
0.0426717750960961 0.001202724306494929
0.04375647380948067 0.0012328810480539687
0.04233067121822387 0.0011932707257074071
0.040293887723237276 0.0011302093334961683
0.0414840899175033 0.0011697372574417386
0.04149139695800841 0.0011699408059939742
0.042566856485791504 0.0011998104127997067
0.042969011585228145 0.0012107441616535652
0.03975467546842992 0.0011165741379954852
0.04148680530488491 0.0011698127455019858
0.04138157807756215 0.0011668937222566456
0.04256324272137135 0.0011997097099083476
0.04149239987600595 0.0011699679416778963
0.04148110991809517 0.0011696549190673977
0.0426719767274335 0.0012027596403640928
0.04257026722189039 0.0011999049092992209
0.042664821492508054 0.0012025310388708021
0.042671786271966994 0.0012027244265482295
0.04149512911681086 0.0011700435279635713
0.04255579854361713 0.001199503050884232
0.04255762055981904 0.0011995537643088028
0.04267728643026203 0.0012028771416225936
0.0423569071572274 0.0011940001386392396
0.04067683685570955 0.0011473421382106608
0.04148260992951691 0.0011696961628331337
0.04265419696457684 0.0012022359514958225
0.04305896523874253 0.0012132439187553246
0.04256955999881029 0.0011998851005046163
0.042628604685887694 0.0012015251668344717
0.04320879094302654 0.0012176544187241234
0.04375647380948067 0.0012328810480539687
0.04229879495687783 0.001192109350085957
0.04375647380948067 0.0012328810480539687
0.042292338446713984 0.0011919300632143859
0.04265445645432919 0.0012022724786220351
0.04145651182625443 0.0011689717448462034
0.042679982841946185 0.0012029822173644789
0.04266793839633465 0.0012026174408674706
0.04375647380948067 0.0012328810480539687
0.042679982841946185 0.0012029822173644789
0.042679982841946185 0.0012029822173644789
0.04375647380948067 0.0012328810480539687
0.04270893300417811 0.0012037573615089059
0.04302811226807535 0.0012126314068154898
0.041569133405573666 0.0011720989514287794
0.04154857306275517 0.00117152792881825
0.04147159936837852 0.0011693900123646017
0.04277303989510983 0.001205539705551928
0.0415871636942029 0.001172599568235455
0.04157942475285381 0.0011723845873348182
0.046746494132094085 0.001256126783118816
0.04266070143785328 0.001202416700834874
0.04375647380948067 0.0012328810480539687
0.042646071524359286 0.0012020101748930756
0.042579496395774186 0.0012001613249594811
0.04757685982622206 0.0013064421218587086
0.04375647380948067 0.0012328810480539687
0.04266616783570498 0.0012025682517560199
0.04158366401679814 0.0011725023923645495
0.041578551405109465 0.0011723602947313339
0.04255276231560856 0.0011994189080724027
0.042665693210437894 0.0012025556279695593
0.04254477587528527 0.0011991972860414535
0.04266537260264158 0.0012025467221974395
0.04146694205701351 0.0011692613170453114
0.03921182232443243 0.0010968989990942646
0.042679982841946185 0.0012029822173644789
0.04265743715222925 0.0012023260533169378
0.04156957764644176 0.0011721111932274653
0.04223256325349212 0.001190535938803805
0.04259314096998423 0.0012005400531052146
0.041594720678403974 0.0011728096960723633
0.04254243883769959 0.0011991321225650609
0.04157997330185026 0.0011723999577952782
0.042562045622617006 0.001199676851683762
0.042679982841946185 0.0012029822173644789
0.0426627459237352 0.001202473220473621
0.042648181319236755 0.0012020687827316578
0.042558824992738664 0.0011995871136605274
0.04161696613300592 0.0011734579966287129
0.04375647380948067 0.0012328810480539687
0.04158008028753102 0.0011724027863238007
0.04375647380948067 0.0012328810480539687
0.042679982841946185 0.0012029822173644789
0.046739241923205554 0.0012559254391817376
0.042668781243264675 0.001202640967676416
0.03867017396260053 0.0010868315112020355
0.04266050294972956 0.0012024110910715535
0.04336848051752895 0.0012220949392940383
0.0383770486805588 0.0010763768950710073
0.04266550880856812 0.0012025498290313408
0.04375647380948067 0.0012328810480539687
0.04365449084434658 0.001230045992997475
0.04266414442099631 0.0012025123251078185
0.0422298681223765 0.0011904689545190195
0.04375647380948067 0.0012328810480539687
0.042679982841946185 0.0012029822173644789
0.04265960620250553 0.0012023863673675805
0.04219646914862096 0.0011892675320268609
0.042500438867136836 0.0011979909395449795
0.04256453621201217 0.001199745740450453
0.04266870452556759 0.0012026390795654152
0.042661202722229064 0.0012024303468933795
0.04157952521927655 0.0011723874922608957
0.0425471889320761 0.0011992640247626696
0.0426561402855441 0.0012022900045849383
0.04266770032700151 0.0012026109943690244
0.04149017529562116 0.0011699062542902539
0.042567528085783124 0.0011998290865449235
0.04248563281726092 0.001197579387735459
0.042679982841946185 0.0012029822173644789
0.041559353237971663 0.0011718270961864619
0.042543374467641115 0.0011991582905466203
0.04254951060283929 0.0011993286352662835
0.046756318071857095 0.0012563992604555096
0.04156708880327642 0.001172042051621247
0.04254505562130362 0.0011992050349363126
0.04673032322898507 0.0012556778456200846
0.042679982841946185 0.0012029822173644789
0.043146550306119025 0.0012156795201008208
0.04266417457256466 0.0012025134055875242
0.04148426163010299 0.001169742095953552
0.04157399688847363 0.001172234053228749
0.04257126629818231 0.0011999326015939005
0.03975463111419231 0.001116573050239822
0.042679982841946185 0.0012029822173644789
0.04342384519986808 0.0012236331822350621
0.04375647380948067 0.0012328810480539687
0.040707179345190525 0.001148184584963019
0.042221906245686114 0.0011902401893166825
0.041576210292987525 0.0011722956660378259
0.04147202696185559 0.0011694021959556267
0.04682986461557448 0.0012810230437025893
0.04267789714504033 0.00120289420010522
0.041866515297442675 0.0011803661818703404
0.04266540671233088 0.0012025473188259639
0.04266842547804117 0.0012026339245494455
0.043599493452347815 0.0012285170851100702
0.04255083086900413 0.0011993649168289267
0.042286257492378354 0.0011917612355318852
0.04158338310662657 0.0011724946562026162
0.04172716778703034 0.001176492569356924
0.04261416685767472 0.0012011243743472733
0.04149217519443482 0.0011699616043188144
0.04157691868022084 0.001172315180156147
0.04257041611708701 0.0011999091148027219
0.042808574042283 0.0012065275841450784
0.041584450751543045 0.0011725245603884105
0.042416243464685977 0.0011956502094108146
0.04375647380948067 0.0012328810480539687
0.04256050009280443 0.0011996337525488343
0.042659809812903404 0.001202391940751113
0.041584771941415966 0.0011725336989911739
0.04156903480179608 0.0011720961210812675
0.04347408749163151 0.0012250301188032608
0.04266195313539356 0.0012024512652715202
0.04255405894946307 0.0011994549058726989
0.043659802759066224 0.0012301934002607595
0.042559409397654235 0.0011996064677077811
0.04255237220786512 0.0011994084234174807
0.04148252378217876 0.0011696935707732337
0.04284124285914004 0.0012074376099917572
0.04264892323408276 0.0012020892281725537
0.041587140411138535 0.0011725991953426274
0.04256508522666991 0.0011997610308753792
0.04375647380948067 0.0012328810480539687
0.04255540075246245 0.0011994920387223829
0.04255160328466445 0.0011993866792181507
0.04230569279752672 0.0011925763501494657
0.041635375120677054 0.0011739401506929426
0.04157277836930007 0.001172200116343447
0.04229517583735287 0.0011920087235921528
0.04375647380948067 0.0012328810480539687
0.04156662116292864 0.0011720289912773296
0.04674721788614988 0.0012561470794025809
0.042545012198388577 0.0011992034524155315
0.04257300542667508 0.001199980812089052
0.04375647380948067 0.0012328810480539687
0.043465786846354604 0.0012247994891367853
0.04262623249087483 0.0012014878175250487
0.03984153107739985 0.001118767999287229
0.04157672601286322 0.0011723096959030954
0.04256404680199921 0.001199732447275892
0.04254968813620508 0.001199333528347779
0.042572461534291506 0.001199965878186049
0.041735715232789516 0.0011767530559154693
0.04300020996015519 0.0012118551421735901
0.04146964324172586 0.0011693359156197403
0.04264944244641811 0.001202103612740757
0.04673138284124434 0.0012557075169752352
0.04266612499486655 0.0012025671821902506
0.04333716898690909 0.0012212247420393396
0.04148200433701277 0.0011696790079440689
0.04266056034248322 0.0012024124989693519
0.04152488545514643 0.0011709035061358009
0.04255685571115464 0.0011995324930467177
0.04265796078834683 0.001202340681629721
0.04253007541410625 0.0011987927937298082
0.04264971555676311 0.0012021114125673193
0.04256207146681845 0.0011996773428109009
0.04254274012055248 0.0011991405590379145
0.04255281388759613 0.001199420428747544
0.04187910002656281 0.001180716008093441
0.041586570092476904 0.001172583011793904
0.04264370340388268 0.0012019443674944341
0.042557932320050895 0.0011995623572147451
0.04264774406328797 0.0012020563553960528
0.042667866800911725 0.0012026152544422075
0.04266633547376841 0.0012025733485643286
0.04158873180858791 0.0011726433185685892
0.04264731251168996 0.0012020446120004635
0.04254944948479533 0.0011993268562946469
0.04266904399264604 0.001202648494654568
0.04157701542135328 0.0011723177922249306
0.042659790022298694 0.0012023913259326946
0.04158242174889892 0.0011724682699423283
