0.04201098717749119 0.0013571098679676652
0.036719647236168385 0.0011293856368865818
0.04201098717749119 0.0013571098679676652
0.04201098717749119 0.0013571098679676652
0.054442163556814194 0.001547767868032679
0.04201098717749119 0.0013571098679676652
0.03659897856414318 0.0011260144237894565
0.04201098717749119 0.0013571098679676652
0.03659897856414318 0.0011260144237894565
0.03801487945020199 0.001174422970507294
0.04201098531484604 0.0013571098388638347
0.035732059739530087 0.0008024688686418813
0.04201098531484604 0.0013571098388638347
0.05610109679400921 0.0016501086356583983
0.04201098717749119 0.0013571098679676652
0.04201098531484604 0.0013571098388638347
0.0521372789517045 0.001462013548007235
0.03659897856414318 0.0011260144237894565
0.03793083969503641 0.0011692385014612228
0.0521372789517045 0.001462013548007235
0.054442163556814194 0.001547767868032679
0.04201098717749119 0.0013571098679676652
0.04201098717749119 0.0013571098679676652
0.05610109679400921 0.0016501086356583983
0.036719647236168385 0.0011293856368865818
0.03616977762430906 0.0010605707648210227
0.03801487945020199 0.001174422970507294
0.03801487945020199 0.001174422970507294
0.036719647236168385 0.0011293856368865818
0.0420174403116107 0.001358126668492332
0.03616977762430906 0.0010605707648210227
0.03616977762430906 0.0010605707648210227
0.050682635977864265 0.0014179964200593531
0.050682635977864265 0.0014179964200593531
0.041481295600533485 0.0012840063427574933
0.041481295600533485 0.0012840063427574933
0.041481295600533485 0.0012840063427574933
0.05519369151443243 0.0015633485454600304
0.05519369151443243 0.0015633485454600304
0.05519369151443243 0.0015633485454600304
0.0383785804733634 0.001231726404512301
0.04197429958730936 0.0013567071582656354
0.054442163556814194 0.001547767868032679
0.05519369151443243 0.0015633485454600304
0.036592526361346245 0.00112499765236862
0.05519369151443243 0.0015633485454600304
0.04148129653185606 0.0012840063718613237
0.038078210316598415 0.0011766090174205601
0.055193690583109856 0.0015633485163562
0.05605795606970787 0.0016486891254317015
0.036719647236168385 0.0011293856368865818
0.036719647236168385 0.0011293856368865818
0.036598979495465755 0.001126014452893287
0.041933401487767696 0.0013529422285500914
0.03831394948065281 0.0012295997876208276
0.041933401487767696 0.0013529422285500914
0.03678943123668432 0.0011325884843245149
0.03817387390881777 0.0012231707805767655
0.041933401487767696 0.0013529422285500914
0.03678943123668432 0.0011325884843245149
0.036598979495465755 0.001126014452893287
0.03616977762430906 0.0010605707648210227
0.03817387390881777 0.0012231707805767655
0.04197430144995451 0.0013567072164732963
0.037930840626358986 0.0011692385305650532
0.04201098717749119 0.0013571098679676652
0.041933401487767696 0.0013529422285500914
0.037930840626358986 0.0011692385305650532
0.03817387390881777 0.0012231707805767655
0.041933401487767696 0.0013529422285500914
0.04197430144995451 0.0013567072164732963
0.041933401487767696 0.0013529422285500914
0.036719647236168385 0.0011293856368865818
0.05519369151443243 0.0015633485454600304
0.03831394948065281 0.0012295997876208276
0.041933401487767696 0.0013529422285500914
0.03801487945020199 0.001174422970507294
0.041933401487767696 0.0013529422285500914
0.05676858592778444 0.001660504873143509
0.036719647236168385 0.0011293856368865818
0.03817387390881777 0.0012231707805767655
0.03678943123668432 0.0011325884843245149
0.041933401487767696 0.0013529422285500914
0.0420174403116107 0.001358126668492332
0.050682635977864265 0.0014179964200593531
0.041933401487767696 0.0013529422285500914
0.03678943123668432 0.0011325884843245149
0.041933401487767696 0.0013529422285500914
0.03831394948065281 0.0012295997876208276
0.050682635977864265 0.0014179964200593531
0.041933401487767696 0.0013529422285500914
0.04197430144995451 0.0013567072164732963
0.037930840626358986 0.0011692385305650532
0.036739055067300797 0.001132443459937349
0.036739055067300797 0.001132443459937349
0.041933401487767696 0.0013529422285500914
0.05676858592778444 0.001660504873143509
0.03840522561222315 0.0012335097999311984
0.041933401487767696 0.0013529422285500914
0.03616977762430906 0.0010605707648210227
0.041933401487767696 0.0013529422285500914
0.050682635977864265 0.0014179964200593531
0.041933401487767696 0.0013529422285500914
0.03678943123668432 0.0011325884843245149
0.03831394948065281 0.0012295997876208276
0.041933401487767696 0.0013529422285500914
0.036739055067300797 0.001132443459937349
0.03817387390881777 0.0012231707805767655
0.041933401487767696 0.0013529422285500914
0.041933401487767696 0.0013529422285500914
0.03817387390881777 0.0012231707805767655
0.03817387390881777 0.0012231707805767655
0.041933401487767696 0.0013529422285500914
0.037930840626358986 0.0011692385305650532
0.03831394948065281 0.0012295997876208276
0.036598979495465755 0.001126014452893287
0.03678943123668432 0.0011325884843245149
0.03801487945020199 0.001174422970507294
0.041933401487767696 0.0013529422285500914
0.03678943123668432 0.0011325884843245149
0.03678943123668432 0.0011325884843245149
0.036598979495465755 0.001126014452893287
0.03831394948065281 0.0012295997876208276
0.041933401487767696 0.0013529422285500914
0.03678943123668432 0.0011325884843245149
0.036739055067300797 0.001132443459937349
0.041933401487767696 0.0013529422285500914
0.041933401487767696 0.0013529422285500914
0.036719647236168385 0.0011293856368865818
0.050682635977864265 0.0014179964200593531
0.05573094263672829 0.0015917884011287242
0.05056238453835249 0.0013648572203237563
0.03678943123668432 0.0011325884843245149
0.036739055067300797 0.001132443459937349
0.05056238453835249 0.0013648572203237563
0.036598979495465755 0.001126014452893287
0.03831394948065281 0.0012295997876208276
0.03678943123668432 0.0011325884843245149
0.03678943123668432 0.0011325884843245149
0.03817387390881777 0.0012231707805767655
0.05519369151443243 0.0015633485454600304
0.03831394948065281 0.0012295997876208276
0.041933401487767696 0.0013529422285500914
0.03678943123668432 0.0011325884843245149
0.041933401487767696 0.0013529422285500914
0.037930840626358986 0.0011692385305650532
0.03678943123668432 0.0011325884843245149
0.036598979495465755 0.001126014452893287
0.03678943123668432 0.0011325884843245149
0.04197430144995451 0.0013567072164732963
0.03678943123668432 0.0011325884843245149
0.04197430144995451 0.0013567072164732963
0.036598979495465755 0.001126014452893287
0.036598979495465755 0.001126014452893287
0.03817387390881777 0.0012231707805767655
0.03678943123668432 0.0011325884843245149
0.04197430144995451 0.0013567072164732963
0.041933401487767696 0.0013529422285500914
0.03678943123668432 0.0011325884843245149
0.03831394948065281 0.0012295997876208276
0.03678943123668432 0.0011325884843245149
0.041933401487767696 0.0013529422285500914
0.04148129653185606 0.0012840063718613237
0.03678943030536175 0.0011325884552206844
0.037930840626358986 0.0011692385305650532
0.04197430144995451 0.0013567072164732963
0.041509538888931274 0.0012883783492725343
0.041933401487767696 0.0013529422285500914
0.05573094263672829 0.0015917884011287242
0.055193690583109856 0.0015633485163562
0.03817387390881777 0.0012231707805767655
0.041933401487767696 0.0013529422285500914
0.03817387390881777 0.0012231707805767655
0.05519369151443243 0.0015633485454600304
0.03831394948065281 0.0012295997876208276
0.036598979495465755 0.001126014452893287
0.041933401487767696 0.0013529422285500914
0.041933401487767696 0.0013529422285500914
0.041933401487767696 0.0013529422285500914
0.036739055067300797 0.001132443459937349
0.03678943123668432 0.0011325884843245149
0.03817387390881777 0.0012231707805767655
0.03678943123668432 0.0011325884843245149
0.036739055067300797 0.001132443459937349
0.03817387390881777 0.0012231707805767655
0.03678943123668432 0.0011325884843245149
0.041933401487767696 0.0013529422285500914
0.037930840626358986 0.0011692385305650532
0.041933401487767696 0.0013529422285500914
0.05676858592778444 0.001660504873143509
0.03678943123668432 0.0011325884843245149
0.041933401487767696 0.0013529422285500914
0.03678943123668432 0.0011325884843245149
0.036739055067300797 0.001132443459937349
0.03831394948065281 0.0012295997876208276
0.036739055067300797 0.001132443459937349
0.041933401487767696 0.0013529422285500914
0.03678943123668432 0.0011325884843245149
0.03831394948065281 0.0012295997876208276
0.03678943123668432 0.0011325884843245149
0.041933401487767696 0.0013529422285500914
0.03817387390881777 0.0012231707805767655
0.03831394948065281 0.0012295997876208276
0.037930840626358986 0.0011692385305650532
0.03840522561222315 0.0012335097999311984
0.041933401487767696 0.0013529422285500914
0.03678943123668432 0.0011325884843245149
0.04148129653185606 0.0012840063718613237
0.04193340055644512 0.001352942199446261
0.0420174403116107 0.001358126668492332
0.037803719751536846 0.0011648505460470915
0.036739055067300797 0.001132443459937349
0.03817387390881777 0.0012231707805767655
0.036598979495465755 0.001126014452893287
0.05519369151443243 0.0015633485454600304
0.036739055067300797 0.001132443459937349
0.03678943123668432 0.0011325884843245149
0.04197430144995451 0.0013567072164732963
0.05056238453835249 0.0013648572203237563
0.03831394948065281 0.0012295997876208276
0.03678943123668432 0.0011325884843245149
0.05162461567670107 0.0014401511289179325
0.041933401487767696 0.0013529422285500914
0.04201098717749119 0.0013571098679676652
0.054442163556814194 0.001547767868032679
0.05444216262549162 0.0015477678389288485
0.04197430144995451 0.0013567072164732963
0.041933401487767696 0.0013529422285500914
0.03817387390881777 0.0012231707805767655
0.03678943123668432 0.0011325884843245149
0.041933401487767696 0.0013529422285500914
0.03801487945020199 0.001174422970507294
0.041933401487767696 0.0013529422285500914
0.041933401487767696 0.0013529422285500914
0.05676858592778444 0.001660504873143509
0.036739055067300797 0.001132443459937349
0.04197430144995451 0.0013567072164732963
0.041933401487767696 0.0013529422285500914
0.03678943123668432 0.0011325884843245149
0.036719647236168385 0.0011293856368865818
0.04193340055644512 0.001352942199446261
0.04193340055644512 0.001352942199446261
0.05676858592778444 0.001660504873143509
0.05598084535449743 0.0015969694359228015
0.03678943123668432 0.0011325884843245149
0.041933401487767696 0.0013529422285500914
0.036598979495465755 0.001126014452893287
0.041933401487767696 0.0013529422285500914
0.03678943123668432 0.0011325884843245149
0.04197430144995451 0.0013567072164732963
0.041933401487767696 0.0013529422285500914
0.036739055067300797 0.001132443459937349
0.036739055067300797 0.001132443459937349
0.03840522561222315 0.0012335097999311984
0.036598979495465755 0.001126014452893287
0.036592526361346245 0.00112499765236862
0.03579200804233551 0.0010010893165599555
0.04148129653185606 0.0012840063718613237
0.04193340055644512 0.001352942199446261
0.04197430144995451 0.0013567072164732963
0.041933401487767696 0.0013529422285500914
0.05162461567670107 0.0014401511289179325
0.036739055067300797 0.001132443459937349
0.036739055067300797 0.001132443459937349
0.05610109679400921 0.0016501086356583983
0.041933401487767696 0.0013529422285500914
0.03817387390881777 0.0012231707805767655
0.038078210316598415 0.0011766090174205601
0.03817387390881777 0.0012231707805767655
0.04197430144995451 0.0013567072164732963
0.037930840626358986 0.0011692385305650532
0.041933401487767696 0.0013529422285500914
0.036739055067300797 0.001132443459937349
0.037930840626358986 0.0011692385305650532
0.0420174403116107 0.001358126668492332
0.03801487945020199 0.001174422970507294
0.036598979495465755 0.001126014452893287
0.054442163556814194 0.001547767868032679
0.05162461567670107 0.0014401511289179325
0.036739055067300797 0.001132443459937349
0.04197430144995451 0.0013567072164732963
0.054442163556814194 0.001547767868032679
0.04201098717749119 0.0013571098679676652
0.041933401487767696 0.0013529422285500914
0.03678943123668432 0.0011325884843245149
0.036739055067300797 0.001132443459937349
0.03831394948065281 0.0012295997876208276
0.04193340055644512 0.001352942199446261
0.04148129653185606 0.0012840063718613237
0.041933401487767696 0.0013529422285500914
0.05519369151443243 0.0015633485454600304
0.03678943123668432 0.0011325884843245149
0.036739055067300797 0.001132443459937349
0.04197430144995451 0.0013567072164732963
0.04197430144995451 0.0013567072164732963
0.037930840626358986 0.0011692385305650532
0.05470502097159624 0.0015549899253528565
0.036598979495465755 0.001126014452893287
0.03817387390881777 0.0012231707805767655
0.03831394948065281 0.0012295997876208276
0.036598979495465755 0.001126014452893287
0.041933401487767696 0.0013529422285500914
0.03678943123668432 0.0011325884843245149
0.037930840626358986 0.0011692385305650532
0.041933401487767696 0.0013529422285500914
0.041933401487767696 0.0013529422285500914
0.036598979495465755 0.001126014452893287
0.03678943123668432 0.0011325884843245149
0.041933401487767696 0.0013529422285500914
0.03678943123668432 0.0011325884843245149
0.037930840626358986 0.0011692385305650532
0.04197430144995451 0.0013567072164732963
0.041933401487767696 0.0013529422285500914
0.04197430144995451 0.0013567072164732963
0.0420174403116107 0.001358126668492332
0.036739055067300797 0.001132443459937349
0.036598979495465755 0.001126014452893287
0.05610109679400921 0.0016501086356583983
0.041933401487767696 0.0013529422285500914
0.04197430144995451 0.0013567072164732963
0.036598979495465755 0.001126014452893287
0.037930840626358986 0.0011692385305650532
0.050682635977864265 0.0014179964200593531
0.03831394948065281 0.0012295997876208276
0.03840522561222315 0.0012335097999311984
0.050682635977864265 0.0014179964200593531
0.041933401487767696 0.0013529422285500914
0.0420174403116107 0.001358126668492332
0.041933401487767696 0.0013529422285500914
0.04148129653185606 0.0012840063718613237
0.03793083969503641 0.0011692385014612228
0.03678943123668432 0.0011325884843245149
0.037930840626358986 0.0011692385305650532
0.036598979495465755 0.001126014452893287
0.03817387390881777 0.0012231707805767655
0.041933401487767696 0.0013529422285500914
0.03678943123668432 0.0011325884843245149
0.037930840626358986 0.0011692385305650532
0.0419463561847806 0.0013549832510761917
0.03831394948065281 0.0012295997876208276
0.03678943123668432 0.0011325884843245149
0.03817387390881777 0.0012231707805767655
0.036739055067300797 0.001132443459937349
0.05610109679400921 0.0016501086356583983
0.041933401487767696 0.0013529422285500914
0.03678943123668432 0.0011325884843245149
0.036598979495465755 0.001126014452893287
0.03840522561222315 0.0012335097999311984
0.03678943123668432 0.0011325884843245149
0.041933401487767696 0.0013529422285500914
0.04201098717749119 0.0013571098679676652
0.054442163556814194 0.001547767868032679
0.03678943123668432 0.0011325884843245149
0.041933401487767696 0.0013529422285500914
0.041933401487767696 0.0013529422285500914
0.04197430144995451 0.0013567072164732963
0.050682635977864265 0.0014179964200593531
0.03678943123668432 0.0011325884843245149
0.041933401487767696 0.0013529422285500914
0.037930840626358986 0.0011692385305650532
0.04197430144995451 0.0013567072164732963
0.03678943123668432 0.0011325884843245149
0.041933401487767696 0.0013529422285500914
0.041933401487767696 0.0013529422285500914
0.03678943123668432 0.0011325884843245149
0.03678943123668432 0.0011325884843245149
0.041933401487767696 0.0013529422285500914
0.041933401487767696 0.0013529422285500914
0.03831394948065281 0.0012295997876208276
0.04197430144995451 0.0013567072164732963
0.037930840626358986 0.0011692385305650532
0.041933401487767696 0.0013529422285500914
0.041933401487767696 0.0013529422285500914
0.037930840626358986 0.0011692385305650532
0.041933401487767696 0.0013529422285500914
0.03678943123668432 0.0011325884843245149
0.041933401487767696 0.0013529422285500914
0.03579962346702814 0.0010022505302913487
0.04201098717749119 0.0013571098679676652
0.05605795793235302 0.0016486891836393625
0.041933401487767696 0.0013529422285500914
0.03678943123668432 0.0011325884843245149
0.041933401487767696 0.0013529422285500914
0.0420174403116107 0.001358126668492332
0.05610109679400921 0.0016501086356583983
0.04148129653185606 0.0012840063718613237
0.04193340055644512 0.001352942199446261
0.041933401487767696 0.0013529422285500914
0.04197430144995451 0.0013567072164732963
0.03831394948065281 0.0012295997876208276
0.037930840626358986 0.0011692385305650532
0.041933401487767696 0.0013529422285500914
0.03678943123668432 0.0011325884843245149
0.03817387390881777 0.0012231707805767655
0.03678943123668432 0.0011325884843245149
0.036598979495465755 0.001126014452893287
0.041933401487767696 0.0013529422285500914
0.05676858592778444 0.001660504873143509
0.041933401487767696 0.0013529422285500914
0.05056238453835249 0.0013648572203237563
0.03678943123668432 0.0011325884843245149
0.04197430144995451 0.0013567072164732963
0.036739055067300797 0.001132443459937349
0.04201098717749119 0.0013571098679676652
0.041933401487767696 0.0013529422285500914
0.04197430144995451 0.0013567072164732963
0.041933401487767696 0.0013529422285500914
0.036719647236168385 0.0011293856368865818
0.03678943123668432 0.0011325884843245149
0.03678943123668432 0.0011325884843245149
0.041933401487767696 0.0013529422285500914
0.05676858592778444 0.001660504873143509
0.04197430144995451 0.0013567072164732963
0.036598979495465755 0.001126014452893287
0.041933401487767696 0.0013529422285500914
0.041933401487767696 0.0013529422285500914
0.03678943123668432 0.0011325884843245149
0.041933401487767696 0.0013529422285500914
0.054442163556814194 0.001547767868032679
0.041933401487767696 0.0013529422285500914
0.036598979495465755 0.001126014452893287
0.04197430144995451 0.0013567072164732963
0.041933401487767696 0.0013529422285500914
0.03817387390881777 0.0012231707805767655
0.04197430144995451 0.0013567072164732963
0.036739055067300797 0.001132443459937349
0.03678943123668432 0.0011325884843245149
0.054442163556814194 0.001547767868032679
0.03678943123668432 0.0011325884843245149
0.0521372789517045 0.001462013548007235
0.04201098717749119 0.0013571098679676652
0.03817387390881777 0.0012231707805767655
0.03678943123668432 0.0011325884843245149
0.05610109679400921 0.0016501086356583983
0.036598979495465755 0.001126014452893287
0.03817387390881777 0.0012231707805767655
0.041933401487767696 0.0013529422285500914
0.04193340055644512 0.001352942199446261
0.03831394948065281 0.0012295997876208276
0.03678943123668432 0.0011325884843245149
0.05519369151443243 0.0015633485454600304
0.03678943123668432 0.0011325884843245149
0.05056238453835249 0.0013648572203237563
0.036598979495465755 0.001126014452893287
0.03817387390881777 0.0012231707805767655
0.041933401487767696 0.0013529422285500914
0.03616977762430906 0.0010605707648210227
0.036739055067300797 0.001132443459937349
