0.041970351710915565 0.0013542819360736758
0.0528705008327961 0.0014822083176113665
0.03490121569484472 0.0009617565228836611
0.05432442016899586 0.001546963321743533
0.055145411752164364 0.001561006298288703
0.05597143433988094 0.0016478384495712817
0.05487221106886864 0.0015583201020490378
0.05597143433988094 0.0016478384495712817
0.05556395277380943 0.0015867991605773568
0.03669544216245413 0.0011308157409075648
0.033342812210321426 0.00086597578774672
0.03667367808520794 0.0011273867567069829
0.056767058558762074 0.0016610468446742743
0.03637571353465319 0.0010656503145582974
0.041992115788161755 0.0013577108911704272
0.03499744273722172 0.0009680510556790978
0.05431680381298065 0.0015457631961908191
0.0384559091180563 0.001235648087458685
0.03807379398494959 0.001175443409010768
0.041970351710915565 0.0013542819069698453
0.05026727914810181 0.0013599040103144944
0.032481865026056767 0.0007374673004960641
0.03365406673401594 0.0009207205584971234
0.041970351710915565 0.0013542819069698453
0.03601020481437445 0.0010080164356622845
0.03786022402346134 0.0011680713505484164
0.05431680381298065 0.0015457631961908191
0.05487221106886864 0.0015583201020490378
0.03786022402346134 0.0011680713505484164
0.05556395277380943 0.0015867991605773568
0.05432442016899586 0.001546963321743533
0.036392319947481155 0.0010682211141102016
0.05026727914810181 0.0013599040103144944
0.041970351710915565 0.0013542819069698453
0.041992115788161755 0.0013577108911704272
0.03669544216245413 0.0011308157409075648
0.041992115788161755 0.0013577108911704272
0.05260851979255676 0.0014781278441660106
0.05431680381298065 0.0015457631961908191
0.05487221106886864 0.0015583201020490378
0.03499744273722172 0.0009680510556790978
0.03810677770525217 0.00117747817421332
0.03807379398494959 0.001175443409010768
0.03490121569484472 0.0009617565228836611
0.05487221106886864 0.0015583201020490378
0.0384559091180563 0.001235648087458685
0.03683426231145859 0.0011356075701769441
0.041992115788161755 0.0013577108911704272
0.03810677770525217 0.00117747817421332
0.03499744273722172 0.0009680510556790978
0.03807379398494959 0.001175443409010768
0.05026727914810181 0.0013599040103144944
0.03807379398494959 0.001175443409010768
0.05260851979255676 0.0014781278441660106
0.041970351710915565 0.0013542819069698453
0.03661307506263256 0.0011270353570580482
0.05432442016899586 0.001546963321743533
0.03603655844926834 0.0010113588068634272
0.036392319947481155 0.0010682211141102016
0.03810677770525217 0.00117747817421332
0.05432442016899586 0.001546963321743533
0.05487221106886864 0.0015583201020490378
0.03490121569484472 0.0009617565228836611
0.0528705008327961 0.0014822083176113665
0.05487221106886864 0.0015583201020490378
0.03499744273722172 0.0009680510556790978
0.05487221106886864 0.0015583201020490378
0.05487221106886864 0.0015583201020490378
0.05487221106886864 0.0015583201020490378
0.05594606697559357 0.001647003839025274
0.03807379398494959 0.001175443409010768
0.05487221106886864 0.0015583201020490378
0.03490121569484472 0.0009617565228836611
0.03659892827272415 0.0011248065566178411
0.03832830861210823 0.0012294620391912758
0.05597143433988094 0.0016478384495712817
0.055145411752164364 0.001561006298288703
0.03659892827272415 0.0011248065566178411
0.05597143433988094 0.0016478384495712817
0.03591406624764204 0.0009997632005251944
0.033342812210321426 0.00086597578774672
0.0384559091180563 0.001235648087458685
0.055145411752164364 0.001561006298288703
0.0384559091180563 0.001235648087458685
0.055145411752164364 0.001561006298288703
0.041970351710915565 0.0013542819360736758
0.03786022402346134 0.0011680713505484164
0.05487221106886864 0.0015583201020490378
0.05431680381298065 0.0015457631670869887
0.05133600439876318 0.0014362572401296347
0.0384559091180563 0.001235648087458685
0.05597143433988094 0.0016478384786751121
0.03807379398494959 0.001175443409010768
0.0519219096750021 0.0014619792927987874
0.0384559091180563 0.0012356480292510241
0.05597143433988094 0.0016478384786751121
0.05487221106886864 0.0015583201020490378
0.03682664502412081 0.0011344073864165694
0.03659892827272415 0.0011248065275140107
0.038481276482343674 0.0012364826980046928
0.03669544216245413 0.0011308157409075648
0.05432442110031843 0.001546963321743533
0.05260851979255676 0.0014781278441660106
0.050649394281208515 0.0014201086887624115
0.05432442110031843 0.001546963321743533
0.05110067129135132 0.0014254562847781926
0.05432442110031843 0.001546963321743533
0.05597143433988094 0.0016478384786751121
0.050649394281208515 0.0014201086887624115
0.042017482221126556 0.0013585455308202654
0.05597143433988094 0.0016478384786751121
0.055596936494112015 0.001588833925779909
0.05597143433988094 0.0016478384786751121
0.033724927343428135 0.0009261804661946371
0.05487221106886864 0.0015583201020490378
0.0519219096750021 0.0014619792927987874
0.051623351871967316 0.001441172295017168
0.0384559091180563 0.0012356480292510241
0.0384559091180563 0.001235648087458685
0.055596936494112015 0.001588833925779909
0.05487221106886864 0.0015583201020490378
0.03796795755624771 0.0011726863449439406
0.03786022402346134 0.0011680713505484164
0.03807379398494959 0.001175443350803107
0.03669544216245413 0.0011308157409075648
0.05597143433988094 0.0016478384495712817
0.05056702718138695 0.0014163283340167254
0.03796795755624771 0.0011726863449439406
0.05432442110031843 0.001546963321743533
0.05432442110031843 0.001546963321743533
0.0384559091180563 0.0012356480292510241
0.03659892827272415 0.0011248065275140107
0.0384812755510211 0.0012364826689008623
0.05432442110031843 0.001546963321743533
0.03499744273722172 0.000968051070231013
0.05432442110031843 0.001546963321743533
0.055596936494112015 0.001588833925779909
0.05432442110031843 0.001546963321743533
0.055596936494112015 0.001588833925779909
0.05597143433988094 0.0016478384786751121
0.050649394281208515 0.0014201086887624115
0.0384559091180563 0.0012356480292510241
0.05432442110031843 0.001546963321743533
0.03807379398494959 0.001175443350803107
0.0384812755510211 0.0012364826689008623
0.05431680381298065 0.0015457631961908191
0.05487221106886864 0.0015583201020490378
0.05432442110031843 0.001546963321743533
0.0384812755510211 0.0012364826689008623
0.05597143433988094 0.0016478384786751121
0.03682664595544338 0.0011344074155203998
0.0384812755510211 0.0012364826689008623
0.03683426231145859 0.0011356075119692832
0.05594606790691614 0.001647003839025274
0.03682664502412081 0.0011344073864165694
0.03822057507932186 0.0012248470447957516
0.0384559091180563 0.0012356480292510241
0.03807379398494959 0.001175443350803107
0.03683426231145859 0.0011356075701769441
0.056767058558762074 0.0016610468155704439
0.03810677770525217 0.001177478116005659
0.041970351710915565 0.0013542819360736758
0.03807379398494959 0.001175443350803107
0.05432442110031843 0.001546963321743533
0.05056702718138695 0.001416328304912895
0.0519219096750021 0.0014619792927987874
0.055596936494112015 0.001588833925779909
0.05487221106886864 0.0015583201020490378
0.0528705008327961 0.0014822082594037056
0.055145411752164364 0.001561006298288703
0.03661307506263256 0.0011270353861618787
0.0384559091180563 0.001235648087458685
0.03659892827272415 0.0011248065275140107
0.042017482221126556 0.001358545501716435
0.042017482221126556 0.0013585455308202654
0.05597143433988094 0.0016478384786751121
0.0519219096750021 0.0014619792927987874
0.050649394281208515 0.0014201086887624115
0.05432442110031843 0.001546963321743533
0.05597143433988094 0.0016478384786751121
0.03810677770525217 0.001177478116005659
0.03822057507932186 0.001224847073899582
0.05515955854207277 0.0015632351278327405
0.055596936494112015 0.001588833925779909
0.05597143433988094 0.0016478384786751121
0.05515955854207277 0.001563235156936571
0.05432442110031843 0.001546963321743533
0.05056702718138695 0.001416328304912895
0.05594606790691614 0.001647003839025274
0.05432442110031843 0.001546963321743533
0.056767058558762074 0.0016610468155704439
0.042017482221126556 0.0013585455308202654
0.05432442110031843 0.001546963321743533
0.05260852072387934 0.0014781279023736715
0.05181417614221573 0.001457364298403263
0.055145411752164364 0.001561006298288703
0.03807379398494959 0.001175443350803107
0.03683426231145859 0.0011356075701769441
0.03796795755624771 0.0011726863449439406
0.05597143433988094 0.0016478384786751121
0.05260852072387934 0.0014781279023736715
0.05260851979255676 0.0014781278441660106
0.05432442110031843 0.001546963321743533
0.055596936494112015 0.001588833925779909
0.042017482221126556 0.0013585455308202654
0.041970351710915565 0.0013542819069698453
0.055145411752164364 0.001561006298288703
0.03832830861210823 0.0012294620391912758
0.05594606790691614 0.001647003839025274
0.05515955854207277 0.001563235156936571
0.050649394281208515 0.0014201086887624115
0.03810677770525217 0.00117747817421332
0.05192190874367952 0.001461979263694957
0.03683426231145859 0.0011356075119692832
0.051100670360028744 0.0014254562556743622
0.03683426231145859 0.0011356075119692832
0.05597143433988094 0.0016478384786751121
0.050649394281208515 0.0014201086887624115
0.05594606697559357 0.001647003839025274
0.0519219096750021 0.0014619792927987874
0.05056702718138695 0.0014163283340167254
0.05594606790691614 0.001647003839025274
0.055596936494112015 0.001588833925779909
0.0384812755510211 0.0012364826689008623
0.0384559091180563 0.0012356480292510241
0.055596936494112015 0.001588833925779909
0.042017482221126556 0.0013585455308202654
0.03807379398494959 0.001175443350803107
0.03807379398494959 0.001175443409010768
0.055596936494112015 0.001588833925779909
0.05597143433988094 0.0016478384786751121
0.0384559091180563 0.0012356480292510241
0.05431680381298065 0.0015457631961908191
0.03810677770525217 0.001177478116005659
0.0334895933046937 0.0009153794671874493
0.03682664595544338 0.0011344074155203998
0.03810677770525217 0.001177478116005659
0.05432442016899586 0.001546963321743533
0.03683426231145859 0.0011356075119692832
0.05432442110031843 0.001546963321743533
0.05487221106886864 0.0015583201020490378
0.0384559091180563 0.0012356480292510241
0.05192190874367952 0.001461979263694957
0.05064939334988594 0.001420108659658581
0.05597143433988094 0.0016478384786751121
0.05487221106886864 0.0015583201020490378
0.05515955854207277 0.001563235156936571
0.05432442110031843 0.001546963321743533
0.050649394281208515 0.0014201086887624115
0.0384812755510211 0.0012364826689008623
0.05431680381298065 0.0015457631961908191
0.05597143433988094 0.0016478384495712817
0.03796795755624771 0.0011726863449439406
0.03683426231145859 0.0011356075119692832
0.03659892827272415 0.0011248065275140107
0.055145411752164364 0.001561006298288703
0.05597143433988094 0.0016478384495712817
0.03810677770525217 0.001177478116005659
0.042017482221126556 0.001358545501716435
0.05487221106886864 0.0015583201020490378
0.05133600439876318 0.0014362572401296347
0.05594606697559357 0.001647003839025274
0.03796795755624771 0.0011726863449439406
0.05597143433988094 0.0016478384786751121
0.055596936494112015 0.001588833925779909
0.03810677770525217 0.00117747817421332
0.055596936494112015 0.001588833925779909
0.05487221106886864 0.0015583201020490378
0.03810677770525217 0.001177478116005659
0.05432442110031843 0.001546963321743533
0.05431680381298065 0.0015457631670869887
0.03796795755624771 0.0011726863449439406
0.05597143433988094 0.0016478384786751121
0.0519219096750021 0.0014619792927987874
0.05559693556278944 0.001588833925779909
0.041970351710915565 0.0013542819360736758
0.05485044699162245 0.001554891117848456
0.0384812755510211 0.0012364826689008623
0.03490121569484472 0.0009617565228836611
0.03832830861210823 0.0012294620391912758
0.042017482221126556 0.0013585455308202654
0.051623351871967316 0.001441172295017168
0.0384812755510211 0.0012364826689008623
0.050649394281208515 0.0014201086887624115
0.03822057507932186 0.0012248470447957516
0.03667367808520794 0.0011273867567069829
0.05432442110031843 0.001546963321743533
0.0519219096750021 0.0014619792927987874
0.042017482221126556 0.001358545501716435
0.0384559091180563 0.001235648087458685
0.03807379398494959 0.001175443350803107
0.05597143433988094 0.0016478384495712817
0.03810677770525217 0.001177478116005659
0.0384559091180563 0.0012356480292510241
0.05487221106886864 0.0015583201020490378
0.05432442110031843 0.001546963321743533
0.05487221106886864 0.0015583201020490378
0.03659892827272415 0.0011248065275140107
0.05181417614221573 0.001457364298403263
0.0384559091180563 0.0012356480292510241
0.056767058558762074 0.0016610468155704439
0.03786022402346134 0.0011680713505484164
0.03796795755624771 0.0011726863449439406
0.05594606790691614 0.001647003839025274
0.055596936494112015 0.001588833925779909
0.03807379398494959 0.001175443350803107
0.03490121569484472 0.0009617565228836611
0.042017482221126556 0.001358545501716435
0.0519219096750021 0.0014619792927987874
0.05432442110031843 0.001546963321743533
0.0519219096750021 0.0014619792927987874
0.042017482221126556 0.0013585455308202654
0.03810677770525217 0.001177478116005659
0.042017482221126556 0.0013585455308202654
0.05487221106886864 0.0015583201020490378
0.050649394281208515 0.0014201086887624115
0.0384812755510211 0.0012364826689008623
0.042017482221126556 0.0013585455308202654
0.050649394281208515 0.0014201086887624115
0.0384559091180563 0.0012356480292510241
0.03601020481437445 0.0010080164356622845
0.03682664595544338 0.0011344074155203998
0.042017482221126556 0.001358545501716435
0.03796795755624771 0.0011726863449439406
0.05594606790691614 0.001647003839025274
0.0519219096750021 0.0014619792927987874
0.05432442110031843 0.001546963321743533
0.05432442110031843 0.001546963321743533
0.03682664502412081 0.0011344073864165694
0.055145411752164364 0.001561006298288703
0.0384812755510211 0.0012364826689008623
0.0519219096750021 0.0014619792927987874
0.05432442110031843 0.001546963321743533
0.0384812755510211 0.0012364826689008623
0.05432442016899586 0.001546963321743533
0.03682664502412081 0.0011344073864165694
0.03796795755624771 0.0011726863449439406
0.055596936494112015 0.001588833925779909
0.0528705008327961 0.0014822082594037056
0.05487221106886864 0.0015583201020490378
0.05432442110031843 0.001546963321743533
0.03682664502412081 0.0011344073864165694
0.03659892827272415 0.0011248065275140107
0.03659892827272415 0.0011248065275140107
0.050649394281208515 0.0014201086887624115
0.05597143433988094 0.0016478384786751121
0.03807379398494959 0.001175443350803107
0.03810677770525217 0.001177478116005659
0.0384559091180563 0.001235648087458685
0.0384559091180563 0.0012356480292510241
0.03822057507932186 0.0012248470447957516
0.042017482221126556 0.0013585455308202654
0.05594606790691614 0.001647003839025274
0.055596936494112015 0.001588833925779909
0.05594606697559357 0.001647003839025274
0.03661307506263256 0.0011270353861618787
0.03682664595544338 0.0011344074155203998
0.033342812210321426 0.00086597578774672
0.051623351871967316 0.001441172295017168
0.03683426231145859 0.0011356075119692832
0.03659892827272415 0.0011248065275140107
0.05432442016899586 0.001546963321743533
0.05432442110031843 0.001546963321743533
0.05431680381298065 0.0015457631961908191
0.05026727914810181 0.0013599040103144944
0.0384559091180563 0.001235648087458685
0.03786022402346134 0.0011680713505484164
0.042017482221126556 0.0013585455308202654
0.05181417614221573 0.001457364298403263
0.05432442110031843 0.001546963321743533
0.05064939334988594 0.001420108659658581
0.03807379398494959 0.001175443409010768
0.055596936494112015 0.001588833925779909
0.050649394281208515 0.0014201086887624115
0.03365406673401594 0.0009207205584971234
0.0384559091180563 0.0012356480292510241
0.055596936494112015 0.001588833925779909
0.0519219096750021 0.0014619792927987874
0.03807379398494959 0.001175443350803107
0.03822057507932186 0.0012248470447957516
0.056767058558762074 0.0016610468446742743
0.05026727914810181 0.0013599040103144944
0.05594606697559357 0.001647003839025274
0.03683426231145859 0.0011356075119692832
0.05597143433988094 0.0016478384786751121
0.0384559091180563 0.0012356480292510241
0.05432442110031843 0.001546963321743533
0.03810677770525217 0.001177478116005659
0.042017482221126556 0.0013585455308202654
0.03807379398494959 0.001175443350803107
0.0519219096750021 0.0014619792927987874
0.03810677770525217 0.001177478116005659
0.041992115788161755 0.0013577108911704272
0.03682664502412081 0.0011344073864165694
0.05597143433988094 0.0016478384786751121
0.03682664502412081 0.0011344073864165694
0.03499744273722172 0.0009680510556790978
0.0384812755510211 0.0012364826689008623
0.05431680381298065 0.0015457631670869887
0.038481276482343674 0.0012364826980046928
0.05559693556278944 0.001588833925779909
0.042017482221126556 0.001358545501716435
0.05260851979255676 0.0014781278441660106
0.042017482221126556 0.0013585455308202654
0.05487221106886864 0.0015583201020490378
0.055145411752164364 0.001561006298288703
0.0384812755510211 0.0012364826689008623
0.055596936494112015 0.001588833925779909
0.0384559091180563 0.0012356480292510241
0.05597143433988094 0.0016478384786751121
0.055596936494112015 0.001588833925779909
0.05432442110031843 0.001546963321743533
0.055596936494112015 0.001588833925779909
0.055145411752164364 0.001561006298288703
0.055145411752164364 0.001561006298288703
0.03810677770525217 0.00117747817421332
0.042017482221126556 0.001358545501716435
0.05432442110031843 0.001546963321743533
0.03796795755624771 0.0011726863449439406
0.05597143433988094 0.0016478384786751121
0.042017482221126556 0.0013585455308202654
0.05597143433988094 0.0016478384786751121
0.050649394281208515 0.0014201086887624115
0.05432442016899586 0.001546963321743533
0.05432442110031843 0.001546963321743533
0.050649394281208515 0.0014201086887624115
0.05432442110031843 0.001546963321743533
0.03807379398494959 0.001175443350803107
0.03796795755624771 0.0011726863449439406
0.055596936494112015 0.001588833925779909
0.05431680381298065 0.0015457631961908191
0.036695441231131554 0.0011308157118037343
0.055596936494112015 0.001588833925779909
0.03807379398494959 0.001175443350803107
0.03786022402346134 0.0011680713505484164
0.05432442110031843 0.001546963321743533
0.03796795755624771 0.0011726863449439406
0.05192190874367952 0.001461979263694957
0.0384559091180563 0.001235648087458685
0.055596936494112015 0.001588833925779909
0.05487221106886864 0.0015583201020490378
0.0384812755510211 0.0012364826689008623
0.05432442110031843 0.001546963321743533
0.0384559091180563 0.0012356480292510241
0.0384559091180563 0.0012356480292510241
0.055596936494112015 0.001588833925779909
0.05064939334988594 0.001420108659658581
0.056767058558762074 0.0016610468446742743
0.05515955854207277 0.001563235156936571
0.05432442110031843 0.001546963321743533
0.05597143433988094 0.0016478384786751121
0.056767058558762074 0.0016610468155704439
0.05594606790691614 0.001647003839025274
0.05064939334988594 0.001420108659658581
0.0384812755510211 0.0012364826689008623
0.05597143433988094 0.0016478384495712817
0.03807379398494959 0.001175443350803107
0.03669544216245413 0.0011308157409075648
0.03661307506263256 0.0011270353861618787
0.0384559091180563 0.001235648087458685
0.041992115788161755 0.0013577108911704272
0.0519219096750021 0.0014619792927987874
0.05597143433988094 0.0016478384495712817
0.055596936494112015 0.001588833925779909
0.0384559091180563 0.0012356480292510241
0.03810677770525217 0.001177478116005659
0.0384559091180563 0.0012356480292510241
0.05597143433988094 0.0016478384786751121
0.05597143433988094 0.0016478384786751121
0.055596936494112015 0.001588833925779909
0.0384812755510211 0.0012364826689008623
0.05597143433988094 0.0016478384786751121
0.05432442110031843 0.001546963321743533
0.055596936494112015 0.001588833925779909
0.05594606790691614 0.001647003839025274
0.033724927343428135 0.0009261804516427219
0.0384559091180563 0.001235648087458685
0.03661307506263256 0.0011270353861618787
0.051100670360028744 0.0014254562556743622
0.03669544216245413 0.0011308157409075648
0.041992115788161755 0.0013577108911704272
0.050649394281208515 0.0014201086887624115
0.03682664502412081 0.0011344073864165694
0.03822057507932186 0.0012248470447957516
0.03682664502412081 0.0011344073864165694
