0.03833000734448433 0.001230361551279202
0.054418304935097694 0.0015470458311028779
0.05608691554516554 0.0016499836056027561
0.03814779780805111 0.0012219987984281033
0.04202008992433548 0.0013576164783444256
0.03814779780805111 0.0012219987984281033
0.0380205437541008 0.001172898686490953
0.03597015701234341 0.001005124329822138
0.050433713011443615 0.0013641667901538312
0.04123517591506243 0.0012353600468486547
0.05608691647648811 0.0016499836056027561
0.05236272141337395 0.0014732290001120418
0.0568509791046381 0.0016618839872535318
0.055718423798680305 0.0015919251891318709
0.038020542822778225 0.001172898686490953
0.03681024257093668 0.0011351756402291358
0.055926172994077206 0.0015962323232088238
0.055926172994077206 0.0015962323232088238
0.03814779780805111 0.0012219987984281033
0.05236272234469652 0.0014732290583197027
0.055926172994077206 0.0015962323232088238
0.03814779780805111 0.0012219987984281033
0.054418304935097694 0.0015470458311028779
0.055926172994077206 0.0015962323232088238
0.055926172994077206 0.0015962323232088238
0.0568509791046381 0.0016618839872535318
0.0568509791046381 0.0016618839872535318
0.0568509791046381 0.0016618839872535318
0.038020542822778225 0.001172898686490953
0.038020542822778225 0.001172898686490953
0.04202008992433548 0.0013576164783444256
0.03816566430032253 0.0012225866375956684
0.03840399067848921 0.0012327959120739251
0.0377793051302433 0.0011639403528533876
0.0377793051302433 0.0011639403528533876
0.03502592816948891 0.0009725139971124008
0.050636847503483295 0.0014165173924993724
0.050636847503483295 0.0014165173924993724
0.037944664247334 0.0011696482251863927
0.05286638718098402 0.0014790049754083157
0.03816566430032253 0.0012225866375956684
0.050819057039916515 0.001424880203558132
0.050636847503483295 0.0014165173924993724
0.050636847503483295 0.0014165173924993724
0.04158523213118315 0.0012913105601910502
0.054418304935097694 0.0015470458311028779
0.03353599552065134 0.0009143658826360479
0.050433713011443615 0.0013641667901538312
0.05628930125385523 0.0016534454189240932
0.03833000734448433 0.0012303615803830326
0.03804086148738861 0.0011755827581509948
0.03681024257093668 0.0011351756693329662
0.03804086148738861 0.0011755827581509948
0.05571842286735773 0.0015919251600280404
0.037944664247334 0.0011696481960825622
0.042020088993012905 0.0013576164783444256
0.05081905610859394 0.0014248801453504711
0.03673537913709879 0.0011298581084702164
0.037944664247334 0.0011696481960825622
0.03675759397447109 0.0011333583388477564
0.03681024257093668 0.0011351756693329662
0.03675759397447109 0.0011333583388477564
0.0419461065903306 0.001355182146653533
0.0380205437541008 0.001172898686490953
0.038040862418711185 0.0011755827872548252
0.055718423798680305 0.0015919251891318709
0.05063684657216072 0.0014165173924993724
0.038020542822778225 0.001172898686490953
0.0380935100838542 0.0011774000595323741
0.03675759397447109 0.0011333583388477564
0.03681024257093668 0.0011351756693329662
0.041222103871405125 0.0012340974353719503
0.055926172994077206 0.0015962322941049933
0.041228435933589935 0.0012350628094282001
0.0380935100838542 0.0011774000595323741
0.03804086148738861 0.0011755827581509948
0.03804086148738861 0.0011755827581509948
0.042020088993012905 0.0013576164783444256
0.05443515535444021 0.001549700740724802
0.05236272234469652 0.0014732290583197027
0.05210232362151146 0.0014671045646537095
0.0380935100838542 0.0011774000886362046
0.037944664247334 0.0011696481960825622
0.0380935100838542 0.0011774000886362046
0.0380935100838542 0.0011774000595323741
0.038040862418711185 0.0011755827872548252
0.038405886851251125 0.0012336120416875929
0.0380935100838542 0.0011774000595323741
0.038403989747166634 0.0012327958829700947
0.05571842286735773 0.0015919251600280404
0.05171511508524418 0.001441877509932965
0.0380935100838542 0.0011774000886362046
0.042020088993012905 0.0013576164783444256
0.038040862418711185 0.0011755827872548252
0.0380935100838542 0.0011774000886362046
0.055926172994077206 0.0015962323232088238
0.038403989747166634 0.0012327958829700947
0.03673537913709879 0.0011298581084702164
0.037944664247334 0.0011696481960825622
0.05571842286735773 0.0015919251600280404
0.055926172994077206 0.0015962323232088238
0.0380935100838542 0.0011774000886362046
0.037944664247334 0.0011696481960825622
0.042020088993012905 0.0013576164783444256
0.038040862418711185 0.0011755827872548252
0.055718423798680305 0.0015919251891318709
0.0380935100838542 0.0011774000886362046
0.0380935100838542 0.0011774000595323741
0.055926172994077206 0.0015962323232088238
0.04202008992433548 0.0013576164783444256
0.038403989747166634 0.0012327958829700947
0.03804086148738861 0.0011755827581509948
0.03804086148738861 0.0011755827581509948
0.05081905610859394 0.0014248801453504711
0.03804086148738861 0.0011755827581509948
0.03804086148738861 0.0011755827581509948
0.03675759397447109 0.0011333583388477564
0.03675759490579367 0.0011333583679515868
0.03675759397447109 0.0011333583388477564
0.05210232362151146 0.0014671045646537095
0.03657002002000809 0.0011241502652410418
0.0380935100838542 0.0011774000886362046
0.042020088993012905 0.0013576164783444256
0.052102324552834034 0.0014671046228613704
0.03681024257093668 0.0011351756693329662
0.0380935100838542 0.0011774000886362046
0.03675759397447109 0.0011333583388477564
0.042020088993012905 0.0013576164783444256
0.0419461065903306 0.001355182146653533
0.03833000734448433 0.001230361551279202
0.03804086148738861 0.0011755827581509948
0.038040862418711185 0.0011755827872548252
0.038403989747166634 0.0012327958829700947
0.038403989747166634 0.0012327958829700947
0.0380935100838542 0.0011774000886362046
0.038040862418711185 0.0011755827872548252
0.0380935100838542 0.0011774000886362046
0.03681024257093668 0.0011351756693329662
0.03804086148738861 0.0011755827581509948
0.03675759397447109 0.0011333583388477564
0.03833000734448433 0.001230361551279202
0.03804086148738861 0.0011755827581509948
0.05210232362151146 0.0014671045646537095
0.0380935100838542 0.0011774000886362046
0.038403989747166634 0.0012327958829700947
0.05210232362151146 0.0014671045646537095
0.03675759397447109 0.0011333583388477564
0.03675759397447109 0.0011333583388477564
0.0380935100838542 0.0011774000886362046
0.0380935100838542 0.0011774000886362046
0.05081905610859394 0.0014248801453504711
0.0380935100838542 0.0011774000886362046
0.03681024257093668 0.0011351756693329662
0.0380935100838542 0.0011774000595323741
0.03833000734448433 0.001230361551279202
0.03804086148738861 0.0011755827581509948
0.05081905610859394 0.0014248801453504711
0.03804086148738861 0.0011755827581509948
0.055718423798680305 0.0015919251891318709
0.03804086148738861 0.0011755827581509948
0.054418304935097694 0.0015470458311028779
0.0380935100838542 0.0011774000886362046
0.038403989747166634 0.0012327958829700947
0.0380935100838542 0.0011774000886362046
0.0380935100838542 0.0011774000886362046
0.0380935100838542 0.0011774000595323741
0.05210232362151146 0.0014671045646537095
0.037944664247334 0.0011696482251863927
0.05571842286735773 0.0015919251600280404
0.038020542822778225 0.001172898686490953
0.042020088993012905 0.0013576164783444256
0.03681024257093668 0.0011351756693329662
0.038403989747166634 0.0012327958829700947
0.03681024257093668 0.0011351756693329662
0.03804086148738861 0.0011755827581509948
0.0380935100838542 0.0011774000886362046
0.042020088993012905 0.0013576164783444256
0.03814779780805111 0.0012219987984281033
0.04192925617098808 0.0013525272079277784
0.0380205437541008 0.001172898686490953
0.0380935100838542 0.0011774000595323741
0.0380935100838542 0.0011774000886362046
0.03804086148738861 0.0011755827581509948
0.0568509791046381 0.0016618839872535318
0.0380935100838542 0.0011774000886362046
0.03675759397447109 0.0011333583388477564
0.038040862418711185 0.0011755827872548252
0.03833000734448433 0.001230361551279202
0.03673537913709879 0.0011298581084702164
0.05571842286735773 0.0015919251600280404
0.03804086148738861 0.0011755827581509948
0.04123517591506243 0.0012353600468486547
0.0380935100838542 0.0011774000886362046
0.03675759490579367 0.0011333583679515868
0.037944664247334 0.0011696481960825622
0.0380935100838542 0.0011774000886362046
0.0380935100838542 0.0011774000886362046
0.0380935100838542 0.0011774000595323741
0.0380935100838542 0.0011774000886362046
0.042020088993012905 0.0013576164783444256
0.038403989747166634 0.0012327958829700947
0.05571842286735773 0.0015919251600280404
0.0380935100838542 0.0011774000886362046
0.03681024257093668 0.0011351756693329662
0.03804086148738861 0.0011755827581509948
0.05628930125385523 0.0016534454189240932
0.0380935100838542 0.0011774000886362046
0.038403989747166634 0.0012327958829700947
0.0380935100838542 0.0011774000886362046
0.03840399067848921 0.0012327959120739251
0.03681024257093668 0.0011351756402291358
0.03814779780805111 0.0012219987984281033
0.03675759397447109 0.0011333583388477564
0.03657002095133066 0.0011241502652410418
0.03675759397447109 0.0011333583388477564
0.0380935100838542 0.0011774000886362046
0.055718423798680305 0.0015919251891318709
0.0380935100838542 0.0011774000886362046
0.0380935100838542 0.0011774000595323741
0.0380935100838542 0.0011774000886362046
0.03681024257093668 0.0011351756693329662
0.03675759397447109 0.0011333583388477564
0.037944664247334 0.0011696481960825622
0.03804086148738861 0.0011755827581509948
0.0380935100838542 0.0011774000886362046
0.037944664247334 0.0011696481960825622
0.0380935100838542 0.0011774000886362046
0.03673537913709879 0.0011298581084702164
0.03804086148738861 0.0011755827581509948
0.03681024257093668 0.0011351756693329662
0.054418304935097694 0.0015470458311028779
0.03675759397447109 0.0011333583388477564
0.03804086148738861 0.0011755827581509948
0.054418304935097694 0.0015470458311028779
0.03673537913709879 0.0011298581084702164
0.03675759397447109 0.0011333583388477564
0.03804086148738861 0.0011755827581509948
0.0380935100838542 0.0011774000886362046
0.038403989747166634 0.0012327958829700947
0.03673537913709879 0.0011298581084702164
0.03804086148738861 0.0011755827581509948
0.03804086148738861 0.0011755827581509948
0.036735380068421364 0.0011298581375740469
0.042020088993012905 0.0013576164783444256
0.05443515535444021 0.001549700740724802
0.03804086148738861 0.0011755827581509948
0.04158523213118315 0.0012913105601910502
0.038040862418711185 0.0011755827872548252
0.042020088993012905 0.0013576164783444256
0.0380935100838542 0.0011774000886362046
0.0568509791046381 0.0016618839872535318
0.0419461065903306 0.001355182146653533
0.038403989747166634 0.0012327958829700947
0.0380935100838542 0.0011774000886362046
0.038040862418711185 0.0011755827872548252
0.038403989747166634 0.0012327958829700947
0.0380935100838542 0.0011774000886362046
0.05210232362151146 0.0014671045646537095
0.038403989747166634 0.0012327958829700947
0.0380935100838542 0.0011774000886362046
0.03675759490579367 0.0011333583679515868
0.03681024257093668 0.0011351756693329662
0.03804086148738861 0.0011755827581509948
0.05210232362151146 0.0014671045646537095
0.0380935100838542 0.0011774000886362046
0.03814779780805111 0.0012219987984281033
0.054418304935097694 0.0015470458311028779
0.038040862418711185 0.0011755827872548252
0.03804086148738861 0.0011755827581509948
0.03675759397447109 0.0011333583388477564
0.0380935100838542 0.0011774000886362046
0.038403989747166634 0.0012327958829700947
0.055926172994077206 0.0015962323232088238
0.03353599552065134 0.0009143658826360479
0.0380935100838542 0.0011774000886362046
0.03804086148738861 0.0011755827581509948
0.0380935100838542 0.0011774000886362046
0.05081905610859394 0.0014248801453504711
0.03675759397447109 0.0011333583388477564
0.03681024257093668 0.0011351756693329662
0.0380935100838542 0.0011774000886362046
0.05571842286735773 0.0015919251600280404
0.042020088993012905 0.0013576164783444256
0.05081905610859394 0.0014248801453504711
0.0380935100838542 0.0011774000886362046
0.05210232362151146 0.0014671045646537095
0.04192925617098808 0.0013525272079277784
0.03840399067848921 0.0012327959120739251
0.03804086148738861 0.0011755827581509948
0.03675759490579367 0.0011333583679515868
0.054418304935097694 0.0015470458311028779
0.0380935100838542 0.0011774000886362046
0.054418304935097694 0.0015470458311028779
0.03681024257093668 0.0011351756693329662
0.05286638718098402 0.0014790049463044852
0.05571842286735773 0.0015919251600280404
0.03804086148738861 0.0011755827581509948
0.03681024257093668 0.0011351756693329662
0.0380935100838542 0.0011774000886362046
0.0380935100838542 0.0011774000595323741
0.03681024257093668 0.0011351756693329662
0.0380935100838542 0.0011774000886362046
0.0380935100838542 0.0011774000886362046
0.037944664247334 0.0011696481960825622
0.037944664247334 0.0011696482251863927
0.038040862418711185 0.0011755827872548252
0.0380935100838542 0.0011774000886362046
0.050433713011443615 0.0013641667901538312
0.038040862418711185 0.0011755827872548252
0.05571842286735773 0.0015919251600280404
0.03804086148738861 0.0011755827581509948
0.0380935100838542 0.0011774000886362046
0.03780253604054451 0.0011653735127765685
0.03833000734448433 0.0012303615803830326
0.03840399067848921 0.0012327959120739251
0.05571842286735773 0.0015919251600280404
0.03804086148738861 0.0011755827581509948
0.03675759397447109 0.0011333583388477564
0.037944664247334 0.0011696482251863927
0.05210232362151146 0.0014671045646537095
0.0380935100838542 0.0011774000886362046
0.0380935100838542 0.0011774000886362046
0.03673537913709879 0.0011298581084702164
0.03681024257093668 0.0011351756693329662
0.03657538443803787 0.0011249955859966576
0.03804086148738861 0.0011755827581509948
0.0380935100838542 0.0011774000886362046
0.05571842286735773 0.0015919251600280404
0.03681024257093668 0.0011351756693329662
0.038040862418711185 0.0011755827872548252
0.03681024257093668 0.0011351756693329662
0.038040862418711185 0.0011755827872548252
0.03675759397447109 0.0011333583388477564
0.0380935100838542 0.0011774000595323741
0.050433713011443615 0.0013641667901538312
0.0380935100838542 0.0011774000886362046
0.038403989747166634 0.0012327958829700947
0.05026835389435291 0.0013584589469246566
0.03675759397447109 0.0011333583388477564
0.03675759397447109 0.0011333583388477564
0.03816566430032253 0.0012225866375956684
0.05571842286735773 0.0015919251600280404
0.038040862418711185 0.0011755827872548252
0.0380935100838542 0.0011774000886362046
0.056215318851172924 0.0016510111163370311
0.03804086148738861 0.0011755827581509948
0.05210232362151146 0.0014671045646537095
0.0380935100838542 0.0011774000886362046
0.042020088993012905 0.0013576164783444256
0.0380935100838542 0.0011774000595323741
0.04192925617098808 0.0013525272370316088
0.03804086148738861 0.0011755827581509948
0.0380935100838542 0.0011774000595323741
0.0419461065903306 0.001355182146653533
0.03681024257093668 0.0011351756693329662
0.03804086148738861 0.0011755827581509948
0.055926172994077206 0.0015962323232088238
0.05571842286735773 0.0015919251600280404
0.03804086148738861 0.0011755827581509948
0.03675759397447109 0.0011333583388477564
0.042020088993012905 0.0013576164783444256
0.03804086148738861 0.0011755827581509948
0.038040862418711185 0.0011755827872548252
0.03673537913709879 0.0011298581084702164
0.037944664247334 0.0011696481960825622
0.03675759397447109 0.0011333583388477564
0.0380935100838542 0.0011774000886362046
0.05063684657216072 0.0014165173924993724
0.038040862418711185 0.0011755827872548252
0.038405886851251125 0.0012336120416875929
0.03681024257093668 0.0011351756402291358
0.0377793051302433 0.0011639403528533876
0.0380935100838542 0.0011774000595323741
0.0380935100838542 0.0011774000886362046
0.0419461065903306 0.001355182146653533
0.052102324552834034 0.0014671046228613704
0.037944664247334 0.0011696481960825622
0.03681024257093668 0.0011351756693329662
0.03502592816948891 0.0009725139971124008
0.0380935100838542 0.0011774000595323741
0.03804086148738861 0.0011755827581509948
0.0380935100838542 0.0011774000886362046
0.03681024257093668 0.0011351756693329662
0.055926172994077206 0.0015962322941049933
0.0380935100838542 0.0011774000886362046
0.050433713011443615 0.0013641667901538312
0.037944664247334 0.0011696481960825622
0.05081905610859394 0.0014248801453504711
0.038403989747166634 0.0012327958829700947
0.0380935100838542 0.0011774000595323741
0.0380935100838542 0.0011774000886362046
0.03681024257093668 0.0011351756693329662
0.05081905610859394 0.0014248801453504711
0.03804086148738861 0.0011755827581509948
0.038403989747166634 0.0012327958829700947
0.0380935100838542 0.0011774000886362046
0.05443515535444021 0.001549700740724802
0.0380935100838542 0.0011774000886362046
0.03673537913709879 0.0011298581084702164
0.03681024257093668 0.0011351756402291358
0.052102324552834034 0.0014671046228613704
0.05081905610859394 0.0014248801453504711
0.03804086148738861 0.0011755827581509948
0.03804086148738861 0.0011755827581509948
0.05571842286735773 0.0015919251600280404
0.05081905610859394 0.0014248801453504711
0.05571842286735773 0.0015919251600280404
0.037944664247334 0.0011696481960825622
0.03675759397447109 0.0011333583388477564
0.0380935100838542 0.0011774000595323741
0.03833000734448433 0.001230361551279202
0.038403989747166634 0.0012327958829700947
0.042020088993012905 0.0013576164783444256
0.0380935100838542 0.0011774000886362046
0.05571842286735773 0.0015919251600280404
0.0380935100838542 0.0011774000595323741
0.0380935100838542 0.0011774000886362046
0.03804086148738861 0.0011755827581509948
0.0380935100838542 0.0011774000886362046
0.0380935100838542 0.0011774000886362046
0.03675759397447109 0.0011333583388477564
0.05081905610859394 0.0014248801453504711
0.0380935100838542 0.0011774000886362046
0.03681024257093668 0.0011351756693329662
0.05210232362151146 0.0014671045646537095
0.042020088993012905 0.0013576164783444256
0.0380935100838542 0.0011774000886362046
0.03675759397447109 0.0011333583388477564
0.03681024257093668 0.0011351756693329662
0.038403989747166634 0.0012327958829700947
0.03681024257093668 0.0011351756693329662
0.05608691647648811 0.0016499836056027561
0.03840399067848921 0.0012327959120739251
0.05210232362151146 0.0014671045646537095
0.038403989747166634 0.0012327958829700947
0.05286638718098402 0.0014790049463044852
0.03840399067848921 0.0012327959120739251
