0.04156626760959625 0.0012879760761279613
0.036575944162905216 0.001126269722590223
0.035022927448153496 0.0009755742357810959
0.035022927448153496 0.0009755742357810959
0.038099939934909344 0.001220286125317216
0.034914957359433174 0.0009709491569083184
0.03665849193930626 0.0011300583719275892
0.036575944162905216 0.001126269722590223
0.036575944162905216 0.001126269722590223
0.03783705923706293 0.001167765265563503
0.03818248584866524 0.0012240747164469212
0.03818248584866524 0.0012240747164469212
0.036575944162905216 0.001126269722590223
0.03207864612340927 0.0005355215871531982
0.042014483362436295 0.0013594945485237986
0.042014483362436295 0.0013594945485237986
0.03327515069395304 0.0008697882876731455
0.03327515069395304 0.0008697882876731455
0.03327515069395304 0.0008697882876731455
0.03327515069395304 0.0008697882876731455
0.03818248584866524 0.0012240747164469212
0.03818248584866524 0.0012240747164469212
0.0550388228148222 0.0015623504004906863
0.0550388228148222 0.0015623504004906863
0.038560750894248486 0.0012402785650920123
0.038560750894248486 0.0012402785650920123
0.03365384414792061 0.0009294536866946146
0.03365384414792061 0.0009294536866946146
0.0565628157928586 0.001656366657698527
0.0565628157928586 0.001656366657698527
0.03772124834358692 0.001160620799055323
0.05564297642558813 0.0016420400934293866
0.03818248864263296 0.0012240747746545821
0.03818248864263296 0.0012240747746545821
0.03305309824645519 0.0008548320038244128
0.038099939934909344 0.001220286125317216
0.038099939934909344 0.001220286125317216
0.032637765631079674 0.0007915033056633547
0.032637765631079674 0.0007915033056633547
0.04145178012549877 0.0012842089927289635
0.04145178012549877 0.0012842089927289635
0.0337363900616765 0.0009332422487204894
0.03654920123517513 0.0011220559536013752
0.03654920123517513 0.0011220559536013752
0.03575036209076643 0.0009984633943531662
0.03575036209076643 0.0009984633943531662
0.03575036209076643 0.0009984633943531662
0.05667730700224638 0.001660133886616677
0.05667730700224638 0.001660133886616677
0.051573523320257664 0.0014549359329976141
0.051573523320257664 0.0014549359329976141
0.037837062031030655 0.0011677653528749943
0.036575946025550365 0.0011262698099017143
0.037837062031030655 0.0011677653528749943
0.042039904743433 0.0013603309926111251
0.04189866967499256 0.0013523499947041273
0.037837062031030655 0.0011677653528749943
0.036575946025550365 0.0011262698099017143
0.041898672468960285 0.0013523500529117882
0.037837062031030655 0.0011677653528749943
0.036575944162905216 0.001126269722590223
0.03305309824645519 0.0008548320038244128
0.037837062031030655 0.0011677653528749943
0.05566840339452028 0.001642876653932035
0.037837062031030655 0.0011677653528749943
0.037837062031030655 0.0011677653528749943
0.032468514516949654 0.0007441481720888987
0.036575944162905216 0.001126269722590223
0.037837062031030655 0.0011677653528749943
0.036575946025550365 0.0011262698099017143
0.037837062031030655 0.0011677653528749943
0.036575946025550365 0.0011262698099017143
0.041898672468960285 0.0013523500529117882
0.037837062031030655 0.0011677653528749943
0.041898672468960285 0.0013523500529117882
0.037837062031030655 0.0011677653528749943
0.03665849007666111 0.0011300583137199283
0.0349149601534009 0.0009709492296678945
0.036575946025550365 0.0011262698099017143
0.037837062031030655 0.0011677653528749943
0.041898672468960285 0.0013523500529117882
0.037837062031030655 0.0011677653528749943
0.0337363900616765 0.0009332422487204894
0.03783705923706293 0.001167765265563503
0.0349149601534009 0.0009709492296678945
0.037837062031030655 0.0011677653528749943
0.05667730700224638 0.001660133886616677
0.036575946025550365 0.0011262698099017143
0.037837062031030655 0.0011677653528749943
0.03373638819903135 0.0009332422050647438
0.0349149601534009 0.0009709492296678945
0.036575946025550365 0.0011262698099017143
0.037837062031030655 0.0011677653528749943
0.037837062031030655 0.0011677653528749943
0.03575036209076643 0.0009984633943531662
0.041898672468960285 0.0013523500529117882
0.037837062031030655 0.0011677653528749943
0.037837062031030655 0.0011677653528749943
0.036575946025550365 0.0011262698099017143
0.0349149601534009 0.0009709492296678945
0.037837062031030655 0.0011677653528749943
0.0349149601534009 0.0009709492296678945
0.037837062031030655 0.0011677653528749943
0.041898672468960285 0.0013523500529117882
0.037837062031030655 0.0011677653528749943
0.036575946025550365 0.0011262698099017143
0.037837062031030655 0.0011677653528749943
0.041898672468960285 0.0013523500529117882
0.037837062031030655 0.0011677653528749943
0.03665849193930626 0.0011300583719275892
0.034914957359433174 0.0009709491569083184
0.036575946025550365 0.0011262698099017143
0.037837062031030655 0.0011677653528749943
0.03794502932578325 0.0011723903589881957
0.036575944162905216 0.001126269722590223
0.05086140148341656 0.001370621204841882
0.03373638819903135 0.0009332422050647438
0.037837062031030655 0.0011677653528749943
0.0349149601534009 0.0009709492296678945
0.037837062031030655 0.0011677653528749943
0.036575946025550365 0.0011262698099017143
0.03665849007666111 0.0011300583137199283
0.0349149601534009 0.0009709492296678945
0.0349149601534009 0.0009709492296678945
0.037837062031030655 0.0011677653528749943
0.042039904743433 0.0013603309926111251
0.03783705923706293 0.001167765265563503
0.036575944162905216 0.001126269722590223
0.037837062031030655 0.0011677653528749943
0.036575946025550365 0.0011262698099017143
0.037837062031030655 0.0011677653528749943
0.037837062031030655 0.0011677653528749943
0.036575946025550365 0.0011262698099017143
0.0349149601534009 0.0009709492296678945
0.037837062031030655 0.0011677653528749943
0.041898672468960285 0.0013523500529117882
0.037837062031030655 0.0011677653528749943
0.037837062031030655 0.0011677653528749943
0.03665849007666111 0.0011300583137199283
0.0349149601534009 0.0009709492296678945
0.037837062031030655 0.0011677653528749943
0.042014483362436295 0.0013594945485237986
0.03783705923706293 0.001167765265563503
0.041898672468960285 0.0013523500529117882
0.036575946025550365 0.0011262698099017143
0.037837062031030655 0.0011677653528749943
0.041898672468960285 0.0013523500529117882
0.037837062031030655 0.0011677653528749943
0.036575946025550365 0.0011262698099017143
0.03665849007666111 0.0011300583137199283
0.0349149601534009 0.0009709492296678945
0.037837062031030655 0.0011677653528749943
0.037837062031030655 0.0011677653528749943
0.036575946025550365 0.0011262698099017143
0.0349149601534009 0.0009709492296678945
0.032637765631079674 0.0007915033056633547
0.037837062031030655 0.0011677653528749943
0.0337363900616765 0.0009332422487204894
0.03783705923706293 0.001167765265563503
0.0349149601534009 0.0009709492296678945
0.036575944162905216 0.001126269722590223
0.03794502932578325 0.0011723903589881957
0.05146555509418249 0.0014503108977805823
0.036575944162905216 0.001126269722590223
0.036575946025550365 0.0011262698099017143
0.041898672468960285 0.0013523500529117882
0.03783705923706293 0.001167765265563503
0.0349149601534009 0.0009709492296678945
0.037837062031030655 0.0011677653528749943
0.036575946025550365 0.0011262698099017143
0.037837062031030655 0.0011677653528749943
0.037837062031030655 0.0011677653528749943
0.036575946025550365 0.0011262698099017143
0.03772124834358692 0.001160620799055323
0.05086140148341656 0.001370621204841882
0.04189866967499256 0.0013523499947041273
0.037837062031030655 0.0011677653528749943
0.03818248864263296 0.0012240747746545821
0.03783705923706293 0.001167765265563503
0.041898672468960285 0.0013523500529117882
0.037837062031030655 0.0011677653528749943
0.03794502932578325 0.0011723903589881957
0.05157352797687054 0.0014549360203091055
0.036575946025550365 0.0011262698099017143
0.037837062031030655 0.0011677653528749943
0.042014483362436295 0.0013594945485237986
0.03783705923706293 0.001167765265563503
0.036575946025550365 0.0011262698099017143
0.037837062031030655 0.0011677653528749943
0.037837062031030655 0.0011677653528749943
0.041898672468960285 0.0013523500529117882
0.0349149601534009 0.0009709492296678945
0.037837062031030655 0.0011677653528749943
0.041898672468960285 0.0013523500529117882
0.03783705923706293 0.001167765265563503
0.0349149601534009 0.0009709492296678945
0.0349149601534009 0.0009709492296678945
0.037837062031030655 0.0011677653528749943
0.05146555509418249 0.0014503108977805823
0.041898672468960285 0.0013523500529117882
0.03783705923706293 0.001167765265563503
0.0349149601534009 0.0009709492296678945
0.037837062031030655 0.0011677653528749943
0.036575946025550365 0.0011262698099017143
0.03575036209076643 0.0009984633943531662
0.037837062031030655 0.0011677653528749943
0.05157352797687054 0.0014549360203091055
0.03783705923706293 0.001167765265563503
0.036575946025550365 0.0011262698099017143
0.037837062031030655 0.0011677653528749943
0.036575946025550365 0.0011262698099017143
0.03575036209076643 0.0009984633943531662
0.037837062031030655 0.0011677653528749943
0.042014483362436295 0.0013594945485237986
0.036575946025550365 0.0011262698099017143
0.037837062031030655 0.0011677653528749943
0.036575944162905216 0.001126269722590223
0.0349149601534009 0.0009709492296678945
0.03575036209076643 0.0009984633943531662
0.0349149601534009 0.0009709492296678945
0.037837062031030655 0.0011677653528749943
0.03783705923706293 0.001167765265563503
0.037837062031030655 0.0011677653528749943
0.037837062031030655 0.0011677653528749943
0.036575946025550365 0.0011262698099017143
0.03654920123517513 0.0011220559536013752
0.037837062031030655 0.0011677653528749943
0.03665849193930626 0.0011300583719275892
0.034914957359433174 0.0009709491569083184
0.03373638819903135 0.0009332422050647438
0.037837062031030655 0.0011677653528749943
0.041898672468960285 0.0013523500529117882
0.037837062031030655 0.0011677653528749943
0.0349149601534009 0.0009709492296678945
0.037837062031030655 0.0011677653528749943
0.03654920123517513 0.0011220559536013752
0.03783705923706293 0.001167765265563503
0.0349149601534009 0.0009709492296678945
0.037837062031030655 0.0011677653528749943
0.03373638819903135 0.0009332422050647438
0.037837062031030655 0.0011677653528749943
0.036575946025550365 0.0011262698099017143
0.051573523320257664 0.0014549359329976141
0.037837062031030655 0.0011677653528749943
0.036575946025550365 0.0011262698099017143
0.037837062031030655 0.0011677653528749943
0.037837062031030655 0.0011677653528749943
0.03575036209076643 0.0009984633943531662
0.036575946025550365 0.0011262698099017143
0.0349149601534009 0.0009709492296678945
0.037837062031030655 0.0011677653528749943
0.032468514516949654 0.0007441481720888987
0.037837062031030655 0.0011677653528749943
0.0349149601534009 0.0009709492296678945
0.037837062031030655 0.0011677653528749943
0.036575946025550365 0.0011262698099017143
0.037837062031030655 0.0011677653528749943
0.036575946025550365 0.0011262698099017143
0.037837062031030655 0.0011677653528749943
0.0349149601534009 0.0009709492296678945
0.037837062031030655 0.0011677653528749943
0.042014483362436295 0.0013594945485237986
0.036575946025550365 0.0011262698099017143
0.051573523320257664 0.0014549359329976141
0.037837062031030655 0.0011677653528749943
0.05157352797687054 0.0014549360203091055
0.03783705923706293 0.001167765265563503
0.04189866967499256 0.0013523499947041273
0.037837062031030655 0.0011677653528749943
0.036575946025550365 0.0011262698099017143
0.037837062031030655 0.0011677653528749943
0.04203990288078785 0.0013603309052996337
0.037837062031030655 0.0011677653528749943
0.03665849193930626 0.0011300583719275892
0.034914957359433174 0.0009709491569083184
0.036575946025550365 0.0011262698099017143
0.037837062031030655 0.0011677653528749943
0.03665849193930626 0.0011300583719275892
0.0349149601534009 0.0009709492296678945
0.037837062031030655 0.0011677653528749943
0.036575946025550365 0.0011262698099017143
0.037837062031030655 0.0011677653528749943
0.037837062031030655 0.0011677653528749943
0.037837062031030655 0.0011677653528749943
0.0349149601534009 0.0009709492296678945
0.0337363900616765 0.0009332422487204894
0.03783705923706293 0.001167765265563503
0.041898672468960285 0.0013523500529117882
0.037837062031030655 0.0011677653528749943
0.0349149601534009 0.0009709492296678945
0.037837062031030655 0.0011677653528749943
0.036575946025550365 0.0011262698099017143
0.03305309824645519 0.0008548320038244128
0.05086140148341656 0.001370621204841882
0.037837062031030655 0.0011677653528749943
0.041898672468960285 0.0013523500529117882
0.03575036209076643 0.0009984633943531662
0.03373638819903135 0.0009332422050647438
0.037837062031030655 0.0011677653528749943
0.036575946025550365 0.0011262698099017143
0.037837062031030655 0.0011677653528749943
0.03575036209076643 0.0009984633943531662
0.041898672468960285 0.0013523500529117882
0.03794502932578325 0.0011723903589881957
0.037837062031030655 0.0011677653528749943
0.03783705923706293 0.001167765265563503
0.03263776749372482 0.0007915033493191004
0.0349149601534009 0.0009709492296678945
0.037837062031030655 0.0011677653528749943
0.036575946025550365 0.0011262698099017143
0.0349149601534009 0.0009709492296678945
0.037837062031030655 0.0011677653528749943
0.0349149601534009 0.0009709492296678945
0.037837062031030655 0.0011677653528749943
0.032468514516949654 0.0007441481720888987
0.037837062031030655 0.0011677653528749943
0.04145178012549877 0.0012842089927289635
0.037837062031030655 0.0011677653528749943
0.0349149601534009 0.0009709492296678945
0.0349149601534009 0.0009709492296678945
0.037837062031030655 0.0011677653528749943
0.037837062031030655 0.0011677653528749943
0.036575946025550365 0.0011262698099017143
0.037837062031030655 0.0011677653528749943
0.037837062031030655 0.0011677653528749943
0.042014483362436295 0.0013594945485237986
0.03783705923706293 0.001167765265563503
0.041898672468960285 0.0013523500529117882
0.037837062031030655 0.0011677653528749943
0.037837062031030655 0.0011677653528749943
0.03373638819903135 0.0009332422050647438
0.03305309638381004 0.0008548319601686671
0.036575946025550365 0.0011262698099017143
0.037837062031030655 0.0011677653528749943
0.037837062031030655 0.0011677653528749943
0.036575946025550365 0.0011262698099017143
0.036575946025550365 0.0011262698099017143
0.0349149601534009 0.0009709492296678945
0.03305309824645519 0.0008548320038244128
0.03783705923706293 0.001167765265563503
0.03373638819903135 0.0009332422050647438
0.037837062031030655 0.0011677653528749943
0.036575946025550365 0.0011262698099017143
0.037837062031030655 0.0011677653528749943
0.0349149601534009 0.0009709492296678945
0.036575946025550365 0.0011262698099017143
0.037837062031030655 0.0011677653528749943
0.036575944162905216 0.001126269722590223
0.037837062031030655 0.0011677653528749943
0.036575946025550365 0.0011262698099017143
0.03665849193930626 0.0011300583719275892
0.034914957359433174 0.0009709491569083184
0.042014483362436295 0.0013594945485237986
0.03665849007666111 0.0011300583137199283
0.037837062031030655 0.0011677653528749943
0.037837062031030655 0.0011677653528749943
0.03575036209076643 0.0009984633943531662
0.037837062031030655 0.0011677653528749943
0.036575946025550365 0.0011262698099017143
0.041898672468960285 0.0013523500529117882
0.03665849193930626 0.0011300583719275892
0.034914957359433174 0.0009709491569083184
0.037721251137554646 0.001160620857262984
0.05086139868944883 0.0013706210593227297
0.037837062031030655 0.0011677653528749943
0.036575944162905216 0.001126269722590223
0.03818248864263296 0.0012240747746545821
0.03783705923706293 0.001167765265563503
0.036575946025550365 0.0011262698099017143
0.05238539446145296 0.0014646374620497227
0.037837062031030655 0.0011677653528749943
0.037837062031030655 0.0011677653528749943
0.0349149601534009 0.0009709492296678945
0.0349149601534009 0.0009709492296678945
0.037837062031030655 0.0011677653528749943
0.032468514516949654 0.0007441481720888987
0.037837062031030655 0.0011677653528749943
0.04189866967499256 0.0013523499947041273
0.037837062031030655 0.0011677653528749943
0.0337363900616765 0.0009332422487204894
0.037837062031030655 0.0011677653528749943
0.037837062031030655 0.0011677653528749943
0.042039904743433 0.0013603309926111251
0.03783705923706293 0.001167765265563503
0.036575944162905216 0.001126269722590223
0.05086140148341656 0.001370621204841882
0.041898672468960285 0.0013523500529117882
0.037837062031030655 0.0011677653528749943
0.0349149601534009 0.0009709492296678945
0.037837062031030655 0.0011677653528749943
0.037837062031030655 0.0011677653528749943
0.041898672468960285 0.0013523500529117882
0.036575946025550365 0.0011262698099017143
0.037837062031030655 0.0011677653528749943
0.036575946025550365 0.0011262698099017143
0.03794502932578325 0.0011723903589881957
0.037837062031030655 0.0011677653528749943
0.036575946025550365 0.0011262698099017143
0.037837062031030655 0.0011677653528749943
0.03783705923706293 0.001167765265563503
0.0349149601534009 0.0009709492296678945
0.037837062031030655 0.0011677653528749943
0.036575944162905216 0.001126269722590223
0.0337363900616765 0.0009332422487204894
0.041898672468960285 0.0013523500529117882
0.037945027463138103 0.0011723903007805347
0.036575946025550365 0.0011262698099017143
0.036575946025550365 0.0011262698099017143
0.037837062031030655 0.0011677653528749943
0.037721251137554646 0.001160620857262984
0.03783705923706293 0.001167765265563503
0.037837062031030655 0.0011677653528749943
0.0349149601534009 0.0009709492296678945
0.03783705923706293 0.001167765265563503
0.036575946025550365 0.0011262698099017143
0.037837062031030655 0.0011677653528749943
0.036575946025550365 0.0011262698099017143
0.037837062031030655 0.0011677653528749943
0.0349149601534009 0.0009709492296678945
0.042014483362436295 0.0013594945485237986
0.032468514516949654 0.0007441481720888987
0.037837062031030655 0.0011677653528749943
0.04203990288078785 0.0013603309052996337
0.037837062031030655 0.0011677653528749943
0.05157352797687054 0.0014549360203091055
0.03783705923706293 0.001167765265563503
0.03665849007666111 0.0011300583137199283
0.0349149601534009 0.0009709492296678945
0.036575946025550365 0.0011262698099017143
0.03665849193930626 0.0011300583719275892
0.034914957359433174 0.0009709491569083184
0.04189866967499256 0.0013523499947041273
0.037837062031030655 0.0011677653528749943
0.05566840339452028 0.001642876653932035
0.037837062031030655 0.0011677653528749943
0.037837062031030655 0.0011677653528749943
0.036575946025550365 0.0011262698099017143
0.041898672468960285 0.0013523500529117882
0.037837062031030655 0.0011677653528749943
0.037721251137554646 0.001160620857262984
0.05086139868944883 0.0013706210593227297
0.03575036209076643 0.0009984633943531662
0.037837062031030655 0.0011677653528749943
