0.037706795404697034 0.0007164343718399151
0.037834471282450606 0.0007616781019374862
0.03835321828217766 0.0008465181760078117
0.03835321828217766 0.0008465181760078117
0.03835321828217766 0.0008465181760078117
0.03844306523280213 0.0008470958876653258
0.03844306523280213 0.0008470958876653258
0.03844306523280213 0.0008470958876653258
0.03852977633931024 0.0008904930184797294
0.038691171056764624 0.0008997300154496955
0.038691171056764624 0.0008997300154496955
0.038746949537157016 0.0009039675808484074
0.03896765822322481 0.0009307429068700934
0.0396380462656965 0.0009502986038860562
0.0396380462656965 0.0009502986038860562
0.0396380462656965 0.0009502986038860562
0.0396380462656965 0.0009502986038860562
0.0396380462656965 0.0009502986038860562
0.0396380462656965 0.0009502986038860562
0.03963804626569651 0.0009502986038860562
0.03973707803284904 0.0009617686298516436
0.040416005552380646 0.0009664442007427213
0.04046786167053454 0.000975618347543624
0.040568971727153784 0.0009782821799276782
0.04058697986119778 0.0009897841754909552
0.040644771402871926 0.0010111690547406017
0.040644771402871926 0.0010111690547406017
0.040644771402871926 0.0010111690547406017
0.04087160513671942 0.0010226601527146206
0.040871605136719426 0.0010226601527146206
0.04109174082353944 0.0010266629583386992
0.04214006003366505 0.0010281991489167384
0.04268792278253684 0.0010510984742014213
0.0433926957532467 0.001069559093226987
0.04339269575324671 0.001069559093226987
0.04339269575324671 0.001069559093226987
0.043446284401072385 0.001070173043348
0.043567209856440886 0.0010764683433963852
0.04356720985644089 0.0010764683433963855
0.04357989872703117 0.001088050413250862
0.04357989872703118 0.001088050413250862
0.04361068320672721 0.0010921029538123268
0.04361068320672721 0.0010921029538123268
0.043766542003061494 0.0011022027736281002
0.04395198341266609 0.001106273419797779
0.04397124298494267 0.0011149962372063327
0.04397124298494267 0.001114996237206333
0.04397124298494267 0.001114996237206333
0.04397124298494267 0.001114996237206333
0.04397124298494268 0.001114996237206333
0.044533498186264765 0.0011298428663499345
0.04453349818626477 0.0011298428663499345
0.04459897694317622 0.0011338275663657993
0.04459897694317622 0.0011338275663657993
0.04459897694317622 0.0011338275663657993
0.04459897694317622 0.0011338275663657993
0.04459897694317622 0.0011338275663657993
0.04459897694317622 0.0011338275663657993
0.04459897694317622 0.0011338275663657993
0.04476033192011226 0.0011413339643239534
0.04477289344536138 0.0011425684893825675
0.04477289344536138 0.0011425684893825675
0.04477289344536138 0.0011425684893825675
0.04490558287189966 0.001148065872896852
0.04490558287189966 0.001148065872896852
0.04490558287189966 0.001148065872896852
0.04490558287189966 0.001148065872896852
0.04499972717920887 0.0011540595873565864
0.04499972717920887 0.0011540595873565864
0.04529726774918773 0.0011550253737614348
0.04557502624472949 0.0011583668231987944
0.04557502624472949 0.0011583668231987946
0.045896056874323805 0.001164039411278485
0.046479802233266344 0.0011643428089312842
0.04721742738836175 0.0011780642216688275
0.04807560763703994 0.0011788414570601108
