0.03784678805287484 0.0007107941341257922
0.037864350718325376 0.0008093603379478587
0.03786435071832538 0.0008093603379478587
0.03786435071832538 0.0008093603379478587
0.03846862767608944 0.000842899368247681
0.03846862767608945 0.000842899368247681
0.03846862767608945 0.000842899368247681
0.03846862767608945 0.000842899368247681
0.038557445012396656 0.0008883278300297083
0.038603426437271514 0.0008915318440402165
0.038603426437271514 0.0008915318440402165
0.038603426437271514 0.0008915318440402166
0.038603426437271514 0.0008915318440402166
0.038603426437271514 0.0008915318440402166
0.038603426437271514 0.0008915318440402166
0.038748677389058926 0.0008982637526131147
0.03891996816579653 0.000899773380528786
0.03919021520839714 0.0009097951033712678
0.03919021520839714 0.0009097951033712678
0.0393401512936202 0.0009291039500183655
0.0393401512936202 0.0009291039500183656
0.0393401512936202 0.0009291039500183656
0.03934015129362021 0.0009291039500183656
0.03934015129362021 0.0009291039500183656
0.03934015129362021 0.0009291039500183656
0.03934015129362021 0.0009291039500183656
0.03934015129362021 0.0009291039500183658
0.03939592977401259 0.0009333415154170777
0.039462266587889594 0.0009513579243792639
0.0394622665878896 0.000951357924379264
0.04018816423521157 0.0009720291713970847
0.04031795512672135 0.0009761216168014704
0.04031795512672135 0.0009761216168014704
0.04031795512672135 0.0009761216168014704
0.040361902793488995 0.0009828088212920274
0.04050528424292028 0.0009830619092658663
0.04051104535850396 0.0009997668693206146
0.04063220987762281 0.001009934529681988
0.04063220987762281 0.001009934529681988
0.04063220987762281 0.001009934529681988
0.04063220987762281 0.001009934529681988
0.04063220987762281 0.001009934529681988
0.04063220987762281 0.001009934529681988
0.04063220987762281 0.001009934529681988
0.04087160513671942 0.0010226601527146204
0.04087160513671942 0.0010226601527146206
0.04087160513671942 0.0010226601527146206
0.04087160513671942 0.0010226601527146206
0.04087160513671942 0.0010226601527146208
0.04087160513671942 0.0010226601527146208
0.04087160513671942 0.0010226601527146208
0.04087160513671942 0.0010226601527146208
0.04087160513671942 0.0010226601527146208
0.04087160513671942 0.0010226601527146208
0.04087160513671942 0.0010226601527146208
0.04087160513671942 0.0010226601527146208
0.04087160513671942 0.0010226601527146208
0.04087160513671942 0.0010226601527146208
0.040871605136719426 0.0010226601527146208
0.04101685608850683 0.001029392061287519
0.04101685608850683 0.001029392061287519
0.04217084451336109 0.0010322516894782038
0.04242090020544219 0.001036532999399648
0.043516624742097144 0.0010799277272587702
0.043766542003061494 0.0011022027736281
0.043766542003061494 0.0011022027736281
0.043766542003061494 0.0011022027736281
0.043766542003061494 0.0011022027736281
0.044026801401808896 0.0011108316527559789
0.04411649393673008 0.001121728145779231
0.04411649393673009 0.0011217281457792311
0.04411649393673009 0.0011217281457792311
0.04414515948712783 0.001123737160223101
0.04463323347243941 0.0011256657038374955
0.04465453536004244 0.0011296629819154452
0.04473166636971452 0.0011393249498800836
0.044744227894963635 0.0011405594749386975
0.04476033192011226 0.0011413339643239534
0.04476033192011226 0.0011413339643239534
0.04497106162881113 0.0011520505729127163
0.04497106162881113 0.0011520505729127163
0.04497106162881113 0.0011520505729127163
0.04497106162881113 0.0011520505729127163
0.04497106162881113 0.0011520505729127163
0.04497106162881113 0.0011520505729127163
0.04497106162881113 0.0011520505729127163
0.04497106162881113 0.0011520505729127163
0.04497106162881113 0.0011520505729127163
0.04497106162881113 0.0011520505729127163
0.04497106162881113 0.0011520505729127163
0.04497106162881113 0.0011520505729127163
0.04497106162881113 0.0011520505729127163
0.04497106162881113 0.0011520505729127163
0.04497106162881113 0.0011520505729127163
0.04497106162881113 0.0011520505729127163
0.04497106162881113 0.0011520505729127166
0.04497106162881113 0.0011520505729127166
0.04497106162881113 0.0011520505729127166
0.04497106162881113 0.0011520505729127166
0.04497106162881113 0.0011520505729127166
0.04497106162881113 0.0011520505729127166
0.04497106162881113 0.0011520505729127166
0.04497106162881113 0.0011520505729127166
0.044971061628811135 0.0011520505729127166
0.04514497813099628 0.0011607914959294843
0.04514497813099628 0.0011607914959294843
0.047259968832155344 0.001164967642361577
0.047836212377943325 0.0011661158340274778
0.04783621237794333 0.0011661158340274778
0.04783621237794333 0.0011661158340274778
0.04808713254445938 0.0011741711802130215
