0.000242179446734
0.000163896759341
0.000135554750068
8.01881548162e-05
0.000128245676217
0.000267105794279
0.000247662837871
0.000193658863564
0.000100434535672
0.00026343481992
0.000121645272784
0.000240347942144
0.000428447331988
0.000124806858342
0.00028421004074
0.000361269047974
0.000170057378577
0.000121671930657
0.000186602800359
0.000381632045717
0.00011577717668
6.80258684094e-05
0.000115842283238
0.000175789396829
0.000160949270331
0.000282715649027
0.000150937960405
0.000235470550085
0.00019771593266
5.70924952579e-05