0.050201166 0.001342633
0.050201166 0.001342633
0.050201166 0.001342633
0.050201166 0.001342633
0.050201166 0.001342633
0.04602094 0.0012831772
0.045773014 0.0012688973
0.045175478 0.001255885
0.03914014 0.0010958003
0.03914014 0.0010958003
0.03914014 0.0010958003
0.03914014 0.0010958003
0.036589425 0.0009275526
0.036589425 0.0009275526
0.036280043 0.00087993057
0.036280043 0.00087993057
0.036280043 0.00087993057
0.048665114 0.001327567
0.048665114 0.001327567
0.04635292 0.0012866999
0.04635292 0.0012866999
0.04635292 0.0012866999
0.04635292 0.0012866999
0.042741034 0.0011935729
0.042741034 0.0011935729
0.042482264 0.0011826745
0.039724384 0.0011059815
0.039724384 0.0011059815
0.039724384 0.0011059815
0.039553277 0.0011032328
0.04299691 0.0012057017
0.042959526 0.0012012239
0.042959526 0.0012012239
0.042936426 0.0011991177
0.04288595 0.0011973329
0.042883255 0.0011969446
0.042883255 0.0011969446
0.042883255 0.0011969446
0.042883255 0.0011969446
0.042883255 0.0011969446
0.042883255 0.0011969446
0.042883255 0.0011969446
0.042883255 0.0011969446
0.042883255 0.0011969446
0.042883255 0.0011969446
0.042883255 0.0011969446
0.042883255 0.0011969446
0.042883255 0.0011969446
0.042883255 0.0011969446
0.042883255 0.0011969446
0.042883255 0.0011969446
0.042883255 0.0011969446
0.042870704 0.0011949899
0.04117272 0.0011508518
0.04102847 0.0011473648
0.040594943 0.0011355925
0.03650531 0.0009191687
0.040616166 0.0011431794
0.040455315 0.0011311739
0.04002231 0.001113111
0.04002231 0.001113111
0.03998101 0.0011121301
0.03884803 0.0010909869
0.038798604 0.0010832596
0.03767956 0.0010328871
0.037643276 0.001030587
0.037521947 0.0010199647
0.037521947 0.0010199647
0.037521947 0.0010199647
0.037521947 0.0010199647
0.037521947 0.0010199647
0.03722444 0.0010024919
0.03681822 0.00095256726
0.04734056 0.001300869
0.039443266 0.0010991126
0.039443266 0.0010991126
0.039443266 0.0010991126
0.0386199 0.0010773849
0.03661353 0.0009369116
0.036561497 0.00092515553
0.036561497 0.00092515553
0.036515616 0.0009217238
0.036515616 0.0009217238
0.036511116 0.0009210369
0.036471818 0.0009147573
0.050198086 0.0013402407
0.049754634 0.0013378204
0.04909122 0.0013361986
0.04899011 0.0013349002
0.04899011 0.0013349002
0.04899011 0.0013349002
0.04885209 0.0013325565
0.044441678 0.0012354678
0.041249264 0.001153319
0.040779833 0.0011460538
0.040750112 0.0011441618
0.040749673 0.0011440143
0.04046785 0.0011343244
0.040457007 0.001132239
0.0403877 0.001129081
0.040336072 0.0011222435
0.04018872 0.0011140758
0.039838877 0.0011088226
0.039837494 0.0011083906
0.039832715 0.0011068947
0.037149526 0.000991571
0.037063736 0.0009811557
0.03706013 0.0009811509
0.03706013 0.0009811509
0.03706013 0.0009811509
0.037053615 0.0009809709
0.037053615 0.0009809709
0.037053615 0.0009809709
0.037053615 0.0009809709
0.037053615 0.0009809709
0.037044305 0.0009787615
0.037044305 0.0009787615
0.037044305 0.0009787615
0.037044305 0.0009787615
0.037044305 0.0009787615
0.037044305 0.0009787615
0.037044305 0.0009787615
0.037044305 0.0009787615
0.037044305 0.0009787615
0.037044305 0.0009787615
0.037044305 0.0009787615
0.037044305 0.0009787615
0.037044305 0.0009787615
0.03703482 0.00097651075
0.03703482 0.00097651075
0.03703482 0.00097651075
0.03703482 0.00097651075
0.03703307 0.00097633805
0.03703307 0.00097633805
0.037030008 0.00097536825
0.037005655 0.00097496726
0.036996406 0.0009729846
0.036996406 0.0009729846
0.036996406 0.0009729846
0.036996406 0.0009729846
0.036968257 0.00096609053
0.036886558 0.00096413714
0.03687994 0.0009598825
0.036682833 0.00094401196
0.036681928 0.0009423232
0.036606953 0.0009349655
0.036601674 0.0009331451
0.03652725 0.00092378835
0.036487132 0.00091676024
0.036487132 0.00091676024
0.036487132 0.00091676024
0.036487132 0.00091676024
0.036487132 0.00091676024
0.03646875 0.0009086278
0.03646875 0.0009086278
0.03639421 0.0009022327
0.03639421 0.0009022327
0.03639421 0.0009022327
0.036381 0.0009000772
0.036304284 0.00088759884
0.03617316 0.0008598721
0.036166172 0.00085821375
0.03614747 0.00085377484
0.03614747 0.00085377484
0.03614747 0.00085377484
0.03614747 0.00085377484
0.03614747 0.00085377484
0.03614747 0.00085377484
0.036059733 0.00083549315
0.035990443 0.0008248202
0.03597116 0.00082368706
0.035885632 0.00079067965
0.035885204 0.00078109954
0.035836812 0.0007746819
0.035836812 0.0007746819
0.035735093 0.0007092747
0.04353089 0.0012151808
0.040523764 0.0011349877
0.03994596 0.0011092463
0.03994596 0.0011092463
0.03994596 0.0011092463
0.03994596 0.0011092463
0.039428975 0.001096181
0.038372148 0.0010719519
0.038372148 0.0010719519
0.038372148 0.0010719519
0.038351726 0.0010713246
0.03833192 0.0010702545
0.038320825 0.0010693262
0.038306303 0.0010681113
0.03828748 0.0010665368
0.03828748 0.0010665368
0.03828748 0.0010665368
0.03828748 0.0010665368
0.03828748 0.0010665368
0.03825532 0.0010638462
0.03825532 0.0010638462
0.038246743 0.0010631287
0.038231555 0.0010630137
0.038231555 0.0010630137
0.03810993 0.0010580032
0.037885487 0.0010464971
0.037885487 0.0010464971
0.037885487 0.0010464971
0.03773863 0.0010443443
0.0376808 0.0010335346
0.03753472 0.0010210542
0.03753472 0.0010210542
0.03753336 0.0010208372
0.03740679 0.0010196518
0.03732835 0.0010057265
0.03732835 0.0010057265
0.036803108 0.0009490597
0.036252163 0.0008685196
0.036242727 0.00086115586
0.036033425 0.00083102135
0.036033425 0.00083102135
0.035960395 0.00080706243
0.03594009 0.00080317067
0.035926685 0.0008008416
0.03591567 0.0007996133
0.03591567 0.0007996133
0.035908803 0.0007958742
0.035908803 0.0007958742
0.035908803 0.0007958742
0.03588739 0.000791707
0.035869073 0.00077828066
0.03582341 0.00076620973
0.035813786 0.0007467427
0.035809077 0.00074150064
0.035809077 0.00074150064
0.035801094 0.0007403412
0.035801094 0.0007403412
0.03579244 0.00073937996
0.035742667 0.00073195976
0.035742667 0.00073195976
0.0357122 0.0007002333
0.0357122 0.0007002333
0.035612356 0.00066190166
0.035612356 0.00066190166
0.050944407 0.0013458601
0.050944407 0.0013458601
0.050944407 0.0013458601
0.050944407 0.0013458601
0.050176263 0.0013384061
0.050121512 0.0013381158
0.050109327 0.0013380512
0.050109327 0.0013380512
0.050109327 0.0013380512
0.047586326 0.0013059725
0.047586326 0.0013059725
0.047162555 0.0012992481
0.047162555 0.0012992481
0.047162555 0.0012992481
0.04708126 0.0012961276
0.046726055 0.0012936117
0.04664463 0.0012932108
0.045856148 0.0012738144
0.045856148 0.0012738144
0.045856148 0.0012738144
0.045703195 0.0012668216
0.045386042 0.0012646958
0.044964086 0.0012460585
0.04411018 0.0012351444
0.04330839 0.0012108532
0.04330839 0.0012108532
0.04330839 0.0012108532
0.0426513 0.0011917568
0.041179746 0.0011519677
0.048638992 0.0013268504
0.048086714 0.0013188898
0.047933873 0.001316758
0.04774578 0.0013111343
0.04774578 0.0013111343
0.04653828 0.00128694
0.045891922 0.0012753708
0.042507067 0.0011837981
0.03880123 0.0010851851
0.038548853 0.0010757067
0.03841102 0.0010751376
0.03790202 0.0010495582
0.03640648 0.00090668787
0.035589326 0.00054681295
0.047416445 0.0013029553
0.04688264 0.0012955598
0.04684661 0.0012938052
0.04598558 0.0012783878
0.045211364 0.0012625676
0.045211364 0.0012625676
0.045211364 0.0012625676
0.045056235 0.001253461
0.044771485 0.0012455406
0.04470371 0.001244779
0.044519152 0.0012401805
0.044519152 0.0012401805
0.044519152 0.0012401805
0.044519152 0.0012401805
0.044481598 0.0012393087
0.04373827 0.0012294491
0.04373827 0.0012294491
0.04367652 0.0012232105
0.043258827 0.0012073288
0.04251903 0.0011857619
0.042187467 0.0011821318
0.042091336 0.0011764899
0.042091336 0.0011764899
0.042010345 0.0011759966
0.042010345 0.0011759966
0.041954223 0.001174266
0.041954223 0.001174266
0.041890167 0.001171134
0.041887388 0.0011703622
0.041666586 0.0011699268
0.041658327 0.0011697004
0.04154245 0.0011695268
0.04154245 0.0011695268
0.04154245 0.0011695268
0.04154245 0.0011695268
0.04154245 0.0011695268
0.041492026 0.0011657836
0.041447166 0.001164523
0.04134056 0.0011545748
0.04133474 0.0011540354
0.04133474 0.0011540354
0.041105513 0.0011502547
0.041099567 0.0011493813
0.04022338 0.0011195146
0.040077746 0.0011132525
0.040077746 0.0011132525
0.040077746 0.0011132525
0.040077746 0.0011132525
0.040077746 0.0011132525
0.040077746 0.0011132525
0.040077746 0.0011132525
0.040077746 0.0011132525
0.040077746 0.0011132525
0.040077746 0.0011132525
0.040077746 0.0011132525
0.040077746 0.0011132525
0.040077746 0.0011132525
0.040077746 0.0011132525
0.040077746 0.0011132525
0.040077746 0.0011132525
0.040077746 0.0011132525
0.040077746 0.0011132525
0.040077746 0.0011132525
0.03959693 0.0011053716
0.039526638 0.0011025167
0.039470784 0.00110058
0.037709605 0.0010429356
0.037403643 0.0010091902
0.037308667 0.0010028001
0.037308607 0.0010027983
0.037308607 0.0010027983
0.037307553 0.0010027153
0.037123784 0.000987188
0.03709717 0.0009863697
0.03709717 0.0009863697
0.03709717 0.0009863697
0.03709717 0.0009863697
0.03709717 0.0009863697
0.03709717 0.0009863697
0.03697469 0.0009691539
0.036973916 0.0009690279
0.036800075 0.0009479088
0.036795344 0.0009476171
0.036790036 0.00094731245
0.03674574 0.00094455684
0.03674574 0.00094455684
0.03674574 0.00094455684
