0.035707884 0.0007337961
0.03567451 0.00072729064
0.03567451 0.00072729064
0.03567085 0.0007270343
0.035647403 0.00070053985
0.035647403 0.00070053985
0.035636876 0.0006785767
0.035593525 0.00066687865
0.035591688 0.00066654314
0.035590652 0.0006663543
0.035590243 0.0006663463
0.035589553 0.00066615344
0.035589382 0.0006661224
0.035586603 0.0006657274
0.03558581 0.0006654699
0.035584353 0.0006652042
0.03558408 0.00066515454
0.035583112 0.0006650902
0.035582334 0.0006648354
0.035582036 0.00066478143
0.035567448 0.0006621176
0.03556614 0.0006618786
0.035565306 0.00066183886
0.03556472 0.00066161953
0.035563596 0.0006614144
0.035562873 0.0006612133
0.035562873 0.0006612133
0.035562873 0.0006612133
0.035562873 0.0006612133
0.035562873 0.0006612133
0.035562873 0.0006612133
0.035562873 0.0006612133
0.035562873 0.0006612133
0.035562873 0.0006612133
0.035562873 0.0006612133
0.035562873 0.0006612133
0.035562873 0.0006612133
0.035562873 0.0006612133
0.035562873 0.0006612133
0.035562873 0.0006612133
0.035562873 0.0006612133
0.035562873 0.0006612133
0.035562873 0.0006612133
0.035562873 0.0006612133
0.035562873 0.0006612133
0.035562873 0.0006612133
0.035562873 0.0006612133
0.035562873 0.0006612133
0.035562873 0.0006612133
0.035562873 0.0006612133
0.035562873 0.0006612133
0.035562873 0.0006612133
0.035562873 0.0006612133
0.035562873 0.0006612133
0.035562873 0.0006612133
0.035562873 0.0006612133
0.035562873 0.0006612133
0.035562873 0.0006612133
0.035562873 0.0006612133
0.035562873 0.0006612133
0.035562873 0.0006612133
0.035562873 0.0006612133
0.035562873 0.0006612133
0.035562873 0.0006612133
0.035562873 0.0006612133
0.035562873 0.0006612133
0.035562873 0.0006612133
0.035562873 0.0006612133
0.035562873 0.0006612133
0.035562873 0.0006612133
0.03556198 0.0006611197
0.035561673 0.0006609705
0.035561133 0.00066096504
0.035561055 0.0006609395
0.035560917 0.0006609254
0.035560846 0.00066091254
0.035560846 0.00066091254
0.035560846 0.00066091254
0.035560846 0.00066091254
0.035560846 0.00066091254
0.035560846 0.00066091254
0.035560846 0.00066091254
0.035560846 0.00066091254
0.035560846 0.00066091254
0.035560846 0.00066091254
0.035560846 0.00066091254
0.035560846 0.00066091254
0.035560846 0.00066091254
0.035560846 0.00066091254
0.035560846 0.00066091254
0.035560846 0.00066091254
0.035560846 0.00066091254
0.035560846 0.00066091254
0.035560846 0.00066091254
0.035560846 0.00066091254
0.035560846 0.00066091254
0.035560846 0.00066091254
0.035560846 0.00066091254
0.035560846 0.00066091254
0.035560846 0.00066091254
0.035560846 0.00066091254
0.035560846 0.00066091254
0.035560846 0.00066091254
0.035560846 0.00066091254
0.035560846 0.00066091254
0.035560846 0.00066091254
0.035560846 0.00066091254
0.035560846 0.00066091254
0.035560846 0.00066091254
0.035560846 0.00066091254
0.035560846 0.00066091254
0.035560846 0.00066091254
0.035560846 0.00066091254
0.035560846 0.00066091254
0.035560846 0.00066091254
0.035560846 0.00066091254
0.035560846 0.00066091254
0.035560846 0.00066091254
0.035560846 0.00066091254
0.035560846 0.00066091254
0.035560846 0.00066091254
0.035560846 0.00066091254
0.035560846 0.00066091254
0.035560846 0.00066091254
0.035560846 0.00066091254
0.035560846 0.00066091254
0.035560846 0.00066091254
0.035560846 0.00066091254
0.035560846 0.00066091254
0.035560846 0.00066091254
0.035560846 0.00066091254
0.035560846 0.00066091254
0.035560846 0.00066091254
0.035560846 0.00066091254
0.035560846 0.00066091254
0.035560846 0.00066091254
0.035560846 0.00066091254
0.035560846 0.00066091254
0.035560846 0.00066091254
0.035560846 0.00066091254
0.035560846 0.00066091254
0.035560846 0.00066091254
0.035560846 0.00066091254
0.035560846 0.00066091254
0.035560846 0.00066091254
0.035560846 0.00066091254
0.035560846 0.00066091254
0.035560846 0.00066091254
0.035560846 0.00066091254
0.035560846 0.00066091254
0.035560846 0.00066091254
0.035560846 0.00066091254
0.035560846 0.00066091254
0.035560846 0.00066091254
0.035560846 0.00066091254
0.035560846 0.00066091254
0.035560846 0.00066091254
0.035560846 0.00066091254
0.035560846 0.00066091254
0.035560846 0.00066091254
0.035560846 0.00066091254
0.035560846 0.00066091254
0.035560846 0.00066091254
0.035560846 0.00066091254
0.035560846 0.00066091254
0.035560846 0.00066091254
0.035560846 0.00066091254
0.035560846 0.00066091254
0.035560846 0.00066091254
0.035560846 0.00066091254
0.035560846 0.00066091254
0.035560846 0.00066091254
0.035560846 0.00066091254
0.035560846 0.00066091254
0.035560846 0.00066091254
0.035560846 0.00066091254
0.035560846 0.00066091254
0.035560846 0.00066091254
0.035560846 0.00066091254
0.035560846 0.00066091254
0.035560846 0.00066091254
0.035560846 0.00066091254
0.035560846 0.00066091254
0.035560846 0.00066091254
0.035560846 0.00066091254
0.035560846 0.00066091254
0.035560846 0.00066091254
0.035560846 0.00066091254
0.035560846 0.00066091254
0.035560846 0.00066091254
0.035560846 0.00066091254
0.035560846 0.00066091254
0.035560846 0.00066091254
0.035560846 0.00066091254
0.035560846 0.00066091254
0.035560846 0.00066091254
0.035560846 0.00066091254
0.035560846 0.00066091254
0.035560846 0.00066091254
0.035560846 0.00066091254
0.035560846 0.00066091254
0.035560846 0.00066091254
0.035560846 0.00066091254
0.035560846 0.00066091254
0.035560846 0.00066091254
0.035560846 0.00066091254
0.035560846 0.00066091254
0.035560846 0.00066091254
0.035560846 0.00066091254
0.035560846 0.00066091254
0.035560846 0.00066091254
0.035560846 0.00066091254
0.035560846 0.00066091254
0.035560846 0.00066091254
0.035560846 0.00066091254
0.035560846 0.00066091254
0.035560846 0.00066091254
0.035560846 0.00066091254
0.035560846 0.00066091254
0.035560846 0.00066091254
0.035560846 0.00066091254
0.035560846 0.00066091254
0.035560846 0.00066091254
0.035560846 0.00066091254
0.035560846 0.00066091254
0.035560846 0.00066091254
0.035560846 0.00066091254
0.035560846 0.00066091254
0.035560846 0.00066091254
0.035560846 0.00066091254
0.035560846 0.00066091254
0.035560846 0.00066091254
0.035560846 0.00066091254
0.035560846 0.00066091254
0.035560846 0.00066091254
0.035560846 0.00066091254
0.035560846 0.00066091254
0.035560846 0.00066091254
0.035560846 0.00066091254
0.035560846 0.00066091254
0.035560846 0.00066091254
0.035560846 0.00066091254
0.035560846 0.00066091254
0.035560846 0.00066091254
0.035560846 0.00066091254
0.035560846 0.00066091254
0.035560846 0.00066091254
0.035560846 0.00066091254
0.035560846 0.00066091254
0.035560846 0.00066091254
0.035560846 0.00066091254
0.035560846 0.00066091254
0.035560846 0.00066091254
0.035560846 0.00066091254
0.035560846 0.00066091254
0.035560846 0.00066091254
0.035560846 0.00066091254
0.035560846 0.00066091254
0.035560846 0.00066091254
0.035560846 0.00066091254
0.035560846 0.00066091254
0.035560846 0.00066091254
0.035560846 0.00066091254
0.035560846 0.00066091254
0.035560846 0.00066091254
0.035560846 0.00066091254
0.035560846 0.00066091254
0.035560846 0.00066091254
0.035560846 0.00066091254
0.035560846 0.00066091254
0.035560846 0.00066091254
0.035560846 0.00066091254
0.035560846 0.00066091254
0.035560846 0.00066091254
0.035560846 0.00066091254
0.035560846 0.00066091254
0.035560846 0.00066091254
0.035560846 0.00066091254
0.035560846 0.00066091254
0.035560846 0.00066091254
0.035560846 0.00066091254
0.035560846 0.00066091254
0.035560846 0.00066091254
0.035560846 0.00066091254
0.035560846 0.00066091254
0.035560846 0.00066091254
0.035560846 0.00066091254
0.035560846 0.00066091254
0.035560846 0.00066091254
0.035560846 0.00066091254
0.035560846 0.00066091254
0.035560846 0.00066091254
0.035560846 0.00066091254
0.035560846 0.00066091254
0.035560846 0.00066091254
0.035560846 0.00066091254
0.035560846 0.00066091254
0.035560846 0.00066091254
0.035560846 0.00066091254
0.035560846 0.00066091254
0.035560846 0.00066091254
0.035560846 0.00066091254
0.035560846 0.00066091254
0.035560846 0.00066091254
0.035560846 0.00066091254
0.035560846 0.00066091254
0.035560846 0.00066091254
0.035560846 0.00066091254
0.035560846 0.00066091254
0.035560846 0.00066091254
0.035560846 0.00066091254
0.035560846 0.00066091254
0.035560846 0.00066091254
0.035560846 0.00066091254
0.035560846 0.00066091254
0.035560846 0.00066091254
0.035560846 0.00066091254
0.035560846 0.00066091254
0.035560846 0.00066091254
0.035560846 0.00066091254
0.035560846 0.00066091254
0.035560846 0.00066091254
0.035560846 0.00066091254
0.035559848 0.00066084246
0.035559848 0.00066084246
0.035559848 0.00066084246
0.035559848 0.00066084246
0.035559848 0.00066084246
0.035559848 0.00066084246
0.035559848 0.00066084246
0.035559848 0.00066084246
0.035559848 0.00066084246
0.035559848 0.00066084246
0.035559848 0.00066084246
0.035559848 0.00066084246
0.035559848 0.00066084246
0.035559848 0.00066084246
0.035559848 0.00066084246
0.035559848 0.00066084246
0.035559848 0.00066084246
0.035559848 0.00066084246
0.035559848 0.00066084246
0.035559848 0.00066084246
0.035559848 0.00066084246
0.035559848 0.00066084246
0.035559848 0.00066084246
0.035559848 0.00066084246
0.035559848 0.00066084246
0.035559848 0.00066084246
0.035559848 0.00066084246
0.035559848 0.00066084246
0.035559848 0.00066084246
0.035559848 0.00066084246
0.035559848 0.00066084246
0.035559848 0.00066084246
0.035559848 0.00066084246
0.035559848 0.00066084246
0.035559848 0.00066084246
0.035559848 0.00066084246
0.035559848 0.00066084246
0.035559848 0.00066084246
0.035559848 0.00066084246
0.035559848 0.00066084246
0.035559848 0.00066084246
0.035559848 0.00066084246
0.03555943 0.00066072517
0.03555943 0.00066072517
0.035534214 0.00057468395
0.036237143 0.0008691599
0.036140464 0.0008562372
0.036066566 0.00084095
0.035731718 0.0007392997
0.037762083 0.0010283107
0.036575943 0.00092377217
0.036428522 0.0008808462
0.035550524 0.0006279254
0.043745507 0.0011501117
0.037039984 0.00095568254
0.035653282 0.00070158794
0.035593588 0.00066898746
0.035593588 0.00066898746
0.035593588 0.00066898746
0.03557032 0.00066437945
0.038833108 0.001034668
0.035973255 0.00082432764
0.035970397 0.00082356686
0.035961878 0.0008189294
0.035952996 0.0008176892
0.035889503 0.000796974
0.035876118 0.00079249684
0.035857018 0.00078623847
0.035737205 0.0007469785
0.035714246 0.0007391952
0.035711408 0.0007385251
0.035711408 0.0007385251
0.03569406 0.0007291174
0.035681643 0.00072815455
0.050905176 0.0012421464
0.04511419 0.0012104814
0.044332057 0.0011947526
0.041384872 0.0011347623
0.041224703 0.0010894607
0.040884737 0.0010801118
0.03915016 0.0010493863
0.03889865 0.0010419074
0.03696276 0.00095381815
0.03649629 0.00091339333
0.036314473 0.00087664946
0.03615658 0.00085647707
0.036055584 0.00083723606
0.03597472 0.0008273737
0.03597392 0.0008260244
0.035939857 0.00081370526
0.035827056 0.0007782812
0.03582336 0.0007776388
0.035815537 0.0007760597
0.03580518 0.0007744804
0.035794638 0.0007717779
0.035794638 0.0007717779
0.035794638 0.0007717779
0.035794638 0.0007717779
0.035794638 0.0007717779
0.035793755 0.0007715677
0.035793755 0.0007715677
0.03575849 0.0007485831
0.03566469 0.0007031825
0.035645112 0.00069047144
0.03564482 0.00068966736
0.036108147 0.0008481432
0.036101386 0.00084686076
0.035759736 0.0007619161
0.035653252 0.0007014418
0.035600528 0.0006723726
0.03556403 0.00066149764
0.03556403 0.00066149764
0.03556403 0.00066149764
0.03556403 0.00066149764
0.03556403 0.00066149764
0.03556403 0.00066149764
0.03556403 0.00066149764
0.03556403 0.00066149764
0.03556403 0.00066149764
0.03556403 0.00066149764
0.03556403 0.00066149764
0.03556403 0.00066149764
0.03556403 0.00066149764
0.03556403 0.00066149764
0.03556403 0.00066149764
0.03556403 0.00066149764
0.03556403 0.00066149764
0.03556403 0.00066149764
0.03556403 0.00066149764
0.03556403 0.00066149764
0.03556403 0.00066149764
0.03556403 0.00066149764
0.03556403 0.00066149764
0.03556403 0.00066149764
0.03556403 0.00066149764
0.03556403 0.00066149764
0.03556403 0.00066149764
0.03556403 0.00066149764
0.03556403 0.00066149764
0.03556403 0.00066149764
0.03556403 0.00066149764
0.03556403 0.00066149764
0.03556403 0.00066149764
0.03556403 0.00066149764
0.035558768 0.00066027447
0.035558768 0.00066027447
0.035553318 0.0006298003
0.035551637 0.00062903407
0.03555134 0.0006288978
0.03554858 0.00062764774
0.03554458 0.0006258
0.0362151 0.0008684262
0.036048636 0.0008347194
0.035652116 0.0007011409
0.035545204 0.0006259096
0.035545204 0.0006259096
0.035545204 0.0006259096
0.03554441 0.0006257858
0.035530705 0.0005431006
0.039670132 0.0010549861
0.036129046 0.0008537639
0.035667684 0.00072610314
0.03561028 0.00067761645
0.03555768 0.0006599814
0.03555768 0.0006599814
0.03555768 0.0006599814
0.03555768 0.0006599814
0.03555768 0.0006599814
0.03555768 0.0006599814
0.03555768 0.0006599814
0.03555768 0.0006599814
0.03553401 0.00057439716
0.037302446 0.0010029569
0.036272638 0.0008699456
0.036214463 0.00086195767
0.03608116 0.00084145926
0.03567439 0.00072718423
0.035593808 0.0006703305
0.0355187 0.0005411281
0.04068988 0.0010699464
0.03568918 0.00072853756
0.035558566 0.00066023343
0.035558566 0.00066023343
0.035558566 0.00066023343
0.035558566 0.00066023343
0.035558566 0.00066023343
0.035558566 0.00066023343
0.035558566 0.00066023343
0.035558566 0.00066023343
0.035558566 0.00066023343
0.035547253 0.0006263586
0.035546374 0.000626134
0.035546158 0.0006260735
0.03554587 0.00062600523
0.03554574 0.00062599115
0.03554545 0.0006259174
0.03554545 0.0006259174
0.03554319 0.0006253774
0.03554318 0.00062536664
0.03554318 0.00062536664
0.03554318 0.00062536664
0.03554318 0.00062536664
0.03554318 0.00062536664
0.03554318 0.00062536664
0.03554318 0.00062536664
0.03554318 0.00062536664
0.03554318 0.00062536664
0.03554318 0.00062536664
0.03554318 0.00062536664
0.03554318 0.00062536664
0.035542 0.0006251823
0.035542 0.0006251823
0.035542 0.0006251823
0.035542 0.0006251823
0.035542 0.0006251823
0.035541296 0.0006249192
0.035541296 0.0006249192
0.035541296 0.0006249192
0.035541296 0.0006249192
0.035541296 0.0006249192
0.035541296 0.0006249192
0.035541296 0.0006249192
0.035541296 0.0006249192
0.035541296 0.0006249192
0.035541296 0.0006249192
0.035541043 0.0006248595
0.03636446 0.0008777326
0.03584949 0.0007817273
0.03577524 0.00076658675
0.03566567 0.0007044836
0.035658505 0.00070316385
0.035658505 0.00070316385
0.035658505 0.00070316385
0.035658505 0.00070316385
0.035658505 0.00070316385
0.035658505 0.00070316385
0.035658296 0.0007031309
0.035658296 0.0007031309
0.035654087 0.0007023574
0.035654087 0.0007023574
0.035654087 0.0007023574
0.035654087 0.0007023574
0.035654087 0.0007023574
0.035654087 0.0007023574
0.035654087 0.0007023574
0.035654087 0.0007023574
0.035654087 0.0007023574
0.036180776 0.0008599695
0.035665408 0.00070326007
0.03564562 0.00069902424
0.035639964 0.000686673
0.03678608 0.0009376286
0.03567879 0.0007274241
0.03567879 0.0007274241
0.036234614 0.0008691308
0.035697967 0.0007335287
0.035697967 0.0007335287
0.035697967 0.0007335287
0.035697967 0.0007335287
0.046311837 0.0012248425
0.03708555 0.00096902036
