1.03519340645e-05
4.77647012288e-06
4.60336479895e-05
7.0853696407e-06
6.66304176601e-06
4.02513159933e-06
1.64199213785e-05
3.03994379001e-06
3.10897069386e-06
7.66767082214e-06
4.64333519042e-05
2.00178451236e-05
1.80725672799e-05
6.03619553477e-06
1.01696414096e-05
4.72832004847e-05
4.28941887166e-05
4.52556861317e-05
4.69381980735e-05
4.26764201819e-06
5.33400059217e-06
4.53702194277e-05
4.77577359217e-05
4.2666923555e-06
2.19347261263e-05
4.14963158226e-05
3.53328472055e-06
4.74961985005e-05
4.73323633682e-05
3.70833631827e-06