0.010349431516538006 0.00022978553781012823
0.0103869741078325 0.00024768963999347737
0.0104024418816549 0.00035939363605297256
0.010427221968813585 0.0004889421881040592
0.010599921454335155 0.0005108375999386876
0.010779192845733386 0.0005205245663340387
0.01077924462301032 0.0005268501418878217
0.010874887927387632 0.0006266312508882815
0.01097124339006445 0.0007170510186949996
0.010979943526055639 0.000857345465477871
0.011034922539974797 0.0009171974348024156
0.011338623822375039 0.0009201075478783052
0.011453091797845734 0.0009372041646677338
0.011643082824759688 0.000977511374653619
0.011741612513389059 0.000993894078407013
0.012359821064932636 0.0009955392998853177
0.01243448713333572 0.00100748707406869
0.012528838248456804 0.0010217630229147766
0.012908732196168345 0.0010338684458417679
0.012916469149993977 0.0010422827843133348
0.012935957596880605 0.0010453566156182741
0.013302321086739118 0.0010745955321018554
0.014091825842471694 0.0010782342699056026
0.014157813436900852 0.0010943998975080334
0.014204833768500508 0.0011389194245809467
0.015001177601635024 0.0012315150159112513
0.015519320337193714 0.0012604066564555617
0.016083810569560427 0.0012965732979955532
0.01743370556237788 0.0013014627255969974
0.0178739153026932 0.0013065160517171403
0.018143958692206322 0.0013593198845128253
0.019626593974922765 0.0013670294910153973
0.019871271130889313 0.0013967767695726816
0.01997493310832609 0.0014347135182373348
