0.010554392751417254 0.0004919724828771942
0.010617647639663084 0.0005846600584286823
0.011052673759276386 0.0006400151783464778
0.011135349929607033 0.0006832307034650022
0.011253609672142511 0.0007914024196856969
0.011305144186117149 0.0008010886939241068
0.011710751755805889 0.0008127223575621725
0.011856348952422711 0.0008172417362672292
0.011924968646708108 0.0008211310267757965
0.01194220029040567 0.0009428194497168656
0.012279092750806414 0.0009585067196743114
0.012492593922059106 0.0009586405288939631
0.012812240733950315 0.0009704689310720508
0.01285722411803138 0.0009850270994584667
0.012905610778427723 0.0010008875620404842
0.012960409501930514 0.001003194696950228
0.013045887831248063 0.0010187659722501639
0.013064579391908134 0.0010258834444693806
0.013425763347268267 0.001113926920014005
0.01406068144212537 0.001123646901703537
0.014518645741559085 0.001153224811471744
0.014653758884388872 0.0011799288800094614
0.015043171884497586 0.0011876172918819296
0.016263945093974448 0.0011943810531581036
0.01635035687079732 0.0011977839030986254
0.01638629257084111 0.0011997631939461102
0.016459340816843276 0.0012038853389256322
0.016459726900698118 0.001213447380757317
0.016792455620747306 0.0012265055949927043
0.01689121704659596 0.0012462681268064187
0.01722540471074448 0.0012687414552160034
0.01829998177026476 0.0012710411621978538
0.018516314152673744 0.0012769133816088248
0.018732416811541593 0.0013076672474658317
0.019396089459832174 0.0013309756393401315
0.01941018397767878 0.0013447541955976588
0.019841157109183716 0.0013466555773593639
0.019972895262073166 0.0013823937198804994
0.02101087858493057 0.0014010805055254818
0.021191926859336616 0.0014571586114097126
0.025240500301687403 0.0014759405295083942
