0.010686136808288896 0.0006564017227855154
0.01079464412854133 0.0007577392894093586
0.011288817058806492 0.0008959324774211114
0.01142514165099325 0.0010093905532811537
0.011939466460626885 0.0010209318552828917
0.011975932645311898 0.0010350143085030368
0.012054229820632603 0.001053899817769075
0.012120229245969835 0.0010661355546453762
0.012197829070620692 0.001091302776572043
0.012411098341418068 0.0010951534980549562
0.01256069793652154 0.0011067101917968559
0.012608917803691874 0.0011190964371800513
0.012906076237121863 0.0011330108747749138
0.012957193788531527 0.0011666352768871595
0.013065111019640304 0.001181459033716826
0.013259287737776305 0.0012324695614737984
0.015216385854639388 0.0012353220483645143
0.01584028426381364 0.0012354069286312384
0.0160661988212159 0.0012439262716285285
0.016360469592923477 0.0012836760473217213
0.016417669648539704 0.0012964686543064307
0.016770612716117433 0.0012987662652802299
0.01685988062266161 0.0013006105651533976
0.016954663539017912 0.0013130995372431103
0.017050118732480066 0.00131898922142093
0.017399998387876585 0.0013269008086554779
0.017442161645610813 0.001340924924231771
0.01777080225485453 0.001349072384294354
0.0179414418438322 0.0013708538305450477
0.018077210949916725 0.0013850294921782323
0.01828591457928661 0.0013890987976488177
0.018527910044606206 0.0013912167708884367
0.01857644351907122 0.0013924349823974027
0.01869175070133146 0.0014124073295610513
0.018739995963263006 0.0014331764928700052
0.01919136968446233 0.0014355027319797875
0.01925686620648156 0.0014406903066305928
0.019269496502147775 0.0014648009715170127
0.01964157976403945 0.0014798261428979568
0.019903142638125412 0.0015077382948360124
0.020462967781844775 0.0015169639505570667
0.020623607364643033 0.0015195063425495635
0.02067798775391925 0.0015367631687684866
0.02131772613111164 0.0015411167785987648
0.02142110546697578 0.0015584239970621995
0.021810382302485373 0.0015817647095830235
0.02435150229371379 0.0016448341140110783
