0.010615463595712455 0.0006230495420499366
0.01066600407488471 0.0007443143524036033
0.011036796199386358 0.0008136562512944595
0.01115778794900369 0.0008930479083433086
0.011397876915390582 0.0008933323523866118
0.01162011705418924 0.0009653499181854051
0.011716467135279568 0.0009817913094144028
0.011893665309373583 0.0009867543004046437
0.012365145426686248 0.0010135183757706285
0.012555184679568707 0.0010438314901123186
0.013074222586616498 0.001102515494392053
0.013679182340433658 0.0011026289469867824
0.01374218649997885 0.0011110451480064148
0.014234874260921477 0.0011144797320115948
0.014312883141448435 0.0011390915519158668
0.01470313961178292 0.0011708132692496765
0.014867200873021146 0.0011913587704988273
0.015398092898683371 0.0011967477119797982
0.015851116211845498 0.0012117813298438594
0.016240704225391242 0.0012145041695566516
0.016827636919749537 0.0012227879142521997
0.016893960791022122 0.001232875949211451
0.017184916087932853 0.0012711909135224707
0.017699744835025615 0.0012951555433373455
0.018391984992322082 0.001297731872731315
0.018394747030289926 0.0013093850195140156
0.01860759053350368 0.00132563161164624
0.018882159838663294 0.00134044249107769
0.019094806042303757 0.001349179116686725
0.019534915096353717 0.0013586233871113991
0.019952455975869914 0.0013762596426463315
0.020425429580022893 0.0014165777026969063
0.02102458872533201 0.001424161397993279
0.02244523253719355 0.0014383219753590988
0.023705008428097224 0.0014494157244152551
