0.02904414895184697 0.0008188766588663771
0.02904911096937252 0.0008188927690589314
0.02905577659856043 0.0008191851536879624
0.02905582893158804 0.0008191852565198379
0.02905838976632295 0.0008191917599473069
0.029058685882131886 0.0008191924659095919
0.029059855917050716 0.000819347340488537
0.029069200715435672 0.0008194146282277216
0.02907052223131028 0.0008194240880694024
0.029074631717732207 0.0008194536874706814
0.029084969342423196 0.0008195281088043781
0.02917409194823643 0.0008242163290078171
0.029246270954708182 0.0008273642042004358
0.029246270954708182 0.0008273642042004358
0.029246270954708182 0.0008273642042004358
0.029246270954708182 0.0008273642042004358
0.029273542904124393 0.0008283920216871851
0.029275197207790878 0.0008284543578646707
0.02927975970265313 0.0008286263128154703
0.029315621199979568 0.0008299778514911982
0.029336030695515217 0.00083210680516725
0.029336030695515217 0.00083210680516725
0.029336030695515217 0.00083210680516725
0.02936595261068128 0.0008343196189423088
0.02939204435193768 0.0008356004280386902
0.029430144710245663 0.0008373228008475436
0.029489715098273753 0.0008385757997901612
0.02956093134271304 0.0008392229957115681
0.02956842184342291 0.0008395052927420195
0.029592129692391646 0.0008403987792893659
0.029622863907841048 0.0008415570866582179
0.029642607182005447 0.000846743615160868
0.029761207137561405 0.0008467709119937254
0.02976663276680453 0.0008469753777009559
0.029816227880276575 0.0008523195875002721
0.02999813830261395 0.0008557002963999317
0.030022445384266835 0.0008566163636242912
0.030118652953826184 0.0008585285304103417
0.030163558684872586 0.0008593841827279808
0.030175790642669485 0.0008614024430236408
0.030236254552463593 0.0008641999841869222
0.030292158358061465 0.0008705452669658946
0.030292158358061465 0.0008705452669658946
0.030292158358061465 0.0008705452669658946
0.03033307122744502 0.0008722089165837455
0.03033307122744502 0.0008722089165837455
0.030340251046943965 0.0008780138230514713
0.030417134228046643 0.0008793647528708003
0.030613467436017464 0.0008858232233663658
0.030628953011661318 0.0008865293113418781
0.030628953011661318 0.0008865293113418781
0.030950207909276183 0.0009054652969793959
0.031040991290517628 0.0009105515500291133
0.03139705714081087 0.0009208155661719367
0.031536528261986004 0.0009247315346873285
0.03171083470399726 0.000933319246202079
0.031752519814903 0.0009345856043941328
0.031812435971744456 0.0009380491129556219
0.03184054452447884 0.0009433637378237676
0.03198428491822523 0.0009440959876826053
0.032004908327529114 0.0009495011315922436
0.03207755337309926 0.0009495531822947948
0.03207755337309926 0.0009495531822947948
0.032082672165620094 0.0009534919131809567
0.03235919144860441 0.0009636663926198706
0.032581268510181324 0.0009710941720419557
0.0326421961412533 0.0009772979381896163
0.0327455581735886 0.00098101426534923
0.03284004173062148 0.000982361832953128
0.0329032349599514 0.000992335850506611
0.03310598720078195 0.0010022769203584352
0.03312761328574149 0.001006952798406021
0.0333179967163713 0.0010156804891182812
0.03349716605953236 0.0010157815532357995
0.033730538910606914 0.0010277301329210506
0.03382770297670687 0.0010311812564925502
0.0338916640781296 0.0010420271629032918
0.03400357116403273 0.0010460597831145732
0.034137545485319706 0.0010490053153067763
0.03419581959711118 0.0010523317882363882
0.034243092226248176 0.0010544870517908201
0.03430149613193561 0.0010546916869761786
0.03430968820941252 0.0010562551268852138
0.034412343869879694 0.0010598849328891582
0.034416369795336334 0.0010622440059722149
0.034437400249139376 0.0010638144710432037
0.034483503288031465 0.0010654789989553656
0.03459746424140255 0.0010710950119706168
0.03461724414736694 0.001071699101931454
0.03467529359791921 0.0010734192109292605
0.03468819914355044 0.0010787655154661942
0.03482624683883857 0.0010797189410609942
0.034861572491450464 0.0010809312358538263
0.03495831855739592 0.001087656642683764
0.035014443913478556 0.0010877915345668845
0.035034810334700246 0.0010901012084943219
0.035102439994369086 0.0010931141778126622
0.035230326126084115 0.0010989021043990277
0.035234463278619524 0.0011037109342125376
0.035403618073868034 0.0011072772611789004
0.035408684073497086 0.0011116417521113283
0.03543160917797536 0.0011128158177132236
0.03546896348044523 0.0011144173976951905
0.03546896348044523 0.0011144173976951905
0.03556145137614028 0.0011147324028077305
0.035573643451498514 0.0011182501457630998
0.03566986481165761 0.0011196372539145052
0.03568977255390574 0.0011207706561232663
0.03573199129804953 0.0011215239538328212
0.03577761594787051 0.0011236631021278001
0.03587221571378132 0.0011256124041664605
0.03590988681737799 0.00112739134443702
0.036039787525633214 0.0011383929917829013
0.03614198004570488 0.0011418241943350524
0.036161143586126154 0.0011463214051519535
0.03629256906977372 0.0011468517124084438
0.036455157655270784 0.0011532157086415408
0.03657801501151234 0.0011555665068381721
0.036581603399387264 0.001165409816152227
0.03668448643880038 0.0011661813781331304
0.03680906445109331 0.0011740900095363346
0.03694828545553432 0.0011766120979460988
0.03696898704817321 0.0011831832157858041
0.03721514130324251 0.0011840921472636365
0.03729013958559369 0.0011973350162489392
0.037325621992333385 0.0011994687934180897
0.03777404493584368 0.001211868435394529
0.03798721527719373 0.0012282296370367126
0.03805939405853728 0.001231591208864842
0.038235852604591204 0.0012333112119623068
0.0383071105713146 0.001233915596820189
0.038352633653682855 0.0012385640298698646
0.03841281796788054 0.0012485095500755687
0.0384391599281959 0.0012492878177329397
0.038480303793681093 0.0012516411268469595
0.03858866643478017 0.001256669499019993
0.038596415512367054 0.0012576934642909167
0.038619322211887325 0.0012578003869551007
0.03892415243959032 0.0012678380678030018
0.03908200339510547 0.0012708766601389494
0.03915208343957979 0.0012828139609706547
0.039250599414802814 0.0012871678330713648
0.039560158277605284 0.0012965242398073735
0.039582822387970076 0.0013028016763615281
0.03975273950497893 0.001303113873538325
0.03981263453730758 0.0013134657281994365
0.03991665358373248 0.0013182925719316665
0.04003267765371971 0.0013188569765681679
0.04011644036973727 0.0013196599185195477
0.04016730373926016 0.0013226688839191865
0.04034650908013522 0.0013382393026592453
0.040681064387072564 0.0013400076739529187
0.04074953164131399 0.0013427666251474792
0.04076454071761416 0.0013456090238719077
0.04078398801289356 0.0013469826174391662
0.040801273220855215 0.0013486101315031307
0.040812238196230526 0.0013505528208063524
0.04090688417891127 0.0013638423717423822
0.040915771906180204 0.001364190092536437
0.041190189405987176 0.0013695293184530345
0.041547031421033435 0.0013717941150679564
0.041659534405903635 0.0013765840003809194
0.0417463161904106 0.0013792988765699275
0.041823897808160426 0.0013821454492187843
0.04188118819555417 0.0013926979226352837
0.042110935727292256 0.0013961232019456754
0.04215825217690145 0.0013979286702286732
0.04227668677975148 0.0014011753233408744
0.04233782212783582 0.0014068201424678193
0.042376565041235416 0.0014077372884642278
0.042440131652475066 0.0014094517438928427
0.04247978619952336 0.0014105212567448605
0.042484286357460314 0.0014120624510215877
0.04257780836300901 0.0014174467457700882
0.04265842394688623 0.0014202831228640068
0.0426627921545209 0.0014210727445576278
0.04272155354121923 0.0014214599548882194
0.042775950527691106 0.0014247895801310223
0.04281948446448263 0.0014261482582810466
0.04285175705064781 0.0014305267070004132
0.04288577543180969 0.001430986139857168
0.043002755806414536 0.0014353640307601667
0.043165315876371624 0.001438787095083199
0.043235598163992556 0.00143926837569941
0.043235598163992556 0.00143926837569941
0.04338686753997789 0.0014422487082800862
0.04352459340564179 0.0014470597686783904
0.04359752188155345 0.0014552163577586919
0.04384359477657892 0.0014569171300559596
0.04415233533400005 0.0014589220732633878
0.044161265906379255 0.0014675161988884494
0.04422272820868317 0.0014688345909968249
0.04422903029931804 0.0014698811430573398
0.04431569505387967 0.0014736563530330987
0.04433565876873223 0.001474525993691914
0.044406297903008464 0.0014770663830604304
0.044555935891308136 0.0014863387340236956
0.04463815262584282 0.0014874633492980443
0.04466307078938312 0.0014877906192970931
0.044822816796562026 0.0014937904931644345
0.049321941723581925 0.0015571398883465555
0.055968388043741546 0.0016155021263488671
0.05697843179639601 0.001641339591885609
0.0587105840202892 0.0016503017645595483
0.05948812996617493 0.0016756816205410424
0.06089373847753774 0.001678622395957995
0.061188464601818135 0.001685243000515199
0.06403764516355334 0.0017383879018529448
0.0671656194720599 0.0017753456585023002
0.0671656194720599 0.0017753456585023002
0.06758289356538735 0.0018078009252405873
0.07009224027245316 0.0018624253975766272
0.07072832491732892 0.0018986392288795595
0.07506581740720643 0.0019003613378872325
0.07591435749274886 0.0019139350963219013
0.07591435749274886 0.0019139350963219013
0.07613774191326578 0.0019189502968308058
0.07618271646040266 0.0019194428398330858
0.07764477456053344 0.001931720967605732
0.07807187125662193 0.001939308314209236
0.07813580706670299 0.001975688434664549
0.08025277537674527 0.0020233340006669577
0.08133437588105583 0.0020378963314418453
0.08169630515495113 0.0020478713899553073
0.08187205735796335 0.002053768842990968
0.08190526299264292 0.0020541358355302183
0.08199331627860043 0.00206459883942759
0.08202082998312481 0.0020652511363146962
0.08238983292860888 0.002070288432868688
0.08247393463816909 0.0020722452612183975
0.08281526404283092 0.0020834985375460234
