0.029075620173197748 0.0008212571622437649
0.029085694404171185 0.0008217045197810006
0.029089334198741542 0.0008218661407516944
0.029095080552746583 0.0008221213210523446
0.029099728853734793 0.0008223277175320209
0.029101452483256848 0.0008224042739217345
0.029103949865634957 0.0008225152020576886
0.029103949865634957 0.0008225152020576886
0.02910786405195774 0.0008226890048000041
0.029109844069490378 0.0008227769218838571
0.029119865972823313 0.0008231579186272575
0.02912684607807963 0.0008235319425253585
0.02913289428752387 0.0008238005105378306
0.02913289428752387 0.0008238005105378306
0.029135995769214166 0.0008239382513356285
0.029137644779131285 0.0008240114784136799
0.029137644779131285 0.0008240114784136799
0.029137644779131285 0.0008240114784136799
0.029137644779131285 0.0008240114784136799
0.029137644779131285 0.0008240114784136799
0.029137644779131285 0.0008240114784136799
0.029137644779131285 0.0008240114784136799
0.029137644779131285 0.0008240114784136799
0.02913861475075075 0.000824054536696734
0.02917698991042693 0.0008257586445436362
0.029182218857927836 0.0008259908124260555
0.029189126574003472 0.0008262975703973769
0.029230111823494515 0.0008281175648349806
0.02925326796569598 0.0008291458478703934
0.029272096541305567 0.0008299819556636854
0.029299918688739816 0.0008312174463438003
0.029321401769988764 0.000832171433184683
0.02936896004020095 0.0008342833171262542
0.02953392216230983 0.0008416086977936877
0.029617651493668667 0.0008453267936251278
0.029618355812495407 0.0008453580964469454
0.029684767190490673 0.0008483071812602864
0.029822859116153073 0.0008544393324666327
0.029888214203378113 0.0008582384092696534
0.029954864591051036 0.0008603012242959604
0.029954864591051036 0.0008603012242959604
0.029954864591051036 0.0008603012242959604
0.0302370335874645 0.000872348057518528
0.030424237221477538 0.000881912614509782
0.03054123293149337 0.0008862141722816649
0.030755289948823684 0.0008958452294250474
0.030795592705690503 0.0008976349411797409
0.031126341103081573 0.0009152884496006929
0.032772584127174445 0.000990494483974262
0.032772584127174445 0.000990494483974262
0.03291160803982653 0.0009973097400695677
0.03291160803982653 0.0009973097400695677
0.03291160803982653 0.0009973097400695677
0.03291160803982653 0.0009973097400695677
0.03291160803982653 0.0009973097400695677
0.03291160803982653 0.0009973097400695677
0.03291160803982653 0.0009973097400695677
0.03291160803982653 0.0009973097400695677
0.03291160803982653 0.0009973097400695677
0.03291160803982653 0.0009973097400695677
0.03291160803982653 0.0009973097400695677
0.03291160803982653 0.0009973097400695677
0.03291160803982653 0.0009973097400695677
0.03291160803982653 0.0009973097400695677
0.03291160803982653 0.0009973097400695677
0.03291160803982653 0.0009973097400695677
0.03291160803982653 0.0009973097400695677
0.03291160803982653 0.0009973097400695677
0.03291160803982653 0.0009973097400695677
0.03291160803982653 0.0009973097400695677
0.03291160803982653 0.0009973097400695677
0.03291160803982653 0.0009973097400695677
0.03291160803982653 0.0009973097400695677
0.03310870983848946 0.001006277252443637
0.03310870983848946 0.001006277252443637
0.03310870983848946 0.001006277252443637
0.03310870983848946 0.001006277252443637
0.03310870983848946 0.001006277252443637
0.03310870983848946 0.001006277252443637
0.03310870983848946 0.001006277252443637
0.03310870983848946 0.001006277252443637
0.03310870983848946 0.001006277252443637
0.03310870983848946 0.001006277252443637
0.03310870983848946 0.001006277252443637
0.03310870983848946 0.001006277252443637
0.03310870983848946 0.001006277252443637
0.03310870983848946 0.001006277252443637
0.03310870983848946 0.001006277252443637
0.03310870983848946 0.001006277252443637
0.03310870983848946 0.001006277252443637
0.03310870983848946 0.001006277252443637
0.03310870983848946 0.001006277252443637
0.03310870983848946 0.001006277252443637
0.03310870983848946 0.001006277252443637
0.03310870983848946 0.001006277252443637
0.03310870983848946 0.001006277252443637
0.03310870983848946 0.001006277252443637
0.03310870983848946 0.001006277252443637
0.03310870983848946 0.001006277252443637
0.03310870983848946 0.001006277252443637
0.03310870983848946 0.001006277252443637
0.03310870983848946 0.001006277252443637
0.03310870983848946 0.001006277252443637
0.03310870983848946 0.001006277252443637
0.03310870983848946 0.001006277252443637
0.03310870983848946 0.001006277252443637
0.03310870983848946 0.001006277252443637
0.03310870983848946 0.001006277252443637
0.03310870983848946 0.001006277252443637
0.03310870983848946 0.001006277252443637
0.03310870983848946 0.001006277252443637
0.03310870983848946 0.001006277252443637
0.03310870983848946 0.001006277252443637
0.03310870983848946 0.001006277252443637
0.03310870983848946 0.001006277252443637
0.03310870983848946 0.001006277252443637
0.03310870983848946 0.001006277252443637
0.03310870983848946 0.001006277252443637
0.03310870983848946 0.001006277252443637
0.03310870983848946 0.001006277252443637
0.03310870983848946 0.001006277252443637
0.03310870983848946 0.001006277252443637
0.03310870983848946 0.001006277252443637
0.03310870983848946 0.001006277252443637
0.03310870983848946 0.001006277252443637
0.03310870983848946 0.001006277252443637
0.03310870983848946 0.001006277252443637
0.03310870983848946 0.001006277252443637
0.03310870983848946 0.001006277252443637
0.03310870983848946 0.001006277252443637
0.03310870983848946 0.001006277252443637
0.03310870983848946 0.001006277252443637
0.03310870983848946 0.001006277252443637
0.03310870983848946 0.001006277252443637
0.03310870983848946 0.001006277252443637
0.03310870983848946 0.001006277252443637
0.03310870983848946 0.001006277252443637
0.03310870983848946 0.001006277252443637
0.03310870983848946 0.001006277252443637
0.03310870983848946 0.001006277252443637
0.03310870983848946 0.001006277252443637
0.03310870983848946 0.001006277252443637
0.03310870983848946 0.001006277252443637
0.03310870983848946 0.001006277252443637
0.03310870983848946 0.001006277252443637
0.03310870983848946 0.001006277252443637
0.03310870983848946 0.001006277252443637
0.03310870983848946 0.001006277252443637
0.03310870983848946 0.001006277252443637
0.03310870983848946 0.001006277252443637
0.03310870983848946 0.001006277252443637
0.03310870983848946 0.001006277252443637
0.03310870983848946 0.001006277252443637
0.03310870983848946 0.001006277252443637
0.03310870983848946 0.001006277252443637
0.03310870983848946 0.001006277252443637
0.03310870983848946 0.001006277252443637
0.03310870983848946 0.001006277252443637
0.03310870983848946 0.001006277252443637
0.03310870983848946 0.001006277252443637
0.03310870983848946 0.001006277252443637
0.03310870983848946 0.001006277252443637
0.03310870983848946 0.001006277252443637
0.03310870983848946 0.001006277252443637
0.03310870983848946 0.001006277252443637
0.03310870983848946 0.001006277252443637
0.03310870983848946 0.001006277252443637
0.03310870983848946 0.001006277252443637
0.03310870983848946 0.001006277252443637
0.03310870983848946 0.001006277252443637
0.03310870983848946 0.001006277252443637
0.03310870983848946 0.001006277252443637
0.03310870983848946 0.001006277252443637
0.03310870983848946 0.001006277252443637
0.03310870983848946 0.001006277252443637
0.03310870983848946 0.001006277252443637
0.03310870983848946 0.001006277252443637
0.03310870983848946 0.001006277252443637
0.03310870983848946 0.001006277252443637
0.03310870983848946 0.001006277252443637
0.03310870983848946 0.001006277252443637
0.03310870983848946 0.001006277252443637
0.03310870983848946 0.001006277252443637
0.03310870983848946 0.001006277252443637
0.03310870983848946 0.001006277252443637
0.03310870983848946 0.001006277252443637
0.03310870983848946 0.001006277252443637
0.03310870983848946 0.001006277252443637
0.03310870983848946 0.001006277252443637
0.03310870983848946 0.001006277252443637
0.03310870983848946 0.001006277252443637
0.03310870983848946 0.001006277252443637
0.03310870983848946 0.001006277252443637
0.03310870983848946 0.001006277252443637
0.03310870983848946 0.001006277252443637
0.03310870983848946 0.001006277252443637
0.03310870983848946 0.001006277252443637
0.03310870983848946 0.001006277252443637
0.03310870983848946 0.001006277252443637
0.03310870983848946 0.001006277252443637
0.03310870983848946 0.001006277252443637
0.03310870983848946 0.001006277252443637
0.03310870983848946 0.001006277252443637
0.03310870983848946 0.001006277252443637
0.03310870983848946 0.001006277252443637
0.03310870983848946 0.001006277252443637
0.03310870983848946 0.001006277252443637
0.03310870983848946 0.001006277252443637
0.03310870983848946 0.001006277252443637
0.03310870983848946 0.001006277252443637
0.03310870983848946 0.001006277252443637
0.03310870983848946 0.001006277252443637
0.03310870983848946 0.001006277252443637
0.03310870983848946 0.001006277252443637
0.03310870983848946 0.001006277252443637
0.03310870983848946 0.001006277252443637
0.03310870983848946 0.001006277252443637
0.03310870983848946 0.001006277252443637
0.03310870983848946 0.001006277252443637
0.03310870983848946 0.001006277252443637
0.03310870983848946 0.001006277252443637
0.03310870983848946 0.001006277252443637
0.03310870983848946 0.001006277252443637
0.03310870983848946 0.001006277252443637
0.03310870983848946 0.001006277252443637
0.03310870983848946 0.001006277252443637
0.03310870983848946 0.001006277252443637
0.03310870983848946 0.001006277252443637
0.03310870983848946 0.001006277252443637
0.03310870983848946 0.001006277252443637
0.03310870983848946 0.001006277252443637
0.03310870983848946 0.001006277252443637
0.03310870983848946 0.001006277252443637
0.03310870983848946 0.001006277252443637
0.03310870983848946 0.001006277252443637
0.03310870983848946 0.001006277252443637
0.03310870983848946 0.001006277252443637
0.03310870983848946 0.001006277252443637
0.03310870983848946 0.001006277252443637
0.03310870983848946 0.001006277252443637
0.03310870983848946 0.001006277252443637
0.03310870983848946 0.001006277252443637
0.03310870983848946 0.001006277252443637
0.03310870983848946 0.001006277252443637
0.03310870983848946 0.001006277252443637
0.03310870983848946 0.001006277252443637
0.03310870983848946 0.001006277252443637
0.03310870983848946 0.001006277252443637
0.03310870983848946 0.001006277252443637
0.03310870983848946 0.001006277252443637
0.03310870983848946 0.001006277252443637
0.03310870983848946 0.001006277252443637
0.03310870983848946 0.001006277252443637
0.03310870983848946 0.001006277252443637
0.03310870983848946 0.001006277252443637
0.03310870983848946 0.001006277252443637
0.03310870983848946 0.001006277252443637
0.03310870983848946 0.001006277252443637
0.03310870983848946 0.001006277252443637
0.03310870983848946 0.001006277252443637
0.03310870983848946 0.001006277252443637
0.03310870983848946 0.001006277252443637
0.03310870983848946 0.001006277252443637
0.03310870983848946 0.001006277252443637
0.03310870983848946 0.001006277252443637
0.03310870983848946 0.001006277252443637
0.03310870983848946 0.001006277252443637
0.03310870983848946 0.001006277252443637
0.03310870983848946 0.001006277252443637
0.03310870983848946 0.001006277252443637
0.03310870983848946 0.001006277252443637
0.03310870983848946 0.001006277252443637
0.03310870983848946 0.001006277252443637
0.03310870983848946 0.001006277252443637
0.03310870983848946 0.001006277252443637
0.03310870983848946 0.001006277252443637
0.03310870983848946 0.001006277252443637
0.03310870983848946 0.001006277252443637
0.03310870983848946 0.001006277252443637
0.03310870983848946 0.001006277252443637
0.03310870983848946 0.001006277252443637
0.03310870983848946 0.001006277252443637
0.03310870983848946 0.001006277252443637
0.03310870983848946 0.001006277252443637
0.03310870983848946 0.001006277252443637
0.03310870983848946 0.001006277252443637
0.03310870983848946 0.001006277252443637
0.03310870983848946 0.001006277252443637
0.03310870983848946 0.001006277252443637
0.03310870983848946 0.001006277252443637
0.03310870983848946 0.001006277252443637
0.03310870983848946 0.001006277252443637
0.03310870983848946 0.001006277252443637
0.03310870983848946 0.001006277252443637
0.03310870983848946 0.001006277252443637
0.03310870983848946 0.001006277252443637
0.03310870983848946 0.001006277252443637
0.03310870983848946 0.001006277252443637
0.03310870983848946 0.001006277252443637
0.03310870983848946 0.001006277252443637
0.03310870983848946 0.001006277252443637
0.03310870983848946 0.001006277252443637
0.03310870983848946 0.001006277252443637
0.03310870983848946 0.001006277252443637
0.03310870983848946 0.001006277252443637
0.03310870983848946 0.001006277252443637
0.03310870983848946 0.001006277252443637
0.03310870983848946 0.001006277252443637
0.03310870983848946 0.001006277252443637
0.03310870983848946 0.001006277252443637
0.03310870983848946 0.001006277252443637
0.03310870983848946 0.001006277252443637
0.03310870983848946 0.001006277252443637
0.03310870983848946 0.001006277252443637
0.03310870983848946 0.001006277252443637
0.03310870983848946 0.001006277252443637
0.03310870983848946 0.001006277252443637
0.03310870983848946 0.001006277252443637
0.03310870983848946 0.001006277252443637
0.03310870983848946 0.001006277252443637
0.03310870983848946 0.001006277252443637
0.03310870983848946 0.001006277252443637
0.03310870983848946 0.001006277252443637
0.03310870983848946 0.001006277252443637
0.03310870983848946 0.001006277252443637
0.03310870983848946 0.001006277252443637
0.03310870983848946 0.001006277252443637
0.03310870983848946 0.001006277252443637
0.03310870983848946 0.001006277252443637
0.03310870983848946 0.001006277252443637
0.03310870983848946 0.001006277252443637
0.03310870983848946 0.001006277252443637
0.03310870983848946 0.001006277252443637
0.03310870983848946 0.001006277252443637
0.03310870983848946 0.001006277252443637
0.03310870983848946 0.001006277252443637
0.03310870983848946 0.001006277252443637
0.03310870983848946 0.001006277252443637
0.03310870983848946 0.001006277252443637
0.03310870983848946 0.001006277252443637
0.03310870983848946 0.001006277252443637
0.03310870983848946 0.001006277252443637
0.03310870983848946 0.001006277252443637
0.03310870983848946 0.001006277252443637
0.03310870983848946 0.001006277252443637
0.03310870983848946 0.001006277252443637
0.03310870983848946 0.001006277252443637
0.03310870983848946 0.001006277252443637
0.03310870983848946 0.001006277252443637
0.03310870983848946 0.001006277252443637
0.03310870983848946 0.001006277252443637
0.03310870983848946 0.001006277252443637
0.03310870983848946 0.001006277252443637
0.03310870983848946 0.001006277252443637
0.03310870983848946 0.001006277252443637
0.03310870983848946 0.001006277252443637
0.03310870983848946 0.001006277252443637
0.03310870983848946 0.001006277252443637
0.03310870983848946 0.001006277252443637
0.03310870983848946 0.001006277252443637
0.03310870983848946 0.001006277252443637
0.03310870983848946 0.001006277252443637
0.03310870983848946 0.001006277252443637
0.03310870983848946 0.001006277252443637
0.03310870983848946 0.001006277252443637
0.03310870983848946 0.001006277252443637
0.03310870983848946 0.001006277252443637
0.03310870983848946 0.001006277252443637
0.03310870983848946 0.001006277252443637
0.03310870983848946 0.001006277252443637
0.03310870983848946 0.001006277252443637
0.03310870983848946 0.001006277252443637
0.03310870983848946 0.001006277252443637
0.03310870983848946 0.001006277252443637
0.03310870983848946 0.001006277252443637
0.03310870983848946 0.001006277252443637
0.03310870983848946 0.001006277252443637
0.03310870983848946 0.001006277252443637
0.03310870983848946 0.001006277252443637
0.03310870983848946 0.001006277252443637
0.03310870983848946 0.001006277252443637
0.03310870983848946 0.001006277252443637
0.03310870983848946 0.001006277252443637
0.03310870983848946 0.001006277252443637
0.03310870983848946 0.001006277252443637
0.03310870983848946 0.001006277252443637
0.03310870983848946 0.001006277252443637
0.03310870983848946 0.001006277252443637
0.03310870983848946 0.001006277252443637
0.03310870983848946 0.001006277252443637
0.03310870983848946 0.001006277252443637
0.03310870983848946 0.001006277252443637
0.03310870983848946 0.001006277252443637
0.03310870983848946 0.001006277252443637
0.03310870983848946 0.001006277252443637
0.03310870983848946 0.001006277252443637
0.03310870983848946 0.001006277252443637
0.03310870983848946 0.001006277252443637
0.03310870983848946 0.001006277252443637
0.03310870983848946 0.001006277252443637
0.03310870983848946 0.001006277252443637
0.03310870983848946 0.001006277252443637
0.03310870983848946 0.001006277252443637
0.03310870983848946 0.001006277252443637
0.03310870983848946 0.001006277252443637
0.03310870983848946 0.001006277252443637
0.03310870983848946 0.001006277252443637
0.03310870983848946 0.001006277252443637
0.03310870983848946 0.001006277252443637
0.03310870983848946 0.001006277252443637
0.03310870983848946 0.001006277252443637
0.03310870983848946 0.001006277252443637
0.03310870983848946 0.001006277252443637
0.03310870983848946 0.001006277252443637
0.03310870983848946 0.001006277252443637
0.03310870983848946 0.001006277252443637
0.03310870983848946 0.001006277252443637
0.03310870983848946 0.001006277252443637
0.03310870983848946 0.001006277252443637
0.03310870983848946 0.001006277252443637
0.03310870983848946 0.001006277252443637
0.03310870983848946 0.001006277252443637
0.03310870983848946 0.001006277252443637
0.03310870983848946 0.001006277252443637
0.03310870983848946 0.001006277252443637
0.03310870983848946 0.001006277252443637
0.03310870983848946 0.001006277252443637
0.03310870983848946 0.001006277252443637
0.03310870983848946 0.001006277252443637
0.03310870983848946 0.001006277252443637
0.03310870983848946 0.001006277252443637
0.03310870983848946 0.001006277252443637
0.03310870983848946 0.001006277252443637
0.03310870983848946 0.001006277252443637
0.03310870983848946 0.001006277252443637
0.03310870983848946 0.001006277252443637
0.03310870983848946 0.001006277252443637
0.03310870983848946 0.001006277252443637
0.03310870983848946 0.001006277252443637
0.03310870983848946 0.001006277252443637
0.03310870983848946 0.001006277252443637
0.03310870983848946 0.001006277252443637
0.03310870983848946 0.001006277252443637
0.03310870983848946 0.001006277252443637
0.03310870983848946 0.001006277252443637
0.03310870983848946 0.001006277252443637
0.03310870983848946 0.001006277252443637
0.03310870983848946 0.001006277252443637
0.03310870983848946 0.001006277252443637
0.03310870983848946 0.001006277252443637
0.03310870983848946 0.001006277252443637
0.03310870983848946 0.001006277252443637
0.03310870983848946 0.001006277252443637
0.03310870983848946 0.001006277252443637
0.03310870983848946 0.001006277252443637
0.03310870983848946 0.001006277252443637
0.03310870983848946 0.001006277252443637
0.03310870983848946 0.001006277252443637
0.03310870983848946 0.001006277252443637
0.03310870983848946 0.001006277252443637
0.03310870983848946 0.001006277252443637
0.03310870983848946 0.001006277252443637
0.03310870983848946 0.001006277252443637
0.03310870983848946 0.001006277252443637
0.03310870983848946 0.001006277252443637
0.03310870983848946 0.001006277252443637
0.03319662496674221 0.001010427406741018
0.033369851855659466 0.001017019675587266
0.03378466374220163 0.001035825516156181
0.03400374771662455 0.0010474447999503699
0.03408156689733845 0.0010509719224931233
0.034230016089038466 0.0010578290983189178
0.03440004157343043 0.00106563918673225
0.03445918439435905 0.0010683602420484802
0.03449968107106993 0.0010694286686687838
0.034552975659133525 0.0010726653327108337
0.034552975659133525 0.0010726653327108337
0.03456969350596403 0.0010734119963074391
0.03461022669356618 0.0010752805123510575
0.03465165070648264 0.0010771875325816457
0.03470098502955692 0.0010794837110999394
0.03471571973307318 0.001080160293372896
0.03474925083719012 0.0010811183687896128
0.03482508439333172 0.001085149664696528
0.03493594320010146 0.0010902615350538145
0.034959835581464455 0.0010913518463304193
0.034999715135476936 0.0010931425428826519
0.03503506535619824 0.0010948102669062893
0.03503506535619824 0.0010948102669062893
0.0383611441062298 0.0011613041450017863
0.0398657624324749 0.0011795766927770073
0.0399972136287377 0.0012006881276921681
0.04000673786771858 0.001203369363355473
0.04096351426706676 0.0013494996472417696
0.04104866252999784 0.0013702105128871641
0.04109311686255754 0.0013715441760934121
0.04110168156395847 0.0013723845896955753
0.05700096582723592 0.0015473317699218531
0.07979765768067144 0.002012968348381193
0.08296687510624748 0.0020863435039226337
