0.02902890325045431 0.0008191516873864336
0.02902890325045431 0.0008191516873864336
0.029029461799313525 0.000819196513618823
0.029030150131367862 0.000819223539666517
0.029030150131367862 0.000819223539666517
0.029030189399780266 0.0008192250739341082
0.029030565461900717 0.000819239841374322
0.02903123523328627 0.0008192661285253896
0.029031260636115323 0.0008192671414796118
0.029031260636115323 0.0008192671414796118
0.029031269788674784 0.0008192674879714687
0.029031613365324498 0.0008192809933488274
0.029031882677746937 0.0008192915749633859
0.029032549399879655 0.0008193177556933861
0.02903260144029036 0.0008193197986497237
0.02903277695179132 0.0008193266870107459
0.02903277695179132 0.0008193266870107459
0.02903333242360667 0.0008193484975058173
0.02903333242360667 0.0008193484975058173
0.02903333242360667 0.0008193484975058173
0.029033602740833955 0.0008193590997878251
0.029036429376265535 0.0008194700814912834
0.029036984886664344 0.0008194919040267078
0.029037308254401907 0.0008195045917665889
0.029037982459388923 0.000819557217419287
0.029039512395459682 0.0008195911366261345
0.029039512395459682 0.0008195911366261345
0.029039512395459682 0.0008195911366261345
0.029039512395459682 0.0008195911366261345
0.029039512395459682 0.0008195911366261345
0.029039512395459682 0.0008195911366261345
0.029039512395459682 0.0008195911366261345
0.029039512395459682 0.0008195911366261345
0.029039512395459682 0.0008195911366261345
0.029039512395459682 0.0008195911366261345
0.029039512395459682 0.0008195911366261345
0.029039512395459682 0.0008195911366261345
0.029039512395459682 0.0008195911366261345
0.029039515059287205 0.0008195912417927679
0.029040087078013917 0.0008196137063982444
0.02904014372319383 0.0008196473841972882
0.029040877041522847 0.0008196779722614472
0.029041849818844983 0.0008196829156896745
0.029043174480844806 0.0008197738381735087
0.029044246883179105 0.0008197769922230583
0.029044246883179105 0.0008197769922230583
0.029045862682853467 0.0008198859897969507
0.0290461263976577 0.000819896983397238
0.029046674551382223 0.0008199198504581184
0.029048423509531192 0.0008199928119625925
0.029049536409576714 0.0008200392463643206
0.029051689777275205 0.0008201290993248699
0.029052738218413043 0.0008202097687591555
0.029052738218413043 0.0008202097687591555
0.02905408942541949 0.0008202292118737421
0.02906008649275452 0.0008203988791325572
0.02906008649275452 0.0008203988791325572
0.02906160755251313 0.0008204586004536111
0.02906160755251313 0.0008204586004536111
0.02906160755251313 0.0008204586004536111
0.02906160755251313 0.0008204586004536111
0.02906160755251313 0.0008204586004536111
0.029063205093596205 0.0008206095125581662
0.02906606009148435 0.0008207849341086755
0.029069623026711892 0.0008208444437017313
0.02907195840571221 0.0008209747076400141
0.029073378635158877 0.0008210339581925892
0.029073592777964685 0.0008210428843702316
0.029077315693393543 0.0008211067451686982
0.029081001786160274 0.0008213519971345313
0.029082856779592492 0.0008214293817598341
0.02909309141186931 0.0008216947066868255
0.029099059094458632 0.0008221053490016404
0.029112250193891024 0.0008226556840438464
0.029121917959343272 0.000823068095725065
0.029123088264503435 0.0008231078322391382
0.02914182634460076 0.0008238006988227951
0.02915634535379199 0.0008241781282185923
0.02917860739014987 0.0008254241302638628
0.0292215279153384 0.0008274972625812885
0.029357105039705733 0.0008318780321006327
0.02936254174141479 0.0008324521953658974
0.02940939008454189 0.0008356081306597915
0.029453331906087375 0.0008367574428483183
0.029479903876509405 0.0008398338219398474
0.029617223792373904 0.0008437232979424974
0.02966811029661017 0.0008462137587764737
0.029842789980260208 0.0008561768131642903
0.02989671710224959 0.0008583555587018829
0.02996393691212402 0.0008620238385466616
0.030516290970000404 0.0008873901582153113
0.030518580067924864 0.0008875355634695399
0.030672251660133196 0.0008942767063320893
0.030769671020053242 0.0008979197934664708
0.03096793434952178 0.0009081119271406455
0.031290218991026006 0.0009229563816831807
0.031829680524607704 0.0009477139813605236
0.03195996631660084 0.000953626222519011
0.03196753722617807 0.0009540384165135258
0.032119467881823585 0.0009560338121339916
0.032166243864809055 0.0009630877243199981
0.03234551234950764 0.0009713912068930889
0.03237098356162291 0.0009725525089564584
0.032410821038450895 0.0009742568390700358
0.03241654677448284 0.0009745861966157131
0.032493744148644525 0.0009778502343506983
0.032526794317295486 0.0009793753518622487
0.032616813285245974 0.0009837584425598117
0.032646843044980264 0.0009851316711197093
0.03280467126964838 0.0009922041769739164
0.032838637472937846 0.0009923405507438969
0.032887456191432095 0.0009960144896915136
0.032896672124918376 0.000996591212504794
0.032971475654063755 0.0009998579636387298
0.03310259933740555 0.001006126246591839
0.03311082229550692 0.0010064706758471096
0.0331228578210655 0.0010067260069257394
0.03313096314692634 0.0010073918840871146
0.03320498515007216 0.0010107997588079687
0.033360591593217616 0.0010175498262795252
0.033677235865581204 0.001032291577705858
0.033699448113134356 0.001033539910794505
0.03385775002721078 0.0010407451901049939
0.033873075236844796 0.0010414642391951246
0.033979078618969115 0.0010463447397633056
0.03398433012416364 0.0010466065370885055
0.03406683005782887 0.0010503794756582473
0.03406910785181412 0.001050502044987418
0.034110808605414975 0.0010517540279198964
0.034147246049092195 0.001054069647091115
0.03418718167763497 0.001055926083859771
0.034188010097136325 0.00105593553964811
0.03419091445203874 0.0010559547901125414
0.03419593439227692 0.0010561488200484484
0.03422284831182964 0.0010575345929661323
0.034233936284610855 0.0010576551513345968
0.03425468163145697 0.0010588190633717656
0.03428369189760844 0.0010603409449018064
0.03437313301311687 0.0010644042692384411
0.03443045314981127 0.0010670735200611165
0.034459258590568136 0.001068401580394794
0.034498113848444256 0.0010700125420597879
0.03451004834230777 0.0010706743396400068
0.034547480935757005 0.001071751752822255
0.034589387096469845 0.0010743351981439694
0.034619556664598136 0.0010756776320748128
0.0347257485419596 0.0010803079199784107
0.03473384542248303 0.001080995567120863
0.034809759494649976 0.0010824181730875503
0.03487637477160621 0.0010870839676626201
0.03490138123945749 0.001088681974249636
0.03495735151480262 0.0010909155358002202
0.03498537668898738 0.0010925508780422477
0.03503782801286799 0.0010948070449062698
0.03504170148709164 0.0010951251952735956
0.03506418799025762 0.0010961608372449113
0.03507791056609908 0.0010967685564544456
0.03517028654943509 0.0011010299914572268
0.03520864467909443 0.0011027400470678078
0.03534182664338074 0.0011088499083106757
0.03553971648504581 0.0011179644201444192
0.035697551932122595 0.0011251326387072642
0.035806140311704225 0.001129985278557523
0.03590749865945836 0.0011347462122508127
0.036289268152378665 0.00115206497216484
0.03632542796781781 0.0011540478970318646
0.03648165803602541 0.0011609717004001634
0.03660344302332235 0.0011668099400982878
0.03661238205452377 0.0011670430168235538
0.036878749723147884 0.0011790797425721192
0.03709293002039641 0.00118891613445713
0.03725590059256247 0.0011965914252420418
0.03789253380538386 0.0012259059633046635
0.037957546101101164 0.0012289177789117805
0.03835810218002051 0.0012472767966967466
0.0386888170493304 0.0012624467353937211
0.03875461360748955 0.0012651021901751531
0.03892507197657115 0.0012731834415300606
0.03907791208668859 0.0012799530431959346
0.039983327100287985 0.0012881671179970986
0.04009280557066946 0.0013266906097035448
0.0401388542543101 0.001328587513616711
0.040473586207107705 0.0013396298551503257
0.040549521500353326 0.0013463079188658802
0.040675987858341076 0.001352483979635925
0.040724019092474105 0.0013558049413941787
0.040999981439783374 0.0013683064397160348
0.04104373384214489 0.001370350627367456
0.04104511285101904 0.0013704327793409772
0.04105006964739558 0.0013706695267924353
0.041058488212227406 0.0013710933003413897
0.041062133007095596 0.0013712767798825546
0.04106355435991131 0.0013714110293716697
0.04106691828053644 0.0013715753073610159
0.04107640980405324 0.0013719954196224537
0.04107755243531236 0.0013720529695246807
0.04107815142008616 0.0013721238827584482
0.041080020785161 0.0013722151992091854
0.04108617208906081 0.0013724868545020737
0.041091062523178956 0.001372733037043565
0.041091413093859885 0.0013727506729699379
0.041094377967661695 0.0013728999129812441
0.04109446031796957 0.0013729203623940559
0.0410993667245723 0.001373148480314116
0.041103489460158966 0.0013731624491484051
0.04111152464670469 0.0013733485663374354
0.041682156505354624 0.0013923529708677617
0.04333850293129863 0.0014321254730378535
0.0438460304999929 0.0014538481560117465
0.04446911403412893 0.0014768024857789647
0.04447016160148739 0.0014795437560122403
0.04455641844496014 0.0014835057371052661
0.044620648697051554 0.0014867660549937418
0.044656109913295064 0.0014882783333071573
0.044683634241973594 0.0014893489352069893
0.044708652245301655 0.0014906314126037368
0.04472542038065928 0.001491382393649883
0.04475493856888364 0.001492523678999841
0.04475493856888364 0.001492523678999841
0.04476677567995978 0.001493234509708618
0.04476716697551623 0.001493252024030545
0.0447780550806456 0.0014937396553052489
0.04477970890064655 0.001493813731991108
0.04479212580977607 0.001494369831437507
0.04479976039923433 0.0014947117471921134
0.04480423871404806 0.001494848193053902
0.044807785732966274 0.0014949210235039978
0.04481189141748664 0.0014952212013081834
0.044818597436779024 0.001495300244373669
0.044819795825851265 0.0014954015917608434
0.0448223300666285 0.0014956157592872137
0.057621862089123135 0.0016807399334236102
0.06234609792616477 0.0016972607011544088
0.06611342490437164 0.0017390611565190651
0.06850378321701264 0.0017475512271428626
0.06894697846005296 0.001754124773501934
0.07094990609548865 0.0017914023167949589
0.07128409721225906 0.0018124354880331964
0.07144084298255102 0.0018164950550336144
0.07243520672761575 0.0018400299928271581
0.07336097204094516 0.0018617639358276003
0.07442175516359412 0.0018768869760940525
0.07457029954179752 0.0018805829726741372
0.074605903325477 0.0018814169467303147
0.07471821851206817 0.001893293244466915
0.07527084911648069 0.0018972856558457213
0.07528592554765963 0.0019070660593941543
0.07574540108969889 0.001909490147015633
0.07687188646875268 0.0019371627599728217
0.07743772182784198 0.001951019883489083
0.07850620077312465 0.0019824336168754227
0.0793454135760913 0.0020023231859912114
0.08005615979033842 0.002018914995676447
0.0809780983928821 0.002038323466297653
0.0810371127342428 0.0020423130351924154
0.0820186882812895 0.0020635658484044013
0.08203189763826493 0.0020644290107124795
0.08210108439884639 0.0020672405428841514
0.08217064350229437 0.0020688843648800264
0.0822007711679864 0.002069393354494459
0.08225939153019926 0.002070635802235437
0.08238342926050227 0.0020727531046731747
0.08252997822428976 0.002077376135353108
0.08263610109958984 0.002079844570916129
0.08290138826082949 0.002086153282917241
0.0830294225938984 0.0020888802445307134
0.08303786230308462 0.002089378423300534
0.08306254533799716 0.0020899617377671573
0.0830795466060841 0.0020899960519846585
0.08309771773165961 0.0020907929289753525
0.08310583121718032 0.0020909846669986236
0.0831148229575365 0.002091197156756162
0.08312449418839755 0.002091261364594147
0.08313522788308987 0.002091530196167608
0.08314272216181096 0.0020918564645776576
0.0831526882139222 0.002091967499434989
0.08318226146614746 0.0020920033963608303
0.08319383182674138 0.0020930642906714946
0.0832018724378891 0.0020931993457282395
0.08320231157647863 0.0020932511361761268
0.08321327329321475 0.002093521930698903
0.08321566821921259 0.002093539027570248
0.08323048111748167 0.002093922827731985
0.08323139810962586 0.0020939366538849295
