0.0290382794811487 0.0008193434562420554
0.0290382794811487 0.0008193434562420554
0.0290382794811487 0.0008193434562420554
0.0290382794811487 0.0008193434562420554
0.029039006008643842 0.0008193587428575876
0.02904262895305188 0.0008193632532221628
0.029043652802752448 0.0008193800031530899
0.02904366288076287 0.0008193801696022068
0.02904366288076287 0.0008193801696022068
0.02904366288076287 0.0008193801696022068
0.02904366288076287 0.0008193801696022068
0.02904366288076287 0.0008193801696022068
0.02904366288076287 0.0008193801696022068
0.02904366288076287 0.0008193801696022068
0.029044197096155213 0.0008193889003100454
0.029044616456733043 0.0008194768080271379
0.029046760268795557 0.0008199182941709765
0.029046760268795557 0.0008199182941709765
0.02904840698313488 0.0008199865770610245
0.029049232236035463 0.0008200207824430888
0.029055058563709355 0.0008201862530010357
0.029064759326381955 0.0008201946404952987
0.029064759326381955 0.0008201946404952987
0.029064759326381955 0.0008201946404952987
0.029064759326381955 0.0008201946404952987
0.029064759326381955 0.0008201946404952987
0.029064759326381955 0.0008201946404952987
0.029064759326381955 0.0008201946404952987
0.029064759326381955 0.0008201946404952987
0.029064759326381955 0.0008201946404952987
0.029064759326381955 0.0008201946404952987
0.029064759326381955 0.0008201946404952987
0.029064759326381955 0.0008201946404952987
0.029064915730523926 0.0008201991611247954
0.029064915730523926 0.0008201991611247954
0.029065091638871613 0.0008202042443936095
0.029065737257811988 0.0008202229033346968
0.029066014083649293 0.0008202309030756105
0.02906616485100347 0.0008202352601871453
0.02906669071233027 0.000820250457957463
0.029066791220819323 0.0008202533621986622
0.029067027094101784 0.000820260178955604
0.029067027094101784 0.000820260178955604
0.029067027094101784 0.000820260178955604
0.029067027659446777 0.0008202601950235873
0.029067104329888287 0.0008202624110489596
0.029067228182772086 0.0008206499460244057
0.029067769049832937 0.0008207892325564095
0.029069695740826105 0.0008208691196294055
0.02907520846533298 0.0008210976396855089
0.029076551492281357 0.000821153317426299
0.029097978955515066 0.0008211546816843586
0.02909873858775142 0.0008211766343601574
0.029098966030332234 0.0008218726833257009
0.02910082682973929 0.000821903933226414
0.029101601759968787 0.0008221918038594069
0.0291141239051972 0.0008227109187157807
0.029140986938239875 0.0008236708817117222
0.02914883774206876 0.000823727190626522
0.029162328350724295 0.0008239542350709506
0.029184160949843746 0.000824078766051291
0.02919984591002186 0.0008240986174329343
0.029201324410436633 0.000824141346394758
0.029201550825849687 0.000824147889588144
0.02920164891882881 0.0008241507248496773
0.02920225761579211 0.0008241683153143065
0.029203633419830087 0.0008242080766149381
0.029203633419830087 0.0008242080766149381
0.029203633419830087 0.0008242080766149381
0.029204882294323848 0.0008242441677524014
0.029204920180957106 0.0008242452635742317
0.029207165988253347 0.0008243101668804666
0.029209805326843134 0.0008266774651405525
0.029267759675696385 0.0008269554013341954
0.029292760655319227 0.0008273817697492758
0.02931396455515975 0.000828561184626857
0.02934122496036428 0.0008317011945658238
0.029421726005277038 0.000831828719762768
0.029426704668574378 0.0008323710088861296
0.02945940912289181 0.0008325783501571248
0.02945940912289181 0.0008325783501571248
0.029494627005937493 0.0008347500925873683
0.029526543492141764 0.0008398080576174243
0.029548204228351346 0.0008428702516241609
0.029759539106196418 0.0008440483406829383
0.029771415321523945 0.0008443843306715833
0.02980904357795503 0.0008450022187283515
0.02982822963720174 0.0008464814022269786
0.029901514298034594 0.0008481757241051154
0.029911065910849542 0.0008575460285535191
0.0299600933707814 0.0008608714203649911
0.0299600933707814 0.0008608714203649911
0.03016283362924089 0.0008628593155002136
0.030361854088040655 0.0008646572623325935
0.03047715724479188 0.0008675544988247868
0.03050441940488524 0.0008697348879761898
0.030512945026450015 0.0008700793898704498
0.030542086447164912 0.0008710048123821569
0.03054851619755701 0.0008774349813522821
0.030824324271111217 0.0008787538501491922
0.030853564854031054 0.0008814890902440026
0.030921650496825707 0.0008841224681877599
0.031019594127291404 0.0009083989558341262
0.03162791264078112 0.0009384027160488659
0.03173328204945494 0.0009406123777472657
0.03173328204945494 0.0009406123777472657
0.03173328204945494 0.0009406123777472657
0.03173328204945494 0.0009406123777472657
0.03254182278122087 0.0009768194407243007
0.032839599881385795 0.00099273267022366
0.033139470237428234 0.0010077543775772223
0.03337731882627096 0.0010174692946445857
0.03355589277915155 0.0010251195895932168
0.033699787588034505 0.0010331182757807795
0.03388057839548474 0.001033147881682722
0.03391715710220129 0.0010347610518903123
0.03398928132424453 0.0010450384287896668
0.03410551911728972 0.0010521189986266374
0.034288271137652815 0.0010602321880369813
0.034635051807329544 0.0010752186613345632
0.03464851690260831 0.0010762747151414722
0.034731154849287536 0.0010807755168073098
0.034975692968166515 0.0010909536010412074
0.03505808301374708 0.0010953551372263146
0.0350952563950863 0.0010963272927265579
0.03513448852458195 0.001099125418201076
0.035158783447085944 0.0011002895259962662
0.03527315852828468 0.0011043302697630198
0.03528182179247147 0.0011059700565814012
0.03544734828833861 0.0011135574271828371
0.03557523038983868 0.0011193759168697118
0.03562030930700361 0.00112166061686431
0.03580062627912206 0.0011299721268774351
0.035950958835553805 0.0011366918431754175
0.03600410644574898 0.0011392726807632424
0.0360078301445775 0.0011394008548253384
0.03606232730932428 0.0011414838261985614
0.03614773876586791 0.0011458256029488758
0.036257762082088925 0.0011467609496867413
0.03654916842608079 0.001157610418479566
0.03677624109936515 0.001174322314119867
0.03701474822828793 0.0011854936879239757
0.03726781602865768 0.0011933056523413745
0.037353001049420735 0.0011937303518810291
0.03740713919686994 0.0011941712166854282
0.03744823031021001 0.0011956265782983714
0.03766281806386207 0.0012023602925148537
0.03769386249203141 0.0012163659636646187
0.03770709492300882 0.0012165055025235866
0.03802674324107888 0.0012242082214488077
0.03812207738812827 0.00122481950684555
0.03812207738812827 0.00122481950684555
0.038163809627400694 0.00123064758447825
0.03843869962814114 0.0012509547916790737
0.0387713097165933 0.0012573135364383563
0.0387713097165933 0.0012573135364383563
0.03888935770177093 0.0012710507372185804
0.039033967092457725 0.0012764549934658725
0.03909710478770718 0.0012802630754919677
0.03913592041415227 0.0012824076402571994
0.03927223260362987 0.0012890321177221106
0.03946425027146776 0.0012966039523174648
0.039638583163972646 0.0013053894226692537
0.04014202448274115 0.0013136487151218627
0.04017450771548565 0.0013175049808830214
0.04024344776642453 0.0013327162831238562
0.040516850584734074 0.0013347235111140939
0.04060423310145819 0.0013470264707347518
0.04064359158724625 0.0013477083546264647
0.04071810585091489 0.001352870716713166
0.04078663889929312 0.0013556835145109958
0.04083080232123735 0.0013588324810945912
0.04091075840310942 0.0013631907416897019
0.0409214744280067 0.0013649059942445463
0.040958292387103204 0.0013652536592319447
0.04096299190144249 0.0013655156330704004
0.04098740719143794 0.0013672327267749734
0.041000211969377316 0.0013675907083494881
0.041004652976998686 0.001367838281402542
0.04102030657968611 0.001368897192506812
0.0410296680550904 0.0013696098315138941
0.04104460043871931 0.0013702487100169835
0.04105666235236164 0.0013707379504459133
0.041057701416937986 0.001370795902358536
0.04105851094423139 0.001370982310017663
0.041058852515003026 0.0013710915293994375
0.04106419670355452 0.0013712608926928767
0.04106840264177599 0.001371503928458381
0.041069512976783996 0.0013715624899920847
0.04107532576655596 0.0013718690283190777
0.041079725526524634 0.0013720238222725053
0.0410821647319874 0.0013720740440321202
0.04109671828017926 0.0013721152155293666
0.041097741446354016 0.0013721591240365533
0.04110146008741872 0.0013728531306579634
0.04145268185051283 0.001378177431123468
0.04221935813531791 0.0014080140162045795
0.04230617987552909 0.0014097360101539124
0.0424970149112824 0.0014180983805583529
0.04260927100360157 0.001422025889642685
0.04266689118456715 0.0014235482778475904
0.04266689118456715 0.0014235482778475904
0.04266689118456715 0.0014235482778475904
0.043474416427143704 0.001436858845577804
0.0437304566991112 0.001450086775400005
0.04410592270036841 0.001451295481681519
0.044228180536998334 0.0014684683356673055
0.044360667830012655 0.0014690605000367328
0.04437184372202153 0.0014736314395296347
0.04451666912030005 0.0014818710604050367
0.04457524142835346 0.001483600637359009
0.04463942952562723 0.001486746677334397
0.04469247123870929 0.0014898369385010833
0.04470842046694347 0.0014902088436182235
0.04470984117687592 0.0014910281580775347
0.044762158818394265 0.0014928055383575565
0.04476301354046263 0.0014932509288327657
0.044790875532218936 0.001493451030223008
0.044795524341649726 0.0014934933068608853
0.044803597364006534 0.0014940074831546757
0.044805306906973597 0.0014941879237002434
0.044813209476751464 0.0014948310085918049
0.049522387747037225 0.001515802549158422
0.052866064080744866 0.0015553988047929566
0.058684155558449455 0.0015722768893514723
0.05897695273820733 0.0015812767316821415
0.060691119760036674 0.0016199789020301504
0.060875517667986254 0.0016257738053856862
0.06263025253078879 0.0017414994518614377
0.06681177690908527 0.001836544248138193
0.07235535828954287 0.0018380265488510696
0.07238473646266622 0.0018575424286118429
0.07246711351306241 0.001863108292308617
0.073094136379036 0.0018832898941499566
0.07357736769926619 0.001889669668554537
0.07475444673638246 0.00191257604348688
0.07608955743983907 0.0019345847470217217
0.07633773377840909 0.0019496068933752776
0.07716537431448867 0.0019511444049138682
0.07753453065358872 0.0019757479922900365
0.08037019807244254 0.0020270983002978493
0.08060421749847295 0.002034239751571624
0.08107832577005498 0.0020383232963272014
0.08128043039260167 0.0020405826182525295
0.08135752638372057 0.002057347824622732
0.08188950088024093 0.002061817266746516
0.08208265441613392 0.002064418152273021
0.08210723683339335 0.0020673590044174807
0.08215176047072395 0.0020708699491425718
0.08226215864563205 0.0020726050337655398
0.08233542657882692 0.0020735933630740325
0.08244824153422314 0.0020752853694776677
0.0825954787122135 0.002079504846274324
0.0826586648852984 0.002080571758027173
0.08270437926919559 0.0020819803533503618
0.08274457288883297 0.0020825791332231692
0.08280031078424477 0.0020831209562948917
0.08280509924983201 0.0020839934239031558
0.0828263416734942 0.0020847527914008607
0.08289577346131284 0.0020859490443067164
0.0829477455954077 0.002087802846997838
0.08297985963254487 0.0020882989487267397
0.08303145274492045 0.0020895193594566517
0.08305792779562506 0.0020900567014954323
0.08306088089546235 0.0020902625201837536
0.08309443854276374 0.0020904871611573165
0.08314994528770003 0.0020920804605338195
0.08317606035571315 0.002092549774792815
