0.02903741641720754 0.0008182636064462548
0.02903741641720754 0.0008182636064462548
0.02903741641720754 0.0008182636064462548
0.029043368726315733 0.0008193693986204746
0.029043368726315733 0.0008193693986204746
0.029043368726315733 0.0008193693986204746
0.029043368726315733 0.0008193693986204746
0.029044505386592163 0.0008194759695691165
0.029049535790283697 0.0008195485013119748
0.029049535790283697 0.0008195485013119748
0.029049719636964157 0.0008195520985385965
0.02905077367124226 0.0008196084294681853
0.029051509208196057 0.0008196239685891665
0.029051509208196057 0.0008196239685891665
0.029052404104801775 0.0008196428798510878
0.029052510318129183 0.0008196451261083573
0.029052510318129183 0.0008196451261083573
0.029052510318129183 0.0008196451261083573
0.029052510318129183 0.0008196451261083573
0.02905253983921213 0.00081964574574085
0.02905253983921213 0.00081964574574085
0.029053482720772215 0.0008196656715741349
0.029053482720772215 0.0008196656715741349
0.029053482720772215 0.0008196656715741349
0.029053482720772215 0.0008196656715741349
0.029053550781609896 0.0008196671095921259
0.029053550781609896 0.0008196671095921259
0.029053550781609896 0.0008196671095921259
0.029053550781609896 0.0008196671095921259
0.029053550781609896 0.0008196671095921259
0.02905409195533014 0.0008196785509403442
0.02905409195533014 0.0008196785509403442
0.029054323707387135 0.0008196834403483766
0.029054323707387135 0.0008196834403483766
0.029054323707387135 0.0008196834403483766
0.029054323707387135 0.0008196834403483766
0.029054323707387135 0.0008196834403483766
0.029054323707387135 0.0008196834403483766
0.029054323707387135 0.0008196834403483766
0.029054323707387135 0.0008196834403483766
0.029054323707387135 0.0008196834403483766
0.029054323707387135 0.0008196834403483766
0.029054323707387135 0.0008196834403483766
0.029054323707387135 0.0008196834403483766
0.029054331396272587 0.0008196836110970787
0.02905465873980824 0.0008196905196935909
0.029054935632813722 0.0008196963731330968
0.029055486727087933 0.0008197080162783611
0.029056415779217405 0.0008197276549929833
0.029056415779217405 0.0008197276549929833
0.02905666086166166 0.0008197328252722608
0.02905666086166166 0.0008197328252722608
0.029057922852759623 0.0008197594987237849
0.029057922852759623 0.0008197594987237849
0.029057922852759623 0.0008197594987237849
0.029057922852759623 0.0008197594987237849
0.029057922852759623 0.0008197594987237849
0.029057922852759623 0.0008197594987237849
0.029057922852759623 0.0008197594987237849
0.029057922852759623 0.0008197594987237849
0.029057922852759623 0.0008197594987237849
0.02905880023914505 0.0008203129928602388
0.02906152298444205 0.0008204168176935336
0.02906152298444205 0.0008204168176935336
0.02906199997618667 0.0008206604160910612
0.02906199997618667 0.0008206604160910612
0.02906199997618667 0.0008206604160910612
0.02907642621508998 0.000821304383535598
0.029093961397250106 0.0008213177940153681
0.02909666297641833 0.0008214071858289934
0.02909666297641833 0.0008214071858289934
0.02909666297641833 0.0008214071858289934
0.02909666297641833 0.0008214071858289934
0.02909666297641833 0.0008214071858289934
0.029100257000875786 0.0008214244642493044
0.029102895214961455 0.0008224858989255277
0.0291189039012597 0.0008227346499555716
0.0291223783035666 0.0008227375679065147
0.029126347485428902 0.0008227596345474598
0.029126932773124888 0.0008227811853082564
0.02913952292923357 0.0008228216666706346
0.02915079114377334 0.0008229222084872143
0.02915191580520034 0.0008237013101803333
0.029157792380533246 0.0008241026186473738
0.029171284384916913 0.0008243304811002012
0.02917280255220266 0.0008249744591620764
0.02920547302028889 0.0008250078121477218
0.029207139449672036 0.0008259699738490288
0.02921596000027352 0.0008263737020532531
0.029223578908714704 0.0008265969095019968
0.029236306302650818 0.0008274655999684469
0.02927218654753423 0.0008284505912392233
0.029283342978577966 0.0008288760386153454
0.02929062260590176 0.0008292476346212399
0.029303929150031525 0.0008296177941326652
0.029303929150031525 0.0008296177941326652
0.029318644526062743 0.0008321166448620566
0.02937664958819137 0.0008323796703135585
0.02940861893491909 0.0008329326645350562
0.029416541248992716 0.000836196459130832
0.029419924447666966 0.0008363573281325187
0.029508354211351485 0.0008373816709299401
0.029508354211351485 0.0008373816709299401
0.029508354211351485 0.0008373816709299401
0.029508354211351485 0.0008373816709299401
0.029508354211351485 0.0008373816709299401
0.029508354211351485 0.0008373816709299401
0.029508354211351485 0.0008373816709299401
0.029532606771329944 0.0008379069512504372
0.029532606771329944 0.0008379069512504372
0.029545658348665398 0.000842829871841463
0.029594917624512093 0.0008444999487176935
0.029742117513814392 0.0008456998532697195
0.029742117513814392 0.0008456998532697195
0.029742117513814392 0.0008456998532697195
0.029752024085577828 0.0008460683334780982
0.029754648372885592 0.0008467356696368195
0.02981061059508595 0.0008487672074341149
0.02981061059508595 0.0008487672074341149
0.02981061059508595 0.0008487672074341149
0.02981061059508595 0.0008487672074341149
0.029835347430545375 0.0008543061120448739
0.029905178263665108 0.0008582987504983277
0.030062461635274908 0.0008584261083692624
0.030083554344934614 0.0008629823174169455
0.030094073952076937 0.0008680016209429778
0.030151360249893726 0.0008689943533499903
0.030167815548861963 0.0008708478632596789
0.030411946761762752 0.0008776924568843878
0.030441513342151012 0.000879885713900401
0.030460206577391208 0.000883991773901977
0.03064178984046966 0.0008931729977397305
0.030753851799821433 0.0008967125390003589
0.030822232084707978 0.0008990677735676428
0.03093312841358135 0.0008992541794137052
0.03094774026369559 0.0009002623829064565
0.030979830895744485 0.0009080549933898739
0.031115185483751757 0.0009106684944653715
0.03116220116123703 0.0009163992889333468
0.031246372051126948 0.0009199835308947657
0.0313025775380493 0.0009228638767516007
0.03133351161656303 0.0009243477164759124
0.03133351161656303 0.0009243477164759124
0.03133351161656303 0.0009243477164759124
0.03143598240860245 0.0009284469815146208
0.031458276660625645 0.0009301175145033416
0.03151195714083011 0.0009325404619096806
0.03152755169541377 0.0009331791540712719
0.03153225591927862 0.0009334167703688306
0.03175860019584894 0.0009349108198170752
0.031822588746679994 0.0009392425766038732
0.031838993812144556 0.0009407682693450034
0.03188574925760837 0.0009478172571348874
0.031921436558387854 0.0009503459690323607
0.03192413904475935 0.0009515373345286677
0.032150564338641406 0.0009568034644985547
0.03215097337457152 0.0009592822486128031
0.03221451722934371 0.0009634427786827284
0.03222134925043849 0.000964318030318297
0.03228137766198065 0.0009684100062022092
0.03232740383621984 0.0009699258430968577
0.03239549421493111 0.0009728078191559525
0.03239549421493111 0.0009728078191559525
0.03243706092788876 0.0009736241136846324
0.03249228907318326 0.0009772246731906884
0.0325503338038565 0.0009782498293445698
0.0325596742991455 0.0009808912459926293
0.032568774199198666 0.0009810872510580338
0.032597930730911155 0.0009824838587790988
0.03265885739685674 0.000982627603226572
0.0327041009651353 0.0009829781725440904
0.03272303130467295 0.0009873257978040809
0.03282117706782778 0.0009895891309971163
0.032888957636939206 0.0009956868702880159
0.03293079496162292 0.000998030304403868
0.03293079496162292 0.000998030304403868
0.03293079496162292 0.000998030304403868
0.03302200524251379 0.0009997766554584117
0.033031702640519175 0.0010008722681057178
0.03307198417138196 0.001004239161728091
0.033107961214994694 0.0010050815155627432
0.03311727540863447 0.001006320781969017
0.033132882363552864 0.0010064655636994955
0.03318131289253104 0.0010089201363524991
0.033182389065268686 0.0010091773243870966
0.03319912448026546 0.0010096717443972257
0.03321074787655381 0.0010104007571934948
0.0332568746153207 0.0010127456200812188
0.033261185481644785 0.0010129348434507871
0.03340331202274496 0.0010191515245317104
0.033426319922115574 0.0010202567065000793
0.03345617257870327 0.0010214718430404308
0.033456360384770206 0.0010222865655930414
0.033463768153803454 0.0010226932439582137
0.033491095045293004 0.0010238173459655195
0.033491095045293004 0.0010238173459655195
0.033491095045293004 0.0010238173459655195
0.03352628681238352 0.0010239839404923836
0.033540540509145775 0.0010259962032929792
0.03365971497974825 0.0010311885314686564
0.033704761835247427 0.0010333643325320923
0.03374169253039212 0.0010351273936251666
0.033783964774288106 0.0010351786655530943
0.033793491958660785 0.0010361450123494839
0.03385408706389884 0.0010389349356803674
0.03388291439045264 0.0010390088127307465
0.03389818380544178 0.0010396870153697312
0.033901175370339806 0.0010418710100685473
0.033998258333924836 0.001046810673067715
0.03401186914486122 0.0010471457171550374
0.034051443247789075 0.001048005451303658
0.03407308503377879 0.0010494179822166582
0.03407602196814252 0.0010504815514829032
0.03415439729879039 0.0010534086708759436
0.0341898176919848 0.0010539864126599854
0.034196638312796804 0.0010547429239882496
0.034227894238647284 0.0010575012730130932
0.03425741728390735 0.0010588444799216558
0.03426993049809493 0.0010590171842833555
0.03429322814724402 0.001060322010354028
0.03433624144940445 0.0010618462189247327
0.034338325100066736 0.001061932500274935
0.03434611802094596 0.0010625864231223123
0.03437983984284204 0.001064265814355477
0.03439792369070277 0.0010653514313428477
0.034407898555310276 0.0010657569044832975
0.03448367934834866 0.0010664195351477185
0.034505488041434496 0.001068669788197833
0.03451749867240092 0.0010703406152366643
0.034537271919790634 0.0010711339348200523
0.03454663224576075 0.0010713704902304653
0.034616747523125935 0.001075325902782492
0.03463632354149148 0.00107613339645886
0.03464804321320781 0.0010767120297510066
0.03465138625217386 0.0010768423759156456
0.03468685530915401 0.0010783483114347211
0.03469229530032437 0.0010785331091085534
0.034730894282853086 0.0010804892725584652
0.034766039519027646 0.0010822381916880141
0.03477499453803827 0.0010826599706691255
0.03479244445235386 0.0010833600634079063
0.034799777452118236 0.0010836660599667879
0.03481928099841562 0.0010837829369137668
0.034832993433813644 0.0010841547361818645
0.034908548752456775 0.0010850763496653348
0.03492024956550811 0.0010893972973551715
0.03494887109597054 0.001090453723026959
0.03495587002229639 0.0010906541910609565
0.034975338256051626 0.001091755849099107
0.03498153319497924 0.0010923513863311096
0.0349963142147877 0.001093022665117078
0.035009824754199025 0.0010932556397173156
0.035055204439071785 0.0010953645400374398
0.03518462465212602 0.001098011836520312
0.035189402104521886 0.0011002873819593193
0.035218302851786704 0.0011016818567458752
0.03537042687665155 0.0011101354288362976
0.03553574158161539 0.0011121918878250975
0.035562656896472214 0.0011144574122013307
0.03559175082003041 0.001115772236537094
0.035651054768722254 0.0011176249591831377
0.035717036877898456 0.00111882144092136
0.03572660925233161 0.001126539487888749
0.035895755129576434 0.0011318073721680237
0.03601045764124295 0.001133260008414591
0.03601045764124295 0.001133260008414591
0.036146532880796924 0.0011361237456617528
0.036146532880796924 0.0011361237456617528
0.03616153712181716 0.0011368418108424945
0.036189441232610385 0.0011416978919605214
0.036252058360194184 0.0011446158091430558
0.036278540104744184 0.0011449746385004888
0.03632122750172249 0.0011458900718609804
0.036412411813014155 0.001158037877802178
0.03641999330134624 0.001158363745396873
0.036540970466550846 0.0011637863648628504
0.03675897044539343 0.0011654349256526517
0.03675897044539343 0.0011654349256526517
0.03677631460438459 0.0011655729928357797
0.03686889792897058 0.0011670092630532878
0.036888141045348696 0.0011686597196332834
0.037085112193606634 0.0011785951218346812
0.03712189584235899 0.0011785966268699705
0.037209436868312316 0.0011839250263693923
0.037374064684661784 0.001194873281182784
0.03748440969367468 0.0012001543804067197
0.03777763369219658 0.0012202248081318967
0.03778690476944105 0.0012208332826033291
0.038524708247686536 0.001248412230949597
0.03887122717108951 0.0012663670833310578
0.0395479167048181 0.0012736375023367614
0.03961870306248256 0.0012987422199895748
0.04002595907595439 0.0013042632376813528
0.040037107090380525 0.0013168812589980194
0.040166666116123115 0.001322743771362082
0.04046570255090012 0.0013302846542161606
0.040615948897693 0.001333194875117176
0.04070989928160134 0.0013542913606914737
0.04077392005951126 0.0013566661144782544
0.040785503284984904 0.0013579545719322333
0.040970094703091625 0.0013665339508816426
0.04099960550769259 0.0013669427340077427
0.041013349597005214 0.0013675555041257493
0.04102883252603733 0.0013697446360286718
0.04105866847864116 0.0013705787851816826
0.04106012231950975 0.0013706682672257366
0.041062857643052314 0.0013707289407163435
0.04106480881997041 0.0013709568052147605
0.041064845558541424 0.001370959053752856
0.04108506016775512 0.0013722035465806668
0.04110340833532825 0.0013726659078933186
0.04110702694697544 0.0013732323484340785
0.04166125064986365 0.0013911799609792998
0.042360193056578066 0.0014132961688950122
0.042451180992204754 0.0014162454508822476
0.04284629575935392 0.0014174098547051106
0.04348617248866167 0.001446204518627743
0.04393952033906881 0.0014499892652981563
0.044027109988574994 0.0014671483672814285
0.0443769715743427 0.0014720228567404454
0.0443769715743427 0.0014720228567404454
0.0445214758006737 0.0014797052937409617
0.044533486723530795 0.0014829873827866993
0.04464338167953956 0.001486186352742232
0.04470558880823543 0.0014893110503869597
0.04472035016424314 0.0014914944297289468
0.04473021177948694 0.0014916623128039875
0.044752163645118366 0.001491969664822451
0.044794267913628116 0.0014946848474571993
0.049599531405185325 0.001569770731696909
0.05399650735869822 0.001594050834948059
0.05742334037897402 0.0016593840892387649
0.06250071000951841 0.0016642735553492704
0.06439345354840698 0.0016681756640105458
0.06506187159132744 0.0017833975288326456
0.06988467855171038 0.0017904406594603445
0.07038947740589123 0.0018279282467876358
0.07059334851862625 0.0018321031756492326
0.0732100451879443 0.0018801289119497236
0.07433045092006219 0.001908023934109558
0.07605536439997877 0.0019503821218113098
0.07724697858513888 0.0019505364533056943
0.07728596835928808 0.0019710549206239285
0.07912630906177819 0.0019792098397090735
0.07976916711806868 0.002011281511260787
0.08038721118306519 0.002013229780725663
0.08084052466296365 0.002025594902481147
0.0808444980861366 0.002038462682672972
0.08140591865306045 0.002050628637781621
0.08143425471362517 0.002057857849776597
0.08147381018155748 0.0020628287319179044
0.08218916422236636 0.0020687784576062618
0.08222923197027976 0.0020706420915939986
0.08224022380344756 0.002072625492398253
0.0823016591186981 0.002074462339750366
0.0823582598958124 0.002075341691447877
0.08238405552728997 0.0020778330654219034
0.08242342244616688 0.002078583935895211
0.08254881066755444 0.0020793469447440973
0.08257487915247252 0.0020805981252553256
0.0825910422583722 0.0020809276321822477
0.08273827415260922 0.0020821904443101436
0.08274253789612518 0.0020835417684709006
0.08275821951861066 0.002084013482960946
0.08280313575585468 0.0020852515196499344
0.08284818885080446 0.0020855958426338667
0.0828970869084433 0.0020868396702687945
0.0829001997773594 0.0020869060969658944
0.08294109297115294 0.0020869366781958885
0.08294410833475142 0.002087009497003248
0.08295404195044988 0.0020880550284554543
0.08298183601391501 0.002088648126561189
0.0830183144105061 0.0020899304813355936
0.08305211926554878 0.0020901478717077725
0.0830656201969522 0.0020904359573129575
0.08309956417834112 0.0020907635747784417
0.08310730867715152 0.002090971775726481
0.08311534680665841 0.0020913280569072644
0.08312452290204705 0.0020916928969427415
0.08313731565056019 0.00209220019069113
