0.0007270618971588622
0.0011706271043454267
0.000636665898811694
0.0004391130669711078
0.0004279085280893386
0.0007971644166323248
0.0004103625291373587
0.00034771699919396523
0.00033536686383221385
0.00038155118795776957
0.0003584662572000455
0.0005575123968269948
0.000691786957668078
0.0003413021568097953
0.0004940557113572807
0.000895906236614088
0.0005477066318970974
0.0006255202962005656
0.0007288053523758636
0.0005493420013531143
0.00035306794073902806
0.0005456744507287252
0.00045898861799557395
0.000684361376053487
0.00046157360878889024
0.0011071800878229743
0.000573247390031454
0.0005360748092941291
0.0005191599753439581
0.0006868369077824751
