0.032439430623399886 0.0005577176048942422
0.032535765906460026 0.0005689396752378802
0.032830350807988115 0.0005786849805664068
0.032855542228009266 0.0006142680229800251
0.03285885828566057 0.0006170975907345158
0.032967813081235156 0.000647317712215625
0.03310225879153236 0.0006512481562769555
0.033190849169827806 0.0006798225639878988
0.03348889188542684 0.0007257179956000532
0.03424610596469038 0.0007427230554850207
0.03450557938434033 0.0007704259269791121
0.03461762144346744 0.0007726838777501856
0.03463080889359883 0.0008055476382634314
0.03476197259747288 0.0008113626774218952
0.03476300180951332 0.0008222053961959088
0.03524445066361398 0.0008247363199458526
0.035308752700795636 0.0008252991490004351
0.035554222671052835 0.0008832052423016081
0.03620307712499115 0.0009413941594543347
0.03668628581003842 0.0009428742942932183
0.037147657235561446 0.0009552422249153326
0.038112841847395496 0.0011144498905804826
0.046715890648644995 0.001136983234048315
0.046924292870422026 0.0011929969625750934
0.04837808214072602 0.0011958540037309742
0.049296182252129624 0.0011960806317558902
0.05041437016869703 0.001260624695082837
0.05391953919398831 0.001280490619174509
