0.03353043236264869 0.0005780715315204207
0.033853391041534384 0.0006097824871316987
0.03398260388987759 0.0006319407540644155
0.03401803774594757 0.0007386108993459774
0.034435885051588885 0.0007799192211561995
0.03497945645964803 0.0008077592649147791
0.03515309794509592 0.0008402719426066426
0.035805242605057123 0.0008571372254358526
0.03662429971199112 0.0008602271647802434
0.036695911573881294 0.0009073750964191981
0.03702442089747465 0.0009741910013075811
0.038286900251195626 0.000981240215136154
0.039424786599238835 0.0009838013136165104
0.04023723812609227 0.0010014511135240443
0.04023886114353172 0.0010221024468511305
0.04343688218327399 0.0010411267000594098
0.04499288057101139 0.0010495312185415753
0.045989701783433874 0.0010561869388329155
0.04600788501280696 0.0010899820523722957
0.046372156291726335 0.0011219849640915747
0.04776009373417634 0.001159331683735149
0.048672724930409236 0.0011593654077636307
0.04976620581731875 0.001167318575279072
0.051180041526174294 0.0011871178084109767
0.052050291833622135 0.0012174791365528236
0.054351828363161624 0.0012179355195451407
