0.03328567748374198 0.0005323608408226584
0.03370909677217929 0.0006212049904934855
0.033980209800469036 0.000756000831869642
0.03497750361470437 0.0008389505327566495
0.03560837189766902 0.0008668013985300598
0.03606190453547645 0.0008716250108121494
0.03655192171828585 0.0008806414024940896
0.03658599184236699 0.0008838544800718613
0.03659547314347059 0.000914607270271718
0.036606773896388715 0.0009201951995801668
0.03740467660345308 0.0009266391589665369
0.03776642399276455 0.0010361094213785886
0.04082906255455386 0.0010676660723866536
0.04178976215583287 0.0011467562265659776
0.04995094599432921 0.001162929378983667
0.05225086407000663 0.0011826725445806215
