0.03167086554512623 0.0006236666709019351
0.03191611569269699 0.0006273684496199987
0.03234826110756767 0.000648564181883141
0.03247940378352532 0.000669818040298717
0.03271002041224192 0.0006751630720241404
0.03283996449104342 0.0006816684986571031
0.033027074596847034 0.0006948409812602203
0.03304774197793911 0.0007082902617485975
0.0341485206153932 0.0007118614158608937
0.03425591628292046 0.0007557873266748999
0.03445481626973538 0.0007592756392507782
0.03450765640508235 0.0007756256090405662
0.03458782136909145 0.0008869068537921451
0.03515469609209701 0.0009116028767435779
0.03575373312116261 0.0009377695228725235
0.03647284674446688 0.0009529152342437901
0.03789376919498685 0.0009839865168653798
0.03854978245225371 0.0010531518488397155
0.039900385543381156 0.0011215210990375185
0.04200397715940571 0.001217292634638691
0.06155225156866687 0.0013123387374677766
