0.032449836634106645 0.0005594663245769053
0.03248580343920936 0.000596750643696708
0.032589524914569984 0.0006125348348118432
0.03269992358099619 0.000638826619644584
0.03281812618677032 0.0006499885657440402
0.033403904703698306 0.0006668285627310334
0.03361328638231062 0.0006769653316529027
0.03382061536349759 0.0007696438425330756
0.034439297964915766 0.00077092197748225
0.03461343609788829 0.0007725953466261247
0.034693920144147156 0.0007807483540422624
0.034752752110183305 0.0007917752710275673
0.035148448012098814 0.0008167622524908468
0.03521706202109906 0.0008533679160075329
0.035523724087335166 0.0008582342027659529
0.035649879386932114 0.0008631213532848017
0.03592816268777703 0.0008718557876425323
0.036021007281829845 0.000904563694838535
0.03717911148631477 0.00092482198595717
0.03759025266975019 0.00096563123701179
0.03810590981998862 0.0009857163806379198
0.03878438296364005 0.0010142492827362362
0.042022107108172224 0.0011593529276022981
0.04735605418504274 0.0011909112120675183
0.05011631944525592 0.0013121834771034307
0.062226098811428494 0.001350364364655482
