4.33735017e-05
3.98864472775e-05
2.95850494618e-05
3.46664320903e-05
3.76618642281e-05
3.76754700756e-05
4.08880932226e-05
2.94926929203e-05
4.36796085615e-05
4.71519436561e-05
3.05084581247e-05
3.84393740675e-05
2.92819185741e-05
4.06446074472e-05
4.78064898878e-05
3.6391619992e-05
3.74822157585e-05
3.64128059544e-05
3.67016504505e-05
3.05456324183e-05
3.10953246991e-05
4.50114037462e-05
4.06990083261e-05
3.27397739295e-05
3.91611371304e-05
3.9070398524e-05
2.91238087249e-05
4.33464864011e-05
3.84910168834e-05
3.65734037183e-05