0.035692292255124033 0.0006216036567943781
0.035692292255124033 0.0006216036567943781
0.035692292255124033 0.0006216036567943781
0.035692292255124033 0.0006216036567943781
0.035692292255124033 0.0006216036567943781
0.035692292255124033 0.0006216036567943781
0.035692292255124033 0.0006216036567943781
0.035692292255124033 0.0006216036567943781
0.035692292255124033 0.0006216036567943781
0.035692292255124033 0.0006216036567943781
0.035692292255124033 0.0006216036567943781
0.035692292255124033 0.0006216036567943781
0.035692292255124033 0.0006216036567943781
0.035692292255124033 0.0006216036567943781
0.035692292255124033 0.0006216036567943781
0.035692292255124033 0.0006216036567943781
0.035692292255124033 0.0006216036567943781
0.035692292255124033 0.0006216036567943781
0.035692292255124033 0.0006216036567943781
0.035692292255124033 0.0006216036567943781
0.035692292255124033 0.0006216036567943781
0.035692292255124033 0.0006216036567943781
0.035692292255124033 0.0006216036567943781
0.035692292255124033 0.0006216036567943781
0.035692292255124033 0.0006216036567943781
0.035692292255124033 0.0006216036567943781
0.035692292255124033 0.0006216036567943781
0.035692292255124033 0.0006216036567943781
0.035692292255124033 0.0006216036567943781
0.035692292255124033 0.0006216036567943781
0.035692292255124033 0.0006216036567943781
0.035692292255124033 0.0006216036567943781
0.035692292255124033 0.0006216036567943781
0.035692292255124033 0.0006216036567943781
0.035692292255124033 0.0006216036567943781
0.035692292255124033 0.0006216036567943781
0.035692292255124033 0.0006216036567943781
0.035692292255124033 0.0006216036567943781
0.035692292255124033 0.0006216036567943781
0.035692292255124033 0.0006216036567943781
0.035692292255124033 0.0006216036567943781
0.035692292255124033 0.0006216036567943781
0.035692292255124033 0.0006216036567943781
0.035692292255124033 0.0006216036567943781
0.035692292255124033 0.0006216036567943781
0.035692292255124033 0.0006216036567943782
0.035692292255124033 0.0006216036567943782
0.035692292255124033 0.0006216036567943782
0.03571678489391788 0.0006241875352648875
0.03571678489391788 0.0006241875352648875
0.03571678489391788 0.0006241875352648875
0.03571678489391788 0.0006241875352648875
0.03571678489391788 0.0006241875352648875
0.03571678489391788 0.0006241875352648875
0.03571678489391788 0.0006241875352648875
0.03571678489391788 0.0006241875352648875
0.03571678489391788 0.0006241875352648875
0.03571678489391788 0.0006241875352648875
0.03571678489391788 0.0006241875352648875
0.03571678489391788 0.0006241875352648875
0.03571678489391788 0.0006241875352648875
0.03575000107291617 0.0006485635277826551
0.03575000107291617 0.0006485635277826551
0.03626407398960433 0.0007829339302618209
0.03626407398960433 0.0007829339302618209
0.03626407398960433 0.0007829339302618209
0.03626407398960433 0.0007829339302618209
0.03626407398960433 0.0007829339302618209
0.03626407398960433 0.000782933930261821
0.03626407398960433 0.000782933930261821
0.03626407398960433 0.000782933930261821
0.03626407398960433 0.000782933930261821
0.03626407398960433 0.000782933930261821
0.03626407398960433 0.000782933930261821
0.03626407398960433 0.000782933930261821
0.03626407398960433 0.000782933930261821
0.03626407398960433 0.000782933930261821
0.03626407398960433 0.000782933930261821
0.03626407398960433 0.000782933930261821
0.03626407398960433 0.000782933930261821
0.03626407398960433 0.000782933930261821
0.03626407398960433 0.000782933930261821
0.03626407398960434 0.000782933930261821
0.03626407398960434 0.000782933930261821
0.03626407398960434 0.000782933930261821
0.03626407398960434 0.000782933930261821
0.03626407398960434 0.000782933930261821
0.03626407398960434 0.000782933930261821
0.03626407398960434 0.000782933930261821
0.03626407398960434 0.000782933930261821
0.03626407398960434 0.000782933930261821
0.03626407398960434 0.000782933930261821
0.03626407398960434 0.000782933930261821
0.03626407398960434 0.000782933930261821
0.03626407398960434 0.000782933930261821
0.03626407398960434 0.000782933930261821
0.03626407398960434 0.000782933930261821
0.03626407398960434 0.000782933930261821
0.03626407398960434 0.000782933930261821
0.03626407398960434 0.000782933930261821
0.03626407398960434 0.000782933930261821
0.03626407398960434 0.0007829339302618211
0.03626407398960434 0.0007829339302618211
0.03626407398960434 0.0007829339302618211
0.03626407398960434 0.0007829339302618211
0.03626407398960434 0.0007829339302618211
0.03643161894876228 0.0008093316638823687
0.03643161894876228 0.0008093316638823687
0.03643161894876228 0.0008093316638823688
0.03643161894876228 0.0008093316638823688
0.03643161894876228 0.0008093316638823688
0.03643161894876229 0.0008093316638823688
0.03643161894876229 0.0008093316638823688
0.0370515941774025 0.0009165331592340003
0.0370515941774025 0.0009165331592340003
0.0370515941774025 0.0009165331592340003
0.0370515941774025 0.0009165331592340003
0.0370515941774025 0.0009165331592340003
0.0370515941774025 0.0009165331592340003
0.0370515941774025 0.0009165331592340003
0.0370515941774025 0.0009165331592340003
0.0370515941774025 0.0009165331592340003
0.0370515941774025 0.0009165331592340003
0.0370515941774025 0.0009165331592340003
0.0370515941774025 0.0009165331592340003
0.0370515941774025 0.0009165331592340003
0.0370515941774025 0.0009165331592340003
0.0370515941774025 0.0009165331592340003
0.0370515941774025 0.0009165331592340003
0.0370515941774025 0.0009165331592340003
0.0370515941774025 0.0009165331592340003
0.0370515941774025 0.0009165331592340003
0.0370515941774025 0.0009165331592340003
0.0370515941774025 0.0009165331592340003
0.0370515941774025 0.0009165331592340003
0.0370515941774025 0.0009165331592340003
0.0370515941774025 0.0009165331592340003
0.0370515941774025 0.0009165331592340003
0.0370515941774025 0.0009165331592340003
0.0370515941774025 0.0009165331592340003
0.0370515941774025 0.0009165331592340003
0.0370515941774025 0.0009165331592340003
0.0370515941774025 0.0009165331592340003
0.0370515941774025 0.0009165331592340003
0.0370515941774025 0.0009165331592340003
0.0370515941774025 0.0009165331592340003
0.0370515941774025 0.0009165331592340003
0.0370515941774025 0.0009165331592340003
0.0370515941774025 0.0009165331592340003
0.0370515941774025 0.0009165331592340003
0.0370515941774025 0.0009165331592340003
0.0370515941774025 0.0009165331592340003
0.0370515941774025 0.0009165331592340003
0.0370515941774025 0.0009165331592340003
0.0370515941774025 0.0009165331592340003
0.0370515941774025 0.0009165331592340003
0.0370515941774025 0.0009165331592340003
0.0370515941774025 0.0009165331592340003
0.0370515941774025 0.0009165331592340003
0.0370515941774025 0.0009165331592340003
0.0370515941774025 0.0009165331592340003
0.0370515941774025 0.0009165331592340003
0.0370515941774025 0.0009165331592340003
0.0370515941774025 0.0009165331592340003
0.0370515941774025 0.0009165331592340003
0.0370515941774025 0.0009165331592340003
0.0370515941774025 0.0009165331592340003
0.0370515941774025 0.0009165331592340003
0.0370515941774025 0.0009165331592340003
0.0370515941774025 0.0009165331592340003
0.0370515941774025 0.0009165331592340003
0.0370515941774025 0.0009165331592340003
0.0370515941774025 0.0009165331592340003
0.0370515941774025 0.0009165331592340003
0.0370515941774025 0.0009165331592340004
0.03705159417740251 0.0009165331592340004
0.03705159417740251 0.0009165331592340004
0.03705159417740251 0.0009165331592340004
0.03705159417740251 0.0009165331592340004
0.03705159417740251 0.0009165331592340004
0.03705159417740251 0.0009165331592340004
0.03705159417740251 0.0009165331592340004
0.03705159417740251 0.0009165331592340004
0.03705159417740251 0.0009165331592340004
0.03705159417740251 0.0009165331592340004
0.03705159417740251 0.0009165331592340004
0.03705159417740251 0.0009165331592340004
0.03705159417740251 0.0009165331592340004
0.03705159417740251 0.0009165331592340004
0.03727582551470547 0.000943774391792131
0.03727582551470547 0.000943774391792131
0.03727582551470547 0.0009437743917921312
0.03727582551470548 0.0009437743917921312
0.03727582551470548 0.0009437743917921312
0.037275825514705485 0.0009437743917921312
0.03734748939069984 0.0009487969279018056
0.03734748939069984 0.0009487969279018056
0.03734748939069984 0.0009487969279018058
0.03738441211362886 0.0009505116729764701
0.03738441211362886 0.0009505116729764701
0.03738441211362886 0.0009505116729764701
0.03738441211362886 0.0009505116729764701
0.03745607598962323 0.0009555342090861447
0.03745607598962323 0.0009555342090861447
0.03745607598962323 0.0009555342090861447
0.03745607598962323 0.0009555342090861447
0.037456075989623236 0.0009555342090861447
0.0376803073269262 0.0009827754416442754
0.0376803073269262 0.0009827754416442756
0.03797481301158334 0.000991437426499862
0.03797481301158335 0.000991437426499862
0.03808115281213484 0.0010441130709032435
0.03808115281213484 0.0010441130709032435
0.03808115281213484 0.0010441130709032435
0.03808115281213484 0.0010441130709032435
0.03808115281213484 0.0010441130709032435
0.03808115281213484 0.0010441130709032437
0.03808115281213484 0.0010441130709032437
0.03808115281213484 0.0010441130709032437
0.03808115281213484 0.0010441130709032437
0.03808115281213484 0.0010441130709032437
0.038081152812134846 0.0010441130709032437
0.038081152812134846 0.0010441130709032437
0.038081152812134846 0.0010441130709032437
0.038081152812134846 0.0010441130709032437
0.038081152812134846 0.001044113070903244
0.038152816688129206 0.0010491356070129183
0.038152816688129206 0.0010491356070129183
0.038152816688129206 0.0010491356070129183
0.038152816688129206 0.0010491356070129185
0.038377048025432174 0.001076376839571049
0.03908302840221647 0.0010946931233802109
0.039083028402216474 0.0010946931233802109
0.039083028402216474 0.0010946931233802109
0.03936008240324865 0.0010946980469544786
0.03958034484922524 0.0011106460741419806
0.03958034484922525 0.0011106460741419806
0.04243794783875835 0.0011160719199321155
0.042627485440367624 0.001170960316760485
0.04298904286693275 0.0011835443171038947
0.04339491607624933 0.00122029699012154
0.045371686706596685 0.0012215927789923473
