0.035716784893917886 0.0006241875352648875
0.03626407398960433 0.000782933930261821
0.03626407398960433 0.000782933930261821
0.03626407398960433 0.000782933930261821
0.03626407398960433 0.000782933930261821
0.03626407398960433 0.000782933930261821
0.03626407398960433 0.000782933930261821
0.03626407398960434 0.000782933930261821
0.03626407398960434 0.000782933930261821
0.03626407398960434 0.000782933930261821
0.03626407398960434 0.0007829339302618211
0.03626407398960434 0.0007829339302618211
0.03626407398960434 0.0007829339302618211
0.03626407398960434 0.0007829339302618211
0.03626407398960434 0.0007829339302618211
0.03626407398960434 0.0007829339302618211
0.03626407398960434 0.0007829339302618211
0.03626407398960434 0.0007829339302618211
0.03626407398960434 0.0007829339302618211
0.03626407398960434 0.0007829339302618211
0.03626407398960434 0.0007829339302618211
0.03626407398960434 0.0007829339302618211
0.03626407398960434 0.0007829339302618211
0.03626407398960434 0.0007829339302618211
0.03626407398960434 0.0007829339302618211
0.03626407398960434 0.0007829339302618211
0.03626407398960434 0.0007829339302618211
0.03626407398960434 0.0007829339302618211
0.03626407398960434 0.0007829339302618211
0.03626407398960434 0.0007829339302618211
0.03626407398960434 0.0007829339302618211
0.03626407398960434 0.0007829339302618211
0.03626407398960434 0.0007829339302618211
0.03626407398960434 0.0007829339302618211
0.03626407398960434 0.0007829339302618211
0.03626407398960434 0.0007829339302618211
0.03626407398960434 0.0007829339302618211
0.03626407398960434 0.0007829339302618211
0.03626407398960434 0.0007829339302618211
0.03626407398960434 0.0007829339302618211
0.03626407398960434 0.0007829339302618211
0.03626407398960434 0.0007829339302618211
0.03626407398960434 0.0007829339302618211
0.03626407398960434 0.0007829339302618211
0.03626407398960434 0.0007829339302618211
0.03626407398960434 0.0007829339302618211
0.03626407398960434 0.0007829339302618211
0.03626407398960434 0.0007829339302618211
0.03626407398960434 0.0007829339302618211
0.03626407398960434 0.0007829339302618211
0.03626407398960434 0.0007829339302618211
0.03626407398960434 0.0007829339302618211
0.03626407398960434 0.0007829339302618211
0.03626407398960434 0.0007829339302618211
0.03626407398960434 0.0007829339302618211
0.03626407398960434 0.0007829339302618211
0.03626407398960434 0.0007829339302618211
0.03626407398960434 0.0007829339302618211
0.03626407398960434 0.0007829339302618211
0.03626407398960434 0.0007829339302618211
0.03626407398960434 0.0007829339302618211
0.03626407398960434 0.0007829339302618211
0.03626407398960434 0.0007829339302618211
0.03626407398960434 0.0007829339302618211
0.03626407398960434 0.0007829339302618211
0.03626407398960434 0.0007829339302618211
0.03626407398960434 0.0007829339302618211
0.03626407398960434 0.0007829339302618211
0.03626407398960434 0.0007829339302618211
0.03626407398960434 0.0007829339302618211
0.03626407398960434 0.0007829339302618211
0.03626407398960434 0.0007829339302618211
0.03626407398960434 0.0007829339302618211
0.03626407398960434 0.0007829339302618211
0.03626407398960434 0.0007829339302618211
0.03626407398960434 0.0007829339302618211
0.03626407398960434 0.0007829339302618211
0.03626407398960434 0.0007829339302618211
0.03626407398960434 0.0007829339302618211
0.03626407398960434 0.0007829339302618211
0.03626407398960434 0.0007829339302618211
0.03626407398960434 0.0007829339302618211
0.03626407398960434 0.0007829339302618211
0.03626407398960434 0.0007829339302618211
0.03626407398960434 0.0007829339302618211
0.03626407398960434 0.0007829339302618211
0.03626407398960434 0.0007829339302618211
0.03626407398960434 0.0007829339302618211
0.03626407398960434 0.0007829339302618211
0.03626407398960434 0.0007829339302618211
0.03626407398960434 0.0007829339302618211
0.03626407398960434 0.0007829339302618211
0.03626407398960434 0.0007829339302618211
0.03626407398960434 0.0007829339302618211
0.03626407398960434 0.0007829339302618211
0.03626407398960434 0.0007829339302618211
0.03626407398960434 0.0007829339302618211
0.03626407398960434 0.0007829339302618211
0.03626407398960434 0.0007829339302618211
0.03626407398960434 0.0007829339302618211
0.03626407398960434 0.0007829339302618211
0.03626407398960434 0.0007829339302618211
0.03626407398960434 0.0007829339302618211
0.03626407398960434 0.0007829339302618211
0.03626407398960434 0.0007829339302618211
0.03626407398960434 0.0007829339302618211
0.03626407398960434 0.0007829339302618211
0.03626407398960434 0.0007829339302618211
0.03626407398960434 0.0007829339302618211
0.03626407398960434 0.0007829339302618211
0.03626407398960434 0.0007829339302618211
0.03626407398960434 0.0007829339302618211
0.03626407398960434 0.0007829339302618211
0.03626407398960434 0.0007829339302618211
0.03626407398960434 0.0007829339302618211
0.03626407398960434 0.0007829339302618211
0.03626407398960434 0.0007829339302618211
0.03626407398960434 0.0007829339302618211
0.03626407398960434 0.0007829339302618211
0.03626407398960434 0.0007829339302618211
0.03626407398960434 0.0007829339302618211
0.03626407398960434 0.0007829339302618211
0.03626407398960434 0.0007829339302618211
0.03626407398960434 0.0007829339302618211
0.03626407398960434 0.0007829339302618211
0.03626407398960434 0.0007829339302618211
0.03626407398960434 0.0007829339302618211
0.03626407398960434 0.0007829339302618211
0.03626407398960434 0.0007829339302618211
0.03626407398960434 0.0007829339302618211
0.03626407398960434 0.0007829339302618211
0.03626407398960434 0.0007829339302618211
0.03626407398960434 0.0007829339302618211
0.03626407398960434 0.0007829339302618211
0.03626407398960434 0.0007829339302618211
0.03626407398960434 0.0007829339302618211
0.03626407398960434 0.0007829339302618211
0.03626407398960434 0.0007829339302618211
0.03626407398960434 0.0007829339302618211
0.03626407398960434 0.0007829339302618211
0.03626407398960434 0.0007829339302618211
0.03626407398960434 0.0007829339302618211
0.03626407398960434 0.0007829339302618211
0.03626407398960434 0.0007829339302618211
0.03626407398960434 0.0007829339302618211
0.03626407398960434 0.0007829339302618211
0.03626407398960434 0.0007829339302618211
0.03626407398960434 0.0007829339302618211
0.03626407398960434 0.0007829339302618211
0.03626407398960434 0.0007829339302618211
0.03626407398960434 0.0007829339302618211
0.03626407398960434 0.0007829339302618211
0.03626407398960434 0.0007829339302618211
0.03626407398960434 0.0007829339302618211
0.03626407398960434 0.0007829339302618211
0.03626407398960434 0.0007829339302618211
0.03626407398960434 0.0007829339302618211
0.03626407398960434 0.0007829339302618211
0.03626407398960434 0.0007829339302618211
0.03626407398960434 0.0007829339302618211
0.03626407398960434 0.0007829339302618211
0.03626407398960434 0.0007829339302618211
0.03626407398960434 0.0007829339302618211
0.03626407398960434 0.0007829339302618211
0.03626407398960434 0.0007829339302618211
0.03626407398960434 0.0007829339302618211
0.03626407398960434 0.0007829339302618211
0.03626407398960434 0.0007829339302618211
0.03626407398960434 0.0007829339302618211
0.03626407398960434 0.0007829339302618211
0.03626407398960434 0.0007829339302618211
0.03626407398960434 0.0007829339302618211
0.03626407398960434 0.0007829339302618211
0.03626407398960434 0.0007829339302618211
0.03626407398960434 0.0007829339302618211
0.03626407398960434 0.0007829339302618211
0.03626407398960434 0.0007829339302618211
0.03626407398960434 0.0007829339302618211
0.03626407398960434 0.0007829339302618211
0.03626407398960434 0.0007829339302618211
0.03626407398960434 0.0007829339302618211
0.03626407398960434 0.0007829339302618211
0.03626407398960434 0.0007829339302618211
0.03626407398960434 0.0007829339302618211
0.03626407398960434 0.0007829339302618211
0.03626407398960434 0.0007829339302618211
0.03626407398960434 0.0007829339302618211
0.03626407398960434 0.0007829339302618211
0.03626407398960434 0.0007829339302618211
0.03626407398960434 0.0007829339302618211
0.03626407398960434 0.0007829339302618211
0.03626407398960434 0.0007829339302618211
0.03626407398960434 0.0007829339302618211
0.03626407398960434 0.0007829339302618211
0.03626407398960434 0.0007829339302618211
0.03626407398960434 0.0007829339302618211
0.03626407398960434 0.0007829339302618211
0.03626407398960434 0.0007829339302618211
0.03626407398960434 0.0007829339302618211
0.03626407398960434 0.0007829339302618211
0.03626407398960434 0.0007829339302618211
0.03626407398960434 0.0007829339302618211
0.03626407398960434 0.0007829339302618211
0.03626407398960434 0.0007829339302618211
0.03626407398960434 0.0007829339302618211
0.03626407398960434 0.0007829339302618211
0.03626407398960434 0.0007829339302618211
0.03626407398960434 0.0007829339302618211
0.03626407398960434 0.0007829339302618211
0.03626407398960434 0.0007829339302618211
0.03626407398960434 0.0007829339302618211
0.03626407398960434 0.0007829339302618211
0.03626407398960434 0.0007829339302618211
0.03626407398960434 0.0007829339302618211
0.03626407398960434 0.0007829339302618211
0.03626407398960434 0.0007829339302618211
0.03626407398960434 0.0007829339302618211
0.03626407398960434 0.0007829339302618211
0.03626407398960434 0.0007829339302618211
0.03626407398960434 0.0007829339302618211
0.03626407398960434 0.0007829339302618211
0.03626407398960434 0.0007829339302618211
0.03626407398960434 0.0007829339302618211
0.03626407398960434 0.0007829339302618211
0.03626407398960434 0.0007829339302618211
0.03626407398960434 0.0007829339302618211
0.03626407398960434 0.0007829339302618211
0.03626407398960434 0.0007829339302618211
0.03626407398960434 0.0007829339302618211
0.03626407398960434 0.0007829339302618211
0.03626407398960434 0.0007829339302618211
0.03626407398960434 0.0007829339302618211
0.03626407398960434 0.0007829339302618211
0.03626407398960434 0.0007829339302618211
0.03626407398960434 0.0007829339302618211
0.03626407398960434 0.0007829339302618211
0.03626407398960434 0.0007829339302618211
0.03626407398960434 0.0007829339302618211
0.03626407398960434 0.0007829339302618211
0.03626407398960434 0.0007829339302618211
0.03626407398960434 0.0007829339302618211
0.03626407398960434 0.0007829339302618211
0.03626407398960434 0.0007829339302618211
0.03626407398960434 0.0007829339302618211
0.03626407398960434 0.0007829339302618211
0.03626407398960434 0.0007829339302618211
0.03626407398960434 0.0007829339302618211
0.03626407398960434 0.0007829339302618211
0.03626407398960434 0.0007829339302618211
0.03626407398960434 0.0007829339302618211
0.03626407398960434 0.0007829339302618211
0.03626407398960434 0.0007829339302618211
0.03626407398960434 0.0007829339302618211
0.03626407398960434 0.0007829339302618211
0.03626407398960434 0.0007829339302618211
0.03626407398960434 0.0007829339302618211
0.03626407398960434 0.0007829339302618211
0.03626407398960434 0.0007829339302618211
0.03626407398960434 0.0007829339302618211
0.03626407398960434 0.0007829339302618211
0.03626407398960434 0.0007829339302618211
0.03626407398960434 0.0007829339302618211
0.03626407398960434 0.0007829339302618211
0.03626407398960434 0.0007829339302618211
0.03626407398960434 0.0007829339302618211
0.03626407398960434 0.0007829339302618211
0.03626407398960434 0.0007829339302618211
0.03626407398960434 0.0007829339302618211
0.03626407398960434 0.0007829339302618211
0.03626407398960434 0.0007829339302618211
0.03626407398960434 0.0007829339302618211
0.03626407398960434 0.0007829339302618211
0.03626407398960434 0.0007829339302618211
0.03626407398960434 0.0007829339302618211
0.03626407398960434 0.0007829339302618211
0.03626407398960434 0.0007829339302618211
0.03626407398960434 0.0007829339302618211
0.03626407398960434 0.0007829339302618211
0.03626407398960434 0.0007829339302618211
0.03626407398960434 0.0007829339302618211
0.03626407398960434 0.0007829339302618211
0.03626407398960434 0.0007829339302618211
0.03626407398960434 0.0007829339302618211
0.03626407398960434 0.0007829339302618211
0.03626407398960434 0.0007829339302618211
0.03626407398960434 0.0007829339302618211
0.03626407398960434 0.0007829339302618211
0.03626407398960434 0.0007829339302618211
0.03626407398960434 0.0007829339302618211
0.03626407398960434 0.0007829339302618211
0.03626407398960434 0.0007829339302618211
0.03626407398960434 0.0007829339302618211
0.03626407398960434 0.0007829339302618211
0.03626407398960434 0.0007829339302618211
0.03626407398960434 0.0007829339302618211
0.03626407398960434 0.0007829339302618211
0.03626407398960434 0.0007829339302618211
0.03626407398960434 0.0007829339302618211
0.03626407398960434 0.0007829339302618211
0.03626407398960434 0.0007829339302618211
0.03626407398960434 0.0007829339302618211
0.03626407398960434 0.0007829339302618211
0.03626407398960434 0.0007829339302618211
0.03626407398960434 0.0007829339302618211
0.03626407398960434 0.0007829339302618211
0.03626407398960434 0.0007829339302618211
0.03626407398960434 0.0007829339302618211
0.03626407398960434 0.0007829339302618211
0.03626407398960434 0.0007829339302618211
0.03626407398960434 0.0007829339302618211
0.03626407398960434 0.0007829339302618211
0.03626407398960434 0.0007829339302618211
0.03626407398960434 0.0007829339302618211
0.03626407398960434 0.0007829339302618211
0.03626407398960434 0.0007829339302618211
0.03626407398960434 0.0007829339302618211
0.03626407398960434 0.0007829339302618211
0.03626407398960434 0.0007829339302618211
0.03626407398960434 0.0007829339302618211
0.03626407398960434 0.0007829339302618211
0.03626407398960434 0.0007829339302618211
0.03626407398960434 0.0007829339302618211
0.03626407398960434 0.0007829339302618211
0.03626407398960434 0.0007829339302618211
0.03626407398960434 0.0007829339302618211
0.03626407398960434 0.0007829339302618211
0.03626407398960434 0.0007829339302618211
0.03626407398960434 0.0007829339302618211
0.03626407398960434 0.0007829339302618211
0.03626407398960434 0.0007829339302618211
0.03626407398960434 0.0007829339302618211
0.03626407398960434 0.0007829339302618211
0.03626407398960434 0.0007829339302618211
0.03626407398960434 0.0007829339302618211
0.03626407398960434 0.0007829339302618211
0.03626407398960434 0.0007829339302618211
0.03626407398960434 0.0007829339302618211
0.03626407398960434 0.0007829339302618211
0.03626407398960434 0.0007829339302618211
0.03626407398960434 0.0007829339302618211
0.03626407398960434 0.0007829339302618211
0.03626407398960434 0.0007829339302618211
0.03626407398960434 0.0007829339302618211
0.03626407398960434 0.0007829339302618211
0.03626407398960434 0.0007829339302618211
0.03673801563829945 0.0008652741610093344
0.03705159417740251 0.0009165331592340002
0.03705159417740251 0.0009165331592340002
0.03705159417740251 0.0009165331592340002
0.03705159417740251 0.0009165331592340002
0.03705159417740251 0.0009165331592340002
0.03705159417740251 0.0009165331592340002
0.03705159417740251 0.0009165331592340002
0.03705159417740251 0.0009165331592340002
0.03705159417740251 0.0009165331592340002
0.03705159417740251 0.0009165331592340002
0.03705159417740251 0.0009165331592340003
0.03705159417740251 0.0009165331592340003
0.03705159417740251 0.0009165331592340003
0.03705159417740251 0.0009165331592340003
0.03705159417740251 0.0009165331592340003
0.03705159417740251 0.0009165331592340003
0.03705159417740251 0.0009165331592340003
0.03705159417740251 0.0009165331592340003
0.03705159417740251 0.0009165331592340003
0.03705159417740251 0.0009165331592340003
0.03705159417740251 0.0009165331592340004
0.03705159417740251 0.0009165331592340004
0.03705159417740251 0.0009165331592340004
0.03705159417740251 0.0009165331592340004
0.03705159417740251 0.0009165331592340004
0.037609549759945356 0.0009348920360023617
0.037609549759945356 0.0009348920360023617
0.037609549759945356 0.0009348920360023617
0.037609549759945356 0.0009348920360023617
0.037609549759945356 0.0009348920360023617
0.037609549759945356 0.0009348920360023617
0.037609549759945356 0.0009348920360023618
0.03760954975994536 0.0009348920360023618
0.037877570863646265 0.0009546366136148614
0.03794236769617172 0.0009688705497448316
0.03797481301158334 0.0009914374264998619
0.03797481301158334 0.000991437426499862
0.03797481301158334 0.000991437426499862
0.03808115281213484 0.001044113070903244
0.038152816688129206 0.001049135607012918
0.03815281668812921 0.001049135607012918
0.03815281668812921 0.001049135607012918
0.03815281668812921 0.0010491356070129183
0.03839621464434566 0.0010493775338075155
0.03848563462435557 0.0010831141207553881
0.039599511468138726 0.001083646768378447
0.04116822339890455 0.0011024028346692414
0.043053849776802704 0.0011447508176124742
0.0431762547045143 0.0011767215597318463
0.04469736328547444 0.0011844852300246448
0.04528255501304004 0.0011981824032997336
0.04549943992443356 0.0012013307544131526
