0.03569229225512404 0.0006216036567943781
0.03626407398960433 0.0007829339302618209
0.03626407398960433 0.000782933930261821
0.03626407398960433 0.000782933930261821
0.03626407398960433 0.000782933930261821
0.03626407398960433 0.000782933930261821
0.03626407398960433 0.000782933930261821
0.03626407398960433 0.000782933930261821
0.03626407398960433 0.000782933930261821
0.03626407398960433 0.000782933930261821
0.03626407398960433 0.000782933930261821
0.03626407398960433 0.000782933930261821
0.03626407398960433 0.000782933930261821
0.03626407398960433 0.0007829339302618211
0.03626407398960433 0.0007829339302618211
0.03626407398960433 0.0007829339302618211
0.03626407398960433 0.0007829339302618211
0.03626407398960433 0.0007829339302618211
0.03626407398960433 0.0007829339302618211
0.03626407398960433 0.0007829339302618211
0.03626407398960433 0.0007829339302618211
0.03626407398960433 0.0007829339302618211
0.03626407398960433 0.0007829339302618211
0.03626407398960433 0.0007829339302618211
0.03626407398960433 0.0007829339302618211
0.03626407398960433 0.0007829339302618211
0.03626407398960433 0.0007829339302618211
0.03626407398960433 0.0007829339302618211
0.03626407398960433 0.0007829339302618211
0.03626407398960433 0.0007829339302618211
0.03626407398960433 0.0007829339302618211
0.03626407398960433 0.0007829339302618211
0.03626407398960433 0.0007829339302618211
0.03626407398960433 0.0007829339302618211
0.03626407398960433 0.0007829339302618211
0.03626407398960433 0.0007829339302618211
0.03626407398960433 0.0007829339302618211
0.03626407398960433 0.0007829339302618211
0.03626407398960433 0.0007829339302618211
0.03626407398960433 0.0007829339302618211
0.03626407398960433 0.0007829339302618211
0.03626407398960433 0.0007829339302618211
0.03626407398960433 0.0007829339302618211
0.03626407398960433 0.0007829339302618211
0.03626407398960433 0.0007829339302618211
0.03626407398960433 0.0007829339302618211
0.03626407398960433 0.0007829339302618211
0.03626407398960433 0.0007829339302618211
0.03626407398960433 0.0007829339302618211
0.03626407398960433 0.0007829339302618211
0.03626407398960433 0.0007829339302618211
0.03626407398960433 0.0007829339302618211
0.03626407398960433 0.0007829339302618211
0.03626407398960433 0.0007829339302618211
0.03626407398960433 0.0007829339302618211
0.03626407398960433 0.0007829339302618211
0.03626407398960433 0.0007829339302618211
0.03626407398960433 0.0007829339302618211
0.03626407398960433 0.0007829339302618211
0.03626407398960433 0.0007829339302618211
0.03626407398960433 0.0007829339302618211
0.03626407398960433 0.0007829339302618211
0.03626407398960433 0.0007829339302618211
0.03626407398960433 0.0007829339302618211
0.03626407398960433 0.0007829339302618211
0.03626407398960433 0.0007829339302618211
0.03626407398960433 0.0007829339302618211
0.03626407398960433 0.0007829339302618211
0.03626407398960433 0.0007829339302618211
0.03626407398960433 0.0007829339302618211
0.03626407398960433 0.0007829339302618211
0.03626407398960433 0.0007829339302618211
0.03626407398960433 0.0007829339302618211
0.03626407398960433 0.0007829339302618211
0.03626407398960433 0.0007829339302618211
0.03626407398960433 0.0007829339302618211
0.03626407398960433 0.0007829339302618211
0.03626407398960433 0.0007829339302618211
0.03626407398960433 0.0007829339302618211
0.03626407398960433 0.0007829339302618211
0.03626407398960433 0.0007829339302618211
0.03626407398960433 0.0007829339302618211
0.03626407398960433 0.0007829339302618211
0.03626407398960433 0.0007829339302618211
0.03626407398960433 0.0007829339302618211
0.03626407398960433 0.0007829339302618211
0.03626407398960433 0.0007829339302618211
0.03626407398960433 0.0007829339302618211
0.03626407398960433 0.0007829339302618211
0.03626407398960434 0.0007829339302618211
0.03626407398960434 0.0007829339302618211
0.03626407398960434 0.0007829339302618211
0.03626407398960434 0.0007829339302618211
0.03626407398960434 0.0007829339302618211
0.03626407398960434 0.0007829339302618211
0.03626407398960434 0.0007829339302618211
0.03626407398960434 0.0007829339302618211
0.03626407398960434 0.0007829339302618211
0.03626407398960434 0.0007829339302618211
0.03626407398960434 0.0007829339302618211
0.03626407398960434 0.0007829339302618211
0.03626407398960434 0.0007829339302618211
0.03626407398960434 0.0007829339302618211
0.03626407398960434 0.0007829339302618211
0.03626407398960434 0.0007829339302618211
0.03626407398960434 0.0007829339302618211
0.03626407398960434 0.0007829339302618211
0.03626407398960434 0.0007829339302618211
0.03626407398960434 0.0007829339302618211
0.03626407398960434 0.0007829339302618211
0.03626407398960434 0.0007829339302618211
0.03626407398960434 0.0007829339302618211
0.03626407398960434 0.0007829339302618211
0.03626407398960434 0.0007829339302618211
0.03626407398960434 0.0007829339302618211
0.03626407398960434 0.0007829339302618211
0.03626407398960434 0.0007829339302618211
0.03626407398960434 0.0007829339302618211
0.03626407398960434 0.0007829339302618211
0.03626407398960434 0.0007829339302618211
0.03626407398960434 0.0007829339302618211
0.03626407398960434 0.0007829339302618211
0.03626407398960434 0.0007829339302618211
0.03626407398960434 0.0007829339302618211
0.03626407398960434 0.0007829339302618211
0.03626407398960434 0.0007829339302618211
0.03626407398960434 0.0007829339302618211
0.03626407398960434 0.0007829339302618211
0.03626407398960434 0.0007829339302618211
0.03626407398960434 0.0007829339302618211
0.03626407398960434 0.0007829339302618211
0.03626407398960434 0.0007829339302618211
0.03626407398960434 0.0007829339302618211
0.03626407398960434 0.0007829339302618211
0.03626407398960434 0.0007829339302618211
0.03626407398960434 0.0007829339302618211
0.03626407398960434 0.0007829339302618211
0.03626407398960434 0.0007829339302618211
0.03626407398960434 0.0007829339302618211
0.03626407398960434 0.0007829339302618211
0.03626407398960434 0.0007829339302618211
0.03626407398960434 0.0007829339302618211
0.03626407398960434 0.0007829339302618211
0.03626407398960434 0.0007829339302618211
0.03626407398960434 0.0007829339302618211
0.03626407398960434 0.0007829339302618211
0.03626407398960434 0.0007829339302618211
0.03626407398960434 0.0007829339302618211
0.03626407398960434 0.0007829339302618211
0.03626407398960434 0.0007829339302618211
0.03626407398960434 0.0007829339302618211
0.03626407398960434 0.0007829339302618211
0.03626407398960434 0.0007829339302618211
0.03626407398960434 0.0007829339302618211
0.03626407398960434 0.0007829339302618211
0.03626407398960434 0.0007829339302618211
0.03626407398960434 0.0007829339302618211
0.03626407398960434 0.0007829339302618211
0.03626407398960434 0.0007829339302618211
0.03626407398960434 0.0007829339302618211
0.03626407398960434 0.0007829339302618211
0.03626407398960434 0.0007829339302618211
0.03626407398960434 0.0007829339302618211
0.03626407398960434 0.0007829339302618211
0.03626407398960434 0.0007829339302618211
0.03626407398960434 0.0007829339302618211
0.03626407398960434 0.0007829339302618211
0.03626407398960434 0.0007829339302618211
0.03626407398960434 0.0007829339302618211
0.03626407398960434 0.0007829339302618211
0.03626407398960434 0.0007829339302618211
0.03626407398960434 0.0007829339302618211
0.03626407398960434 0.0007829339302618211
0.03626407398960434 0.0007829339302618211
0.03626407398960434 0.0007829339302618211
0.03626407398960434 0.0007829339302618211
0.03626407398960434 0.0007829339302618211
0.03626407398960434 0.0007829339302618211
0.03643161894876228 0.0008093316638823687
0.03643161894876228 0.0008093316638823687
0.03643161894876228 0.0008093316638823687
0.03643161894876228 0.0008093316638823687
0.03643161894876228 0.0008093316638823687
0.03643161894876228 0.0008093316638823687
0.03643161894876228 0.0008093316638823687
0.03643161894876228 0.0008093316638823687
0.03643161894876228 0.0008093316638823687
0.03643161894876228 0.0008093316638823687
0.03643161894876228 0.0008093316638823687
0.03643161894876228 0.0008093316638823687
0.03643161894876228 0.0008093316638823687
0.03643161894876228 0.0008093316638823687
0.03643161894876228 0.0008093316638823687
0.03643161894876228 0.0008093316638823687
0.03643161894876228 0.0008093316638823687
0.03643161894876228 0.0008093316638823687
0.03643161894876228 0.0008093316638823687
0.03643161894876228 0.0008093316638823687
0.03643161894876228 0.0008093316638823687
0.03643161894876228 0.0008093316638823687
0.03643161894876228 0.0008093316638823687
0.03643161894876228 0.0008093316638823687
0.03643161894876228 0.0008093316638823687
0.03643161894876228 0.0008093316638823687
0.03643161894876228 0.0008093316638823687
0.03643161894876228 0.0008093316638823687
0.03643161894876228 0.0008093316638823687
0.03643161894876228 0.0008093316638823687
0.03643161894876228 0.0008093316638823687
0.03643161894876228 0.0008093316638823687
0.03643161894876228 0.0008093316638823687
0.03643161894876228 0.0008093316638823687
0.03643161894876228 0.0008093316638823687
0.03643161894876228 0.0008093316638823687
0.03643161894876228 0.0008093316638823687
0.03643161894876228 0.0008093316638823687
0.03643161894876228 0.0008093316638823687
0.03643161894876228 0.0008093316638823687
0.03643161894876228 0.0008093316638823687
0.03643161894876228 0.0008093316638823687
0.03643161894876228 0.0008093316638823687
0.03643161894876228 0.0008093316638823687
0.03643161894876228 0.0008093316638823687
0.03643161894876228 0.0008093316638823687
0.03643161894876228 0.0008093316638823687
0.03643161894876228 0.0008093316638823687
0.03643161894876228 0.0008093316638823687
0.03643161894876228 0.0008093316638823687
0.03643161894876228 0.0008093316638823687
0.03643161894876228 0.0008093316638823687
0.03643161894876228 0.0008093316638823687
0.03643161894876228 0.0008093316638823687
0.03643161894876228 0.0008093316638823687
0.03643161894876228 0.0008093316638823687
0.03643161894876228 0.0008093316638823687
0.03643161894876228 0.0008093316638823687
0.03643161894876228 0.0008093316638823687
0.03643161894876228 0.0008093316638823687
0.03643161894876228 0.0008093316638823687
0.03643161894876228 0.0008093316638823687
0.03643161894876228 0.0008093316638823687
0.03643161894876228 0.0008093316638823687
0.03643161894876228 0.0008093316638823687
0.03643161894876228 0.0008093316638823687
0.03643161894876228 0.0008093316638823687
0.03643161894876228 0.0008093316638823687
0.03643161894876228 0.0008093316638823687
0.03643161894876228 0.0008093316638823687
0.03643161894876228 0.0008093316638823687
0.03643161894876228 0.0008093316638823687
0.03643161894876228 0.0008093316638823687
0.03643161894876228 0.0008093316638823687
0.03643161894876228 0.0008093316638823687
0.03643161894876228 0.0008093316638823687
0.03643161894876228 0.0008093316638823687
0.03643161894876228 0.0008093316638823687
0.03643161894876228 0.0008093316638823687
0.03643161894876228 0.0008093316638823687
0.03643161894876228 0.0008093316638823687
0.03643161894876228 0.0008093316638823687
0.03643161894876228 0.0008093316638823688
0.03643161894876228 0.0008093316638823688
0.03643161894876229 0.0008093316638823688
0.03643161894876229 0.0008093316638823688
0.03643161894876229 0.0008093316638823688
0.03673801563829944 0.0008652741610093343
0.03673801563829944 0.0008652741610093344
0.0370515941774025 0.0009165331592340002
0.0370515941774025 0.0009165331592340002
0.0370515941774025 0.0009165331592340002
0.0370515941774025 0.0009165331592340002
0.0370515941774025 0.0009165331592340002
0.0370515941774025 0.0009165331592340002
0.0370515941774025 0.0009165331592340002
0.0370515941774025 0.0009165331592340002
0.0370515941774025 0.0009165331592340002
0.0370515941774025 0.0009165331592340002
0.0370515941774025 0.0009165331592340002
0.0370515941774025 0.0009165331592340002
0.0370515941774025 0.0009165331592340003
0.0370515941774025 0.0009165331592340003
0.0370515941774025 0.0009165331592340003
0.0370515941774025 0.0009165331592340003
0.0370515941774025 0.0009165331592340003
0.0370515941774025 0.0009165331592340003
0.0370515941774025 0.0009165331592340003
0.0370515941774025 0.0009165331592340003
0.0370515941774025 0.0009165331592340004
0.0370515941774025 0.0009165331592340004
0.0370515941774025 0.0009165331592340004
0.0370515941774025 0.0009165331592340004
0.0370515941774025 0.0009165331592340004
0.0370515941774025 0.0009165331592340004
0.0370515941774025 0.0009165331592340004
0.0370515941774025 0.0009165331592340004
0.0370515941774025 0.0009165331592340004
0.0370515941774025 0.0009165331592340004
0.0370515941774025 0.0009165331592340004
0.0370515941774025 0.0009165331592340004
0.0370515941774025 0.0009165331592340004
0.0370515941774025 0.0009165331592340004
0.0370515941774025 0.0009165331592340004
0.0370515941774025 0.0009165331592340004
0.03705159417740251 0.0009165331592340004
0.03727582551470548 0.000943774391792131
0.03734748939069984 0.0009487969279018056
0.03734748939069984 0.0009487969279018056
0.03738441211362887 0.00095051167297647
0.03738441211362887 0.0009505116729764701
0.03745607598962323 0.0009555342090861446
0.03745607598962323 0.0009555342090861448
0.03745607598962323 0.0009555342090861448
0.03745607598962323 0.0009555342090861448
0.03745607598962323 0.0009555342090861448
0.03745607598962323 0.0009555342090861448
0.03745607598962323 0.0009555342090861448
0.03745607598962323 0.0009555342090861448
0.0377770947191033 0.0009612897696229094
0.0377770947191033 0.0009612897696229094
0.0377770947191033 0.0009612897696229094
0.03777709471910331 0.0009612897696229094
0.03777709471910331 0.0009612897696229094
0.03777709471910331 0.0009612897696229094
0.03777709471910331 0.0009612897696229095
0.03800132605640628 0.0009885310021810402
0.03808115281213484 0.0010441130709032437
0.038081152812134846 0.0010441130709032437
0.038081152812134846 0.001044113070903244
0.038152816688129206 0.0010491356070129183
0.038152816688129206 0.0010491356070129183
0.03848563462435556 0.0010831141207553881
0.03988940501870951 0.0010912082326121827
0.040132802974925955 0.0010914501594067798
0.04058836931099401 0.0011163691341857164
0.042627485440367624 0.001170960316760485
0.04587237250780061 0.001175900806126621
0.046092241149750975 0.0011928409887758632
0.04725160180588403 0.0011979079088912405
0.048265219635386734 0.0012385989965763902
