0.03626407398960433 0.0007829339302618209
0.03626407398960433 0.0007829339302618209
0.03626407398960433 0.000782933930261821
0.03626407398960433 0.000782933930261821
0.03626407398960433 0.000782933930261821
0.03626407398960433 0.000782933930261821
0.03626407398960433 0.000782933930261821
0.03626407398960433 0.000782933930261821
0.03626407398960433 0.000782933930261821
0.03626407398960433 0.000782933930261821
0.03626407398960433 0.000782933930261821
0.03626407398960433 0.000782933930261821
0.03626407398960433 0.000782933930261821
0.03626407398960433 0.000782933930261821
0.03626407398960433 0.000782933930261821
0.03626407398960433 0.000782933930261821
0.03626407398960433 0.000782933930261821
0.03626407398960433 0.000782933930261821
0.03626407398960433 0.000782933930261821
0.03626407398960433 0.000782933930261821
0.03626407398960433 0.000782933930261821
0.03626407398960433 0.000782933930261821
0.03626407398960433 0.000782933930261821
0.03626407398960433 0.000782933930261821
0.03626407398960433 0.000782933930261821
0.03626407398960433 0.000782933930261821
0.03626407398960433 0.000782933930261821
0.03626407398960433 0.000782933930261821
0.03626407398960433 0.000782933930261821
0.03626407398960433 0.000782933930261821
0.03626407398960433 0.000782933930261821
0.03626407398960433 0.000782933930261821
0.03626407398960433 0.000782933930261821
0.03626407398960433 0.000782933930261821
0.03626407398960433 0.000782933930261821
0.03626407398960433 0.000782933930261821
0.03626407398960433 0.000782933930261821
0.03626407398960433 0.000782933930261821
0.03626407398960433 0.000782933930261821
0.03626407398960433 0.000782933930261821
0.03626407398960433 0.000782933930261821
0.03626407398960433 0.000782933930261821
0.03626407398960433 0.000782933930261821
0.03626407398960433 0.000782933930261821
0.03626407398960433 0.000782933930261821
0.03626407398960433 0.000782933930261821
0.03626407398960433 0.000782933930261821
0.03626407398960433 0.000782933930261821
0.03626407398960433 0.000782933930261821
0.03626407398960433 0.000782933930261821
0.03626407398960433 0.000782933930261821
0.03626407398960433 0.000782933930261821
0.03626407398960433 0.000782933930261821
0.03626407398960433 0.000782933930261821
0.03626407398960433 0.000782933930261821
0.03626407398960433 0.000782933930261821
0.03626407398960433 0.000782933930261821
0.03626407398960433 0.000782933930261821
0.03626407398960433 0.000782933930261821
0.03626407398960433 0.000782933930261821
0.03626407398960433 0.000782933930261821
0.03626407398960433 0.000782933930261821
0.03626407398960433 0.000782933930261821
0.03626407398960433 0.000782933930261821
0.03626407398960433 0.000782933930261821
0.03626407398960433 0.000782933930261821
0.03626407398960433 0.000782933930261821
0.03626407398960433 0.000782933930261821
0.03626407398960433 0.000782933930261821
0.03626407398960433 0.000782933930261821
0.03626407398960433 0.000782933930261821
0.03626407398960433 0.0007829339302618211
0.03626407398960433 0.0007829339302618211
0.03626407398960433 0.0007829339302618211
0.03626407398960433 0.0007829339302618211
0.03626407398960433 0.0007829339302618211
0.03626407398960433 0.0007829339302618211
0.03626407398960433 0.0007829339302618211
0.03626407398960433 0.0007829339302618211
0.03626407398960433 0.0007829339302618211
0.03626407398960433 0.0007829339302618211
0.03626407398960433 0.0007829339302618211
0.03626407398960433 0.0007829339302618211
0.03626407398960433 0.0007829339302618211
0.03626407398960433 0.0007829339302618211
0.03626407398960433 0.0007829339302618211
0.03626407398960433 0.0007829339302618211
0.03626407398960433 0.0007829339302618211
0.03626407398960433 0.0007829339302618211
0.03626407398960433 0.0007829339302618211
0.03626407398960433 0.0007829339302618211
0.03626407398960433 0.0007829339302618211
0.03626407398960433 0.0007829339302618211
0.03626407398960433 0.0007829339302618211
0.03626407398960433 0.0007829339302618211
0.03626407398960433 0.0007829339302618211
0.03626407398960433 0.0007829339302618211
0.03626407398960433 0.0007829339302618211
0.03626407398960433 0.0007829339302618211
0.03626407398960433 0.0007829339302618211
0.03626407398960433 0.0007829339302618211
0.03626407398960433 0.0007829339302618211
0.03626407398960433 0.0007829339302618211
0.03626407398960433 0.0007829339302618211
0.03626407398960433 0.0007829339302618211
0.03626407398960433 0.0007829339302618211
0.03626407398960433 0.0007829339302618211
0.03626407398960433 0.0007829339302618211
0.03626407398960433 0.0007829339302618211
0.03626407398960433 0.0007829339302618211
0.03626407398960433 0.0007829339302618211
0.03626407398960433 0.0007829339302618211
0.03626407398960433 0.0007829339302618211
0.03626407398960433 0.0007829339302618211
0.03626407398960433 0.0007829339302618211
0.03626407398960433 0.0007829339302618211
0.03626407398960433 0.0007829339302618211
0.03626407398960433 0.0007829339302618211
0.03626407398960433 0.0007829339302618211
0.03626407398960433 0.0007829339302618211
0.03626407398960433 0.0007829339302618211
0.03626407398960433 0.0007829339302618211
0.03626407398960433 0.0007829339302618211
0.03626407398960433 0.0007829339302618211
0.03626407398960433 0.0007829339302618211
0.03626407398960433 0.0007829339302618211
0.03626407398960433 0.0007829339302618211
0.03626407398960433 0.0007829339302618211
0.03626407398960433 0.0007829339302618211
0.03626407398960433 0.0007829339302618211
0.03626407398960433 0.0007829339302618211
0.03626407398960433 0.0007829339302618211
0.03626407398960433 0.0007829339302618211
0.03626407398960433 0.0007829339302618211
0.03626407398960433 0.0007829339302618211
0.03626407398960433 0.0007829339302618211
0.03626407398960433 0.0007829339302618211
0.03626407398960433 0.0007829339302618211
0.03626407398960433 0.0007829339302618211
0.03626407398960433 0.0007829339302618211
0.03626407398960433 0.0007829339302618211
0.03626407398960433 0.0007829339302618211
0.03626407398960433 0.0007829339302618211
0.03626407398960433 0.0007829339302618211
0.03626407398960433 0.0007829339302618211
0.03626407398960433 0.0007829339302618211
0.03626407398960433 0.0007829339302618211
0.03626407398960433 0.0007829339302618211
0.03626407398960433 0.0007829339302618211
0.03626407398960433 0.0007829339302618211
0.03626407398960433 0.0007829339302618211
0.03626407398960433 0.0007829339302618211
0.03626407398960433 0.0007829339302618211
0.03626407398960433 0.0007829339302618211
0.03626407398960433 0.0007829339302618211
0.03626407398960433 0.0007829339302618211
0.03626407398960433 0.0007829339302618211
0.03626407398960433 0.0007829339302618211
0.03626407398960433 0.0007829339302618211
0.03626407398960433 0.0007829339302618211
0.03626407398960433 0.0007829339302618211
0.03626407398960433 0.0007829339302618211
0.03626407398960433 0.0007829339302618211
0.03626407398960433 0.0007829339302618211
0.03626407398960433 0.0007829339302618211
0.03626407398960433 0.0007829339302618211
0.03626407398960433 0.0007829339302618211
0.03626407398960433 0.0007829339302618211
0.03626407398960433 0.0007829339302618211
0.03626407398960433 0.0007829339302618211
0.03626407398960433 0.0007829339302618211
0.03626407398960433 0.0007829339302618211
0.03626407398960433 0.0007829339302618211
0.03626407398960433 0.0007829339302618211
0.03626407398960433 0.0007829339302618211
0.03626407398960433 0.0007829339302618211
0.03626407398960433 0.0007829339302618211
0.03626407398960433 0.0007829339302618211
0.03626407398960433 0.0007829339302618211
0.03626407398960433 0.0007829339302618211
0.03626407398960433 0.0007829339302618211
0.03626407398960433 0.0007829339302618211
0.03626407398960433 0.0007829339302618211
0.03626407398960433 0.0007829339302618211
0.03626407398960433 0.0007829339302618211
0.03626407398960433 0.0007829339302618211
0.03626407398960433 0.0007829339302618211
0.03626407398960433 0.0007829339302618211
0.03626407398960433 0.0007829339302618211
0.03626407398960433 0.0007829339302618211
0.03626407398960433 0.0007829339302618211
0.03626407398960433 0.0007829339302618211
0.03626407398960433 0.0007829339302618211
0.03626407398960433 0.0007829339302618211
0.03626407398960433 0.0007829339302618211
0.03626407398960433 0.0007829339302618211
0.03626407398960433 0.0007829339302618211
0.03626407398960433 0.0007829339302618211
0.03626407398960433 0.0007829339302618211
0.03626407398960433 0.0007829339302618211
0.03626407398960433 0.0007829339302618211
0.03626407398960433 0.0007829339302618211
0.03626407398960433 0.0007829339302618211
0.03626407398960433 0.0007829339302618211
0.03626407398960433 0.0007829339302618211
0.03626407398960433 0.0007829339302618211
0.03626407398960433 0.0007829339302618211
0.03626407398960433 0.0007829339302618211
0.03626407398960433 0.0007829339302618211
0.03626407398960433 0.0007829339302618211
0.03626407398960433 0.0007829339302618211
0.03626407398960433 0.0007829339302618211
0.03626407398960433 0.0007829339302618211
0.03626407398960433 0.0007829339302618211
0.03626407398960433 0.0007829339302618211
0.03626407398960433 0.0007829339302618211
0.03626407398960433 0.0007829339302618211
0.03626407398960433 0.0007829339302618211
0.03626407398960433 0.0007829339302618211
0.03626407398960433 0.0007829339302618211
0.03626407398960433 0.0007829339302618211
0.03626407398960433 0.0007829339302618211
0.03626407398960433 0.0007829339302618211
0.03626407398960433 0.0007829339302618211
0.03626407398960433 0.0007829339302618211
0.03626407398960433 0.0007829339302618211
0.03626407398960433 0.0007829339302618211
0.03626407398960433 0.0007829339302618211
0.03626407398960433 0.0007829339302618211
0.03626407398960433 0.0007829339302618211
0.03626407398960433 0.0007829339302618211
0.03626407398960433 0.0007829339302618211
0.03626407398960433 0.0007829339302618211
0.03626407398960433 0.0007829339302618211
0.03626407398960433 0.0007829339302618211
0.03626407398960433 0.0007829339302618211
0.03626407398960433 0.0007829339302618211
0.03626407398960433 0.0007829339302618211
0.03626407398960433 0.0007829339302618211
0.03626407398960433 0.0007829339302618211
0.03626407398960433 0.0007829339302618211
0.03626407398960433 0.0007829339302618211
0.03626407398960433 0.0007829339302618211
0.03626407398960433 0.0007829339302618211
0.03626407398960433 0.0007829339302618211
0.03626407398960433 0.0007829339302618211
0.03626407398960433 0.0007829339302618211
0.03626407398960433 0.0007829339302618211
0.03626407398960433 0.0007829339302618211
0.03626407398960433 0.0007829339302618211
0.03626407398960433 0.0007829339302618211
0.03626407398960433 0.0007829339302618211
0.03626407398960433 0.0007829339302618211
0.03626407398960433 0.0007829339302618211
0.03626407398960433 0.0007829339302618211
0.03626407398960433 0.0007829339302618211
0.03626407398960434 0.0007829339302618211
0.03643161894876228 0.0008093316638823688
0.036629337241242316 0.0008394793207593214
0.036629337241242316 0.0008394793207593214
0.03662933724124232 0.0008394793207593214
0.036788499705523024 0.00086491865617884
0.0370515941774025 0.0009165331592340001
0.0370515941774025 0.0009165331592340001
0.0370515941774025 0.0009165331592340002
0.0370515941774025 0.0009165331592340003
0.0370515941774025 0.0009165331592340003
0.0370515941774025 0.0009165331592340003
0.0370515941774025 0.0009165331592340003
0.0370515941774025 0.0009165331592340003
0.0370515941774025 0.0009165331592340003
0.0370515941774025 0.0009165331592340003
0.0370515941774025 0.0009165331592340003
0.0370515941774025 0.0009165331592340003
0.0370515941774025 0.0009165331592340003
0.0370515941774025 0.0009165331592340003
0.0370515941774025 0.0009165331592340003
0.0370515941774025 0.0009165331592340003
0.0370515941774025 0.0009165331592340003
0.0370515941774025 0.0009165331592340003
0.0370515941774025 0.0009165331592340003
0.0370515941774025 0.0009165331592340003
0.0370515941774025 0.0009165331592340003
0.0370515941774025 0.0009165331592340003
0.0370515941774025 0.0009165331592340003
0.0370515941774025 0.0009165331592340003
0.0370515941774025 0.0009165331592340003
0.0370515941774025 0.0009165331592340003
0.0370515941774025 0.0009165331592340003
0.0370515941774025 0.0009165331592340004
0.0370515941774025 0.0009165331592340004
0.0370515941774025 0.0009165331592340004
0.0370515941774025 0.0009165331592340004
0.03734748939069984 0.0009487969279018055
0.03734748939069984 0.0009487969279018055
0.03738441211362886 0.0009505116729764703
0.03745607598962323 0.0009555342090861447
0.0376803073269262 0.0009827754416442756
0.03808115281213484 0.0010441130709032437
0.038081152812134846 0.0010441130709032437
0.039321261969366195 0.0010583848317505717
0.04024363990683672 0.0011036666322321417
0.04384351248963425 0.0011338625845884781
0.04384351248963425 0.0011338625845884781
0.04419223036666079 0.0011388900442724204
0.04419223036666079 0.0011388900442724204
0.04495130702971706 0.001168449660646099
0.04514745536929371 0.0011943515464342162
