0.03569229225512404 0.0006216036567943781
0.03626407398960433 0.000782933930261821
0.03626407398960433 0.000782933930261821
0.03626407398960433 0.000782933930261821
0.03626407398960433 0.000782933930261821
0.03626407398960433 0.000782933930261821
0.03626407398960433 0.000782933930261821
0.03626407398960433 0.000782933930261821
0.03626407398960433 0.000782933930261821
0.03626407398960433 0.000782933930261821
0.03626407398960433 0.000782933930261821
0.03626407398960433 0.000782933930261821
0.03626407398960433 0.000782933930261821
0.03626407398960433 0.000782933930261821
0.03626407398960433 0.000782933930261821
0.03626407398960433 0.000782933930261821
0.03626407398960433 0.000782933930261821
0.03626407398960433 0.000782933930261821
0.03626407398960433 0.000782933930261821
0.03626407398960433 0.000782933930261821
0.03626407398960433 0.000782933930261821
0.03626407398960433 0.000782933930261821
0.03626407398960433 0.000782933930261821
0.03626407398960433 0.000782933930261821
0.03626407398960433 0.000782933930261821
0.03626407398960433 0.000782933930261821
0.03626407398960433 0.000782933930261821
0.03626407398960433 0.000782933930261821
0.03626407398960433 0.000782933930261821
0.03626407398960433 0.000782933930261821
0.03626407398960433 0.000782933930261821
0.03626407398960433 0.000782933930261821
0.03626407398960433 0.000782933930261821
0.03626407398960433 0.000782933930261821
0.03626407398960433 0.000782933930261821
0.03626407398960433 0.000782933930261821
0.03626407398960433 0.000782933930261821
0.03626407398960433 0.000782933930261821
0.03626407398960433 0.000782933930261821
0.03626407398960433 0.000782933930261821
0.03626407398960433 0.000782933930261821
0.03626407398960433 0.000782933930261821
0.03626407398960433 0.000782933930261821
0.03626407398960433 0.000782933930261821
0.03626407398960433 0.000782933930261821
0.03626407398960433 0.000782933930261821
0.03626407398960433 0.000782933930261821
0.03626407398960433 0.000782933930261821
0.03626407398960433 0.000782933930261821
0.03626407398960433 0.000782933930261821
0.03626407398960433 0.000782933930261821
0.03626407398960433 0.000782933930261821
0.03626407398960433 0.000782933930261821
0.03626407398960433 0.000782933930261821
0.03626407398960433 0.000782933930261821
0.03626407398960433 0.000782933930261821
0.03626407398960433 0.000782933930261821
0.03626407398960433 0.000782933930261821
0.03626407398960433 0.000782933930261821
0.03626407398960433 0.000782933930261821
0.03626407398960433 0.000782933930261821
0.03626407398960433 0.000782933930261821
0.03626407398960433 0.000782933930261821
0.03626407398960433 0.000782933930261821
0.03626407398960433 0.000782933930261821
0.03626407398960433 0.000782933930261821
0.03626407398960433 0.000782933930261821
0.03626407398960433 0.000782933930261821
0.03626407398960433 0.000782933930261821
0.03626407398960433 0.000782933930261821
0.03626407398960433 0.000782933930261821
0.03626407398960433 0.000782933930261821
0.03626407398960433 0.000782933930261821
0.03626407398960433 0.000782933930261821
0.03626407398960433 0.000782933930261821
0.03626407398960433 0.000782933930261821
0.03626407398960433 0.000782933930261821
0.03626407398960433 0.000782933930261821
0.03626407398960433 0.000782933930261821
0.03626407398960433 0.000782933930261821
0.03626407398960433 0.000782933930261821
0.03626407398960433 0.000782933930261821
0.03626407398960433 0.000782933930261821
0.03626407398960433 0.000782933930261821
0.03626407398960433 0.000782933930261821
0.03626407398960433 0.000782933930261821
0.03626407398960433 0.000782933930261821
0.03626407398960433 0.000782933930261821
0.03626407398960433 0.000782933930261821
0.03626407398960433 0.000782933930261821
0.03626407398960433 0.000782933930261821
0.03626407398960433 0.000782933930261821
0.03626407398960433 0.000782933930261821
0.03626407398960433 0.000782933930261821
0.03626407398960433 0.000782933930261821
0.03626407398960433 0.000782933930261821
0.03626407398960433 0.000782933930261821
0.03626407398960433 0.000782933930261821
0.03626407398960433 0.000782933930261821
0.03626407398960433 0.000782933930261821
0.03626407398960433 0.000782933930261821
0.03626407398960433 0.000782933930261821
0.03626407398960433 0.000782933930261821
0.03626407398960433 0.000782933930261821
0.03626407398960433 0.000782933930261821
0.03626407398960433 0.000782933930261821
0.03626407398960433 0.000782933930261821
0.03626407398960433 0.000782933930261821
0.03626407398960433 0.000782933930261821
0.03626407398960433 0.000782933930261821
0.03626407398960433 0.000782933930261821
0.03626407398960433 0.000782933930261821
0.03626407398960433 0.000782933930261821
0.03626407398960433 0.000782933930261821
0.03626407398960433 0.000782933930261821
0.03626407398960433 0.000782933930261821
0.03626407398960433 0.000782933930261821
0.03626407398960433 0.000782933930261821
0.03626407398960433 0.000782933930261821
0.03626407398960433 0.000782933930261821
0.03626407398960433 0.000782933930261821
0.03626407398960433 0.000782933930261821
0.03626407398960433 0.000782933930261821
0.03626407398960433 0.000782933930261821
0.03626407398960433 0.000782933930261821
0.03626407398960433 0.000782933930261821
0.03626407398960433 0.000782933930261821
0.03626407398960433 0.000782933930261821
0.03626407398960434 0.000782933930261821
0.03626407398960434 0.000782933930261821
0.03626407398960434 0.000782933930261821
0.03626407398960434 0.000782933930261821
0.03626407398960434 0.000782933930261821
0.03626407398960434 0.000782933930261821
0.03626407398960434 0.000782933930261821
0.03626407398960434 0.000782933930261821
0.03626407398960434 0.000782933930261821
0.03626407398960434 0.000782933930261821
0.03626407398960434 0.000782933930261821
0.03626407398960434 0.000782933930261821
0.03626407398960434 0.000782933930261821
0.03626407398960434 0.000782933930261821
0.03626407398960434 0.000782933930261821
0.03626407398960434 0.000782933930261821
0.03626407398960434 0.000782933930261821
0.03626407398960434 0.000782933930261821
0.03626407398960434 0.000782933930261821
0.03626407398960434 0.000782933930261821
0.03626407398960434 0.000782933930261821
0.03626407398960434 0.000782933930261821
0.03626407398960434 0.000782933930261821
0.03626407398960434 0.000782933930261821
0.03626407398960434 0.000782933930261821
0.03626407398960434 0.000782933930261821
0.03626407398960434 0.000782933930261821
0.03626407398960434 0.000782933930261821
0.03626407398960434 0.000782933930261821
0.03626407398960434 0.000782933930261821
0.03626407398960434 0.000782933930261821
0.03626407398960434 0.000782933930261821
0.03626407398960434 0.000782933930261821
0.03626407398960434 0.000782933930261821
0.036264073989604344 0.000782933930261821
0.036264073989604344 0.000782933930261821
0.036264073989604344 0.000782933930261821
0.036264073989604344 0.000782933930261821
0.036264073989604344 0.000782933930261821
0.036264073989604344 0.000782933930261821
0.036264073989604344 0.000782933930261821
0.036264073989604344 0.000782933930261821
0.036264073989604344 0.000782933930261821
0.036264073989604344 0.000782933930261821
0.036264073989604344 0.000782933930261821
0.036264073989604344 0.000782933930261821
0.036264073989604344 0.000782933930261821
0.036264073989604344 0.000782933930261821
0.036264073989604344 0.000782933930261821
0.036264073989604344 0.000782933930261821
0.036264073989604344 0.000782933930261821
0.036264073989604344 0.000782933930261821
0.036264073989604344 0.000782933930261821
0.036264073989604344 0.000782933930261821
0.036264073989604344 0.000782933930261821
0.036264073989604344 0.000782933930261821
0.036264073989604344 0.000782933930261821
0.036264073989604344 0.000782933930261821
0.036264073989604344 0.000782933930261821
0.036264073989604344 0.000782933930261821
0.036264073989604344 0.000782933930261821
0.036264073989604344 0.000782933930261821
0.036264073989604344 0.000782933930261821
0.036264073989604344 0.000782933930261821
0.036264073989604344 0.000782933930261821
0.036264073989604344 0.000782933930261821
0.036264073989604344 0.000782933930261821
0.036264073989604344 0.000782933930261821
0.036264073989604344 0.000782933930261821
0.036264073989604344 0.000782933930261821
0.036264073989604344 0.000782933930261821
0.036264073989604344 0.000782933930261821
0.036264073989604344 0.000782933930261821
0.036264073989604344 0.000782933930261821
0.036264073989604344 0.000782933930261821
0.036264073989604344 0.000782933930261821
0.036264073989604344 0.000782933930261821
0.036264073989604344 0.000782933930261821
0.036264073989604344 0.000782933930261821
0.036264073989604344 0.000782933930261821
0.036264073989604344 0.000782933930261821
0.036264073989604344 0.000782933930261821
0.036264073989604344 0.000782933930261821
0.036264073989604344 0.000782933930261821
0.036264073989604344 0.000782933930261821
0.036264073989604344 0.000782933930261821
0.036264073989604344 0.000782933930261821
0.036264073989604344 0.000782933930261821
0.036264073989604344 0.000782933930261821
0.036264073989604344 0.000782933930261821
0.036264073989604344 0.000782933930261821
0.036264073989604344 0.000782933930261821
0.036264073989604344 0.000782933930261821
0.036264073989604344 0.000782933930261821
0.036264073989604344 0.000782933930261821
0.036264073989604344 0.000782933930261821
0.036264073989604344 0.000782933930261821
0.036264073989604344 0.000782933930261821
0.036264073989604344 0.000782933930261821
0.036264073989604344 0.000782933930261821
0.036264073989604344 0.000782933930261821
0.036264073989604344 0.000782933930261821
0.036264073989604344 0.000782933930261821
0.036264073989604344 0.000782933930261821
0.036264073989604344 0.000782933930261821
0.036264073989604344 0.000782933930261821
0.036264073989604344 0.000782933930261821
0.036264073989604344 0.000782933930261821
0.036264073989604344 0.000782933930261821
0.036264073989604344 0.000782933930261821
0.036264073989604344 0.000782933930261821
0.036264073989604344 0.000782933930261821
0.036264073989604344 0.000782933930261821
0.036264073989604344 0.000782933930261821
0.036264073989604344 0.000782933930261821
0.036264073989604344 0.000782933930261821
0.036264073989604344 0.000782933930261821
0.036264073989604344 0.000782933930261821
0.036264073989604344 0.000782933930261821
0.036264073989604344 0.000782933930261821
0.036264073989604344 0.000782933930261821
0.036264073989604344 0.000782933930261821
0.036264073989604344 0.000782933930261821
0.036264073989604344 0.000782933930261821
0.036264073989604344 0.000782933930261821
0.036264073989604344 0.000782933930261821
0.036264073989604344 0.000782933930261821
0.036264073989604344 0.000782933930261821
0.036264073989604344 0.000782933930261821
0.036264073989604344 0.000782933930261821
0.036264073989604344 0.000782933930261821
0.036264073989604344 0.000782933930261821
0.036264073989604344 0.000782933930261821
0.036264073989604344 0.000782933930261821
0.036264073989604344 0.000782933930261821
0.036264073989604344 0.000782933930261821
0.036264073989604344 0.000782933930261821
0.036264073989604344 0.000782933930261821
0.036264073989604344 0.000782933930261821
0.036264073989604344 0.000782933930261821
0.036264073989604344 0.000782933930261821
0.036264073989604344 0.000782933930261821
0.036264073989604344 0.000782933930261821
0.036264073989604344 0.000782933930261821
0.03643161894876228 0.0008093316638823687
0.03643161894876228 0.0008093316638823688
0.03662933724124232 0.0008394793207593213
0.03662933724124232 0.0008394793207593213
0.03662933724124232 0.0008394793207593214
0.03662933724124232 0.0008394793207593214
0.03673801563829944 0.0008652741610093342
0.03673801563829945 0.0008652741610093342
0.03673801563829945 0.0008652741610093342
0.036738015638299454 0.0008652741610093343
0.0370515941774025 0.0009165331592340001
0.0370515941774025 0.0009165331592340001
0.0370515941774025 0.0009165331592340001
0.0370515941774025 0.0009165331592340001
0.0370515941774025 0.0009165331592340002
0.0370515941774025 0.0009165331592340003
0.0370515941774025 0.0009165331592340003
0.0370515941774025 0.0009165331592340003
0.0370515941774025 0.0009165331592340003
0.0370515941774025 0.0009165331592340003
0.0370515941774025 0.0009165331592340003
0.0370515941774025 0.0009165331592340003
0.03705159417740251 0.0009165331592340003
0.03705159417740251 0.0009165331592340003
0.03705159417740251 0.0009165331592340003
0.03705159417740251 0.0009165331592340003
0.03705159417740251 0.0009165331592340003
0.03705159417740251 0.0009165331592340003
0.03705159417740251 0.0009165331592340003
0.03705159417740251 0.0009165331592340003
0.03705159417740251 0.0009165331592340003
0.03705159417740251 0.0009165331592340003
0.03705159417740251 0.0009165331592340003
0.03705159417740251 0.0009165331592340003
0.03727582551470548 0.000943774391792131
0.03727582551470548 0.0009437743917921312
0.03727582551470548 0.0009437743917921312
0.037275825514705485 0.0009437743917921312
0.03734748939069984 0.0009487969279018055
0.037347489390699845 0.0009487969279018055
0.037347489390699845 0.0009487969279018058
0.037347489390699845 0.0009487969279018058
0.037347489390699845 0.0009487969279018058
0.037347489390699845 0.0009487969279018058
0.037347489390699845 0.0009487969279018058
0.03745607598962323 0.0009555342090861447
0.03771061677016836 0.0009656266993340511
0.037905444973242684 0.0009671558046701669
0.037942367696171715 0.0009688705497448315
0.038152816688129206 0.001049135607012918
0.0398894050187095 0.0010912082326121825
0.042627485440367624 0.001170960316760485
0.04575224084075188 0.001174304590289369
0.046509253687516836 0.0011833936516800416
0.04690677628373258 0.001232215861041652
