0.007139387795923219 0.0008194289395684439
0.007146373502022961 0.0008218651373149373
0.007146650319505263 0.0008219963698263971
0.007146650319505263 0.0008219963698263971
0.007146650319505263 0.0008219963698263971
0.007146650319505263 0.0008219963698263971
0.007146650319505263 0.0008219963698263971
0.007150906151178221 0.0008224715628357386
0.007200138081191305 0.0008260835674184301
0.007231394819435003 0.000826777926718657
0.007256760086578418 0.0008285363191818572
0.007278422614501148 0.0008300380066819581
0.007278422614501148 0.0008300380066819581
0.007278422614501148 0.0008300380066819581
0.007278422614501148 0.0008300380066819581
0.007278422614501148 0.0008300380066819581
0.007278422614501148 0.0008300380066819581
0.007310753681929422 0.0008398824021055544
0.007310753681929422 0.0008398824021055544
0.007369148783119165 0.0008444124624674646
0.007392772283534028 0.0008467843886694735
0.007392772283534028 0.0008467843886694735
0.007403478003918979 0.0008525571428994119
0.007403478003918979 0.0008525571428994119
0.007403478003918979 0.0008525571428994119
0.007403478003918979 0.0008525571428994119
0.0074184679991098155 0.0008536672760344215
0.007432722278102307 0.0008576098366421688
0.007459777885318453 0.0008605003679635667
0.0074728953185873685 0.0008625020135214656
0.0074728953185873685 0.0008625020135214656
0.0074862873412597265 0.0008641530182279039
0.007487037173081869 0.0008649918535431381
0.007487037173081869 0.0008649918535431381
0.007526166310269243 0.0008685521940029371
0.007526166310269243 0.0008685521940029371
0.007533560645952531 0.0008693617051662143
0.007588065295010948 0.0008788498721063413
0.007604732479647411 0.0008809807932290317
0.00763426665221005 0.0008835105350482735
0.007645812550218018 0.0008854058863916165
0.007659211008184593 0.0008865649683619126
0.007659211008184593 0.0008865649683619126
0.007683671774464272 0.0008902517437632434
0.007683671774464272 0.0008902517437632434
0.007721291301651749 0.0008944458543280019
0.0077651438079108116 0.0009005491109254052
0.007785863899950657 0.0009033702281491136
0.007786355730095137 0.0009046927820040513
0.007807770395917292 0.000906145683816887
0.007827218739787688 0.0009078008359012412
0.007854187819059753 0.0009118035096602398
0.007879187777000524 0.0009148565744433365
0.007885663162388187 0.0009168980755218888
0.007915859514086855 0.0009189297322175936
0.007915859514086855 0.0009189297322175936
0.007915859514086855 0.0009189297322175936
0.007915859514086855 0.0009189297322175936
0.007915859514086855 0.0009189297322175936
0.007929525301404292 0.0009206454793441103
0.007929525301404292 0.0009206454793441103
0.007929525301404292 0.0009206454793441103
0.007930681218234412 0.0009213402979755666
0.007946518825951661 0.0009219968921439043
0.007979409610369984 0.0009238342423989011
0.007984695910784097 0.0009275721777782277
0.008004306593570333 0.0009308880267717478
0.008021474546223543 0.0009319515139743046
0.008049695691094299 0.0009357329293615407
0.00805960210646939 0.0009376835454501852
0.008081513921765818 0.0009401293247514584
0.008092326524627604 0.00094271663472129
0.008139949412742788 0.0009501291830143523
0.008185596905709292 0.0009566295042342146
0.008215373365719428 0.0009574751275321848
0.008223787315292483 0.0009575902250119198
0.008223787315292483 0.0009575902250119198
0.008243023373224662 0.0009616305314725897
0.008248919386430624 0.00096364168587495
0.008267106566667909 0.0009657269208035251
0.008281158853830475 0.0009678721578920734
0.008302571466898293 0.0009705154677564043
0.008302571466898293 0.0009705154677564043
0.008302571466898293 0.0009705154677564043
0.008302571466898293 0.0009705154677564043
0.008308416794149388 0.000970875883521009
0.008308546198070095 0.0009724382117791261
0.008354712981795208 0.0009727353483136226
0.008365908305155396 0.0009769431102263602
0.008376240762438928 0.0009797693645495994
0.008405580911954294 0.0009818606377481362
0.008445237466416334 0.0009858893897232604
0.008445237466416334 0.0009858893897232604
0.008463651363378542 0.0009877052770011561
0.008463651363378542 0.0009877052770011561
0.008463651363378542 0.0009877052770011561
0.008468004161372791 0.000991803141530875
0.008492118931913213 0.00099510250314538
0.008500032449844454 0.000995917273620752
0.008503123560702982 0.0009962097579505657
0.008528756173321493 0.0009997240117618127
0.008537138371496476 0.0010012535675766139
0.0085511516649335 0.0010019459527755585
0.008555009383614667 0.0010027620610985233
0.00856605946537053 0.001004272972671891
0.0085710810033399 0.0010050162188954127
0.00858811062747079 0.0010052739861742125
0.008589683743874211 0.001005537088822491
0.008605217200418513 0.00100928977499663
0.008614072786090344 0.0010104243321657717
0.008631914321428846 0.001012710147891986
0.008631914321428846 0.001012710147891986
0.0086397735908108 0.0010144149713438033
0.008643092672315457 0.0010145097421793293
0.00866411750218735 0.0010170074964698567
0.008668095561961062 0.001017031444278527
0.008668095561961062 0.001017031444278527
0.00867338443164685 0.0010177625409723751
0.008685287335441287 0.0010179627773094421
0.008691949056910014 0.0010206743549029654
0.008714876883781518 0.0010235260934024996
0.008720226917664307 0.0010240245590758452
0.008728153922922382 0.0010253443266568017
0.008737412315208207 0.001028490798511573
0.008737412315208207 0.001028490798511573
0.008749140255435685 0.0010286098743433176
0.00875962139586636 0.001028653923337241
0.008770436197742348 0.0010307694393713374
0.008774243292895712 0.001031215429255937
0.008774243292895712 0.001031215429255937
0.008778240400499758 0.0010314571192979879
0.008784292148823827 0.0010322324567436554
0.008784292148823827 0.0010322324567436554
0.008784292148823827 0.0010322324567436554
0.008784292148823827 0.0010322324567436554
0.008784292148823827 0.0010322324567436554
0.008784292148823827 0.0010322324567436554
0.008784292148823827 0.0010322324567436554
0.008784292148823827 0.0010322324567436554
0.008784292148823827 0.0010322324567436554
0.008784292148823827 0.0010322324567436554
0.008784292148823827 0.0010322324567436554
0.008784292148823827 0.0010322324567436554
0.008784292148823827 0.0010322324567436554
0.008784292148823827 0.0010322324567436554
0.008784292148823827 0.0010322324567436554
0.008784292148823827 0.0010322324567436554
0.008784292148823827 0.0010322324567436554
0.008784292148823827 0.0010322324567436554
0.008784292148823827 0.0010322324567436554
0.008784292148823827 0.0010322324567436554
0.008784292148823827 0.0010322324567436554
0.008784292148823827 0.0010322324567436554
0.008784292148823827 0.0010322324567436554
0.008784292148823827 0.0010322324567436554
0.008784292148823827 0.0010322324567436554
0.008784292148823827 0.0010322324567436554
0.008784292148823827 0.0010322324567436554
0.008784292148823827 0.0010322324567436554
0.008784292148823827 0.0010322324567436554
0.008784292148823827 0.0010322324567436554
0.008784292148823827 0.0010322324567436554
0.008784292148823827 0.0010322324567436554
0.008784292148823827 0.0010322324567436554
0.008784292148823827 0.0010322324567436554
0.008784292148823827 0.0010322324567436554
0.008784292148823827 0.0010322324567436554
0.008784292148823827 0.0010322324567436554
0.008784292148823827 0.0010322324567436554
0.008784292148823827 0.0010322324567436554
0.008784292148823827 0.0010322324567436554
0.008784292148823827 0.0010322324567436554
0.008784292148823827 0.0010322324567436554
0.008784292148823827 0.0010322324567436554
0.008784292148823827 0.0010322324567436554
0.008784292148823827 0.0010322324567436554
0.008784292148823827 0.0010322324567436554
0.008784292148823827 0.0010322324567436554
0.008784292148823827 0.0010322324567436554
0.008784292148823827 0.0010322324567436554
0.00878686049504163 0.0010327861969257593
0.008799165983984636 0.0010343937929130826
0.0087993164500681 0.0010350394682502961
0.008812669718035366 0.0010359348274132292
0.008819936425303682 0.001036799125754311
0.008819936425303682 0.001036799125754311
0.008819936425303682 0.001036799125754311
0.008839510784827252 0.0010407360170877028
0.008865639759924373 0.0010433842766150218
0.008874551136326493 0.0010437962446634063
0.008874650914623097 0.0010441134161052815
0.008894367589380264 0.0010463350790034989
0.008894367589380264 0.0010463350790034989
0.00889961412722794 0.0010472782941207729
0.008904966804600727 0.0010480269188250465
0.008908507695275375 0.0010490861973122718
0.008919050942606952 0.0010497083725781345
0.008921268343785517 0.0010499816780228008
0.008922974261310898 0.0010500000975452025
0.008929701854137231 0.0010518126805916551
0.008932788337825681 0.0010530172120063958
0.00896135684382535 0.0010549176004843288
0.008974483700384435 0.0010553740561141819
0.008978139900890232 0.0010594206718208196
0.008978139900890232 0.0010594206718208196
0.008978139900890232 0.0010594206718208196
0.008991174107669973 0.0010595281850065202
0.009009510061123365 0.001060311415175058
0.009029384422440667 0.0010613429416775405
0.00902941938436717 0.0010646406783731853
0.00903558067480767 0.0010669240956368623
0.009056609082216413 0.0010678152004397349
0.009070910703949863 0.0010699481785631506
0.009083680412439952 0.0010730759986329864
0.009083680412439952 0.0010730759986329864
0.009102597088307636 0.001075533653971522
0.009115628188048548 0.0010763652878757965
0.009133843538526287 0.0010787366952064116
0.009133843538526287 0.0010787366952064116
0.009133843538526287 0.0010787366952064116
0.009144147202820717 0.001079182052697739
0.009149872353316416 0.0010818828344202173
0.00916312756978753 0.001083355231470628
0.009170509828693513 0.0010839789069810005
0.009181010756093816 0.0010862533118458785
0.009198548142437282 0.0010874843232348253
0.009228846220220131 0.0010905380699486448
0.009228846220220131 0.0010905380699486448
0.009228846220220131 0.0010905380699486448
0.009230420775820517 0.001090923637980294
0.009242525543119249 0.0010941806678659328
0.00926179091984303 0.0010954436285271357
0.009273752732941246 0.0010969875204556291
0.009284693267171885 0.0010997062789309341
0.009306121312222942 0.001100607476885538
0.009306121312222942 0.001100607476885538
0.009306121312222942 0.001100607476885538
0.009311505535069434 0.0011022708091988223
0.009321088439890372 0.0011026669156027698
0.009328697804332112 0.0011037759846879234
0.00933752887194635 0.0011041992879308317
0.009337709592705775 0.001105438742803808
0.009349245178919609 0.0011071408657944617
0.009359427763321968 0.0011080913368551415
0.0093713156287337 0.0011090053617660814
0.009382515212439827 0.001109070444680818
0.009385409502623914 0.0011092462841569633
0.009386863865199607 0.001109432613562432
0.009387551387694646 0.0011098660878302265
0.00939127829931534 0.0011121299272000304
0.0093968549052787 0.0011141518932908114
0.009423099729619251 0.0011153031248204862
0.009431592341035385 0.0011186913837353245
0.009450969381602323 0.0011196372057756514
0.009474563902970617 0.001122680247738867
0.009482358284695772 0.001123603832797413
0.00949492658358077 0.001124132502835811
0.009503600373480352 0.001126357716616295
0.009507092031995346 0.0011269443634713207
0.00952439772361217 0.001129341725216715
0.009533459006225733 0.0011302760891504981
0.009544755488316198 0.0011304760425564814
0.009555097653741415 0.0011330668843280477
0.009555097653741415 0.0011330668843280477
0.009559659049405502 0.0011343346770214724
0.00956803006710906 0.0011349694013936583
0.009572998102576417 0.0011360246576018124
0.00959611096858133 0.0011362408836242547
0.009596429001818818 0.0011394247625811775
0.00960630050542145 0.0011400275030952764
0.009618061822570263 0.0011425486698544711
0.009630916105348282 0.0011431128981354145
0.009648821756852898 0.0011446129030918324
0.009648821756852898 0.0011446129030918324
0.009648821756852898 0.0011446129030918324
0.009650188083183861 0.0011463862932613138
0.009654994282345286 0.0011466568655910067
0.009671783926515557 0.0011485088228851135
0.009680293251587004 0.0011502685070903928
0.009694480261148754 0.0011512901145583347
0.00969452588890931 0.0011521099943718853
0.009713874740001087 0.0011523498722688142
0.009720702096865201 0.0011544492169555036
0.009722396349825009 0.001154553832534695
0.009729694189838475 0.0011558831331094947
0.009834799881246624 0.0011693770678011047
0.009834799881246624 0.0011693770678011047
0.009841627751660746 0.0011701224907980936
0.009899043745950603 0.0011738767284905543
0.00995541046635019 0.0011856660259089954
0.010011738387596805 0.0011863219783244915
0.01008065916642696 0.0011964056343929884
0.010094021475903416 0.001199490861649589
0.010150177076891465 0.0012085509216407879
0.010213863021293533 0.0012163781690146414
0.010258334779746704 0.0012234416904788707
0.010265335945443132 0.0012249418605595557
0.010327074663218843 0.0012262333741350929
0.010378649971376684 0.0012394035289225074
0.010378649971376684 0.0012394035289225074
0.010459159496773774 0.0012486962437773597
0.010501629667144111 0.0012525605885976355
0.010501629667144111 0.0012525605885976355
0.010534061899716752 0.0012603334770075784
0.010534061899716752 0.0012603334770075784
0.010534061899716752 0.0012603334770075784
0.010591422989355712 0.0012670265007202648
0.010598250724221894 0.0012685368684804649
0.010615614021893833 0.0012701485891688257
0.010708167572740172 0.0012795289386055594
0.010719362826625924 0.0012838570752626592
0.010748330806158198 0.0012871604050468655
0.010827194131756347 0.0012971500184385245
0.010833046446872188 0.0012985391101037027
0.010881916497393462 0.001304348077455185
0.010881916497393462 0.001304348077455185
0.010881916497393462 0.001304348077455185
0.01090125618334288 0.0013068919713567675
0.01090125618334288 0.0013068919713567675
0.010926038001008024 0.0013078722139734948
0.010926038001008024 0.0013078722139734948
0.010931377062789018 0.0013104731335508745
0.010931377062789018 0.0013104731335508745
0.010931377062789018 0.0013104731335508745
0.010945668652055086 0.0013113954529046978
0.01101121792761075 0.001319214136845733
0.011016234838485744 0.0013216581208728877
0.011024866291273855 0.0013227958269338713
0.011092195278580422 0.001332007692499998
0.011092195278580422 0.001332007692499998
0.01112183544011428 0.0013328030360412434
0.01114763928680179 0.0013393006810955078
0.011280521992505661 0.0013540813597896432
0.011280521992505661 0.0013540813597896432
0.011306181871593693 0.001359066402836491
0.011306181871593693 0.001359066402836491
0.01147235449064868 0.0013747003359586571
0.01147235449064868 0.0013747003359586571
0.01147235449064868 0.0013747003359586571
0.01147235449064868 0.0013747003359586571
0.01147235449064868 0.0013747003359586571
0.01147235449064868 0.0013747003359586571
0.011504483957249283 0.0013846493994725403
0.011524791632440938 0.0013880525659828993
0.01153136531714189 0.0013897812069994487
0.011610000733804058 0.0013902116314667005
0.011610000733804058 0.0013902116314667005
0.011688389435339711 0.0014065435500730287
0.01171973523041802 0.0014103253903453828
0.011758318119177774 0.0014106855710138808
0.011758318119177774 0.0014106855710138808
0.011785556498508239 0.0014146888383843473
0.011785556498508239 0.0014146888383843473
0.01182889845752676 0.0014278823997871458
0.011850899243017169 0.0014290673134288437
0.011953305582438928 0.0014426351845506368
0.012119782501792572 0.0014638105283854307
0.012131800494615479 0.001465576843152964
0.012131800494615479 0.001465576843152964
0.012357267324446202 0.0014873418727817057
0.012357604425467555 0.0014875080044024491
0.012357604425467555 0.0014875080044024491
0.012357604425467555 0.0014875080044024491
0.02192628477458723 0.001502299749706495
0.022276371486274253 0.0015872011117822032
0.02239200979345167 0.00163008494485728
0.022628829101525586 0.0016332467137708524
0.02395427659211068 0.0016552541591555176
0.02582050744737483 0.0017711366518310518
0.028453144774319376 0.0017832152569978157
0.028867989122405603 0.001933996224474361
0.029315139467035886 0.0019457549012784352
0.030422577338946703 0.001975852400140979
0.03274965999801757 0.0020280995491690802
0.03316348401792312 0.0020480724730680645
0.034652751396822536 0.0020904392759438866
