0.030520121467463072 0.000817486218607764
0.03054170539306027 0.0008277462522816013
0.03087055575493648 0.0008487850718829667
0.031399661478116285 0.0008600005139664127
0.031399661478116285 0.0008600005139664127
0.031633793782753106 0.0008831193016694322
0.031633793782753106 0.0008831193016694322
0.03172609083948696 0.0008874732447157705
0.03243096574511138 0.0008984209662752077
0.03243096574511138 0.0008984209662752077
0.03250720375589809 0.0009563105318821361
0.03367537164215266 0.0010261464080414413
0.03476625300477786 0.0010599177953042058
0.035018961855348696 0.0010717673601237068
0.0351576141089869 0.00109581177772181
0.03520013163580048 0.001097944815257945
0.03520013163580048 0.001097944815257945
0.03531290436692541 0.0011065586602390881
0.035380980143937174 0.0011083073693370375
0.035535139600144185 0.001116288257369296
0.03564574305711998 0.0011168321495443516
0.035683561350969215 0.0011241577808633486
0.03596151595828494 0.0011331199059811466
0.03600873245833843 0.001138903374665374
0.03621167819592744 0.0011437717282316304
0.036237442434583475 0.0011467706289193462
0.036333336749430095 0.00114926947142888
0.03635207515982142 0.0011515083971348785
0.036461744914122386 0.0011521347355044785
0.036461744914122386 0.0011521347355044785
0.03648650975293692 0.001156894850071186
0.03648650975293692 0.001156894850071186
0.03648650975293692 0.001156894850071186
0.03648650975293692 0.001156894850071186
0.03648650975293692 0.001156894850071186
0.03648650975293692 0.001156894850071186
0.03652807103877678 0.0011577791392364696
0.036584626566951245 0.0011587126667164662
0.036584626566951245 0.0011587126667164662
0.036584626566951245 0.0011587126667164662
0.036654657231373435 0.0011613290760064173
0.036664757599213296 0.0011642462967836964
0.036786935866623634 0.0011746889679558367
0.03692977439495219 0.0011748922668421346
0.03699192201721343 0.001183170190076989
0.03722064823366757 0.0011843047289852903
0.03722064823366757 0.0011843047289852903
0.03726375179612388 0.0011844329536899237
0.03727855705726452 0.0011910645821435841
0.037523104834595325 0.0011988133727038881
0.03758581442762175 0.0012057086838076765
0.03762993337012921 0.0012070619645619769
0.03766575882333872 0.0012133408111903996
0.03793055769092972 0.001220320978330634
0.03814861554826372 0.0012223931861761051
0.03814861554826372 0.0012223931861761051
0.03815636898865031 0.0012260116243197785
0.038162319254764904 0.0012278886085778837
0.038218070828210014 0.0012341069717879958
0.03829084048137803 0.0012402659196403185
0.03869499923455735 0.0012511638007477758
0.03874498722669055 0.0012537000239596654
0.03874498722669055 0.0012537000239596654
0.03878489400088828 0.001255724610120152
0.038847850753298115 0.0012623757871008244
0.038915777384271336 0.0012630555534220238
0.03891625683471317 0.001267853458856341
0.039007840875873105 0.0012722820447666943
0.03914196963093314 0.0012817420901177214
0.039172880291265026 0.0012821409203375828
0.03923903589157927 0.0012851357427063341
0.03947582571468103 0.0012896714207154796
0.039613278742337735 0.0012954849550927913
0.03962322403510231 0.0012987813306827916
0.039652952396253154 0.0013022462445681992
0.03986433724552828 0.0013067827014347807
0.040106868501595484 0.0013125525943553534
0.04014831936100206 0.0013166985393122917
0.04014831936100206 0.0013166985393122917
0.04014831936100206 0.0013166985393122917
0.04014831936100206 0.0013166985393122917
0.040187020379048935 0.001318327170244626
0.040187020379048935 0.001318327170244626
0.04020349320983982 0.001330775097391507
0.04020349320983982 0.001330775097391507
0.040280890435116776 0.0013313883896700813
0.04040895619019208 0.0013317014423789816
0.04041872354430737 0.0013332676673775857
0.04071901159867319 0.0013508420059652492
0.04107201909495331 0.0013566964746376804
0.04108177756760714 0.001359305800193201
0.04221149578370133 0.0014005066121341328
0.04258261584328753 0.0014095838948297384
0.042681090717907405 0.0014107500356381254
0.042681090717907405 0.0014107500356381254
0.042681090717907405 0.0014107500356381254
0.04283986657906211 0.0014248470347577842
0.04493406597609767 0.001484090897413884
0.053548000524631725 0.001563140952888674
0.07407847192689972 0.001927665096027995
0.07834116395913827 0.0019779535504566635
