0.02907093226639156 0.00081654717307295
0.029590095510504573 0.0008449314340273926
0.03015206340552807 0.0008707135082517109
0.03015206340552807 0.0008707135082517109
0.03015206340552807 0.0008707135082517109
0.03102999926628277 0.0009046861690556621
0.031036729592502765 0.0009075227565565831
0.03178808043369079 0.0009237737257432348
0.032406033049192394 0.0009472004563119427
0.03252625893722665 0.0009789057240923854
0.03257578012719777 0.0009808505702648656
0.032620023546679436 0.0009832572300594589
0.03292219655929056 0.0009978662978618468
0.03374870458554362 0.0010347558649067478
0.033929381960160716 0.0010437284001722994
0.033957221550096894 0.0010453684237505879
0.03430003238513556 0.0010608581243392872
0.034445202238760145 0.0010672705388593221
0.03475460172888217 0.0010815661719864357
0.03504721972739365 0.0010930713985915423
0.03504721972739365 0.0010930713985915423
0.03507135649921151 0.0010961465766420049
0.03510818425441059 0.0010976744370372804
0.03510818425441059 0.0010976744370372804
0.03510818425441059 0.0010976744370372804
0.03510818425441059 0.0010976744370372804
0.03511961783570185 0.0010983477890775775
0.035131136218251084 0.0010987121046689655
0.035139110480089844 0.0010992611751005229
0.03515679427166675 0.0011002116143717733
0.035180781919396255 0.0011010685726469895
0.03518672024349783 0.0011012721798240202
0.0352126913266738 0.0011024434022980862
0.035246768235202945 0.001104092031904497
0.035246768235202945 0.001104092031904497
0.03525797302308164 0.0011042862463564612
0.03525797302308164 0.0011042862463564612
0.03527299012938803 0.0011052616525704909
0.03528720492485854 0.0011058002314403355
0.035287842956497804 0.0011058956694440314
0.03531806454922175 0.0011066718184285283
0.035328317223698176 0.001106902811223033
0.035328317223698176 0.001106902811223033
0.03534657567662387 0.0011087787753898681
0.03535098331076933 0.0011089622649229905
0.03538937937918282 0.0011098432502356008
0.03538937937918282 0.0011098432502356008
0.035402150939451746 0.0011111924277861125
0.035407079435549695 0.0011113590762203776
0.03543233241649736 0.0011125802922292195
0.03544951273090512 0.0011135671866160089
0.035493435728863335 0.001115583642597465
0.03553136849924102 0.001116176921636238
0.03553136849924102 0.001116176921636238
0.03553136849924102 0.001116176921636238
0.03553136849924102 0.001116176921636238
0.03553136849924102 0.001116176921636238
0.03553136849924102 0.001116176921636238
0.03553136849924102 0.001116176921636238
0.03553136849924102 0.001116176921636238
0.03553136849924102 0.001116176921636238
0.03553136849924102 0.001116176921636238
0.03553136849924102 0.001116176921636238
0.03553136849924102 0.001116176921636238
0.035531677565864034 0.0011171753335994874
0.035531677565864034 0.0011171753335994874
0.03556767536852007 0.001118745746398882
0.035598224955460465 0.0011194747791123554
0.03560479572123307 0.0011195764919611103
0.03560702323482595 0.0011198805043723349
0.035610843390710294 0.0011208372354931226
0.035613344390415885 0.0011209040564409904
0.035613344390415885 0.0011209040564409904
0.035613344390415885 0.0011209040564409904
0.035624423521029014 0.0011215223316431654
0.035624423521029014 0.0011215223316431654
0.035655413398451435 0.0011229173908388966
0.035655413398451435 0.0011229173908388966
0.03566972548837312 0.0011231621645324686
0.035674838829303133 0.001123865700164267
0.03568143335373969 0.0011240579611763125
0.03568604321347009 0.0011242471187197752
0.03568604321347009 0.0011242471187197752
0.03569190947968996 0.0011244052399196328
0.03570901961453064 0.0011254915043872763
0.03575097396411072 0.0011270687135129234
0.035787512488428104 0.0011282043176204285
0.035789232399965884 0.0011287465654417003
0.035823889797161515 0.0011300640195911463
0.035823889797161515 0.0011300640195911463
0.035827617753967034 0.0011307573625209929
0.035827617753967034 0.0011307573625209929
0.035827617753967034 0.0011307573625209929
0.035827617753967034 0.0011307573625209929
0.035827617753967034 0.0011307573625209929
0.035847100946089984 0.0011318064188631225
0.035847100946089984 0.0011318064188631225
0.035854736261099134 0.0011319716197114396
0.03591621223088446 0.001135065433353687
0.035922969580392455 0.00113514203629015
0.035922969580392455 0.00113514203629015
0.035922969580392455 0.00113514203629015
0.035922969580392455 0.00113514203629015
0.035922969580392455 0.00113514203629015
0.035922969580392455 0.00113514203629015
0.035922969580392455 0.00113514203629015
0.035954224504318254 0.0011352202970777456
0.035954224504318254 0.0011352202970777456
0.03598104743063173 0.0011372541642600163
0.035991047795709365 0.0011384671056735784
0.03603348162089069 0.0011401705673128692
0.03603348162089069 0.0011401705673128692
0.036062751605924134 0.001141825779065819
0.036070707763477 0.0011419315915090602
0.03610194887997646 0.0011427855402822377
0.036118124938622 0.0011434514776444986
0.036118124938622 0.0011434514776444986
0.036118124938622 0.0011434514776444986
0.03613737229060633 0.0011443391533895908
0.03613737229060633 0.0011443391533895908
0.03613737229060633 0.0011443391533895908
0.03613737229060633 0.0011443391533895908
0.03613737229060633 0.0011443391533895908
0.03613737229060633 0.0011443391533895908
0.036174474280781355 0.0011456839676013248
0.03618218245103342 0.0011471702436240798
0.03621781505801701 0.001148821552576537
0.03622845049945599 0.001149057549553794
0.03622845049945599 0.001149057549553794
0.03625720658947843 0.0011505118414884895
0.03625720658947843 0.0011505118414884895
0.03625720658947843 0.0011505118414884895
0.03628027011601359 0.0011511724455933372
0.03632628113997355 0.0011530512488650128
0.03632628113997355 0.0011530512488650128
0.036365845403003506 0.0011555272605595604
0.036365845403003506 0.0011555272605595604
0.036365845403003506 0.0011555272605595604
0.03638588888769986 0.0011556159803338033
0.03639329336614765 0.0011559603370217015
0.03641377160647759 0.0011580320544883303
0.03641377160647759 0.0011580320544883303
0.03645541912083335 0.0011580904659985228
0.03645650708039003 0.0011590569968015667
0.03645650708039003 0.0011590569968015667
0.03648367910087384 0.001161019615485868
0.03648367910087384 0.001161019615485868
0.036498263748903415 0.001161460336685182
0.03653395553396745 0.0011627214936795654
0.03655359268950581 0.0011630053173008253
0.03656392659258031 0.0011639821379631102
0.03658944673482964 0.001165187883902507
0.03658944673482964 0.001165187883902507
0.03659254099752221 0.0011659374832375209
0.03661862020038159 0.0011663606089430249
0.03662419220131716 0.0011670874988961243
0.036631276190653955 0.0011672427949426805
0.03663665463216444 0.0011680083029039366
0.03664106426871451 0.001168364807922435
0.0366574324145449 0.0011689124137240054
0.036703992279915366 0.0011707668883819114
0.036703992279915366 0.0011707668883819114
0.03670985328360708 0.0011713991303498894
0.03671125403050374 0.0011715893226250296
0.03673004659096289 0.0011724373983997662
0.036735508983522576 0.0011724826393731589
0.03676402152265466 0.001173688541740667
0.03680244198315865 0.0011742317311533588
0.03680244198315865 0.0011742317311533588
0.03680244198315865 0.0011742317311533588
0.03680371059111097 0.0011750693304672893
0.03680371059111097 0.0011750693304672893
0.03680371059111097 0.0011750693304672893
0.03680371059111097 0.0011750693304672893
0.03680371059111097 0.0011750693304672893
0.03680371059111097 0.0011750693304672893
0.03680371059111097 0.0011750693304672893
0.036812016864104374 0.0011757027021295611
0.036812016864104374 0.0011757027021295611
0.03682371633485974 0.0011759919083263143
0.03682371633485974 0.0011759919083263143
0.03684486036039706 0.0011761690904656514
0.03684486036039706 0.0011761690904656514
0.03684840614536074 0.001177115191444548
0.036867588451967075 0.0011784289138788708
0.03687465457267753 0.0011785846140703166
0.036909867126811206 0.0011791382284910867
0.036909867126811206 0.0011791382284910867
0.036909867126811206 0.0011791382284910867
0.036924837919283214 0.0011813645957204709
0.036966693222163824 0.0011832289609300137
0.037002069369562705 0.0011846283821817568
0.037003341084688654 0.0011848818745152521
0.03706197373317488 0.0011876470737879983
0.03707248489590278 0.0011877698473404794
0.03707773049456718 0.001187849700873237
0.03709910360860802 0.0011890660431011784
0.03712046723754493 0.0011898566987041319
0.03714452593287361 0.0011914302499285378
0.03716764493072162 0.0011925641458913792
0.03716764493072162 0.0011925641458913792
0.03719310948639208 0.001193291026719516
0.037236527659760384 0.0011950299350241694
0.037294019424480546 0.0011956816395849762
0.037294019424480546 0.0011956816395849762
0.03731004162334654 0.001197638505189451
0.03736101019786936 0.0012007708118883169
0.03736101019786936 0.0012007708118883169
0.03736101019786936 0.0012007708118883169
0.037375982539453866 0.001201461283449077
0.037375982539453866 0.001201461283449077
0.03743791780286335 0.0012043176489553527
0.03748969055652608 0.001206705273036052
0.03748969055652608 0.001206705273036052
0.03748969055652608 0.001206705273036052
0.03748969055652608 0.001206705273036052
0.037492527362307786 0.0012068882882389637
0.03750899970270839 0.001207595773725068
0.03757851368302827 0.0012108016210572036
0.03757851368302827 0.0012108016210572036
0.03761165481248363 0.0012125962755786188
0.037620892784849244 0.0012127684889010832
0.037660966713030895 0.0012146041901052302
0.037660966713030895 0.0012146041901052302
0.037660966713030895 0.0012146041901052302
0.037660966713030895 0.0012146041901052302
0.037660966713030895 0.0012146041901052302
0.037660966713030895 0.0012146041901052302
0.037660966713030895 0.0012146041901052302
0.037660966713030895 0.0012146041901052302
0.037660966713030895 0.0012146041901052302
0.037660966713030895 0.0012146041901052302
0.037660966713030895 0.0012146041901052302
0.037660966713030895 0.0012146041901052302
0.037660966713030895 0.0012146041901052302
0.037660966713030895 0.0012146041901052302
0.037660966713030895 0.0012146041901052302
0.037660966713030895 0.0012146041901052302
0.037660966713030895 0.0012146041901052302
0.037660966713030895 0.0012146041901052302
0.037660966713030895 0.0012146041901052302
0.037660966713030895 0.0012146041901052302
0.037660966713030895 0.0012146041901052302
0.037660966713030895 0.0012146041901052302
0.037660966713030895 0.0012146041901052302
0.037660966713030895 0.0012146041901052302
0.037660966713030895 0.0012146041901052302
0.037660966713030895 0.0012146041901052302
0.037660966713030895 0.0012146041901052302
0.037660966713030895 0.0012146041901052302
0.037660966713030895 0.0012146041901052302
0.037660966713030895 0.0012146041901052302
0.037660966713030895 0.0012146041901052302
0.03767103028968325 0.001214760538040731
0.03769059802369581 0.0012160981124387164
0.03770065181669151 0.0012164221034842181
0.03772531431608085 0.0012169056772873173
0.03777016205466265 0.0012196062364810015
0.0377853874383714 0.0012203036781491103
0.037825708075546964 0.001222201720340013
0.03791437608834294 0.0012265365841088401
0.03804169008024881 0.0012320444330688244
0.03804169008024881 0.0012320444330688244
0.03804169008024881 0.0012320444330688244
0.03804169008024881 0.0012320444330688244
0.03804169008024881 0.0012320444330688244
0.03804169008024881 0.0012320444330688244
0.03808532160066479 0.0012342594943849183
0.038141611340910944 0.0012366564402955089
0.03818205753064675 0.0012386780389144277
0.03822268131013737 0.0012408978053128701
0.0382651722813532 0.001242981700626314
0.0382651722813532 0.001242981700626314
0.0382651722813532 0.001242981700626314
0.0382651722813532 0.001242981700626314
0.038305017806477715 0.0012440638288725681
0.03832853574844898 0.0012453911060081157
0.03832853574844898 0.0012453911060081157
0.038360662783194145 0.0012454015474956193
0.03840288691492198 0.0012485902048686227
0.03850241336927779 0.0012518758778195568
0.03850241336927779 0.0012518758778195568
0.03850241336927779 0.0012518758778195568
0.03850241336927779 0.0012518758778195568
0.03850241336927779 0.0012518758778195568
0.03850241336927779 0.0012518758778195568
0.03850241336927779 0.0012518758778195568
0.03850241336927779 0.0012518758778195568
0.03850241336927779 0.0012518758778195568
0.03850241336927779 0.0012518758778195568
0.03850241336927779 0.0012518758778195568
0.03850241336927779 0.0012518758778195568
0.03853180959738542 0.0012548931256460023
0.0385968124244926 0.0012577634423561394
0.0385968124244926 0.0012577634423561394
0.03865001647878098 0.0012602171205743696
0.03868546826921083 0.0012602366807912856
0.03868546826921083 0.0012602366807912856
0.03868546826921083 0.0012602366807912856
0.03868546826921083 0.0012602366807912856
0.03868546826921083 0.0012602366807912856
0.03868546826921083 0.0012602366807912856
0.038692033892951866 0.0012617749417838603
0.03876101940852067 0.0012653363559260015
0.03876101940852067 0.0012653363559260015
0.038813562949839245 0.0012677595540095698
0.038813562949839245 0.0012677595540095698
0.03885154274780992 0.0012686649173932192
0.038963813741768535 0.0012750708683705566
0.03906537098315904 0.001279448524242238
0.039075378109875186 0.0012800334110939825
0.0391565315126859 0.0012827214331787144
0.03916306050039507 0.0012835595586042348
0.03920911650897085 0.0012841537072287219
0.03920976636470437 0.0012861884562478628
0.03925986153666403 0.0012864714026216825
0.03938852881774085 0.001292437751385349
0.0394917947467881 0.001294966461293462
0.0394917947467881 0.001294966461293462
0.03962207294492712 0.001298903344484771
0.03962207294492712 0.001298903344484771
0.0396563157615231 0.0013004540977043103
0.03970050536362252 0.0013078355227304607
0.03977937031288922 0.0013101993435228976
0.03977937031288922 0.0013101993435228976
0.03977937031288922 0.0013101993435228976
0.03977937031288922 0.0013101993435228976
0.03977937031288922 0.0013101993435228976
0.039902931131922066 0.0013166349440700172
0.03991715082787309 0.0013167718555090152
0.039932248350568335 0.0013174920188313095
0.039932248350568335 0.0013174920188313095
0.039936841436785386 0.0013188741653851126
0.04004157675044641 0.001321617966329908
0.04004157675044641 0.001321617966329908
0.04006844380276347 0.0013240765784473443
0.04006844380276347 0.0013240765784473443
0.04006844380276347 0.0013240765784473443
0.04006844380276347 0.0013240765784473443
0.040188369705753735 0.001330622364359845
0.04019781826627876 0.0013310636783977362
0.04032547971793175 0.0013351422062631841
0.04032547971793175 0.0013351422062631841
0.04032547971793175 0.0013351422062631841
0.04038987501346489 0.0013393220096173304
0.040396290389806626 0.0013396104678313394
0.040447221719795985 0.0013420576045175263
0.040502603104201076 0.001344229274120516
0.040502603104201076 0.001344229274120516
0.040502603104201076 0.001344229274120516
0.040502603104201076 0.001344229274120516
0.040502603104201076 0.001344229274120516
0.04055380982525579 0.0013474571725129963
0.04060017070749609 0.001348836425430094
0.04060017070749609 0.001348836425430094
0.040621046158862514 0.001349853582325753
0.040621364220703025 0.0013503646948969188
0.04064642547972429 0.0013515601886191723
0.04064642547972429 0.0013515601886191723
0.04064642547972429 0.0013515601886191723
0.040701025129390986 0.0013522948277518434
0.040701025129390986 0.0013522948277518434
0.040710933320992196 0.0013546373601920944
0.040739773052532825 0.0013556387655617255
0.04077883260118556 0.0013575420096386137
0.0408381403075827 0.0013604318938662948
0.040878459662309824 0.001362031641309291
0.040878459662309824 0.001362031641309291
0.040878459662309824 0.001362031641309291
0.04088840904185805 0.0013625324254691142
0.040917324492624814 0.001363987923597896
0.04091786111032047 0.0013643164629661328
0.04093509169217108 0.0013648822395579618
0.04095953635813079 0.0013661126487073477
0.04095953635813079 0.0013661126487073477
0.04095953635813079 0.0013661126487073477
0.04095953635813079 0.0013661126487073477
0.04095953635813079 0.0013661126487073477
0.04095953635813079 0.0013661126487073477
0.04095953635813079 0.0013661126487073477
0.04095953635813079 0.0013661126487073477
0.04098928139688716 0.0013676099039776734
0.04098928139688716 0.0013676099039776734
0.04098928139688716 0.0013676099039776734
0.04098928139688716 0.0013676099039776734
0.04098928139688716 0.0013676099039776734
0.0410347482153778 0.0013698984680677896
0.04106200748820099 0.0013712705316900396
0.04107968738814077 0.0013721604879960091
0.04144073289414203 0.0013753611058341338
0.04168137178431803 0.0013894355379873839
0.04177597634986711 0.0013935942641089736
0.041880123464332786 0.0013981307304261974
0.04201782920739006 0.0014008585055013212
0.042026856017555056 0.0014011296280058451
0.042026856017555056 0.0014011296280058451
0.04210878946410796 0.0014035905584830035
0.04210878946410796 0.0014035905584830035
0.0422555499459455 0.0014037656029256879
0.04228262082727635 0.0014111837964888398
0.04230670629276388 0.0014118540419710032
0.04233162287389692 0.0014123073381410518
0.04247070819183971 0.0014144610580399558
0.04252108856633114 0.0014177281752498021
0.042556291875063254 0.0014183264766840639
0.04265320346084176 0.001421860013409239
0.0426787553389949 0.0014225107358543114
0.0426787553389949 0.0014225107358543114
0.04269272158379252 0.0014229569723343055
0.04275303147791467 0.0014254929582627894
0.0427590064738679 0.0014259117494617394
0.0427590064738679 0.0014259117494617394
0.042782744705040635 0.0014265996300489986
0.042811592346886224 0.0014282961287485688
0.04286580171914864 0.0014295265977192094
0.04286580171914864 0.0014295265977192094
0.04286580171914864 0.0014295265977192094
0.04289811554770799 0.0014305558790561946
0.04292192858354134 0.001430844136412901
0.04294150148642982 0.0014314880844414942
0.04299949947061945 0.0014334697272859712
0.04302295912790485 0.0014345324796144784
0.0430397913346932 0.0014347464190009077
0.043092781941563726 0.001437183898467594
0.0431040672876884 0.0014379641715228804
0.04311430759692017 0.0014383085712723555
0.04318823805909238 0.0014394501122850134
0.043272120235333465 0.0014401133219139523
0.04332150966346388 0.0014440420961960429
0.04363482335180515 0.0014553495999046566
0.04365700027414291 0.001456323013982961
0.04384851147194656 0.0014598377907363456
0.04391966655701417 0.0014629315010085335
0.04445537066143646 0.0014805380947964714
0.04470250188450595 0.0014901180168279762
0.04781243106525421 0.0015008135588146885
0.048123401723205395 0.0015061492382783233
0.049318418859564866 0.0015461997628879892
0.049318418859564866 0.0015461997628879892
0.049318418859564866 0.0015461997628879892
0.049318418859564866 0.0015461997628879892
0.05035555008207368 0.0015491054981341852
0.050421064283101155 0.0015648759687306225
0.05269980901776401 0.0016137411485183139
0.055967216008887294 0.0016244238901978088
0.055967216008887294 0.0016244238901978088
0.05611180967159521 0.00162617051764219
0.05624833447230855 0.0016587005297999727
0.05695086751687456 0.001669490315075624
0.05695086751687456 0.001669490315075624
0.057391783052316514 0.0016866113965959806
0.05907134413066051 0.001705242103827161
0.059528954088369515 0.0017064096648415935
0.05967276375997259 0.0017140820950034973
0.05967276375997259 0.0017140820950034973
0.05973669106674219 0.0017190703319742034
0.059761212254804366 0.001719461659946868
0.059761212254804366 0.001719461659946868
0.059761212254804366 0.001719461659946868
0.060206917366949456 0.0017261345578189087
0.060935698030276805 0.001737965500216859
0.06165451013049349 0.001746042552089356
0.06211775655725675 0.0017535134705335478
0.0624422142518357 0.0017594732487118642
0.06253010466977209 0.0017608876277148315
0.06255575586407235 0.001761300431508953
0.06255575586407235 0.001761300431508953
0.06273295459626478 0.0017639534033997164
0.06273295459626478 0.0017639534033997164
0.06273295459626478 0.0017639534033997164
0.06273295459626478 0.0017639534033997164
0.06323543107749013 0.0017714763293579252
0.06323543107749013 0.0017714763293579252
0.0634791066238334 0.0017756579400698479
0.0634791066238334 0.0017756579400698479
0.06438944380026722 0.0017846533051400848
0.06742058382335928 0.0018068692181137079
0.06775900118340027 0.00184565771323326
0.06963015983842138 0.0018553488914682652
0.07179739786111465 0.0018863548164506185
0.07434902056726236 0.0019063868644864429
0.07434902056726236 0.0019063868644864429
0.07505063615937758 0.001945435590933691
0.07553691972229096 0.0019542668190615196
0.07645104031582091 0.0019750344071179466
0.08110904946967944 0.002042688463215866
0.0818156545948631 0.002058339813897307
0.0818156545948631 0.002058339813897307
