0.029685026828558034 0.0008479395642206261
0.02973162290327733 0.0008486641850063342
0.02985619423822959 0.0008538910554384373
0.02985619423822959 0.0008538910554384373
0.02985619423822959 0.0008538910554384373
0.02985619423822959 0.0008538910554384373
0.02985619423822959 0.0008538910554384373
0.02985619423822959 0.0008538910554384373
0.02985619423822959 0.0008538910554384373
0.02993484267487017 0.0008604642403397086
0.03022217884576353 0.0008641499056441209
0.03037959187980928 0.000875852268711714
0.030532632799218945 0.0008822737033985149
0.030532632799218945 0.0008822737033985149
0.030532632799218945 0.0008822737033985149
0.030735067856898685 0.0008928618801675801
0.030796878030141677 0.0008966719495889809
0.030796878030141677 0.0008966719495889809
0.030859774562416856 0.0008997119960686458
0.03096102517478551 0.0009027129110115935
0.031274247560790225 0.0009216042462427252
0.03139797681647519 0.0009267246549550005
0.0314853522695347 0.0009282367485553961
0.03174437783296795 0.0009411131424232418
0.031824412631542134 0.0009466995899083201
0.03212656123578866 0.0009604818880422694
0.03223298823593652 0.0009636672798266511
0.03236333081825277 0.0009658452148959933
0.032370528068649394 0.0009692445915233322
0.032683569587197835 0.0009735651057030789
0.032750787783009716 0.000988029085152265
0.032779898620067 0.000990886065563016
0.0328722586106523 0.0009944962936304165
0.0328722586106523 0.0009944962936304165
0.0328722586106523 0.0009944962936304165
0.033038628642450274 0.0009991224063895703
0.03304763852182358 0.0010024694049175793
0.03304763852182358 0.0010024694049175793
0.03308186571861689 0.0010028914718340884
0.03327761914505276 0.0010102125808942022
0.03347208319552676 0.001011274358331213
0.03351911541612106 0.001020743428891132
0.03351911541612106 0.001020743428891132
0.033559936748880345 0.0010265730556616782
0.0337715826894384 0.0010362385009768985
0.03399622773936831 0.0010457323149179274
0.03399622773936831 0.0010457323149179274
0.03399622773936831 0.0010457323149179274
0.03403956382532028 0.001048547074300155
0.03409429303576314 0.0010502048563348783
0.03409429303576314 0.0010502048563348783
0.03409429303576314 0.0010502048563348783
0.03409429303576314 0.0010502048563348783
0.03409429303576314 0.0010502048563348783
0.03409429303576314 0.0010502048563348783
0.03409429303576314 0.0010502048563348783
0.03409429303576314 0.0010502048563348783
0.03409429303576314 0.0010502048563348783
0.03409429303576314 0.0010502048563348783
0.03409429303576314 0.0010502048563348783
0.03409429303576314 0.0010502048563348783
0.03409429303576314 0.0010502048563348783
0.03409429303576314 0.0010502048563348783
0.03409429303576314 0.0010502048563348783
0.03409429303576314 0.0010502048563348783
0.03409429303576314 0.0010502048563348783
0.03409429303576314 0.0010502048563348783
0.03409429303576314 0.0010502048563348783
0.03409429303576314 0.0010502048563348783
0.03409429303576314 0.0010502048563348783
0.03409429303576314 0.0010502048563348783
0.03409429303576314 0.0010502048563348783
0.03409429303576314 0.0010502048563348783
0.03409429303576314 0.0010502048563348783
0.03409429303576314 0.0010502048563348783
0.03409429303576314 0.0010502048563348783
0.03409429303576314 0.0010502048563348783
0.03409429303576314 0.0010502048563348783
0.03409429303576314 0.0010502048563348783
0.03409429303576314 0.0010502048563348783
0.03409429303576314 0.0010502048563348783
0.03409429303576314 0.0010502048563348783
0.03409429303576314 0.0010502048563348783
0.03409429303576314 0.0010502048563348783
0.03409429303576314 0.0010502048563348783
0.03409429303576314 0.0010502048563348783
0.03409429303576314 0.0010502048563348783
0.03409429303576314 0.0010502048563348783
0.03409429303576314 0.0010502048563348783
0.03409429303576314 0.0010502048563348783
0.03409429303576314 0.0010502048563348783
0.03409429303576314 0.0010502048563348783
0.03409429303576314 0.0010502048563348783
0.03409429303576314 0.0010502048563348783
0.03409429303576314 0.0010502048563348783
0.03409429303576314 0.0010502048563348783
0.03409429303576314 0.0010502048563348783
0.03409429303576314 0.0010502048563348783
0.03409429303576314 0.0010502048563348783
0.03409429303576314 0.0010502048563348783
0.03409429303576314 0.0010502048563348783
0.03409429303576314 0.0010502048563348783
0.03409429303576314 0.0010502048563348783
0.03409429303576314 0.0010502048563348783
0.03409429303576314 0.0010502048563348783
0.03409429303576314 0.0010502048563348783
0.03409429303576314 0.0010502048563348783
0.03409429303576314 0.0010502048563348783
0.03409429303576314 0.0010502048563348783
0.03409429303576314 0.0010502048563348783
0.03409429303576314 0.0010502048563348783
0.03409429303576314 0.0010502048563348783
0.03409429303576314 0.0010502048563348783
0.03409429303576314 0.0010502048563348783
0.03409429303576314 0.0010502048563348783
0.03409429303576314 0.0010502048563348783
0.03409429303576314 0.0010502048563348783
0.03409429303576314 0.0010502048563348783
0.034249030729211 0.0010503634939526426
0.03441627891274153 0.0010633758588112102
0.03441627891274153 0.0010633758588112102
0.03447303416352812 0.0010671368870822557
0.03447303416352812 0.0010671368870822557
0.03447303416352812 0.0010671368870822557
0.03447303416352812 0.0010671368870822557
0.034539873094635805 0.001068201730986053
0.03462283165104988 0.001075130522113926
0.034804993914806626 0.0010807367209506253
0.034804993914806626 0.0010807367209506253
0.03503287772993023 0.001091324241524038
0.03505576874081846 0.0010945120647489837
0.03511888820280841 0.0010952228115040322
0.03512938385223675 0.00109787501703212
0.03512938385223675 0.00109787501703212
0.03513946442867287 0.00109833531330922
0.035139709777347324 0.001098346736659637
0.03517392124410555 0.0011010133261005971
0.03523621720894533 0.0011020056046361023
0.03524596719462457 0.0011034983242246982
0.035282072530746895 0.0011043559576704193
0.0352846020570606 0.0011054615409638654
0.0352846020570606 0.0011054615409638654
0.035307855734456536 0.0011071330452135026
0.035307855734456536 0.0011071330452135026
0.035327837342597174 0.0011075032236271584
0.03535527383735913 0.001107605247243218
0.03536208629892622 0.0011083307533876876
0.035363650407914296 0.0011093251586328263
0.03537346373663369 0.0011095280640745636
0.03537346373663369 0.0011095280640745636
0.03544436271158063 0.0011122643089561475
0.03551614988974877 0.0011151221221495288
0.03553231279742852 0.0011155739775703332
0.03556410578400291 0.0011160051264385933
0.035565343307144594 0.0011176765495823713
0.035574045524587164 0.001118450997027723
0.035578312217281145 0.0011195626925436495
0.03563027923311078 0.001120465796625131
0.03564664417853672 0.0011216836000504412
0.03565588947001547 0.0011231610383544638
0.035690867199599 0.0011245675094683188
0.03570866260604929 0.0011246761211023619
0.03572721284146058 0.0011265921260006472
0.03573647243017122 0.0011268223785238247
0.03576451293927113 0.0011271598531531596
0.0357856572966173 0.0011278119462908237
0.035805575222608375 0.0011279537373092513
0.035805575222608375 0.0011279537373092513
0.03585770625526172 0.0011294720944782172
0.03586538084202793 0.0011306052384522905
0.03592565337682695 0.0011345277487165711
0.03596304833672059 0.00113632317903473
0.035999995963774074 0.0011390108161392874
0.03615029604313797 0.0011419731034823459
0.03616133057127097 0.0011435885781843557
0.03619010783156229 0.001145881944066475
0.036211249072676324 0.0011468992265542804
0.036211249072676324 0.0011468992265542804
0.036211249072676324 0.0011468992265542804
0.03623051928741643 0.0011479919625121296
0.03626983624711496 0.0011482384948575974
0.036273929862851176 0.0011500986943936901
0.03632369728130519 0.001151227691491979
0.03634385793217619 0.0011532338030209185
0.03640664070447408 0.0011565201780847894
0.03640664070447408 0.0011565201780847894
0.03641084484983524 0.0011567123800430845
0.036425847520533364 0.001157101855342842
0.03643185000654461 0.0011573760217882655
0.03643185000654461 0.0011573760217882655
0.03644413018999289 0.0011593566441474713
0.03648986773479143 0.0011596283403611776
0.03654415194003445 0.0011633399495655878
0.036577134015080934 0.0011638204867720908
0.03662128850520755 0.0011649734897547722
0.03662128850520755 0.0011649734897547722
0.036678356876613326 0.0011687518799952555
0.03671498552653194 0.0011703585861877093
0.036725458949549254 0.0011710157477770335
0.036740919037775197 0.0011720380990564699
0.03674971433729365 0.0011722865701138496
0.03677122492197339 0.0011727403865838771
0.03677122492197339 0.0011727403865838771
0.03678583660100833 0.0011730771447261128
0.036797700160661875 0.0011731617426646327
0.036838391804143514 0.0011762612727621387
0.03687338866042862 0.001178647636062225
0.036970829147612023 0.0011791651405027642
0.036970829147612023 0.0011791651405027642
0.036970829147612023 0.0011791651405027642
0.036970829147612023 0.0011791651405027642
0.036970829147612023 0.0011791651405027642
0.036970829147612023 0.0011791651405027642
0.036970829147612023 0.0011791651405027642
0.036970829147612023 0.0011791651405027642
0.036970829147612023 0.0011791651405027642
0.036970829147612023 0.0011791651405027642
0.036970829147612023 0.0011791651405027642
0.036970829147612023 0.0011791651405027642
0.036970829147612023 0.0011791651405027642
0.036970829147612023 0.0011791651405027642
0.036970829147612023 0.0011791651405027642
0.036970829147612023 0.0011791651405027642
0.036970829147612023 0.0011791651405027642
0.036970829147612023 0.0011791651405027642
0.036970829147612023 0.0011791651405027642
0.036970829147612023 0.0011791651405027642
0.036970829147612023 0.0011791651405027642
0.036970829147612023 0.0011791651405027642
0.036970829147612023 0.0011791651405027642
0.036970829147612023 0.0011791651405027642
0.036970829147612023 0.0011791651405027642
0.036970829147612023 0.0011791651405027642
0.036970829147612023 0.0011791651405027642
0.03698030346119012 0.001182196732258758
0.03706816509439127 0.0011837154879990658
0.03712097444898939 0.001188337477792326
0.03714056485914456 0.0011892866849198176
0.03716290511565902 0.0011913588757899837
0.03718733962080684 0.0011914208083165807
0.037203911232825175 0.0011921907226867723
0.037203911232825175 0.0011921907226867723
0.03721651270767586 0.0011931412963671032
0.03723097784762662 0.0011938120078690288
0.037255780632892636 0.0011949620429651637
0.03728870493702635 0.00119497636625464
0.03730336443384594 0.0011968113483615504
0.03731505899848664 0.0011974320723905844
0.03733384002523981 0.0011982272272828298
0.03733384002523981 0.0011982272272828298
0.037336944133193835 0.0011982466573354758
0.037336944133193835 0.0011982466573354758
0.03737026093390041 0.0011997957784056303
0.037416975067220026 0.0012026851432394563
0.037482234825999466 0.0012056797626403314
0.037502165059210085 0.001206271618106521
0.037537675685546036 0.0012078198751306233
0.03755059958479461 0.0012101399952009519
0.03760903925492742 0.0012113085307089808
0.03763562555400852 0.0012119805312616383
0.03767198951788193 0.001214310384973047
0.03768834438494206 0.0012152634314841065
0.037741970339052064 0.001216177801117315
0.037776096511490095 0.00121877450886614
0.03784349047820536 0.0012201726774575814
0.03784349047820536 0.0012201726774575814
0.03785367586605384 0.0012229174034436672
0.037863204737623585 0.001223169996378011
0.037910550929419744 0.0012249405761948031
0.037922867718214695 0.001225593549205393
0.03792947763377036 0.001225785383632041
0.03792947763377036 0.001225785383632041
0.03792947763377036 0.001225785383632041
0.037966903186932265 0.0012281460847193123
0.037966903186932265 0.0012281460847193123
0.03805807110014842 0.001231357480503497
0.03805807110014842 0.001231357480503497
0.03811096196128952 0.0012351559127430922
0.03814359905463412 0.0012358832155106585
0.03817039107459452 0.0012369040822706805
0.03821959018202574 0.0012378461492017448
0.03829894922605199 0.0012406237589962258
0.03829894922605199 0.0012406237589962258
0.03829894922605199 0.0012406237589962258
0.03830469221505928 0.001242446003316843
0.038348016001951805 0.001244419162676484
0.03835301752803347 0.0012469839099848992
0.03843510317564415 0.0012472300272696473
0.038435458608458456 0.0012487639467049871
0.038448829670388825 0.0012515242618572685
0.03856106364425129 0.001253892480581493
0.03871028593649406 0.0012609045954710967
0.03873978085905515 0.0012612304123502277
0.03874620640351473 0.0012638734464861402
0.03880468713634334 0.0012668256017938995
0.03882655816202782 0.00126862714027932
0.03888255780391013 0.0012704197084249436
0.03892910298455439 0.0012713182843829148
0.03898363145875403 0.001274421319039958
0.03900902521638844 0.0012759006889419564
0.03903008460397859 0.0012759324463708015
0.03903008460397859 0.0012759324463708015
0.03908090508380538 0.0012799883335955801
0.03910148434451243 0.0012809384398023518
0.03910148434451243 0.0012809384398023518
0.03913982104814233 0.001282943443929212
0.03921077747842145 0.0012833785705607258
0.039352324648743685 0.0012896610022097867
0.039372615444110935 0.0012920600401351292
0.0394389462671124 0.0012950448027110712
0.0394563840398818 0.0012959648627135546
0.0394563840398818 0.0012959648627135546
0.039520334068163895 0.0012979863066319862
0.039535251269856034 0.0012986965190659695
0.039535251269856034 0.0012986965190659695
0.039535251269856034 0.0012986965190659695
0.039574926011615205 0.0012993337051769764
0.03958663105904561 0.0012995764372987254
0.039617445690545185 0.0013013567453305634
0.03963940478592749 0.0013017671233876331
0.03965833052197416 0.0013049639368330776
0.039661289103693806 0.0013051039967478546
0.03970705709500761 0.0013069826379988863
0.03976176941069544 0.0013094815268108661
0.03977026816583925 0.0013098861785470805
0.03977026816583925 0.0013098861785470805
0.03977026816583925 0.0013098861785470805
0.03977026816583925 0.0013098861785470805
0.03977026816583925 0.0013098861785470805
0.03977026816583925 0.0013098861785470805
0.03977026816583925 0.0013098861785470805
0.03977026816583925 0.0013098861785470805
0.03977026816583925 0.0013098861785470805
0.039796506692652264 0.001310620268420137
0.0398074758463661 0.0013117473786109191
0.03983694984628552 0.001313061032204404
0.03986512659848881 0.0013144025541324453
0.03989503692109968 0.001316931907071703
0.03997069235400373 0.001320464865353011
0.039998240310914604 0.0013207403878027005
0.04007488200439589 0.0013246795456662553
0.04014119738139594 0.001324698729507029
0.040196155185282384 0.0013283293155647597
0.0402238065591522 0.0013297016735409923
0.0402238065591522 0.0013297016735409923
0.040278640178520037 0.0013308731592428518
0.040286134839834814 0.0013327949433408624
0.040286134839834814 0.0013327949433408624
0.040286134839834814 0.0013327949433408624
0.040286134839834814 0.0013327949433408624
0.040286134839834814 0.0013327949433408624
0.040324746741639834 0.0013330442875427492
0.040325446248255195 0.0013330804779555483
0.040325446248255195 0.0013330804779555483
0.04035393558119589 0.001337887271960157
0.04037323232935752 0.0013380170991591695
0.04045318482058269 0.0013428780379638081
0.04054999440808697 0.0013442563319843199
0.04064152408909027 0.0013517075077934095
0.04064152408909027 0.0013517075077934095
0.04064273154722976 0.0013519277715434079
0.040659829190965474 0.0013526187637935916
0.04066519132513781 0.0013527783903371524
0.04067111193465986 0.001353094618519927
0.04074720330717999 0.0013566618440496768
0.04080115735637375 0.0013593771818478633
0.04085168082761399 0.0013612630948967332
0.04085168082761399 0.0013612630948967332
0.040891469231266325 0.0013632290662263053
0.040909829453870394 0.001364285926332571
0.04093567557303484 0.001365183151220034
0.04093963788773986 0.0013656833682132517
0.04124973682805664 0.0013750008799003537
0.04143875630238848 0.0013770300165784556
0.04143875630238848 0.0013770300165784556
0.04143875630238848 0.0013770300165784556
0.04143875630238848 0.0013770300165784556
0.04143875630238848 0.0013770300165784556
0.04143875630238848 0.0013770300165784556
0.04143875630238848 0.0013770300165784556
0.041534482143484056 0.0013813951155330017
0.041542455710267885 0.0013815427159957973
0.041542455710267885 0.0013815427159957973
0.041542455710267885 0.0013815427159957973
0.04183599779108709 0.0013869766838149873
0.04183599779108709 0.0013869766838149873
0.04194112176046179 0.0013885364592065913
0.04197151379778856 0.0013982131483444393
0.04197151379778856 0.0013982131483444393
0.04207390262489984 0.0014029886721580412
0.04236294884072671 0.00141180347605531
0.04236294884072671 0.00141180347605531
0.042468058758947824 0.0014123570193577987
0.042468058758947824 0.0014123570193577987
0.04254147274248099 0.0014141665898628575
0.04257582215776635 0.0014151404306357233
0.04257582215776635 0.0014151404306357233
0.04257582215776635 0.0014151404306357233
0.04257582215776635 0.0014151404306357233
0.042609844171848814 0.0014161049868730087
0.042609844171848814 0.0014161049868730087
0.042615829734045874 0.0014165759245253339
0.042665741270766055 0.001422129913370182
0.042775848951260784 0.0014256457178145904
0.042775848951260784 0.0014256457178145904
0.04280363660971567 0.0014272502564783344
0.04283451511250339 0.001428233848383545
0.04293699925834389 0.0014322423050650266
0.04298455679856793 0.0014325551712852003
0.04298455679856793 0.0014325551712852003
0.04299405757970065 0.0014327201823986528
0.04299405757970065 0.0014327201823986528
0.04300242199925879 0.0014358080713691023
0.04305642932264267 0.0014361796642541349
0.04311200851280735 0.0014394395326518105
0.043168307235165904 0.0014413271926285278
0.04323111880944427 0.0014423020227836481
0.04324398878856589 0.0014425836895504132
0.043388370788729355 0.0014485664749691565
0.04342525501747005 0.0014497795502836424
0.043439882237150146 0.0014502615708582509
0.04348577349806948 0.0014506635737535811
0.04348577349806948 0.0014506635737535811
0.04348577349806948 0.0014506635737535811
0.04348577349806948 0.0014506635737535811
0.043534213889254825 0.0014533248729211648
0.04359709564160146 0.0014539294379355369
0.04363747205800441 0.0014555136966168502
0.04364909803369313 0.001456173320923424
0.04372716038623952 0.001456955686381112
0.043755309635340744 0.0014585952317563793
0.04380586305572815 0.0014622133089463845
0.04381064796378919 0.0014624590766902429
0.04384310605358118 0.0014634446383722745
0.043871710066988145 0.0014635108187746
0.04399349176074665 0.0014641021402288896
0.04402549719189854 0.001465691894957637
0.04402549719189854 0.001465691894957637
0.044155166318609995 0.0014734859946214508
0.044155166318609995 0.0014734859946214508
0.044155166318609995 0.0014734859946214508
0.044255393592231546 0.001477058362365161
0.04432893747898256 0.0014794593875066503
0.04437124161784284 0.001480796432110743
0.044406106636929614 0.0014820164940777592
0.044553979263175475 0.0014847490683699398
0.0445823601115437 0.0014878338547337174
0.0445823601115437 0.0014878338547337174
0.04465363630729602 0.00149018637213621
0.044679015414662356 0.001491024026911244
0.04470655573934942 0.0014916171574263532
0.04470681359994421 0.001491941524344474
0.04477062011852772 0.0014940474997458672
0.04477079917625715 0.001494053408976345
0.04477079917625715 0.001494053408976345
0.044782877265238774 0.0014943396957283125
0.047561054159028573 0.0015223706008936312
0.04799860384096065 0.0015273124879344195
0.04808260278772557 0.001529444910050865
0.04845745072705786 0.0015448190006579748
0.04965185573799137 0.0015465406857852354
0.04966144154402925 0.0015543448757384959
0.05081832466462112 0.0015699227994804405
0.052249114041510024 0.0015963364122495074
0.053177249330897514 0.001617296606391011
0.05452682822815725 0.001631206856542642
0.054813893620683916 0.0016452102358270387
0.05525237326341789 0.0016517669870624594
0.05525237326341789 0.0016517669870624594
0.05525237326341789 0.0016517669870624594
0.05525237326341789 0.0016517669870624594
0.05525237326341789 0.0016517669870624594
0.05737674410111289 0.0016873491280628445
0.057877011710158174 0.0016922770452572336
0.0585316642969069 0.0016964019690951823
0.059153065268173884 0.0017102597522813462
0.059153065268173884 0.0017102597522813462
0.06047088698689021 0.0017290229063959273
0.06088088961420663 0.0017410346394049294
0.06177466983116657 0.0017419307223912497
0.06193602142886312 0.0017508586750257815
0.06193602142886312 0.0017508586750257815
0.0627625767234056 0.0017716996102664045
0.0627625767234056 0.0017716996102664045
0.06430479922419155 0.0017763346104301197
0.06515430033010575 0.0017974747649750532
0.06646485075594177 0.0018039792578158844
0.06777842634591097 0.0018176816805886627
0.06816604916715077 0.0018593670397491113
0.06995039083636106 0.0018604051143840238
0.06995039083636106 0.0018604051143840238
0.07054789682761703 0.0018611260985525258
0.07224433062591687 0.0019097251605202587
0.07265450140959312 0.001923486705385966
0.07423998742220321 0.001931683514517551
0.07424485070379563 0.0019445819036411297
0.07424485070379563 0.0019445819036411297
0.07632301426532999 0.00196928808796284
0.0770970176539546 0.001983261088887479
0.07797189592273139 0.0019990551193029837
