0.007465431299285068 0.0008633242250521412
0.007697872155925871 0.0008933594873039485
0.007731368621789939 0.0008974741361773439
0.00788087941026303 0.0009169064303314268
0.00788087941026303 0.0009169064303314268
0.00788087941026303 0.0009169064303314268
0.00815646482397847 0.000952365101371803
0.00815646482397847 0.000952365101371803
0.008316255728102635 0.0009739760558986185
0.008387761201830525 0.0009832393122990789
0.008500876953081906 0.0009978332890907124
0.008619999310795495 0.0010133300737416996
0.008824264591701247 0.0010396371263747379
0.008867799213867936 0.0010446975722900077
0.008967341643978633 0.001058448489564034
0.009205205840462607 0.0010892525741054526
0.009221226576157615 0.0010910271547162542
0.009259657786619496 0.0010960277011970753
0.009560727207867742 0.001135098761551163
0.009602818578236902 0.0011408320294815889
0.0096730072286828 0.001150069286600296
0.009727239804977385 0.001156860378051626
0.009727239804977385 0.001156860378051626
0.009777654939802597 0.001163394724969047
0.009821791513117462 0.0011693075913935752
0.00991729546602349 0.001181521860720785
0.00996143715007593 0.0011872099161064264
0.010062363160572503 0.0012003242853084225
0.010179241179115972 0.0012150501019718455
0.01038498984520175 0.0012420954682303355
0.010409276217746344 0.0012455355152776724
0.010409276217746344 0.0012455355152776724
0.010450367201793152 0.001250839302591046
0.010515827031186312 0.001259277850329764
0.010570584633918259 0.0012663926641628101
0.010570584633918259 0.0012663926641628101
0.010766902857671568 0.0012918830420773975
0.010944445815222234 0.0013148397018925
0.010948270399174035 0.001315428422683714
0.012115203757324246 0.0013596264413971134
0.012116770456997902 0.0013634473546662292
0.012119124040634996 0.0013640725218560038
0.012119124040634996 0.0013640725218560038
0.012122870268891372 0.0013679075775637017
0.01212592622406131 0.0013691488658268108
0.012142396689066222 0.001372115706415628
0.012145458366313982 0.0013740550446768116
0.012145458366313982 0.0013740550446768116
0.012149220175289641 0.0013764377915394326
0.012149398662565043 0.0013839956339883755
0.012160839722930361 0.0013871736495140996
0.012169268901005663 0.0013927841526914383
0.012169268901005663 0.0013927841526914383
0.012176057572783986 0.0013934366567130967
0.01217608837922325 0.0013968838610233178
0.012183928443937612 0.0013984221710959164
0.012183928443937612 0.0013984221710959164
0.012190069248341042 0.0014055088013695213
0.012196647528199038 0.0014083728293562837
0.012196647528199038 0.0014083728293562837
0.01219800713584527 0.0014107009772114797
0.012199231160608408 0.0014111133432688533
0.012199231160608408 0.0014111133432688533
0.012199231160608408 0.0014111133432688533
0.012204949106157546 0.0014133359179084233
0.012211789558762344 0.001416069558916244
0.012211968204421728 0.0014161826732755343
0.012212855097020749 0.0014182486651506188
0.01221611193773104 0.0014226594577141083
0.01222144431891068 0.0014245547089488972
0.01222144431891068 0.0014245547089488972
0.012224809765553341 0.0014256768174039293
0.012225231445787731 0.0014260944514719162
0.012225231445787731 0.0014260944514719162
0.012225231445787731 0.0014260944514719162
0.012225231445787731 0.0014260944514719162
0.012228686692091408 0.0014302259513165423
0.012228686692091408 0.0014302259513165423
0.01223277337021966 0.001433566071895869
0.012243021214776674 0.001437659701406554
0.012250089073933712 0.001443104734164759
0.012253586127374793 0.0014436208855738784
0.012253602550015938 0.001445218771174708
0.01225711283444347 0.0014473309292168778
0.01225711283444347 0.0014473309292168778
0.012266348165017841 0.0014506271468905868
0.012266348165017841 0.0014506271468905868
0.01226726870309397 0.0014506728680388692
0.01226726870309397 0.0014506728680388692
0.01226726870309397 0.0014506728680388692
0.012268536535056987 0.001452013320636253
0.012278896587831139 0.0014604389754181199
0.012278896587831139 0.0014604389754181199
0.012282294262886784 0.0014607276858212934
0.012282294262886784 0.0014607276858212934
0.012283585109410274 0.0014632601437063173
0.012294022607401355 0.0014681566495847228
0.01232014099602121 0.0014807802305901118
0.012324723787511056 0.0014837681380674094
0.012326773669674768 0.00148434239330257
0.012328979653688654 0.0014877188867685738
0.012330022136281751 0.0014877516167984713
0.012330022136281751 0.0014877516167984713
0.012330245440423266 0.0014879861528437383
0.016765974150228544 0.0016125920617403476
0.020164342689933237 0.0017041110788882177
0.02155255819430466 0.0017410519601876926
0.02228435559830895 0.0017607976561725132
0.022565820840160105 0.0017683765201794324
0.02310384490536931 0.0017826450655243748
0.023554165317277272 0.0017944602707854452
0.023584847519722604 0.0017955557263633895
0.023663752544732828 0.0017977238231060386
0.023680838155384864 0.001798131839918257
0.023709691971247233 0.001798951858128905
0.02372434047919448 0.001799329130913296
0.023736815309427114 0.0017996579586629516
0.023947073010053384 0.0018050659651901
0.023947073010053384 0.0018050659651901
0.023947073010053384 0.0018050659651901
0.023951481005517743 0.0018054296659179001
0.024001944574199345 0.001806593242746985
0.024003358865602977 0.001806712570561686
0.024062718874348774 0.0018083968959925892
0.02410620829357612 0.0018095549601187147
0.024214818596812217 0.001812344983055735
0.02428429001212945 0.0018142738834645042
0.024334735105957617 0.0018155405612056835
0.024341598770909793 0.0018157745386766498
0.024341598770909793 0.0018157745386766498
0.024341598770909793 0.0018157745386766498
0.024481430015768347 0.0018190307174547858
0.024513057998985913 0.0018202895137895718
0.02451657851537865 0.0018204196344422793
0.02454223032211048 0.0018210782482625232
0.024569578633088753 0.001821620382270296
0.024583062370730796 0.0018221561903604085
0.024587534504777065 0.0018223461198178842
0.024587534504777065 0.0018223461198178842
0.024763541180434508 0.0018269675364367207
0.024794754003262566 0.0018274502947882812
0.024794754003262566 0.0018274502947882812
0.024794754003262566 0.0018274502947882812
0.02486143608875484 0.001829626737570381
0.024904361899608214 0.0018306884351096471
0.024924808908398696 0.0018312314853119209
0.02494602963413689 0.0018318852121254553
0.024951141569813474 0.001832014875964258
0.025026781308881273 0.0018340128646888037
0.025071880737008192 0.0018350721225064122
0.025096405003692708 0.0018357702759216638
0.025096405003692708 0.0018357702759216638
0.025096405003692708 0.0018357702759216638
0.02511864900745252 0.0018362162771412666
0.02515382418171879 0.0018370013621694411
0.02515382418171879 0.0018370013621694411
0.025194169774854665 0.0018383600919380052
0.025200323844322275 0.0018386247968903069
0.025240077745743262 0.0018394596851046235
0.025240077745743262 0.0018394596851046235
0.025249489637021255 0.0018395578860075665
0.025304265447845243 0.0018413027468898058
0.025343025210119358 0.0018422067197307742
0.025343025210119358 0.0018422067197307742
0.02543445773517441 0.0018449415404657905
0.025479587109326667 0.001846167539558991
0.0254988097410692 0.0018463448043800747
0.025502716170741967 0.0018464748617377006
0.025534440374649865 0.0018476158678381494
0.025579136951167737 0.0018488448016394823
0.025690234645627925 0.0018515522841496637
0.025720660981322828 0.0018525374869256199
0.025766587055272412 0.0018536481950519042
0.02582495764890442 0.0018552699104230556
0.025830849129558547 0.0018553784645790128
0.0258439557839127 0.0018557246807568346
0.0258439557839127 0.0018557246807568346
0.02588510199921272 0.0018566885330517722
0.02588510199921272 0.0018566885330517722
0.02588510199921272 0.0018566885330517722
0.02588510199921272 0.0018566885330517722
0.02588510199921272 0.0018566885330517722
0.02588510199921272 0.0018566885330517722
0.02588510199921272 0.0018566885330517722
0.02588510199921272 0.0018566885330517722
0.02588510199921272 0.0018566885330517722
0.02588510199921272 0.0018566885330517722
0.02588510199921272 0.0018566885330517722
0.02588510199921272 0.0018566885330517722
0.02588510199921272 0.0018566885330517722
0.02588510199921272 0.0018566885330517722
0.02588510199921272 0.0018566885330517722
0.02588510199921272 0.0018566885330517722
0.02588510199921272 0.0018566885330517722
0.02588510199921272 0.0018566885330517722
0.02588510199921272 0.0018566885330517722
0.02588510199921272 0.0018566885330517722
0.02588510199921272 0.0018566885330517722
0.02588510199921272 0.0018566885330517722
0.02588510199921272 0.0018566885330517722
0.02588510199921272 0.0018566885330517722
0.02588510199921272 0.0018566885330517722
0.02588510199921272 0.0018566885330517722
0.02588510199921272 0.0018566885330517722
0.02588510199921272 0.0018566885330517722
0.02588510199921272 0.0018566885330517722
0.02588510199921272 0.0018566885330517722
0.02588510199921272 0.0018566885330517722
0.02588510199921272 0.0018566885330517722
0.02588510199921272 0.0018566885330517722
0.02588510199921272 0.0018566885330517722
0.02588510199921272 0.0018566885330517722
0.02588510199921272 0.0018566885330517722
0.02588510199921272 0.0018566885330517722
0.02588510199921272 0.0018566885330517722
0.02588510199921272 0.0018566885330517722
0.02588510199921272 0.0018566885330517722
0.02588510199921272 0.0018566885330517722
0.02588510199921272 0.0018566885330517722
0.02588510199921272 0.0018566885330517722
0.02588510199921272 0.0018566885330517722
0.02588510199921272 0.0018566885330517722
0.02588510199921272 0.0018566885330517722
0.02588510199921272 0.0018566885330517722
0.02588510199921272 0.0018566885330517722
0.02588510199921272 0.0018566885330517722
0.025956097590667155 0.001858796757462339
0.025956097590667155 0.001858796757462339
0.025956097590667155 0.001858796757462339
0.025983970133325165 0.001858908113366939
0.025983970133325165 0.001858908113366939
0.025991534776316973 0.0018595207013451832
0.025992973635421208 0.0018597060358964612
0.026019695468883997 0.0018603901878702484
0.026019695468883997 0.0018603901878702484
0.026084237183896835 0.0018622413911683023
0.026110260662087166 0.0018628897080686854
0.026118246122351058 0.0018630522383145092
0.026146915567515125 0.0018638770320322977
0.026162755946948335 0.001864238297116021
0.026162755946948335 0.001864238297116021
0.026162755946948335 0.001864238297116021
0.026311011423162903 0.0018679676290160553
0.026311011423162903 0.0018679676290160553
0.026311011423162903 0.0018679676290160553
0.026311011423162903 0.0018679676290160553
0.026312466644381773 0.0018681898076367887
0.026325776110727166 0.0018684262466160003
0.026382081509534798 0.0018697479455109245
0.02642013201036047 0.0018707982118408525
0.026436374963531257 0.0018715233463474051
0.026441247893014275 0.0018717668511988896
0.026453285019417398 0.0018719175326182222
0.02667102930737584 0.0018771450183494396
0.02671011356914377 0.0018788855415250525
0.026720142510424705 0.0018790909834833541
0.0267301336734832 0.0018793227793252915
0.026797398905554118 0.0018811111572507124
0.026800723172237036 0.0018811539839520915
0.026800723172237036 0.0018811539839520915
0.026831946151511597 0.0018821022695274196
0.02689543852102326 0.001883742133780428
0.026914781243046165 0.0018842474857807294
0.02694729471941567 0.0018851814327555012
0.02701258417800538 0.0018868628370083324
0.02704182763100525 0.0018876072382905938
0.027045962509221887 0.0018879488161495845
0.027068916256028523 0.0018881850701680607
0.027079855436853338 0.0018884339613290256
0.02708106293244876 0.0018886308956455925
0.027190401086140695 0.0018917019582583513
0.027269764017171273 0.0018934563995155473
0.027274994883398827 0.0018937915958131433
0.027314591496162957 0.0018949408273333584
0.027434776168561735 0.0018975721955748555
0.027463393915044428 0.001898845364144452
0.02750386236335227 0.0018999539589245142
0.02750386236335227 0.0018999539589245142
0.027505824121084536 0.001900006212964436
0.027588839034380138 0.0019021995301562976
0.02768480574848801 0.0019046194835095928
0.02768480574848801 0.0019046194835095928
0.027704104805816754 0.0019052210874109972
0.027704104805816754 0.0019052210874109972
0.027833851911296306 0.00190879492349881
0.027915324620206072 0.0019109242383811673
0.0282230079215732 0.0019191815598781463
0.0282230079215732 0.0019191815598781463
0.02823582384740629 0.0019193019519779695
0.028254396501133906 0.0019197848034829834
0.02826798582203321 0.0019203363483537472
0.02826798582203321 0.0019203363483537472
0.02826798582203321 0.0019203363483537472
0.02826798582203321 0.0019203363483537472
0.028297992168988026 0.0019211358581289646
0.028332017077516914 0.0019220425483293547
0.02851895541260129 0.001927023396674124
0.028675810563580238 0.0019313038117185382
0.028737701715800795 0.0019320582922942695
0.02884202026269032 0.0019356690522193782
0.028913956794841655 0.001937705072362419
0.02899312950937836 0.001939758445499173
0.02899532651574702 0.0019398169688276247
0.029176699932851314 0.0019444870867200547
0.0292082396219486 0.0019454103096339134
0.029273491830726396 0.0019466780581502286
0.029273491830726396 0.0019466780581502286
0.02931274738890154 0.0019477230137111608
0.029354291605003524 0.0019493579578860824
0.02944424116973442 0.0019516004412829403
0.029495613545966817 0.0019530488358960763
0.029765658131909074 0.0019589777031578178
0.02977897429724988 0.001960282839538985
0.029815101728105975 0.0019613672879424085
0.029858859889176984 0.001961913999523947
0.03011448787964398 0.001969385128253294
0.030290793492145213 0.0019742366786876502
0.030290793492145213 0.0019742366786876502
0.030290793492145213 0.0019742366786876502
0.03058720561481838 0.0019817329540984877
0.030604607864554614 0.0019820744781907126
0.0306797586970273 0.0019845052158561152
0.030858221577958287 0.0019888639984325996
0.030858221577958287 0.0019888639984325996
0.030858221577958287 0.0019888639984325996
0.030858221577958287 0.0019888639984325996
0.030858221577958287 0.0019888639984325996
0.030858221577958287 0.0019888639984325996
0.030858221577958287 0.0019888639984325996
0.030858221577958287 0.0019888639984325996
0.030858221577958287 0.0019888639984325996
0.030858221577958287 0.0019888639984325996
0.030858221577958287 0.0019888639984325996
0.030858221577958287 0.0019888639984325996
0.030858221577958287 0.0019888639984325996
0.030858221577958287 0.0019888639984325996
0.030858221577958287 0.0019888639984325996
0.030858221577958287 0.0019888639984325996
0.030858221577958287 0.0019888639984325996
0.030858221577958287 0.0019888639984325996
0.030858221577958287 0.0019888639984325996
0.030858221577958287 0.0019888639984325996
0.030858221577958287 0.0019888639984325996
0.030858221577958287 0.0019888639984325996
0.030858221577958287 0.0019888639984325996
0.030858221577958287 0.0019888639984325996
0.030858221577958287 0.0019888639984325996
0.030858221577958287 0.0019888639984325996
0.030858221577958287 0.0019888639984325996
0.030858221577958287 0.0019888639984325996
0.030858221577958287 0.0019888639984325996
0.030858221577958287 0.0019888639984325996
0.030858221577958287 0.0019888639984325996
0.030858221577958287 0.0019888639984325996
0.030858221577958287 0.0019888639984325996
0.030858221577958287 0.0019888639984325996
0.030858221577958287 0.0019888639984325996
0.030858221577958287 0.0019888639984325996
0.030858221577958287 0.0019888639984325996
0.030858221577958287 0.0019888639984325996
0.030858221577958287 0.0019888639984325996
0.030858221577958287 0.0019888639984325996
0.030858221577958287 0.0019888639984325996
0.030858221577958287 0.0019888639984325996
0.030858221577958287 0.0019888639984325996
0.030858221577958287 0.0019888639984325996
0.030858221577958287 0.0019888639984325996
0.030858221577958287 0.0019888639984325996
0.030858221577958287 0.0019888639984325996
0.030858221577958287 0.0019888639984325996
0.030858221577958287 0.0019888639984325996
0.030858221577958287 0.0019888639984325996
0.030858221577958287 0.0019888639984325996
0.030858221577958287 0.0019888639984325996
0.030858221577958287 0.0019888639984325996
0.030858221577958287 0.0019888639984325996
0.030858221577958287 0.0019888639984325996
0.030858221577958287 0.0019888639984325996
0.030858221577958287 0.0019888639984325996
0.030858221577958287 0.0019888639984325996
0.030858221577958287 0.0019888639984325996
0.030858221577958287 0.0019888639984325996
0.030858221577958287 0.0019888639984325996
0.030858221577958287 0.0019888639984325996
0.030858221577958287 0.0019888639984325996
0.030858221577958287 0.0019888639984325996
0.030858221577958287 0.0019888639984325996
0.030858221577958287 0.0019888639984325996
0.030858221577958287 0.0019888639984325996
0.030858221577958287 0.0019888639984325996
0.030858221577958287 0.0019888639984325996
0.030858221577958287 0.0019888639984325996
0.030858221577958287 0.0019888639984325996
0.030858221577958287 0.0019888639984325996
0.030858221577958287 0.0019888639984325996
0.030858221577958287 0.0019888639984325996
0.030858221577958287 0.0019888639984325996
0.030858221577958287 0.0019888639984325996
0.030858221577958287 0.0019888639984325996
0.030858221577958287 0.0019888639984325996
0.030858221577958287 0.0019888639984325996
0.030858221577958287 0.0019888639984325996
0.030858221577958287 0.0019888639984325996
0.030858221577958287 0.0019888639984325996
0.030858221577958287 0.0019888639984325996
0.030858221577958287 0.0019888639984325996
0.030858221577958287 0.0019888639984325996
0.030858221577958287 0.0019888639984325996
0.030858221577958287 0.0019888639984325996
0.030858221577958287 0.0019888639984325996
0.030858221577958287 0.0019888639984325996
0.030858221577958287 0.0019888639984325996
0.030858221577958287 0.0019888639984325996
0.030858221577958287 0.0019888639984325996
0.030858221577958287 0.0019888639984325996
0.030858221577958287 0.0019888639984325996
0.030858221577958287 0.0019888639984325996
0.030858221577958287 0.0019888639984325996
0.030858221577958287 0.0019888639984325996
0.030858221577958287 0.0019888639984325996
0.030858221577958287 0.0019888639984325996
0.030858221577958287 0.0019888639984325996
0.030858221577958287 0.0019888639984325996
0.030858221577958287 0.0019888639984325996
0.030858221577958287 0.0019888639984325996
0.030858221577958287 0.0019888639984325996
0.030858221577958287 0.0019888639984325996
0.030858221577958287 0.0019888639984325996
0.030858221577958287 0.0019888639984325996
0.030858221577958287 0.0019888639984325996
0.030858221577958287 0.0019888639984325996
0.030858221577958287 0.0019888639984325996
0.030858221577958287 0.0019888639984325996
0.030858221577958287 0.0019888639984325996
0.030858221577958287 0.0019888639984325996
0.030964672651989926 0.001992194989243278
0.03120894531368818 0.00199848658020562
0.03120894531368818 0.00199848658020562
0.03126422603342098 0.001999460166822977
0.03126422603342098 0.001999460166822977
0.03126422603342098 0.001999460166822977
0.03126422603342098 0.001999460166822977
0.0313024273977464 0.002000688868907949
0.031354263692745396 0.00200269783456946
0.031382476862982456 0.002003501777117641
0.03155144708204129 0.0020072554012398455
0.03157081496712811 0.0020080682384429793
0.03162594833890646 0.002009519919536762
0.03162594833890646 0.002009519919536762
0.031846659537068354 0.002015479609097798
0.03225735417184698 0.0020261232098109107
0.032378759125295 0.0020294444055097526
0.032545468310230516 0.0020343167804998843
0.032545468310230516 0.0020343167804998843
0.032612695100314795 0.0020357080937150763
0.032612695100314795 0.0020357080937150763
0.032612695100314795 0.0020357080937150763
0.032612695100314795 0.0020357080937150763
0.032612695100314795 0.0020357080937150763
0.032612695100314795 0.0020357080937150763
0.032612695100314795 0.0020357080937150763
0.032746275626887665 0.0020396253796251683
0.03294348196665679 0.0020446470652782586
0.03294348196665679 0.0020446470652782586
0.03294348196665679 0.0020446470652782586
0.03294348196665679 0.0020446470652782586
0.03311722395548851 0.0020496433706383545
0.033228940843926455 0.0020525128459956154
0.03324524163204127 0.0020527936422621877
0.033267654623992206 0.0020530038109262258
0.033267654623992206 0.0020530038109262258
0.033267654623992206 0.0020530038109262258
0.03328391734504247 0.0020534364122968196
0.033306239529102465 0.0020545689704145826
0.03335440174282466 0.0020557515602393685
0.03335440174282466 0.0020557515602393685
0.03338244421780514 0.0020565093751878628
0.03349944891224646 0.0020597477571322673
0.03351865045211052 0.002060380678834757
0.03356732238116488 0.0020614919040657423
0.033614350009489626 0.0020628044058542618
0.033614350009489626 0.0020628044058542618
0.03367875358152516 0.0020646242791923343
0.03375166672381423 0.00206658738066926
0.03391095831144496 0.0020708435430720775
0.033965592332223835 0.0020718322673685015
0.03403301422402743 0.0020740900502954165
0.03403301422402743 0.0020740900502954165
0.03407332504755166 0.002074544168065988
0.03422195668393438 0.002079195907009216
0.0342445636185052 0.0020793263461040415
0.0342445636185052 0.0020793263461040415
0.03426658885427199 0.002079619961017736
0.03426658885427199 0.002079619961017736
0.03429055024903292 0.002080610693289931
0.03430581118402282 0.002081036909120836
0.034344505310353476 0.002082436932104368
0.03456159151988436 0.0020880561925731398
0.034579299620744075 0.0020885504063903556
0.0347085353903412 0.0020911030610221127
