0.0537769366055727 0.0016099750064313412
0.0537769366055727 0.0016099750064313412
0.03908569738268852 0.0012644865200854838
0.05102028138935566 0.0015665520331822336
0.05377529747784138 0.0016099493950605392
0.05377471446990967 0.0016099397325888276
0.03908530902117491 0.0012644697999348864
0.03908719960600138 0.0012645506503758952
0.05377435777336359 0.001609934726729989
0.05630193930119276 0.0016493021394126117
0.05630193930119276 0.0016493021394126117
0.0390859330072999 0.0012644965172512457
0.05102028138935566 0.0015665520331822336
0.039083417505025864 0.0012643887748708948
0.05629423446953297 0.0016491819988004863
0.05377220455557108 0.0016099013155326247
0.05377220455557108 0.0016099013155326247
0.056294641457498074 0.0016491884889546782
0.053773365914821625 0.001609919359907508
0.03805128112435341 0.0012201746576465666
0.05377683974802494 0.0016099734930321574
0.05629536882042885 0.0016491998685523868
0.03908207081258297 0.001264331047423184
0.056289161555469036 0.0016491030692122877
0.05102028138935566 0.0015665520331822336
0.05102028138935566 0.0015665520331822336
0.04017760045826435 0.0013115400652168319
0.05377819295972586 0.0016099942149594426
0.04017760045826435 0.0013115400652168319
0.05377692077308893 0.0016099743661470711
0.08324074745178223 0.0020941731054335833
0.0380475502461195 0.001220014994032681
0.03804665710777044 0.0012199773045722395
0.039082517847418785 0.001264355145394802
0.05629770923405886 0.0016492362192366272
0.05376675259321928 0.0016098072519525886
0.03908495232462883 0.001264454796910286
0.03805055841803551 0.0012201436329632998
0.0417377520352602 0.0013474099687300622
0.04173903539776802 0.0013476612220983952
0.05102028138935566 0.0015665520331822336
0.05630189273506403 0.0016493012371938676
0.056294272653758526 0.0016491826681885868
0.05630110576748848 0.0016492890426889062
0.03908156231045723 0.0012643092486541718
0.053766241297125816 0.0016097958432510495
0.053774512372910976 0.0016099372296594083
0.037457932718098164 0.0011640581797109917
0.039083998650312424 0.0012644138187170029
0.05629654694348574 0.001649218174861744
0.039083415642380714 0.0012643886439036578
0.05629459582269192 0.0016491878486704081
0.05377856828272343 0.0016100001521408558
0.053777228109538555 0.0016099795466288924
0.03804781287908554 0.0012200265191495419
0.05629574600607157 0.001649205689318478
0.039085833355784416 0.0012644947128137574
0.03908523079007864 0.0012644666858250275
0.05630082730203867 0.0016492845898028463
0.053778111934661865 0.001609993283636868
0.05377368815243244 0.001609924016520381
0.04017760045826435 0.0013115400652168319
0.041735549457371235 0.0013473275466822088
0.041735549457371235 0.0013473275466822088
0.05628922954201698 0.0016491042624693364
0.05102028138935566 0.0015665520331822336
0.053777762688696384 0.0016099875792860985
0.05376932490617037 0.0016098563210107386
0.05629354156553745 0.0016491714923176914
0.08324074745178223 0.0020941731054335833
0.05102028138935566 0.0015665520331822336
0.05102028138935566 0.0015665520331822336
0.03908047080039978 0.001264262493350543
0.03908732533454895 0.0012645559618249536
0.03745621722191572 0.0011640065349638462
0.053983247838914394 0.0016167891735676676
0.05628900323063135 0.001649100799113512
0.056296116672456264 0.0016492115682922304
0.03908683639019728 0.001264543563593179
0.03908683639019728 0.001264543563593179
0.05629733297973871 0.0016492305148858577
0.05629304889589548 0.0016491638380102813
0.053775918669998646 0.0016099591157399118
0.05377647466957569 0.0016099673812277615
0.05377585720270872 0.0016099579515866935
0.05630072485655546 0.001649283105507493
0.05629983264952898 0.0016492691938765347
0.056298332288861275 0.0016492460563313216
0.056296191178262234 0.0016492127324454486
0.056296191178262234 0.0016492127324454486
0.05377132724970579 0.0016098825726658106
0.056292551569640636 0.0016491558926645666
0.039082917384803295 0.0012643672671401873
0.03397249523550272 0.0009059373260242864
0.053772926330566406 0.0016099104541353881
0.03908502869307995 0.0012644579401239753
0.05102028138935566 0.0015665520331822336
0.053977987729012966 0.0016166985442396253
0.05376033764332533 0.0016096752369776368
0.056293126195669174 0.001649165089474991
0.056298309937119484 0.0016492455906700343
0.03908672463148832 0.0012645303359022364
0.039083050563931465 0.0012643736554309726
0.053774017840623856 0.0016099290805868804
0.038050610572099686 0.0012201460194773972
0.053773144260048866 0.0016099157510325313
0.0417369594797492 0.0013473605795297772
0.03804674372076988 0.0012199817865621299
0.05377563089132309 0.0016099545755423605
0.056296379305422306 0.0016492154391016811
0.04017760045826435 0.0013115400652168319
0.056290240958333015 0.0016491188434883952
0.03908275719732046 0.001264360485947691
0.04173752758651972 0.0013474051957018673
0.05629568547010422 0.0016492048453073949
0.05376780033111572 0.001609832455869764
0.05376780033111572 0.001609832455869764
0.056295051239430904 0.0016491946298629045
0.056295051239430904 0.0016491946298629045
0.05629869643598795 0.0016492516151629388
0.05629869643598795 0.0016492516151629388
0.05377326440066099 0.0016099176136776805
0.056295229122042656 0.0016491976857651025
0.08324074745178223 0.0020941731054335833
0.05377883929759264 0.0016100045177154243
0.05378072336316109 0.0016100334469228983
0.05398063641041517 0.0016167439171113074
0.05398063641041517 0.0016167439171113074
0.05377617757767439 0.0016099631902761757
0.05628900323063135 0.001649100799113512
0.05377343762665987 0.001609920582268387
0.053763591684401035 0.001609767263289541
0.05377201363444328 0.0016098981723189354
0.03909510187804699 0.0012649191194213927
0.05102028138935566 0.0015665520331822336
0.0562966438010335 0.0016492196009494364
0.038050091825425625 0.0012201238132547587
0.05377574637532234 0.0016099563799798489
0.05377221293747425 0.0016099013737402856
0.056291102431714535 0.0016491335700266063
0.037457628175616264 0.0011640421580523252
0.04017760045826435 0.0013115400652168319
0.037458290345966816 0.001164064757176675
0.039084890857338905 0.0012644516536965966
0.05376675259321928 0.0016098072519525886
0.05629260744899511 0.0016491568530909717
0.05629683658480644 0.0016492226859554648
0.053773198276758194 0.0016099167987704277
0.053770738653838634 0.0016098771593533456
0.05377824045717716 0.001609995262697339
0.05377341527491808 0.0016099201748147607
0.05629851762205362 0.0016492487047798932
0.056296518072485924 0.001649217476369813
0.08324074745178223 0.0020941731054335833
0.05102028138935566 0.0015665520331822336
0.05629478208720684 0.0016491907299496233
0.041737793013453484 0.00134742385125719
0.05629542749375105 0.0016492006834596395
0.05629538930952549 0.0016492001595906913
0.053779689595103264 0.0016100178472697735
0.039086502976715565 0.0012645250535570085
0.037455261684954166 0.0011639627336990088
0.04205439239740372 0.001366954093100503
0.056297135539352894 0.0016492273716721684
0.05377051327377558 0.00160987488925457
0.05628804489970207 0.0016490858979523182
0.056296881288290024 0.0016492234717588872
0.0380494799464941 0.0012200975324958563
0.03908633254468441 0.0012645135284401476
0.03908633254468441 0.0012645135284401476
0.056294048205018044 0.001649178913794458
0.05102028138935566 0.0015665520331822336
0.056298309937119484 0.0016492455906700343
0.05629040766507387 0.001649119396461174
0.04017760045826435 0.0013115400652168319
0.039086610078811646 0.0012645254901144654
0.039086610078811646 0.0012645254901144654
0.05377862136811018 0.0016100012580864131
0.039084652438759804 0.0012644416419789195
0.039084652438759804 0.0012644416419789195
0.05629590339958668 0.001649208104936406
0.0562896067276597 0.0016491101414430887
0.053778509609401226 0.0016099994536489248
0.0420547965914011 0.0013669673935510218
0.05629540514200926 0.001649200450628996
0.05377497337758541 0.001609944156371057
0.0562990652397275 0.0016492574650328606
0.056295208632946014 0.001649197074584663
0.053775936365127563 0.0016099593485705554
0.03805075027048588 0.0012201526842545718
0.056295180693268776 0.001649196958169341
0.0374565739184618 0.0011640098236966878
0.05629757605493069 0.0016492342401761562
0.05629799421876669 0.0016492408176418394
0.03804672509431839 0.001219979632878676
0.05102028138935566 0.0015665520331822336
0.05377456545829773 0.0016099380445666611
0.05626704730093479 0.0016487188113387674
0.05630195885896683 0.0016493024304509163
0.04017760045826435 0.0013115400652168319
0.05629470944404602 0.0016491895949002355
0.053770833648741245 0.0016098798369057477
0.05377188418060541 0.001609895727597177
0.053773583844304085 0.0016099227359518409
0.05377456545829773 0.0016099380445666611
0.05377446487545967 0.0016099364147521555
0.053777228109538555 0.0016099795466288924
0.03804950602352619 0.0012200987548567355
0.05628902744501829 0.0016491011483594775
0.08324074745178223 0.0020941731054335833
0.0562867745757103 0.001649066136451438
0.05629229824990034 0.0016491521091666073
0.03745652548968792 0.0011640068260021508
0.03908565267920494 0.0012644853413803503
0.05629532318562269 0.0016491991700604558
0.056299153715372086 0.0016492583090439439
0.04017760045826435 0.0013115400652168319
0.05377210583537817 0.00160989974392578
0.05377374682575464 0.0016099251224659383
0.05629426892846823 0.001649182609980926
0.05102028138935566 0.0015665520331822336
0.05377591587603092 0.001609958941116929
0.04173742327839136 0.0013473890430759639
0.05629533901810646 0.001649199373787269
0.05102028138935566 0.0015665520331822336
0.05378011241555214 0.0016100232605822384
0.05377388186752796 0.0016099274507723749
0.05377724301069975 0.001609979779459536
0.056288646534085274 0.0016490953275933862
0.03804814908653498 0.0012200428172945976
0.05377450119704008 0.0016099369386211038
0.053985459730029106 0.001616826542885974
0.038051736541092396 0.0012201941572129726
0.03804682660847902 0.001219993835547939
0.0537762651219964 0.0016099642380140722
0.03908322751522064 0.0012643807422136888
0.05377775337547064 0.0016099873464554548
0.05377831403166056 0.0016099963104352355
0.03908333741128445 0.0012643873342312872
0.053775942884385586 0.0016099595231935382
0.05629132688045502 0.0016491368878632784
0.053773583844304085 0.0016099223867058754
0.05629770923405886 0.001649236335651949
0.039094751700758934 0.001264904421987012
0.056296275928616524 0.0016492137219756842
0.05102028138935566 0.0015665520331822336
0.03908990044146776 0.0012646734394365922
0.03908604010939598 0.0012645032111322507
0.0537761552259326 0.0016099624335765839
0.038046727888286114 0.0012199797492939979
0.038046727888286114 0.0012199797492939979
0.03908677585422993 0.0012645414826693013
0.039083623327314854 0.0012643976224353537
0.053984303027391434 0.0016168071306310594
0.05629830062389374 0.0016492455324623734
0.03908193111419678 0.0012643250083783641
0.053775631822645664 0.0016099546337500215
0.05377480108290911 0.0016099410131573677
0.03745833598077297 0.0011640662996796891
0.056290038861334324 0.0016491168935317546
0.05377653241157532 0.0016099686617963016
0.04017760045826435 0.0013115400652168319
0.05378117226064205 0.0016100408392958343
0.05378117226064205 0.0016100408392958343
0.05375636648386717 0.0016096255858428776
0.05102028138935566 0.0015665520331822336
0.0390829024836421 0.0012643665686482564
0.056298116222023964 0.001649242709390819
0.05376693978905678 0.001609819126315415
0.039086746983230114 0.0012645324313780293
0.038050178438425064 0.001220127393025905
0.05377840902656317 0.0016099975910037756
0.038049742579460144 0.001220109552377835
0.038047933019697666 0.0012200327473692596
0.03908361680805683 0.0012643972877413034
0.05629661679267883 0.0016492193681187928
0.03804503474384546 0.0012199075426906347
0.03908363450318575 0.001264402744709514
0.053772409446537495 0.001609904458746314
0.05377529747784138 0.0016099493950605392
0.05629804078489542 0.001649241108680144
0.05377394985407591 0.0016099282656796277
0.05629924312233925 0.0016492603754159063
0.05630253907293081 0.0016493116854690015
0.0539830457419157 0.0016167854191735387
0.05629769712686539 0.0016492358990944922
0.05377563089132309 0.0016099545755423605
0.05377394985407591 0.0016099282656796277
0.056294453330338 0.0016491855785716325
0.05377620458602905 0.0016099635395221412
0.03804913256317377 0.0012200908968225121
0.05629597511142492 0.0016492089489474893
0.053769296035170555 0.0016098543419502676
0.03804527688771486 0.0012199431657791138
0.03804527688771486 0.0012199431657791138
0.0562867745757103 0.001649066136451438
0.039083573035895824 0.0012643953814404085
0.0562872476875782 0.0016490734415128827
0.039085593074560165 0.0012644821108551696
0.038047024980187416 0.0012200023629702628
0.03908551950007677 0.001264478763914667
0.05102028138935566 0.0015665520331822336
0.05398588068783283 0.0016168337024282664
0.05102028138935566 0.0015665520331822336
0.05628939066082239 0.0016491061251144856
0.0537797873839736 0.0016100194188766181
0.05377842765301466 0.0016099982312880456
0.037455287761986256 0.0011639629083219916
0.053984303027391434 0.0016168071306310594
0.03804678097367287 0.0012199828051961958
0.05377201363444328 0.0016098981723189354
0.056300713680684566 0.0016492829308845103
0.056300035677850246 0.0016492725699208677
0.05376750882714987 0.0016098280902951956
0.05377511400729418 0.0016099466010928154
0.05377453099936247 0.001609937520697713
0.053776334039866924 0.0016099653439596295
0.039087084122002125 0.0012645459355553612
0.039083292707800865 0.0012643833470065147
0.05629946105182171 0.001649263547733426
0.03805308695882559 0.001220252102939412
0.03908360470086336 0.0012643967347685248
0.053777825087308884 0.001609988568816334
0.05377921648323536 0.0016100102220661938
0.03908589202910662 0.0012644949601963162
0.05629714298993349 0.0016492274298798293
0.0562976710498333 0.001649235695367679
0.056289687752723694 0.0016491113638039678
0.039095036685466766 0.00126491735863965
0.03805081360042095 0.0012201545760035515
0.056294336915016174 0.0016491837159264833
0.053774528205394745 0.001609937462490052
0.056296443566679955 0.0016492166323587298
0.05629657208919525 0.0016492183785885572
0.053769723512232304 0.0016098624328151345
0.05377688258886337 0.0016099739586934447
0.05629300605505705 0.001649162993999198
0.05629300605505705 0.001649162993999198
0.04205465968698263 0.001366958866128698
0.05629757605493069 0.0016492342401761562
0.05377456545829773 0.0016099380445666611
0.03804932814091444 0.001220094709424302
0.038049488328397274 0.0012200978526379913
0.056291788816452026 0.0016491441056132317
0.04173728823661804 0.0013473863655235618
0.056301139295101166 0.0016492898866999894
0.05102028138935566 0.0015665520331822336
0.039086115546524525 0.0012645049573620781
0.03805132582783699 0.0012201766949146986
0.053774514235556126 0.0016099372296594083
0.03908564429730177 0.0012644840899156407
0.056298346258699894 0.0016492462600581348
0.039085485972464085 0.0012644773378269747
0.03804784081876278 0.001220028760144487
0.05377787724137306 0.0016099893255159259
0.0390859330072999 0.0012644963280763477
0.03433518949896097 0.0009537461737636477
0.04017760045826435 0.0013115400652168319
0.05376185569912195 0.0016097223851829767
0.03805012721568346 0.0012201253266539425
0.03908376954495907 0.0012644037924474105
0.056295331567525864 0.0016491992864757776
0.05629670526832342 0.0016492206195835024
0.03804604895412922 0.0012199506163597107
0.053771475329995155 0.0016098898486234248
0.05377688258886337 0.0016099739586934447
0.038044398650527 0.0012198803306091577
0.03908543474972248 0.001264476522919722
0.039085556752979755 0.0012644801754504442
0.05628924537450075 0.0016491045826114714
0.05629339534789324 0.001649168087169528
0.03908536210656166 0.001264471880858764
0.037454658187925816 0.0011639406002359465
0.053776237182319164 0.0016099637723527849
0.05629829876124859 0.001649245503358543
0.056293769739568233 0.0016491747228428721
0.05630120914429426 0.001649290876230225
0.05630120914429426 0.001649290876230225
0.05102028138935566 0.0015665520331822336
0.053778388537466526 0.0016099970089271665
0.03908497653901577 0.0012644578382605687
0.05630280822515488 0.00164931477047503
0.05629904195666313 0.0016492571448907256
0.05629873834550381 0.0016492524300701916
0.05377605464309454 0.0016099608619697392
0.05102028138935566 0.0015665520331822336
0.05377380270510912 0.0016099261119961739
0.05629205610603094 0.001649148209253326
0.05377507396042347 0.0016099458443932235
0.03804975561797619 0.0012201100762467831
0.04173742234706879 0.001347388344584033
0.056291788816452026 0.0016491441056132317
0.05629535485059023 0.001649199635721743
0.056293221190571785 0.0016491663409397006
0.053771388716995716 0.0016098886262625456
0.056296154856681824 0.0016492120048496872
0.053758335299789906 0.001609657017979771
0.037457593716681004 0.0011640409793471918
0.05102028138935566 0.0015665520331822336
0.05378040857613087 0.001610028324648738
0.0537721598520875 0.0016099003260023892
0.0537752490490675 0.0016099486383609474
0.039088028483092785 0.0012645866227103397
0.038049571216106415 0.0012201036151964217
0.03804971743375063 0.001220108213601634
0.037456522695720196 0.001164006709586829
0.05629848223179579 0.0016492484137415886
0.05377388186752796 0.0016099274507723749
0.03908186033368111 0.001264322010683827
0.04482501745223999 0.001495842938311398
0.05629246216267347 0.0016491542919538915
0.053774017840623856 0.0016099294880405068
0.03908505104482174 0.0012644587404793128
0.053775579668581486 0.0016099532367661595
0.03908609692007303 0.0012645044189412147
0.05102028138935566 0.0015665520331822336
0.05102028138935566 0.0015665520331822336
0.039084588177502155 0.0012644388480111957
0.03804968297481537 0.0012201068457216024
0.03908362612128258 0.001264401085791178
0.053776735439896584 0.001609971688594669
0.05376725923269987 0.0016098240739665926
0.05377157870680094 0.0016098915366455913
0.05629392899572849 0.0016491775459144264
0.05629132688045502 0.0016491368878632784
0.05102028138935566 0.0015665520331822336
0.04173743166029453 0.0013473908766172826
0.05377865768969059 0.0016100017819553614
