0.03847093600779772 0.0012342415866442025
0.03663119859993458 0.0011208387441001832
0.03812773711979389 0.0012229562271386385
0.056323847733438015 0.0016505892563145608
0.05102028138935566 0.0015665520331822336
0.03845429513603449 0.0012335102364886552
0.04236980248242617 0.0013872105337213725
0.037207952700555325 0.0011390297731850296
0.03778578154742718 0.0012048501521348953
0.056608290411531925 0.0016609185258857906
0.03846449311822653 0.001233948249137029
0.05659869872033596 0.0016606929420959204
0.05457784701138735 0.0016261790588032454
0.0388953797519207 0.001255861556273885
0.05102028138935566 0.0015665520331822336
0.05629362724721432 0.0016501021455042064
0.03905517514795065 0.0012610398844117299
0.03888322226703167 0.0012553255364764482
0.03846639208495617 0.001234049879712984
0.054714309982955456 0.001628452620934695
0.03813044726848602 0.001223090395797044
0.05831907596439123 0.001687542098807171
0.05102028138935566 0.0015665520331822336
0.05457269120961428 0.0016260920965578407
0.05629706475883722 0.001650133985094726
0.0545800207182765 0.0016261966666206717
0.04179949127137661 0.0013497820764314383
0.05461557395756245 0.0016268119507003576
0.05663075111806393 0.0016613467887509614
0.04017760045826435 0.0013115400652168319
0.03760085720568895 0.0011988338083028793
0.03776403330266476 0.0012039476132486016
0.038473378866910934 0.0012343561102170497
0.05102028138935566 0.0015665520331822336
0.03675191570073366 0.001137944869697094
0.05629294831305742 0.0016500792116858065
0.05626945476979017 0.0016496643074788153
0.036734591238200665 0.0011371946311555803
0.04901831317692995 0.0013918538752477616
0.056637099012732506 0.001661463436903432
0.05439165327697992 0.0016204522689804435
0.05634519923478365 0.0016509137640241534
0.03888681251555681 0.001255491777556017
0.038897219114005566 0.0012559158058138564
0.037589166313409805 0.0011982560390606523
0.03760169818997383 0.0011988342739641666
0.05456550233066082 0.00162597352755256
0.05457007046788931 0.0016260408447124064
0.056305247358977795 0.0016502820944879204
0.03887923341244459 0.0012551449181046337
0.03891658131033182 0.0012568166857818142
0.05632625333964825 0.0016506124520674348
0.03889714553952217 0.0012559007009258494
0.03844710439443588 0.0012331843900028616
0.037777917459607124 0.0012045609473716468
0.03727137669920921 0.0011557554389582947
0.03887321148067713 0.0012548731901915744
0.041803859174251556 0.001350017701042816
0.05813320353627205 0.0016815820126794279
0.05102028138935566 0.0015665520331822336
0.05433717276901007 0.0016196572105400264
0.03887552209198475 0.001254957474884577
0.03811743389815092 0.0012225157697685063
0.03846463654190302 0.0012339832610450685
0.03813362680375576 0.0012232158333063126
0.05461941100656986 0.0016268535109702498
0.03673546388745308 0.0011371989385224879
0.054378279484808445 0.0016202794504351914
0.03890205826610327 0.0012561363691929728
0.03889164328575134 0.0012556731817312539
0.04017760045826435 0.0013115400652168319
0.0417424226179719 0.0013415552384685725
0.038890864700078964 0.0012556636502267793
0.03727246727794409 0.0011558459518710151
0.038469684310257435 0.001234195806318894
0.05628282018005848 0.0016499150660820305
0.05102028138935566 0.0015665520331822336
0.04017760045826435 0.0013115400652168319
0.03759758174419403 0.0011986305762548
0.0381311709061265 0.0012231070722918957
0.03847781382501125 0.0012345868453849107
0.04203230794519186 0.0013641750265378505
0.04908561520278454 0.001447201066184789
0.056313312612473965 0.0016504163504578173
0.03904863353818655 0.0012607640965143219
0.03721567150205374 0.0011393511667847633
0.058312405832111835 0.0016874275752343237
0.038891129195690155 0.0012556710717035457
0.03846167866140604 0.001233830291312188
0.04903488792479038 0.0013925936364103109
0.03891064878553152 0.0012565384822664782
0.05633255559951067 0.0016507154214195907
0.058115202002227306 0.0016812285175547004
0.05659519601613283 0.0016606624121777713
0.05669296346604824 0.0016622890252619982
0.03759049065411091 0.001198339567054063
0.056323510594666004 0.0016505595413036644
0.056233747862279415 0.0016491554852109402
0.03726795967668295 0.0011556263925740495
0.03811943344771862 0.001222579856403172
0.05808570422232151 0.0016806905041448772
0.0384462159126997 0.0012331403268035501
0.037584646604955196 0.0011980590061284602
0.054606019519269466 0.0016266576712951064
0.05628946889191866 0.0016500208294019103
0.038113489747047424 0.0012223231606185436
0.03888143878430128 0.0012552315165521577
0.03844551183283329 0.001233112212503329
0.036740971729159355 0.0011374984169378877
0.05458373297005892 0.0016262766148429364
0.038471353240311146 0.001234259339980781
0.038473778404295444 0.0012343867856543511
0.03762924391776323 0.0011999806156381965
0.04174354951828718 0.0013416380679700524
0.03551966790109873 0.001006751466775313
0.05655071698129177 0.0016598681395407766
0.03759442735463381 0.0011984891898464411
0.05454299505800009 0.001625572651391849
0.04017760045826435 0.0013115400652168319
0.05102028138935566 0.0015665520331822336
0.038084656931459904 0.0012210698041599244
0.0388833349570632 0.0012553286942420527
0.03890901245176792 0.0012564115750137717
0.03845440037548542 0.0012335107603576034
0.03813101723790169 0.0012231023865751922
0.05630223639309406 0.0016502389044035226
0.03887354023754597 0.0012548915983643383
0.05811939109116793 0.0016812928079161793
0.038477472960948944 0.001234537165146321
0.03885998297482729 0.0012542689219117165
0.04017760045826435 0.0013115400652168319
0.05436693970113993 0.0016200939426198602
0.03674935270100832 0.0011377910268492997
0.03813137300312519 0.001223137544002384
0.05831313971430063 0.001687434094492346
0.038131145760416985 0.0012231064611114562
0.056249407120049 0.0016494463779963553
0.03890100959688425 0.0012560895120259374
0.038877435959875584 0.0012550601095426828
0.05436304770410061 0.001620046910829842
0.03813203051686287 0.0012231484870426357
0.039063665084540844 0.0012613989092642441
0.03811647742986679 0.0012224795063957572
0.038886464200913906 0.0012554768472909927
0.03776995372027159 0.0012041606532875448
0.0388826560229063 0.0012553025007946417
0.05625871103256941 0.0016495468153152615
0.03890575747936964 0.0012563095078803599
0.04017760045826435 0.0013115400652168319
0.03757796809077263 0.0011977801914326847
0.038460313342511654 0.001233786199009046
0.056627687998116016 0.0016612341278232634
0.04236980248242617 0.0013872105337213725
0.056654538959264755 0.001661659247474745
0.04017760045826435 0.0013115400652168319
0.03813123423606157 0.0012231073051225394
0.0389093030244112 0.001256415926036425
0.03846776857972145 0.0012341106194071472
0.03888179548084736 0.0012552559201139957
0.0388985313475132 0.0012559871684061363
0.03905319608747959 0.0012609555560629815
0.05434867646545172 0.001619757036678493
0.05662723910063505 0.0016611927712801844
0.03890757914632559 0.0012563550553750247
0.038873033598065376 0.0012548581580631435
0.05436987895518541 0.001620131661184132
0.038476426154375076 0.001234522758750245
0.04202989023178816 0.0013639706594403833
0.05662480741739273 0.0016611809842288494
0.03759538196027279 0.001198541751364246
0.03813580330461264 0.001223304308950901
0.03813028894364834 0.0012230580614414066
0.03759530931711197 0.0011984928278252482
0.038877454586327076 0.0012550607352750376
0.03662500623613596 0.0011206006165593863
0.04174134135246277 0.001341489318292588
0.03847612161189318 0.0012345066061243415
0.056624580174684525 0.0016611645696684718
0.038471076637506485 0.0012342544505372643
0.038885947316884995 0.0012554330023704097
0.04017760045826435 0.0013115400652168319
0.05627778824418783 0.0016498348268214613
0.038475677371025085 0.0012344730785116553
0.04902842454612255 0.001392484293319285
0.05455142166465521 0.0016257315000984818
0.0543729430064559 0.0016201742691919208
0.05442580208182335 0.001623555872356519
0.038128859363496304 0.0012230013380758464
0.03760043531656265 0.0011987783364020288
0.0562124764546752 0.001648705278057605
0.038935921154916286 0.001257568204891868
0.03890424408018589 0.0012562341435113922
0.03888676408678293 0.0012554855202324688
0.04203078430145979 0.0013640018878504634
0.04179155454039574 0.0013493464794009924
0.03812679089605808 0.0012229237472638488
0.03662597294896841 0.001120710396207869
0.04017760045826435 0.0013115400652168319
0.04017760045826435 0.0013115400652168319
0.03777241334319115 0.0012043292517773807
0.05807633325457573 0.0016805840423330665
0.038894678466022015 0.001255830895388499
0.05455396976321936 0.0016257785900961608
0.05660858564078808 0.0016609251906629652
0.03721725009381771 0.0011477921070763841
0.05437551159411669 0.0016202271217480302
0.054631865583360195 0.001627059915335849
0.03811380174010992 0.001222335733473301
0.04017760045826435 0.0013115400652168319
0.03887191507965326 0.0012548217491712421
0.04017760045826435 0.0013115400652168319
0.05455183703452349 0.0016257379611488432
0.0566030889749527 0.0016608082805760205
0.037605429999530315 0.0011989760387223214
0.05813517514616251 0.0016816050047054887
0.05462895054370165 0.0016270103806164116
0.03759355563670397 0.0011984564189333469
0.04017760045826435 0.0013115400652168319
0.037269107066094875 0.0011556936078704894
0.03906334098428488 0.0012613854632945731
0.05102028138935566 0.0015665520331822336
0.05462705809623003 0.0016269722837023437
0.04017760045826435 0.0013115400652168319
0.05630927346646786 0.0016503484803251922
0.056261143647134304 0.0016495893069077283
0.03904320579022169 0.0012605067022377625
0.05102028138935566 0.0015665520331822336
0.03888959717005491 0.001255579321878031
0.05455743707716465 0.0016258376999758184
0.05628663394600153 0.0016499421035405248
0.0546171348541975 0.0016268397448584437
0.03888408560305834 0.0012553555570775643
0.054567442275583744 0.0016260042611975223
0.03811477404087782 0.0012223775556776673
0.056611075066030025 0.0016609443991910666
0.038133165799081326 0.001223195402417332
0.041745198890566826 0.0013417312875390053
0.03664966206997633 0.0011217159626539797
0.038924469612538815 0.0012571620900416747
0.05436316039413214 0.0016200486570596695
0.05420899763703346 0.0016175427590496838
0.054631395265460014 0.0016270331398118287
0.04017760045826435 0.0013115400652168319
0.054610125720500946 0.0016267066239379346
0.03887422755360603 0.0012549224775284529
0.04174740519374609 0.001341861643595621
0.03810964338481426 0.0012221574143040925
0.05665244348347187 0.001661601389059797
0.03812783490866423 0.0012229724088683724
0.038122840225696564 0.00122275177272968
0.056266906671226025 0.0016496502212248743
0.05460931360721588 0.0016266992024611682
0.054390120320022106 0.0016204157727770507
0.05627742223441601 0.0016498140175826848
0.038137491792440414 0.0012233867892064154
0.03891380038112402 0.0012566306395456195
0.03675165306776762 0.0011377994378563017
0.0566441984847188 0.0016614975756965578
0.038445428013801575 0.0012331043253652751
0.03759727254509926 0.0011985900055151433
0.04179522395133972 0.0013495354796759784
0.04907612781971693 0.001393094687955454
0.056319775991141796 0.0016504850937053561
0.03726576641201973 0.0011555448436411098
0.03845032397657633 0.0012333300546742976
0.03811598103493452 0.0012224330566823483
0.05454400647431612 0.001625656703254208
0.03888486418873072 0.00125538777501788
0.04179708566516638 0.0013496674946509302
0.0388757698237896 0.0012549856473924592
0.038459595292806625 0.0012337648076936603
0.03811578545719385 0.0012224263336975127
0.03760830778628588 0.0011990859638899565
0.05464561842381954 0.00162722630193457
0.056302158161997795 0.0016501977224834263
0.03889023791998625 0.0012556309229694307
0.03408401180058718 0.0009404924348928034
0.03893017768859863 0.0012573799613164738
0.037194546312093735 0.0011384116660337895
0.03847728855907917 0.001234524796018377
0.05665537063032389 0.0016616854700259864
0.05450901761651039 0.0016250176704488695
0.03890154976397753 0.0012561140320030972
0.058145349845290184 0.0016817909781821072
0.038139088079333305 0.0012234605965204537
0.03908649552613497 0.0012623887159861624
0.037591966800391674 0.0011983831645920873
0.03888402786105871 0.0012553535780170932
0.038113116286695004 0.0012222756631672382
0.038884821347892284 0.0012553830893011764
0.03812503349035978 0.0012228540144860744
0.05436853226274252 0.0016201219987124205
0.0388974966481328 0.0012559314927784726
0.03759804833680391 0.0011986657045781612
0.04174483101814985 0.001341649767709896
0.04017760045826435 0.0013115400652168319
0.03761357441544533 0.0011993245279882103
0.03887831047177315 0.0012551083054859191
0.039093188010156155 0.0012626889802049845
0.058183482848107815 0.0016822961624711752
0.037278758361935616 0.001156039783381857
0.03673404175788164 0.0011371770815458149
0.038473235443234444 0.0012343471171334386
0.038162169978022575 0.0012244089448358864
0.03887053485959768 0.001254742848686874
0.04202979803085327 0.00136392138665542
0.039054579101502895 0.0012610146222868934
0.03889791574329138 0.0012559830356622115
0.05813304986804724 0.0016815495037008077
0.036628466099500656 0.001120717526646331
0.0366287874057889 0.0011207744537387043
0.036628901958465576 0.001120778761105612
0.038907223381102085 0.0012563393102027476
0.03889570850878954 0.001255871873581782
0.05456914659589529 0.0016260267875622958
0.03728560637682676 0.0011563478910829872
0.04179966077208519 0.0013497896725311875
0.037599025294184685 0.001198708516312763
0.03726265113800764 0.0011554977390915155
0.03813450038433075 0.0012232619046699256
0.03888438455760479 0.0012553729611681774
0.038459235802292824 0.0012337379448581487
0.037279640324413776 0.001156046215328388
0.05813011899590492 0.001681518682744354
0.056706881150603294 0.0016625423158984631
0.05457375477999449 0.0016261104319710284
0.04203688073903322 0.0013643864076584578
0.05665455665439367 0.0016616651264484972
0.038475824519991875 0.0012344902788754553
0.03812782187014818 0.0012229623389430344
0.03847237955778837 0.0012343283160589635
0.05631223227828741 0.0016504041268490255
0.03886664938181639 0.0012545847130240873
0.037278709933161736 0.0011560269922483712
0.03759023919701576 0.0011983018775936216
0.03887985460460186 0.001255171635420993
0.03888736944645643 0.0012554921413538978
0.03813011106103659 0.001223048398969695
0.05460725352168083 0.00162665790412575
0.038130415603518486 0.0012230806169100106
0.04017760045826435 0.0013115400652168319
0.038883945904672146 0.001255344832316041
0.05458089243620634 0.001626226759981364
0.0389077952131629 0.0012563627678900957
0.03887181170284748 0.001254803835763596
0.03812252730131149 0.0012227364932186902
0.037587353959679604 0.0011981612478848547
0.058133579790592194 0.0016815895796753466
0.041748061776161194 0.0013419559982139617
0.037267629988491535 0.0011556002136785537
0.054597881622612476 0.0016265447193291038
0.05102028138935566 0.0015665520331822336
0.05811228044331074 0.0016812181274872273
0.037599775940179825 0.0011987434409093112
0.0417469022795558 0.001341845083516091
0.03847369085997343 0.0012343638518359512
0.05455364100635052 0.0016257722163572907
0.04017760045826435 0.0013115400652168319
0.036632515490055084 0.0011210466618649662
0.036752921529114246 0.0011379881179891527
0.05465227551758289 0.0016273173969238997
0.03813937120139599 0.0012234789319336414
0.05455992929637432 0.0016258910472970456
0.03762902971357107 0.0011999490670859814
0.03889321628957987 0.0012557495501823723
0.04179346468299627 0.001349430123809725
0.05660643428564072 0.0016608358710072935
0.05460237059742212 0.001626592391403392
0.05629883147776127 0.0016501379141118377
0.038479240611195564 0.0012346032308414578
0.038887450471520424 0.0012555164430523291
0.03813845384865999 0.0012234348978381604
0.05102028138935566 0.0015665520331822336
0.04017760045826435 0.0013115400652168319
0.05811569932848215 0.001681233843555674
0.05452714487910271 0.001625342876650393
0.054323649033904076 0.001619284099433571
0.04174620471894741 0.0013417924637906253
0.03814873192459345 0.0012238393537700176
0.04908561520278454 0.001447201066184789
0.05102028138935566 0.0015665520331822336
0.038142068311572075 0.0012235550384502858
0.038868327625095844 0.0012546336511150002
0.038122386671602726 0.0012227091647218913
0.03762039542198181 0.0011995815730188042
0.03846073430031538 0.0012337935622781515
0.038469092920422554 0.0012341950496193022
0.058133892714977264 0.001681590045336634
0.05661627929657698 0.0016610233869869262
0.038914347998797894 0.0012567115627462044
0.03811995591968298 0.0012226312537677586
0.03663577325642109 0.0011211654054932296
0.05813555791974068 0.0016816846327856183
0.03889556974172592 0.0012558710295706987
0.04179522208869457 0.001349455094896257
0.0562949487939477 0.001650127931497991
0.04908561520278454 0.001447201066184789
0.04017760045826435 0.0013115400652168319
0.03844424895942211 0.001233057293575257
0.037568858824670315 0.001197392790345475
0.05102028138935566 0.0015665520331822336
0.037574111483991146 0.001197588542709127
0.05436618346720934 0.0016200903337448835
0.04908561520278454 0.001447201066184789
0.03892029356211424 0.0012569065002026036
0.03899716027081013 0.0012601805647136644
