0.038820517249405384 0.0012498034921009094
0.03711877763271332 0.0011519030667841434
0.0556544391438365 0.001645162352360785
0.05524117220193148 0.0016380810702685267
0.03692906629294157 0.0011333160509821028
0.05563785880804062 0.001644869742449373
0.03881165571510792 0.0012493907997850329
0.03884061425924301 0.001250697416253388
0.05566962156444788 0.0016454267897643149
0.055614267475903034 0.0016444767243228853
0.04017760045826435 0.0013115400652168319
0.05561186280101538 0.001644439616939053
0.03891807049512863 0.0012542676995508373
0.05530895944684744 0.001639270136365667
0.03849044535309076 0.0012388442119117826
0.03890737518668175 0.0012537940056063235
0.03881628904491663 0.0012496091658249497
0.03880311083048582 0.001249007327714935
0.03891680855304003 0.0012542250042315573
0.03880335856229067 0.0012490433873608708
0.03854698687791824 0.0012412987125571817
0.038617515936493874 0.0012442992010619491
0.04017760045826435 0.0013115400652168319
0.038819399662315845 0.0012497429561335593
0.05523225385695696 0.0016379341250285506
0.04220977518707514 0.001367232674965635
0.055256002582609653 0.0016383400652557611
0.04192332923412323 0.001358490961138159
0.038497237488627434 0.0012391556228976697
0.03755025565624237 0.001195350952912122
0.038810184225440025 0.0012493271206039935
0.03880230989307165 0.0012489740911405534
0.03880673740059137 0.0012491702509578317
0.05102028138935566 0.0015665520331822336
0.038810268975794315 0.001249335502507165
0.055633882991969585 0.0016448016685899347
0.03881280217319727 0.0012494459515437484
0.038612812757492065 0.0012440923601388931
0.03859879355877638 0.0012434966338332742
0.037563256919384 0.0011959145194850862
0.05566399451345205 0.0016453209391329437
0.038616929203271866 0.0012442833976820111
0.04017760045826435 0.0013115400652168319
0.038536312989890575 0.0012408466427586973
0.038813372142612934 0.0012494827678892761
0.038623809814453125 0.001244603714440018
0.04017760045826435 0.0013115400652168319
0.03842212539166212 0.001235933683346957
0.0386009756475687 0.0012435902608558536
0.04219798929989338 0.0013660741678904742
0.054978531785309315 0.0016289321065414697
0.05863872170448303 0.0016916216700337827
0.03848821111023426 0.0012388326867949218
0.038614085875451565 0.0012441460276022553
0.0388130247592926 0.0012494620168581605
0.04236980248242617 0.0013872105337213725
0.03881812933832407 0.0012496982817538083
0.03752614837139845 0.0011946717568207532
0.05563525203615427 0.0016448343521915376
0.03881373256444931 0.001249499066034332
0.03756348229944706 0.001195942604681477
0.038925821892917156 0.0012546220677904785
0.038621303625404835 0.0012444569147191942
0.03754482604563236 0.0011952081404160708
0.055599113926291466 0.0016442061169072986
0.038483635522425175 0.0012385814625304192
0.038905901834368706 0.0012537313159555197
0.04017760045826435 0.0013115400652168319
0.05567515455186367 0.001645513082621619
0.05552143417298794 0.0016428949893452227
0.03891270887106657 0.001254036440514028
0.05565116833895445 0.0016450909315608442
0.05569446459412575 0.0016457830206491053
0.038640640676021576 0.0012452813680283725
0.037559603340923786 0.0011957737151533365
0.03757160622626543 0.0011962031421717256
0.05522297602146864 0.0016377735882997513
0.05863440316170454 0.0016915061569307
0.038482983596622944 0.0012385280278977007
0.03861429635435343 0.001244156970642507
0.055661002174019814 0.0016452682029921561
0.03756606951355934 0.001196019642520696
0.04017760045826435 0.0013115400652168319
0.055699968710541725 0.0016459392209071666
0.055223386734724045 0.0016377767315134406
0.03756232652813196 0.0011958847753703594
0.05560445971786976 0.0016443108906969428
0.05521395988762379 0.0016376242856495082
0.05864105932414532 0.0016916867753025144
0.03879488445818424 0.0012486348859965801
0.05552460439503193 0.0016429499664809555
0.03853065986186266 0.001240594603586942
0.03863000404089689 0.0012448198103811592
0.038801138289272785 0.0012489149521570653
0.03890407457947731 0.0012536441499833018
0.038809399120509624 0.001249292545253411
0.041820247657597065 0.0013428205566015095
0.05515515152364969 0.0016366241034120321
0.03860705252736807 0.0012438526609912515
0.05523465573787689 0.0016379690496250987
0.05563165247440338 0.0016447591769974679
0.0389035465195775 0.0012536245922092348
0.03843014221638441 0.001236267009517178
0.05563371628522873 0.001644796400796622
0.04220173042267561 0.001366177835734561
0.03892522118985653 0.0012546088837552816
0.03880770318210125 0.0012492145469877869
0.055635206401348114 0.001644832344027236
0.0388199370354414 0.0012497699644882232
0.055548508651554585 0.0016433742130175233
0.05521820764988661 0.0016377137508243322
0.03864248003810644 0.0012453673116397113
0.03880483377724886 0.0012490768858697265
0.03881292324513197 0.0012494563416112214
0.03861669357866049 0.0012442570878192782
0.038421246223151684 0.0012358962267171592
0.038947856053709984 0.0012556395668070763
0.05559061001986265 0.0016440781473647803
0.038793619722127914 0.0012485753395594656
0.03863579034805298 0.0012450806680135429
0.03890492394566536 0.0012536592839751393
0.04017760045826435 0.0013115400652168319
0.055686524137854576 0.0016456976591143757
0.05565454252064228 0.0016451647388748825
0.0388123644515872 0.001249434077180922
0.03884944133460522 0.0012511313252616674
0.04017760045826435 0.0013115400652168319
0.0554937357082963 0.0016424085770267993
0.055638338439166546 0.0016448772221338004
0.03888062946498394 0.0012525626516435295
0.055597009137272835 0.0016441729094367474
0.05565068405121565 0.001645087293582037
0.055640809237957 0.0016449170361738652
0.054983547888696194 0.001629006495932117
0.04017760045826435 0.0013115400652168319
0.05495445616543293 0.0016285602177958935
0.03881819639354944 0.0012497005518525839
0.038603479973971844 0.0012436970428097993
0.038505757227540016 0.0012395114754326642
0.05564113240689039 0.0016449388349428773
0.03712399210780859 0.0011520300467964262
0.03861673455685377 0.0012442648876458406
0.03755395021289587 0.001195532939163968
0.03860421944409609 0.0012437217228580266
0.03756018355488777 0.0011958004615735263
0.04017760045826435 0.0013115400652168319
0.055255417712032795 0.0016383339243475348
0.05574577860534191 0.001646712888032198
0.05102028138935566 0.0015665520331822336
0.03881464060395956 0.0012495432165451348
0.04017760045826435 0.0013115400652168319
0.038866810500621796 0.0012518898874986917
0.05557538941502571 0.001643832219997421
0.0385207561776042 0.0012401594140101224
0.04482501745223999 0.001495842938311398
0.05102028138935566 0.0015665520331822336
0.038614656776189804 0.0012441823200788349
0.055633426643908024 0.0016447869420517236
0.038817862048745155 0.0012496690906118602
0.04220879264175892 0.0013670519110746682
0.055598084814846516 0.00164419473730959
0.03880815580487251 0.0012492539535742253
0.0375724146142602 0.0011962214193772525
0.05522987339645624 0.001637891458813101
0.03891896642744541 0.0012543262564577162
0.038947260938584805 0.0012556072033476084
0.055575293488800526 0.0016438252932857722
0.05554169788956642 0.0016432208067271858
0.03862021118402481 0.001244421408046037
0.037524737417697906 0.0011946205631829798
0.03861904703080654 0.0012443629966583103
0.058653621934354305 0.0016918286855798215
0.03885252121835947 0.0012512665707617998
0.038802637718617916 0.0012489866057876498
0.038603613153100014 0.001243699312908575
0.03755405265837908 0.0011955390218645334
0.03880928456783295 0.0012492877140175551
0.03756300080567598 0.0011959121038671583
0.03849093057215214 0.0012389007897581905
0.0548752611503005 0.0015832186909392476
0.04220395069569349 0.0013664361904375255
0.05548340640962124 0.0016422356420662254
0.03880005143582821 0.0012488618085626513
0.055588819086551666 0.001644022879190743
0.03891930915415287 0.0012543395278044045
0.03756376728415489 0.0011959478142671287
0.03882625978440046 0.0012500538432504982
0.0555998757481575 0.0016442338237538934
0.038613286800682545 0.0012441255094017833
0.04017760045826435 0.0013115400652168319
0.03881211020052433 0.0012494266557041556
0.03860448021441698 0.0012437458499334753
0.03882219176739454 0.0012498776777647436
0.05523666646331549 0.0016380407032556832
0.05561051890254021 0.0016444203210994601
0.03755397815257311 0.0011955346271861345
0.03881422430276871 0.001249520224519074
0.03848974406719208 0.0012388431059662253
0.0375546095892787 0.0011956208036281168
0.03849384654313326 0.001239000353962183
0.03880642261356115 0.0012491568631958216
0.03880959562957287 0.0012493023241404444
0.05572575144469738 0.0016463730717077851
0.04220458958297968 0.0013665281003341079
0.055668480694293976 0.0016453906428068876
0.05564833339303732 0.0016450531838927418
0.05560370162129402 0.0016442961641587317
0.03849217761307955 0.001238921715412289
0.03850420285016298 0.001239448378328234
0.05525346379727125 0.0016382982139475644
0.038910115137696266 0.0012539164745248854
0.03860713541507721 0.0012438526609912515
0.03850148804485798 0.0012393427605275065
0.05562601797282696 0.001644680363824591
0.05573707073926926 0.0016465671942569315
0.05517103709280491 0.0016368949436582625
0.038600436411798 0.0012435632816050202
0.0555767510086298 0.0016438381862826645
0.03877961169928312 0.001247913925908506
0.038606067188084126 0.001243814593181014
0.038908571004867554 0.0012538614682853222
0.036929539404809475 0.0011333187867421657
0.038811225444078445 0.0012493865797296166
0.038807421922683716 0.0012492118985392153
0.03860637731850147 0.00124382579815574
0.05563161801546812 0.0016447555681224912
0.03889624308794737 0.0012532933033071458
0.04220731183886528 0.0013667525199707597
0.03890033904463053 0.0012534609122667462
0.04181617870926857 0.0013426727964542806
0.05529535189270973 0.0016390070668421686
0.054901582188904285 0.0016277256654575467
0.038546171970665455 0.0012412533978931606
0.038560216315090656 0.0012418363767210394
0.04236980248242617 0.0013872105337213725
0.03861222695559263 0.0012440604041330516
0.04017760045826435 0.0013115400652168319
0.03862614929676056 0.0012446665205061436
0.042210642248392105 0.0013674161455128342
0.038817597553133965 0.0012496643466874957
0.05525718629360199 0.00163835400599055
0.03861841559410095 0.0012443443993106484
0.037560188211500645 0.0011958024697378278
0.04017760045826435 0.0013115400652168319
0.038656484335660934 0.0012459735735319555
0.03308274317532778 0.0008404239779338241
0.0586306182667613 0.0016914319421630353
0.038610137067735195 0.0012439810670912266
0.05523701570928097 0.0016380466986447573
0.05570266582071781 0.0016459720791317523
0.03864200785756111 0.0012453380331862718
0.03694321308284998 0.0011339230695739388
0.0552627258002758 0.001638457615626976
0.03879430424422026 0.0012485901825129986
0.04220381285995245 0.0013664242869708687
0.05102028138935566 0.0015665520331822336
0.03756194841116667 0.001195874996483326
0.03881452325731516 0.0012495315459091216
0.05521948169916868 0.001637731009395793
0.038832034915685654 0.0012503260804805905
0.055275047197937965 0.0016386675415560603
0.03861504886299372 0.0012441875296644866
0.03759198077023029 0.0011971378698945045
0.05561603419482708 0.0016444888897240162
0.03855383209884167 0.0012415934761520475
0.05525388661772013 0.0016383061301894486
0.05102028138935566 0.0015665520331822336
0.05564230028539896 0.0016449416580144316
0.05562939494848251 0.0016447167727164924
0.038815065287053585 0.0012495574774220586
0.055249741300940514 0.0016382226604036987
0.05554444808512926 0.0016433018608950078
0.042191690765321255 0.0013656744558829814
0.05102028138935566 0.0015665520331822336
0.05102028138935566 0.0015665520331822336
0.03848597314208746 0.0012387448514346033
0.03881150484085083 0.0012493907124735415
0.05573148187249899 0.001646458636969328
0.03849208913743496 0.0012389200273901224
0.04017760045826435 0.0013115400652168319
0.05102028138935566 0.0015665520331822336
0.05572640895843506 0.0016463857318740338
0.0375644126906991 0.0011959802941419184
0.05525335017591715 0.0016382841859012842
0.038503522984683514 0.0012394403747748584
0.03860129788517952 0.0012435913376975805
0.05574053432792425 0.0016466267697978765
0.03881094139069319 0.0012493683316279203
0.05516824126243591 0.0016368510259781033
0.038620634004473686 0.001244433195097372
0.03880206122994423 0.0012489576183725148
0.055597398430109024 0.0016441846964880824
0.042208933271467686 0.0013671673950739205
0.04188328608870506 0.0013559883227571845
0.03849985171109438 0.0012392489588819444
0.05548669397830963 0.0016422892804257572
0.03849091753363609 0.0012388640898279846
0.03892660327255726 0.0012546798679977655
0.04017760045826435 0.0013115400652168319
0.05525060649961233 0.0016382494359277189
0.04017760045826435 0.0013115400652168319
0.04017760045826435 0.0013115400652168319
0.055586748756468296 0.0016440162726212293
0.0418216846883297 0.0013429340906441212
0.038499667309224606 0.0012392471835482866
0.04221568536013365 0.0013681497075594962
0.03755947668105364 0.0011957733076997101
0.03879988752305508 0.001248858228791505
0.03564696945250034 0.0010402968327980489
0.05489618144929409 0.0016276317765004933
0.03851604275405407 0.0012399641855154186
0.03862009383738041 0.0012443972809705883
0.03860932029783726 0.0012439395941328257
0.05560067109763622 0.0016442494234070182
0.03879436571151018 0.0012486149789765477
0.037558224983513355 0.0011957082315348089
0.03880827873945236 0.0012492591049522161
0.038916654884815216 0.0012542230542749166
0.0375670837238431 0.0011960907722823322
0.04017760045826435 0.0013115400652168319
0.03756075259298086 0.0011958438844885677
0.04017760045826435 0.0013115400652168319
0.03880676254630089 0.0012491741799749434
0.03755113296210766 0.0011954104411415756
0.05495657492429018 0.0016285959864035249
0.05563997570425272 0.0016449058311991394
0.038811830803751945 0.0012494151596911252
0.055276867002248764 0.0016387102659791708
0.03887300658971071 0.0012521714379545301
0.055119951255619526 0.001636007393244654
0.03881074022501707 0.0012493632384575903
0.038816059939563274 0.0012495996779762208
0.03752578981220722 0.0011946585727855563
0.04017760045826435 0.0013115400652168319
0.04017760045826435 0.0013115400652168319
0.03881668020039797 0.001249619701411575
0.05564970523118973 0.0016450683178845793
0.03863429557532072 0.0012450098874978721
0.03859794046729803 0.0012434521922841668
0.03848937526345253 0.0012388375762384385
0.04017760045826435 0.0013115400652168319
0.05550948437303305 0.0016427761875092983
0.03693557623773813 0.0011336160532664508
0.05565126612782478 0.0016451040282845497
0.04017760045826435 0.0013115400652168319
0.038811035454273224 0.001249376917257905
0.03565998747944832 0.0010415854339953512
0.038503690622746944 0.0012394418299663812
0.038812560960650444 0.0012494400143623352
0.05523208063095808 0.0016379326407331973
0.05102028138935566 0.0015665520331822336
0.0387972816824913 0.001248745567863807
0.038924867287278175 0.001254593749763444
0.04017760045826435 0.0013115400652168319
0.03890553582459688 0.0012536597496364266
