0.03740401100367308 0.0011617037234827876
0.038066351786255836 0.0012206476530991495
0.03847844619303942 0.0012341573310550302
0.039041715674102306 0.0012624231312656775
0.038120358251035213 0.0012229357089381665
0.03557489113882184 0.0010424026404507458
0.058406208641827106 0.0016856240399647504
0.03848477732390165 0.0012344692077022046
0.03845436777919531 0.001233045564731583
0.03299451433122158 0.000875601006555371
0.03804263286292553 0.0012196128373034298
0.03848399594426155 0.001234417868545279
0.03739549778401852 0.0011612214875640348
0.037455606274306774 0.0011926464212592691
0.05842643417418003 0.0016859746538102627
0.056757912039756775 0.0016639420355204493
0.03904127236455679 0.0012624140799744055
0.056425333954393864 0.001651604223297909
0.0380492378026247 0.0012198923795949668
0.039037649519741535 0.0012622847279999405
0.0541455764323473 0.0016193041519727558
0.037459409795701504 0.0011927293380722404
0.05404598172754049 0.0016145568224601448
0.04017760045826435 0.0013115400652168319
0.056282893754541874 0.0016492238792125136
0.038038735277950764 0.0012194524460937828
0.04170379042625427 0.0013393970439210534
0.054186698980629444 0.0016199536912608892
0.038472591899335384 0.001233896764460951
0.058464610017836094 0.0016866037040017545
0.03805586136877537 0.0012202014040667564
0.03804576862603426 0.0012197667092550546
0.03739648777991533 0.0011612332164077088
0.041753947734832764 0.001348018296994269
0.03804233483970165 0.0012196086172480136
0.03846627473831177 0.0012336117215454578
0.038460468873381615 0.0012333531631156802
0.03611510433256626 0.001110057084588334
0.05846562422811985 0.0016866088553797454
0.038465834222733974 0.0012336053187027574
0.04017760045826435 0.0013115400652168319
0.037401274777948856 0.001161432868684642
0.05672521982342005 0.0016633764607831836
0.04017760045826435 0.0013115400652168319
0.0564029635861516 0.0016512505535501987
0.03806758671998978 0.001220717967953533
0.0380473593249917 0.0012198224721942097
0.05398939922451973 0.0016136218910105526
0.03740397468209267 0.0011616058909567073
0.05102028138935566 0.0015665520331822336
0.03269072249531746 0.0008271229307865724
0.03901711944490671 0.0012614194565685466
0.03804670087993145 0.0012197971518617123
0.041694728657603264 0.0013388813531491905
0.03745205421000719 0.0011925015423912555
0.054132888093590736 0.0016190781898330897
0.05394945107400417 0.0016129636205732822
0.05396339204162359 0.0016131979646161199
0.038050947710871696 0.0012199590564705431
0.05411635059863329 0.0016188529843930155
0.05840713810175657 0.0016856390284374356
0.04017760045826435 0.0013115400652168319
0.04236980248242617 0.0013872105337213725
0.05102028138935566 0.0015665520331822336
0.038046601228415966 0.0012197932810522616
0.03904573526233435 0.0012626022944459692
0.03802162781357765 0.0012187111424282193
0.03904081229120493 0.001262377219973132
0.0384744880720973 0.0012340247048996389
0.04236980248242617 0.0013872105337213725
0.05102028138935566 0.0015665520331822336
0.0389511389657855 0.0012582768831634894
0.04017760045826435 0.0013115400652168319
0.05391228199005127 0.0016124004032462835
0.03843736834824085 0.0012323032424319535
0.04017760045826435 0.0013115400652168319
0.056722613982856274 0.001663357950747013
0.03807607479393482 0.001221073151100427
0.04017760045826435 0.0013115400652168319
0.05630976054817438 0.0016497955948580056
0.0380703080445528 0.001220808131620288
0.05632883310317993 0.0016501116624567658
0.054306804202497005 0.0016217924421653152
0.04908561520278454 0.001447201066184789
0.05839621648192406 0.0016854946734383702
0.03849032428115606 0.0012347065494395792
0.03902508411556482 0.0012617171596502885
0.05673050228506327 0.001663497561821714
0.038064759224653244 0.0012205765233375132
0.038475324399769306 0.0012340382381808013
0.05102028138935566 0.0015665520331822336
0.039057943038642406 0.001263095429749228
0.03672447334975004 0.0011381195217836648
0.038501445204019547 0.00123517049360089
0.03747549466788769 0.0011934537906199694
0.03806912247091532 0.0012207672407384962
0.03900986351072788 0.0012610593985300511
0.058471767231822014 0.0016866481746546924
0.05394185986369848 0.0016128647839650512
0.038065713830292225 0.001220614300109446
0.037440995685756207 0.0011920009565073997
0.0563054122030735 0.00164967926684767
0.041752186603844166 0.0013478434120770544
0.05423375777900219 0.001620665832888335
0.03904664982110262 0.0012626412935787812
0.03803242463618517 0.0012191980495117605
0.038069638423621655 0.0012207823747303337
0.03671134728938341 0.0011375052854418755
0.054118565283715725 0.0016188708250410855
0.05674672592431307 0.0016637573426123708
0.053993236273527145 0.001613676198758185
0.056785198859870434 0.0016644066199660301
0.03845279384404421 0.0012329978926572949
0.0366570632904768 0.00112104881554842
0.03904107119888067 0.0012624087539734319
0.05637265183031559 0.0016506959218531847
0.05416072253137827 0.0016195555217564106
0.03905135951936245 0.0012628271942958236
0.03808471281081438 0.0012214346788823605
0.041753584519028664 0.0013478821783792228
0.03902958892285824 0.0012619199696928263
0.04205131437629461 0.001366323878755793
0.03899781499058008 0.0012604485236806795
0.03851143643260002 0.0012355557992123067
0.034168072044849396 0.0009662603843025863
0.03806841280311346 0.0012207284453324974
0.03804436977952719 0.0012197187752462924
0.058412197045981884 0.0016857202572282404
0.03805894777178764 0.0012203565274830908
0.05841456260532141 0.0016857771843206137
0.03741195145994425 0.001161794745712541
0.056774213910102844 0.0016642074042465538
0.03902957122772932 0.0012618748150998726
0.054200174286961555 0.0016201997350435704
0.056733887642621994 0.001663523551542312
0.058506786823272705 0.0016872038249857724
0.05407844763249159 0.001618140289792791
0.05402788519859314 0.0016142451204359531
0.038481744937598705 0.001234291004948318
0.037447674199938774 0.001192252355394885
0.05102028138935566 0.0015665520331822336
0.03803674690425396 0.0012193481088615954
0.05628764629364014 0.001649407931836322
0.03804167825728655 0.0012195897579658777
0.05635062325745821 0.0016503697843290865
0.05847027152776718 0.0016866390069480985
0.03806608263403177 0.0012206175888422877
0.03656796086579561 0.0011169479112140834
0.04017760045826435 0.0013115400652168319
0.03746231459081173 0.0011929009051527828
0.058444528840482235 0.001686261617578566
0.039054395630955696 0.0012629777484107763
0.037467665039002895 0.0011931254994124174
0.05633668787777424 0.0016502251382917166
0.037439499981701374 0.0011919519456569105
0.03905222285538912 0.001262866731849499
0.03739966917783022 0.0011614163522608578
0.05400153994560242 0.0016138199716806412
0.05672873556613922 0.00166348138009198
0.05391087010502815 0.0016123555833473802
0.03904100600630045 0.0012624041846720502
0.04204928129911423 0.0013659577816724777
0.05399637669324875 0.0016137235215865076
0.053931185975670815 0.00161270541138947
0.056306999176740646 0.0016497214382980019
0.039008273743093014 0.0012609186233021319
0.03806757368147373 0.0012206943065393716
0.05102028138935566 0.0015665520331822336
0.05416316445916891 0.0016195883508771658
0.0390391806140542 0.0012623286456800997
0.056289114989340305 0.0016494528681505471
0.04174906201660633 0.001347575947875157
0.03804312739521265 0.0012196286988910288
0.03739278018474579 0.0011610960500547662
0.05325557757169008 0.0016040424816310406
0.05415397323668003 0.0016194423660635948
0.04175173491239548 0.0013478233886417001
0.039032663218677044 0.0012620616616914049
0.041696968488395214 0.0013389437226578593
0.04170169308781624 0.0013392118271440268
0.03903693985193968 0.0012622324138646945
0.03805584739893675 0.0012201633944641799
0.041701825335621834 0.0013392491673585027
0.05676941014826298 0.0016641404363326728
0.056754160672426224 0.0016639007371850312
0.03804865013808012 0.0012198768090456724
0.05631715897470713 0.0016498694603797048
0.04017760045826435 0.0013115400652168319
0.03899857122451067 0.0012605735391844064
0.039055660367012024 0.0012630251585505903
0.05395647510886192 0.0016130794538185
0.05677717737853527 0.0016642757400404662
0.05392729118466377 0.001612637483049184
0.03846676740795374 0.001233631803188473
0.05639262404292822 0.0016510252316948026
0.054127829149365425 0.0016190314490813762
0.04223423544317484 0.001371947058942169
0.04236980248242617 0.0013872105337213725
0.03744559735059738 0.0011922052945010364
0.038469940423965454 0.0012338655069470406
0.05632311291992664 0.0016500019992236048
0.054142413660883904 0.0016192469629459083
0.056319461204111576 0.001649925543460995
0.058413770981132984 0.001685768918832764
0.05390757694840431 0.0016123327077366412
0.056328062899410725 0.0016500597121194005
0.05633351393043995 0.0016502042126376182
0.058441138826310635 0.001686250208877027
0.03904933948069811 0.0012627456308109686
0.037460897117853165 0.0011928518943022937
0.05626533832401037 0.001649047975661233
0.05412691365927458 0.0016189808666240424
0.04017760045826435 0.0013115400652168319
0.038058532401919365 0.0012203107471577823
0.05397551320493221 0.0016133823664858937
0.05673810560256243 0.0016636736399959773
0.05631319247186184 0.0016498045588377863
0.04908561520278454 0.001447201066184789
0.038069541566073895 0.0012207799009047449
0.05839772708714008 0.001685495168203488
0.03744607698172331 0.0011922262783627957
0.05845266208052635 0.0016864097269717604
0.03746030945330858 0.0011928164458367974
0.03846825286746025 0.0012337038642726839
0.05844016373157501 0.0016862209886312485
0.041750429198145866 0.0013476650638040155
0.03900851681828499 0.001260987381101586
0.04908561520278454 0.001447201066184789
0.04017760045826435 0.0013115400652168319
0.0563685754314065 0.0016506498504895717
0.0384820057079196 0.0012343500566203147
0.05633815471082926 0.0016503266524523497
0.05843358673155308 0.0016861282056197524
0.03903205972164869 0.0012620102643268183
0.04017760045826435 0.0013115400652168319
0.03903312049806118 0.0012620917696040124
0.03805018309503794 0.0012199432239867747
0.037442274391651154 0.0011920479591935873
0.054155850782990456 0.0016194852942135185
0.03804348409175873 0.0012196692696306854
0.04017760045826435 0.0013115400652168319
0.038463057950139046 0.001233471411978826
0.0373946251347661 0.0011611683876253664
0.054157013073563576 0.0016195026983041316
0.05847931746393442 0.0016867844387888908
0.03896972816437483 0.0012591326230904087
0.03901022393256426 0.0012610686535481364
0.0540159298107028 0.0016140697407536209
0.03805725835263729 0.001220278674736619
0.05416737776249647 0.0016196748765651137
0.03846427518874407 0.0012335128267295659
0.03805419337004423 0.0012201369681861252
0.054157610051333904 0.0016195116331800818
0.03847668319940567 0.001234130177181214
0.042049466632306576 0.0013661552802659571
0.03672260697931051 0.0011379703355487436
0.04017760045826435 0.0013115400652168319
0.04017760045826435 0.0013115400652168319
0.05639326758682728 0.0016510270943399519
0.05843984428793192 0.0016861942131072283
0.05842663161456585 0.001685980096226558
0.056369105353951454 0.001650670892558992
0.056308028288185596 0.001649748272029683
0.03806863259524107 0.0012207416875753552
0.04908561520278454 0.001447201066184789
0.03903010208159685 0.0012619337503565475
0.05840764660388231 0.001685681549133733
0.03902506735175848 0.0012617063184734434
0.03806102927774191 0.0012204534141346812
0.058446016162633896 0.0016862895572558045
0.05674887262284756 0.001663799281232059
0.03746449202299118 0.001192994212033227
0.03903793450444937 0.0012622920621652156
0.05844980105757713 0.0016863268392626196
0.04236980248242617 0.0013872105337213725
0.04017760045826435 0.0013115400652168319
0.0380640234798193 0.0012205259408801794
0.039021771401166916 0.001261555662495084
0.05639069341123104 0.0016509880661033094
0.03905239421874285 0.0012628776603378356
0.03804760426282883 0.001219854282680899
0.03802371118217707 0.00121878765639849
0.056759743951261044 0.0016640020185150206
0.04017760045826435 0.0013115400652168319
0.05418629013001919 0.0016199485689867288
0.053870849311351776 0.0016117689665406942
0.056759074330329895 0.0016639787645544857
0.05416195001453161 0.0016195806092582643
0.05394227523356676 0.0016128789284266531
0.03845746722072363 0.0012332297337707132
0.03904806636273861 0.001262709527509287
0.05414770171046257 0.0016193526098504663
0.05415748618543148 0.0016195110511034727
0.038062130101025105 0.0012204720987938344
0.05394267197698355 0.0016128872521221638
0.05850179772824049 0.0016871627885848284
0.05394949018955231 0.0016129807336255908
0.056311690248548985 0.0016498024924658239
0.04175772983580828 0.0013484538067132235
0.03807530179619789 0.0012210493150632828
0.03744053281843662 0.0011919820390176028
0.03743705898523331 0.0011917985102627426
0.0374503405764699 0.0011924164718948305
0.05629934649914503 0.0016496095340698957
0.038057505153119564 0.0012203077203594148
0.058455280028283596 0.0016864589415490627
0.03845828864723444 0.001233247690834105
0.03901665937155485 0.0012613427825272083
0.03848572354763746 0.001234477647813037
0.05848107859492302 0.0016868214588612318
0.038039918057620525 0.0012194943556096405
0.03744590934365988 0.0011922101839445531
0.03671213332563639 0.0011375997855793685
0.03901970013976097 0.001261474346392788
0.054003565572202206 0.0016138493083417416
0.03739225585013628 0.0011610874207690358
0.03806053474545479 0.001220389036461711
0.03805712703615427 0.0012202332727611065
0.058495731092989445 0.0016870026884134859
0.05102028138935566 0.0015665520331822336
0.03804548177868128 0.0012197507603559643
0.03846688009798527 0.0012336606450844556
0.035453618504107 0.0010071521974168718
0.0384550616145134 0.0012331086909398437
0.056326295249164104 0.0016500573547091335
0.0420509809628129 0.0013662148267030716
0.03902887646108866 0.0012618702021427453
0.05845517013221979 0.0016864245699252933
0.05402230750769377 0.001614179345779121
0.038034784607589245 0.0012193032307550311
0.03805644437670708 0.0012202260550111532
0.04017760045826435 0.0013115400652168319
0.03805378545075655 0.0012201151985209435
0.039035885594785213 0.0012621823843801394
0.056763238273561 0.0016640462563373148
0.04017760045826435 0.0013115400652168319
0.0385180851444602 0.0012358396197669208
0.03673328645527363 0.0011384072713553905
0.056288810446858406 0.001649448327952996
0.056288810446858406 0.001649448327952996
0.0380747290328145 0.0012210012646391988
0.03748311195522547 0.0011938012903556228
0.05666762311011553 0.0016623877454549074
0.03803901933133602 0.0012194814044050872
0.056353586725890636 0.0016504647210240364
0.0384794557467103 0.0012342114350758493
0.05638740211725235 0.001650975231314078
0.05638728570193052 0.0016509734268765897
0.037450763396918774 0.001192436902783811
0.0390447610989213 0.001262568126549013
0.04174420144408941 0.0013472093269228935
0.054004862904548645 0.0016138672945089638
0.03900572657585144 0.0012608590914169326
0.0567309707403183 0.0016634993662592024
0.03845261689275503 0.0012329871824476868
0.03844836167991161 0.0012328161392360926
0.05102028138935566 0.0015665520331822336
0.05672243796288967 0.0016633268096484244
0.05673411302268505 0.00166357567650266
0.038074878975749016 0.0012210084532853216
0.03545881900936365 0.0010080552892759442
0.03806888032704592 0.0012207564432173967
0.05673620384186506 0.0016636126965750009
0.054143660701811314 0.0016192621842492372
0.05842060316354036 0.0016858883609529585
0.03745785262435675 0.0011926992738153785
0.05632301606237888 0.0016499884950462729
0.05398392304778099 0.001613510714378208
0.05102028138935566 0.0015665520331822336
0.038085442036390305 0.0012214558373671025
0.058467923663556576 0.0016866317309904844
0.038483260199427605 0.001234380091773346
0.05842484254390001 0.001685966009972617
0.05399061739444733 0.0016136581543833017
0.0539775462821126 0.001613413856830448
0.054146972484886646 0.0016193189367186278
0.03903263155370951 0.0012620351189980283
0.038481916300952435 0.0012342937989160419
0.03844642825424671 0.0012327204749453813
0.03903963416814804 0.0012623513175640255
0.03745345026254654 0.001192579627968371
0.038054101169109344 0.0012201264908071607
0.03739378787577152 0.001161155101726763
0.05413611978292465 0.0016191691684070975
0.053967416286468506 0.0016132487216964364
0.05102028138935566 0.0015665520331822336
0.03803630731999874 0.001219342928379774
0.0541405389085412 0.0016192037146538496
0.03905177861452103 0.0012628621334442869
0.05670297425240278 0.001663125993218273
0.05646585952490568 0.0016521827201358974
0.037360018119215965 0.0011506111768539995
0.05674280598759651 0.001663727714912966
0.039029126055538654 0.001261870565940626
0.05630249343812466 0.0016496395983267576
0.05420263856649399 0.001620203023776412
0.03847161680459976 0.0012338918168097734
0.03803703561425209 0.0012193563161417842
0.038066877983510494 0.0012206720712129027
0.03848727513104677 0.001234566792845726
0.03807733952999115 0.0012211920984555036
0.054214141331613064 0.0016204442654270679
0.036719548515975475 0.0011379256029613316
0.05635761562734842 0.0016504797094967216
0.04174832906574011 0.0013475618325173855
0.03901562187820673 0.0012612985010491684
0.054004477337002754 0.0016138672945089638
0.04017760045826435 0.0013115400652168319
0.03905244078487158 0.0012629050470422953
0.03807530086487532 0.001221049256855622
0.038460951298475266 0.0012333566846791655
0.03904948476701975 0.001262762671103701
0.03416118212044239 0.0009659503703005612
0.03746391739696264 0.0011929668253287673
0.05629309080541134 0.0016495182644575834
0.03744286950677633 0.0011920917313545942
