0.03851949796080589 0.0012361867411527783
0.05411912500858307 0.0015666274994146079
0.039118106476962566 0.0012636624596780166
0.0542723098769784 0.0016182067338377237
0.03813911974430084 0.0012236480542924255
0.03814728930592537 0.0012239982606843114
0.03883633855730295 0.001253516849828884
0.038534860126674175 0.0012368863972369581
0.037259576842188835 0.0011489771859487519
0.0375208742916584 0.0011951486230827868
0.04017760045826435 0.0013115400652168319
0.04202975705265999 0.0013645828585140407
0.03751033265143633 0.0011948025494348258
0.04899660777300596 0.0013927260297350585
0.04017760045826435 0.0013115400652168319
0.03851838503032923 0.0012361309491097927
0.03893284499645233 0.0012576492154039443
0.03724910132586956 0.0011484980204841122
0.04017760045826435 0.0013115400652168319
0.05057349614799023 0.0014961580745875835
0.05102028138935566 0.0015665520331822336
0.039100185967981815 0.0012628314434550703
0.03892892599105835 0.0012574778811540455
0.049001467414200306 0.0013928075786679983
0.03912279661744833 0.0012638781481655315
0.04017760045826435 0.0013115400652168319
0.05617588758468628 0.001647848024731502
0.03891363739967346 0.0012568263191496953
0.03892802819609642 0.0012574383727042004
0.04017760045826435 0.0013115400652168319
0.03726593777537346 0.001149264513514936
0.03892325237393379 0.0012572409905260429
0.04236980248242617 0.0013872105337213725
0.03910628892481327 0.0012631158315343782
0.037319568917155266 0.001158192942966707
0.03912573307752609 0.0012640135391848162
0.03614411689341068 0.001110497716581449
0.038914346136152744 0.0012569712271215394
0.04172698687762022 0.0013403576449491084
0.05428692791610956 0.0016184234991669655
0.03894863184541464 0.0012583237257786095
0.03911383729428053 0.0012634613085538149
0.04017760045826435 0.0013115400652168319
0.03877440094947815 0.0012503754842327908
0.03890165779739618 0.001256312185432762
0.03750935662537813 0.0011947665188927203
0.03911035507917404 0.0012633020378416404
0.03909769933670759 0.0012627187970792875
0.054252659901976585 0.0016178941586986184
0.05446908250451088 0.0016246395243797451
0.05424518417567015 0.001617776113562286
0.03751314524561167 0.0011949220788665116
0.03665612172335386 0.0011212757090106606
0.03891829866915941 0.0012570263497764245
0.03751184791326523 0.0011948630271945149
0.03814503736793995 0.001223902654601261
0.05606641434133053 0.0016461343329865485
0.04202926345169544 0.0013645562867168337
0.05444358754903078 0.0016242047713603824
0.03851437382400036 0.0012359437823761255
0.03907881025224924 0.0012618525215657428
0.03912199940532446 0.0012638383486773819
0.0372584443539381 0.0011489320022519678
0.03731288202106953 0.0011579712008824572
0.039123356342315674 0.0012639054184546694
0.03851344436407089 0.0012359113607089967
0.037509373389184475 0.0011947704188060015
0.03731607645750046 0.001158145154477097
0.038834200240671635 0.0012534251145552844
0.03813239187002182 0.0012233627494424582
0.03851615730673075 0.0012360270775388926
0.03854647371917963 0.0012374248763080686
0.054270670749247074 0.0016181683749891818
0.03725534584373236 0.001148777300841175
0.05428259167820215 0.0016183537081815302
0.037247367203235626 0.0011484229617053643
0.05608564894646406 0.001646293792873621
0.054438226856291294 0.0016241068951785564
0.037512811832129955 0.0011949138424824923
0.038512129336595535 0.0012358440144453198
0.03770045004785061 0.0012010913051199168
0.05424746312201023 0.0016178097575902939
0.05836406350135803 0.0016852612898219377
0.03851926513016224 0.0012361708795651793
0.03731960617005825 0.0011581977014429867
0.03665780462324619 0.0011213550751563162
0.05444991774857044 0.001624314085347578
0.03813638258725405 0.0012235292233526707
0.03677157685160637 0.0011392832966521382
0.036670614033937454 0.0011219371808692813
0.03427887335419655 0.0009542865882394835
0.0420266380533576 0.0013643976708408445
0.05444901995360851 0.0016242965357378125
0.05425901245325804 0.0016179990489035845
0.05447028949856758 0.001624657365027815
0.03851537127047777 0.0012360017863102257
0.036654760129749775 0.001121206907555461
0.04900520108640194 0.0013929216656833887
0.05425307992845774 0.0016179006197489798
0.03912249393761158 0.0012638575863093138
0.04236980248242617 0.0013872105337213725
0.03892459440976381 0.0012572966370498762
0.05102028138935566 0.0015665520331822336
0.05427106563001871 0.001618178270291537
0.038934361189603806 0.0012577168236020952
0.04236980248242617 0.0013872105337213725
0.03893421031534672 0.0012577089364640415
0.03751144092530012 0.001194844749988988
0.0490341167896986 0.0013936214963905513
0.05444732774049044 0.0016242564597632736
0.04901156295090914 0.0013930720742791891
0.04898212105035782 0.0013924021332059056
0.03892901819199324 0.0012575625587487593
0.03893178142607212 0.001257601412362419
0.03891325183212757 0.001256809598999098
0.05444325041025877 0.0016241961275227368
0.04017760045826435 0.0013115400652168319
0.05416187550872564 0.0015675083850510418
0.0381385600194335 0.001223624247359112
0.03912410885095596 0.001263929676497355
0.039088296703994274 0.0012622872163774446
0.03751042578369379 0.0011948040628340095
0.03751081973314285 0.0011948250466957688
0.03812383767217398 0.001222992956172675
0.056161655113101006 0.0016476033488288522
0.03750928957015276 0.001194764015963301
0.03851503971964121 0.0012359734391793609
0.054254681803286076 0.0016179324593394995
0.04178773798048496 0.001349654863588512
0.037318985909223557 0.0011581707803998142
0.03912324924021959 0.0012638998887268826
0.05102028138935566 0.0015665520331822336
0.038932278752326965 0.0012576281151268631
0.054433729499578476 0.001624035881832242
0.03426729515194893 0.0009531444229651242
0.04178493935614824 0.0013494842278305441
0.03909210208803415 0.0012624599185073748
0.03911243565380573 0.0012633967999136075
0.03851022385060787 0.0012357670639175922
0.03910463582724333 0.0012630395940504968
0.054283383302390575 0.0016183654661290348
0.03851887118071318 0.0012361556000541896
0.04017760045826435 0.0013115400652168319
0.04202670603990555 0.0013643989223055542
0.054432434029877186 0.0016240125114563853
0.039123453199863434 0.0012639103515539318
0.03852779231965542 0.0012365676229819655
0.038137524388730526 0.0012235764879733324
0.0542503260076046 0.0016178545192815363
0.04202589672058821 0.0013643762504216284
0.038141810335218906 0.0012237619957886636
0.03732065297663212 0.0011582416773308069
0.056162587366998196 0.0016476377786602825
0.056143118999898434 0.0016472720017191023
0.03912684507668018 0.0012640575878322124
0.041731071658432484 0.0013404908531811088
0.038869708776474 0.001254944916581735
0.04017760045826435 0.0013115400652168319
0.054242697544395924 0.0016177312354557216
0.03883987758308649 0.0012536683498183265
0.0422205226495862 0.001370833721011877
0.03726348467171192 0.0011491522745927796
0.039121564477682114 0.0012638164043892175
0.03851804230362177 0.00123611229355447
0.03665896225720644 0.001121408276958391
0.03724917862564325 0.0011485005961731076
0.03851248789578676 0.0012358734966255724
0.03750901576131582 0.0011947544990107417
0.03609967418015003 0.0009672232408775017
0.05443483963608742 0.0016240531695075333
0.03912192955613136 0.0012638364278245717
0.04178585018962622 0.001349544239928946
0.03680066764354706 0.0011405916011426598
0.04221996944397688 0.001370778976706788
0.03769811522215605 0.0012009822530671954
0.03732308652251959 0.0011583235173020512
0.03816619887948036 0.001224810373969376
0.03890237770974636 0.0012563458731165156
0.03912308719009161 0.0012638870830414817
0.039117490872740746 0.0012636274186661467
0.03851585928350687 0.0012360172695480287
0.04201736859977245 0.0013638255186378956
0.038513836450874805 0.0012359230604488403
0.03911769203841686 0.0012636419123737141
0.03912098240107298 0.0012637867766898125
0.0420237947255373 0.0013642742997035384
0.055896361358463764 0.001643043797230348
0.05444228183478117 0.0016241806733887643
0.03726224321871996 0.0011491142795421183
0.0490064425393939 0.00139295679400675
0.037265936844050884 0.0011492644407553598
0.04017760045826435 0.0013115400652168319
0.0388620812445879 0.0012546201614895836
0.04202829673886299 0.0013645041908603162
0.039116883650422096 0.001263602389371954
0.038521275855600834 0.0012362642446532845
0.05613408703356981 0.0016471902490593493
0.039127202704548836 0.001264087448362261
0.038514625281095505 0.0012359574029687792
0.039123183116316795 0.0012638902699109167
0.034245558083057404 0.0009512768010608852
0.05447693634778261 0.0016247755847871304
0.037323721684515476 0.001158386017777957
0.03851638548076153 0.0012360396212898195
0.04017760045826435 0.0013115400652168319
0.03909566346555948 0.0012626243551494554
0.038135020062327385 0.0012234736059326679
0.039058370515704155 0.0012609122204594314
0.03726946376264095 0.001149479314335622
0.03732197266072035 0.0011582932638702914
0.05424571968615055 0.0016177844372577965
0.05452551692724228 0.0016256054514087737
0.048987386748194695 0.0013925393868703395
0.03851524647325277 0.001235983392689377
0.05430982913821936 0.0016187794972211123
0.03851569443941116 0.0012360091786831617
0.03851531259715557 0.0012359914544504136
0.03892344143241644 0.0012572479899972677
0.05102028138935566 0.0015665520331822336
0.0490631815046072 0.00139428029069677
0.038931528106331825 0.0012575948931043968
0.04908561520278454 0.001447201066184789
0.04908561520278454 0.001447201066184789
0.03751392289996147 0.0011949241161346436
0.054242183454334736 0.0016177219804376364
0.04202385526150465 0.0013642771518789232
0.04017760045826435 0.0013115400652168319
0.038936602883040905 0.001257810989045538
0.03813598770648241 0.0012235147587489337
0.054446191526949406 0.001624248077860102
0.04225936625152826 0.0013720696733798832
0.03721803706139326 0.0011470656463643536
0.03889482095837593 0.001256023155292496
0.03893144987523556 0.0012575894652400166
0.03725701570510864 0.0011488656891742721
0.05424489453434944 0.001617767265997827
0.03912894707173109 0.0012641514331335202
0.03893103823065758 0.001257572672329843
0.05424393620342016 0.001617749745491892
0.04017760045826435 0.0013115400652168319
0.05102028138935566 0.0015665520331822336
0.05424621421843767 0.0016177898505702615
0.03893293719738722 0.001257654745131731
0.04179826658219099 0.0013503074296750128
0.03893305081874132 0.0012576632580021396
0.03910496272146702 0.0012630542187253013
0.037514131516218185 0.001194951735669747
0.038931043818593025 0.0012575884902616963
0.05428376607596874 0.0016183752450160682
0.03912472166121006 0.0012639583583222702
0.05102028138935566 0.0015665520331822336
0.03911907132714987 0.0012637026520678774
0.038134947419166565 0.0012234718597028404
0.05444435682147741 0.001624205120606348
0.05426060128957033 0.001618018839508295
0.04236980248242617 0.0013872105337213725
0.04202586133033037 0.0013643467973452061
0.03666832484304905 0.0011218378494959325
0.03814804833382368 0.0012240316136740148
0.03813246823847294 0.0012233646120876074
0.05443494953215122 0.0016240596014540642
0.0366575513035059 0.001121332956245169
0.04017760045826435 0.0013115400652168319
0.03891328629106283 0.0012568115344038233
0.03677384369075298 0.0011393648746889085
0.03890768252313137 0.0012566941149998456
0.04908561520278454 0.001447201066184789
0.03851770516484976 0.0012361030094325542
0.03891860041767359 0.0012571538536576554
0.054246772080659866 0.0016177977668121457
0.03912594262510538 0.0012640151544474065
0.05443071946501732 0.0016239812248386443
0.05102028138935566 0.0015665520331822336
0.04178470838814974 0.0013494633603841066
0.03887941408902407 0.0012553634587675333
0.04907101858407259 0.0013944658858235925
0.03853848949074745 0.0012370536860544235
0.03884320706129074 0.0012538109585875645
0.03893396910279989 0.0012576986191561446
0.03816249780356884 0.001224651641678065
0.03851507417857647 0.0012359779211692512
0.054318697191774845 0.0016220611287280917
0.0391179108992219 0.0012636476749321446
0.03895140439271927 0.0012584420037455857
0.039120650850236416 0.0012637838954105973
0.0542786680161953 0.0016182937542907894
0.038933031260967255 0.001257656520465389
0.03910900093615055 0.0012632403377210721
0.03882682044059038 0.0012531091779237613
0.04017760045826435 0.0013115400652168319
0.04202300030738115 0.0013641792756970972
0.056187717244029045 0.0016480273334309459
0.038789558224380016 0.001251513313036412
0.05057349614799023 0.0014961580745875835
0.03751049470156431 0.001194809126900509
0.03851742949336767 0.001236093376064673
0.05426242668181658 0.0016180386883206666
0.0542476661503315 0.0016178125515580177
0.037265265360474586 0.0011492358025861904
0.05424903612583876 0.0016178469522856176
0.04178784787654877 0.0013496610336005688
0.03893639985471964 0.001257804105989635
0.038556402549147606 0.0012377561070024967
0.0420236187055707 0.0013642013946082443
0.03726322576403618 0.0011491472978377715
0.05423661693930626 0.0016176513163372874
0.05425656493753195 0.001617957022972405
0.05424192640930414 0.0016177156940102577
0.05595761816948652 0.0016440924373455346
0.04202893655747175 0.00136453821323812
0.054252468049526215 0.0016178860096260905
0.05424804985523224 0.0016178176738321781
0.03891846816986799 0.001257034411537461
0.038539682514965534 0.0012371070333756506
0.05445053707808256 0.0016243936261162162
0.04202840104699135 0.0013645116705447435
0.03888976853340864 0.0012558060407172889
0.03892747964709997 0.0012574183201650158
0.05428146477788687 0.0016183353145606816
0.03731222916394472 0.0011579533165786415
0.03614343889057636 0.0011104060104116797
0.03813805337995291 0.0012236045440658927
0.039115503430366516 0.0012635513994609937
0.03813797980546951 0.0012236009060870856
0.041783531196415424 0.001349395839497447
0.03751241136342287 0.0011948900064453483
0.03893298376351595 0.001257656214875169
0.03911233600229025 0.0012633927108254284
0.0381423756480217 0.0012237878108862787
0.03912542387843132 0.0012640044442377985
0.03889832831919193 0.001256172836292535
0.05617976561188698 0.001647909462917596
0.04202268458902836 0.0013641428959090263
0.04178566578775644 0.001349527359707281
0.03911604546010494 0.0012635663006221876
0.054595557041466236 0.001626805606065318
0.038914553821086884 0.0012569787068059668
0.038932641968131065 0.0012576415319927037
0.03751084301620722 0.0011948428873438388
0.03751860372722149 0.0011950727785006166
0.038516003638505936 0.0012360192486084998
0.04236980248242617 0.0013872105337213725
0.03851374890655279 0.0012359170068521053
0.037259604781866074 0.0011489875905681401
0.03892866428941488 0.0012574716820381582
0.03891171608120203 0.0012567457306431606
0.039067395962774754 0.001261323966900818
0.03726540505886078 0.0011492368794279173
0.03909674845635891 0.0012626762763829902
0.056170009076595306 0.0016477515164297074
0.03884975332766771 0.0012540911993710324
0.03912350535392761 0.0012639104097615927
0.038516825065016747 0.001236058451468125
0.03912932984530926 0.0012641800421988592
0.04017760045826435 0.0013115400652168319
0.03888291772454977 0.0012555123394122347
0.041728174313902855 0.0013403936754912138
0.03889908641576767 0.0012562196352519095
0.05102028138935566 0.0015665520331822336
0.05618101358413696 0.0016479209007229656
0.054656149819493294 0.0016278359689749777
0.04202698636800051 0.0013644163846038282
0.03733166866004467 0.0011600173020269722
0.05427500046789646 0.0016182376421056688
0.054441167041659355 0.0016241641715168953
0.03888128977268934 0.001255442461115308
0.05835788790136576 0.0016851740365382284
0.04017760045826435 0.0013115400652168319
0.037512107752263546 0.0011948765313718468
0.05425089690834284 0.0016178590012714267
0.03728170320391655 0.0011569001799216494
0.03892739024013281 0.0012574129505082965
0.05423862859606743 0.0016176792560145259
0.036779774352908134 0.0011395934561733156
0.038527523167431355 0.0012365507427603006
0.03912307135760784 0.0012638855259865522
0.03893237002193928 0.0012576298177009448
0.05619500111788511 0.0016481395286973566
0.03893441706895828 0.0012577174202306196
0.03851864580065012 0.0012361408153083175
0.03910893853753805 0.0012632374855456874
0.038136839866638184 0.0012235508766025305
0.054432228207588196 0.0016240082331933081
0.041725991293787956 0.0013403186749201268
0.05102028138935566 0.0015665520331822336
0.037313819862902164 0.001158008599304594
0.04172996524721384 0.0013404435303527862
0.03886815160512924 0.0012548752129077911
0.03851467743515968 0.0012359711108729243
0.0542503260076046 0.0016178545192815363
0.03912840411067009 0.0012641304638236761
0.049004288390278816 0.0013928704429417849
0.03889039438217878 0.0012558320304378867
0.04222019109874964 0.0013708288315683603
0.04236980248242617 0.0013872105337213725
0.03725898824632168 0.001148957700934261
0.05447143968194723 0.0016246797749772668
0.03893592953681946 0.0012577837915159762
0.05102028138935566 0.0015665520331822336
0.054299245588481426 0.0016186144785024226
0.039124904200434685 0.0012639725900953636
0.039109520614147186 0.0012632626458071172
0.03752462286502123 0.0011952703644055873
0.03857132513076067 0.0012385603040456772
