0.03740553464740515 0.0011618043790804222
0.03807690739631653 0.0012211527209728956
0.0541376369073987 0.0016192471666727215
0.03674427978694439 0.0011389953724574298
0.039104361087083817 0.0012651704164454713
0.039035544730722904 0.0012622267822735012
0.04017760045826435 0.0013115400652168319
0.03807523846626282 0.0012210820568725467
0.05414757505059242 0.0016194128838833421
0.038500589318573475 0.0012351162440609187
0.053946168161928654 0.0016128304996527731
0.03849644307047129 0.0012348952295724303
0.05623770225793123 0.001648506207857281
0.053933242335915565 0.00161260791355744
0.04175230301916599 0.0013479799672495574
0.04017760045826435 0.0013115400652168319
0.054125615395605564 0.0016190410824492574
0.03739881236106157 0.0011615584371611476
0.05416510906070471 0.0016197149234358221
0.04204548802226782 0.0013660471013281494
0.03921494446694851 0.00126793744857423
0.0390367116779089 0.001262270481674932
0.04017760045826435 0.0013115400652168319
0.03923202585428953 0.0012686596310231835
0.05396067351102829 0.0016130396397784352
0.03849995508790016 0.0012350590259302408
0.039031258784234524 0.0012620377965504304
0.03849772457033396 0.001234956900589168
0.03849976044148207 0.0012350496253930032
0.04017760045826435 0.0013115400652168319
0.03808770701289177 0.0012216187024023384
0.03807276953011751 0.0012209806591272354
0.05398701597005129 0.0016135420300997794
0.039024061523377895 0.001261727447854355
0.038067495450377464 0.0012207525433041155
0.0566702913492918 0.0016625667340122163
0.05627766530960798 0.0016491278365720063
0.038072497583925724 0.0012209696578793228
0.04236980248242617 0.0013872105337213725
0.04224323574453592 0.0013725015451200306
0.03903947677463293 0.0012623937363969162
0.04017760045826435 0.0013115400652168319
0.037425143644213676 0.0011912714398931712
0.03901595715433359 0.0012613745057024062
0.041749308817088604 0.0013477956526912749
0.03903041314333677 0.0012620007764780894
0.03903322480618954 0.0012621265632333234
0.053995680063962936 0.0016136799822561443
0.04175350535660982 0.0013480332854669541
0.03740887064486742 0.0011619280849117786
0.03903586324304342 0.0012622375506907701
0.03922764025628567 0.0012684653338510543
0.054136376827955246 0.0016192272305488586
0.04017760045826435 0.0013115400652168319
0.05668337456882 0.0016627897275611758
0.054139151237905025 0.0016192714974749833
0.05628066137433052 0.0016491783026140183
0.04208008386194706 0.0013681942073162645
0.04175325110554695 0.001348027668427676
0.05414094962179661 0.0016193008341360837
0.05414305999875069 0.001619340939214453
0.05628944467753172 0.00164930839673616
0.03923361375927925 0.00126874542911537
0.03903741203248501 0.0012623072834685445
0.05396913457661867 0.0016132250893861055
0.03740301355719566 0.0011617144045885652
0.039032625034451485 0.0012621007044799626
0.035787107422947884 0.0010763217433122918
0.05416830629110336 0.0016197571821976453
0.056279364973306656 0.0016491584829054773
0.03742429427802563 0.0011912405607290566
0.03807453624904156 0.0012210538261570036
0.03903450071811676 0.0012621808709809557
0.053977337665855885 0.001613362634088844
0.03807062283158302 0.0012208878470119089
0.039036757312715054 0.001262274046894163
0.05412774905562401 0.0016190801106858999
0.0356838540174067 0.001040549628669396
0.03903341945260763 0.0012621321220649406
0.039238929748535156 0.0012689770082943141
0.038072194904088974 0.0012209561828058213
0.04017760045826435 0.0013115400652168319
0.038506392389535904 0.0012353520723991096
0.05630070436745882 0.001649520912906155
0.04209300875663757 0.001368994009681046
0.03808694239705801 0.0012215759488753974
0.05628878716379404 0.0016493050497956574
0.03923420701175928 0.0012687641137745231
0.03902372997254133 0.001261718076420948
0.03807475604116917 0.0012210667773615569
0.0380740687251091 0.0012210348795633763
0.038073038682341576 0.0012209903507027775
0.05396522115916014 0.001613156811799854
0.04175251629203558 0.0013479853805620223
0.05102028138935566 0.0015665520331822336
0.03849469404667616 0.0012348143209237605
0.03849700838327408 0.0012349216849543154
0.05415553878992796 0.001619550137547776
0.05414955038577318 0.0016194443451240659
0.03922793362289667 0.0012684749817708507
0.0390414884313941 0.0012624794035218656
0.03922582883387804 0.0012683885724982247
0.03923232760280371 0.0012686841073445976
0.05102028138935566 0.0015665520331822336
0.03806349262595177 0.0012205819657538086
0.037428864277899265 0.0011914186761714518
0.05627306271344423 0.0016490548441652209
0.0541469557210803 0.001619407965335995
0.03921111486852169 0.0012677676568273455
0.0539252245798707 0.0016124777612276375
0.04017760045826435 0.0013115400652168319
0.05415304470807314 0.0016194905911106616
0.04224739968776703 0.0013730747159570456
0.04017760045826435 0.0013115400652168319
0.054128121584653854 0.0016190939932130277
0.03740505874156952 0.0011617804993875325
0.03564161714166403 0.001014789959299378
0.038084314204752445 0.0012214732414577156
0.054158265702426434 0.001619593967916444
0.03903238009661436 0.001262086967471987
0.04017760045826435 0.0013115400652168319
0.05416563991457224 0.0016197228978853673
0.03903468884527683 0.001262183955986984
0.05670894682407379 0.001663231203565374
0.053954824805259705 0.0016129747382365167
0.05414043739438057 0.0016192934126593173
0.036736845038831234 0.0011387308477424085
0.03849710896611214 0.0012349345488473773
0.03901804517954588 0.0012614732404472306
0.03923380188643932 0.0012687545822700486
0.038070705719292164 0.0012208920961711556
0.05414549168199301 0.0016193824703805149
0.037422711960971355 0.0011911891342606395
0.03807033132761717 0.001220874604769051
0.05102028138935566 0.0015665520331822336
0.03909337427467108 0.0012647011608351022
0.039036079309880733 0.0012622430949704722
0.041725833900272846 0.001346340199233964
0.054142365232110023 0.001619317481527105
0.039029791951179504 0.0012619799235835671
0.04017760045826435 0.0013115400652168319
0.0392372477799654 0.0012689074501395226
0.039229316636919975 0.0012685312394751236
0.03742542862892151 0.001191280025523156
0.04236980248242617 0.0013872105337213725
0.03923902940005064 0.001268985666683875
0.053949263878166676 0.0016128926654346287
0.05395674332976341 0.0016130164149217308
0.03806499298661947 0.0012206463725306094
0.03806393686681986 0.001220601872773841
0.04017760045826435 0.0013115400652168319
0.03849403653293848 0.0012347901065368205
0.038057487457990646 0.00122032780200243
0.03850437514483929 0.0012352624908089638
0.039032052271068096 0.0012620717170648277
0.0541272796690464 0.0016190708265639842
0.03923451527953148 0.0012687706330325454
0.041693816892802715 0.0013386356877163053
0.038066565990448 0.0012207120598759502
0.05102028138935566 0.0015665520331822336
0.05395567137748003 0.0016130012809298933
0.03573330584913492 0.001054034277331084
0.03923263121396303 0.0012686867703450844
0.054163324646651745 0.0016196912329178303
0.03849760536104441 0.0012349503813311458
0.05393285397440195 0.0016126069822348654
0.03924011904746294 0.0012690248113358393
0.04175351560115814 0.0013480513880494982
0.03903702460229397 0.001262287696590647
0.03923329524695873 0.0012687253911281005
0.054121486842632294 0.0016189648886211216
0.054099819622933865 0.0016185991116799414
0.05411566607654095 0.0016188615700230002
0.04017760045826435 0.0013115400652168319
0.05628970451653004 0.0016493203002028167
0.04017760045826435 0.0013115400652168319
0.04175182618200779 0.0013479478366207331
0.05629460979253054 0.0016493891016580164
0.03806791640818119 0.001220783917233348
0.03902864642441273 0.0012619284825632349
0.04017760045826435 0.0013115400652168319
0.039039227180182934 0.0012623849033843726
0.039027911610901356 0.0012618972978089005
0.03923109360039234 0.0012686298578046262
0.05672287102788687 0.0016634621424600482
0.03850365709513426 0.0012352323101367801
0.03922303766012192 0.0012682647065958008
0.05625481903553009 0.001648764475248754
0.056271775625646114 0.0016490347916260362
0.04175571072846651 0.0013481854111887515
0.039232660084962845 0.0012686903937719762
0.04482501745223999 0.001495842938311398
0.03809489496052265 0.0012219164345879108
0.05626253969967365 0.0016488995752297342
0.05371043551713228 0.001609150436706841
0.05412284377962351 0.0016189897723961622
0.03806242533028126 0.0012205361854285002
0.05415838863700628 0.0016195960633922368
0.056299470365047455 0.0016494620067533106
0.042246571741998196 0.0013727766927331686
0.03902812674641609 0.001261903060367331
0.039226556196808815 0.001268428357434459
0.03902887273579836 0.00126193804317154
0.05102028138935566 0.0015665520331822336
0.03902949299663305 0.001261962708667852
0.03849230986088514 0.0012347002339083701
0.0380766773596406 0.0012211469584144652
0.03922403231263161 0.0012682953965850174
0.03903705161064863 0.0012622941139852628
0.05415460281074047 0.0016195336065720767
0.05414486490190029 0.0016193747578654438
0.03807204216718674 0.0012209519918542355
0.039022669196128845 0.0012616565654752776
0.03923831973224878 0.0012689448340097442
0.03904314059764147 0.0012625459057744592
0.05415910668671131 0.0016196148935705423
0.03923888877034187 0.0012689726427197456
0.05393343698233366 0.001612615364138037
0.037403651513159275 0.0011617332056630403
0.05416712071746588 0.0016197485383599997
0.03807465545833111 0.0012210586573928595
0.053964076563715935 0.001613146043382585
0.054120722226798534 0.001618962356587872
0.03807816654443741 0.0012212127330712974
0.0374044431373477 0.0011617803102126345
0.05102028138935566 0.0015665520331822336
0.03903503529727459 0.0012621993373613805
0.03904319740831852 0.0012625556555576622
0.04209838807582855 0.0013693290820810944
0.05672027729451656 0.0016634292842354625
0.056702131405472755 0.0016631126927677542
0.04017760045826435 0.0013115400652168319
0.05102028138935566 0.0015665520331822336
0.05413899663835764 0.001619265676708892
0.054158495739102364 0.0016195967327803373
0.03904032614082098 0.0012624330702237785
0.03903309814631939 0.0012621163914445788
0.05102028138935566 0.0015665520331822336
0.053954035975039005 0.001612965075764805
0.039230138063430786 0.0012685938127106056
0.03807196393609047 0.001220946287503466
0.05415196903049946 0.0016194898344110698
0.05102028138935566 0.0015665520331822336
0.03922625817358494 0.0012684185348916799
0.05629190243780613 0.0016493535658810288
0.04204598627984524 0.0013660829863511026
0.05102028138935566 0.0015665520331822336
0.056222801096737385 0.001648279168875888
0.036741421557962894 0.0011389039573259652
0.0541548915207386 0.0016195381758734584
0.039241014048457146 0.001269071304704994
0.03903026785701513 0.0012620006600627676
0.03806373570114374 0.0012205922103021294
0.054139643907547 0.0016192790353670716
0.05672402959316969 0.0016634788189549
0.0380630549043417 0.0012205611856188625
0.03922274615615606 0.001268234380404465
0.03923933859914541 0.0012689958384726197
0.056277244351804256 0.0016491177084390074
0.037409381940960884 0.001161942709586583
0.05417896155267954 0.0016198785742744803
0.05412293504923582 0.0016189957386814058
0.03923840448260307 0.0012689521681750193
0.03806424140930176 0.0012206198007334024
0.05102028138935566 0.0015665520331822336
0.03923278860747814 0.001268690699362196
0.037413593381643295 0.0011620801378739998
0.05102028138935566 0.0015665520331822336
0.03807572089135647 0.0012211063294671476
0.0392251405864954 0.0012683657987508923
0.03903047274798155 0.0012620012857951224
0.04017760045826435 0.0013115400652168319
0.05414045508950949 0.0016192947223316878
0.05102028138935566 0.0015665520331822336
0.03901066444814205 0.0012611555139301345
0.039023361168801785 0.0012616998137673363
0.05379577539861202 0.0016104693640954792
0.0422564959153533 0.001374303101329133
0.03923359699547291 0.0012687345006270334
0.03807458654046059 0.001221058570081368
0.03923591412603855 0.0012688416463788599
0.04017760045826435 0.0013115400652168319
0.03911035228520632 0.0012654283054871485
0.05413489043712616 0.0016191999893635511
0.054127831012010574 0.0016190856404136866
0.03807338327169418 0.0012210014974698424
0.03901070915162563 0.001261157463886775
0.038072943687438965 0.001220982929226011
0.037401231937110424 0.0011616605916060507
0.0541765158995986 0.0016198551456909627
0.03806470334529877 0.0012206358078401536
0.03850539028644562 0.001235318894032389
0.03740971069782972 0.0011619670840445906
0.04017760045826435 0.0013115400652168319
0.03922847472131252 0.0012685081892414019
0.038071729242801666 0.0012209381675347686
0.054154698736965656 0.0016195340431295335
0.05417662113904953 0.0016198753146454692
0.0384981669485569 0.0012349780881777406
0.03922875225543976 0.0012685230904025957
0.03806390054523945 0.001220601552631706
0.053956822492182255 0.0016130185686051846
0.039031077176332474 0.001262033561943099
0.039234625175595284 0.00126877729780972
0.03903385065495968 0.001262151388800703
0.05412891786545515 0.00161909923190251
0.054132125340402126 0.0016191535687539726
0.05410533770918846 0.0016186927678063512
0.05416237935423851 0.001619663933524862
0.05625051632523537 0.001648722478421405
0.05415001232177019 0.001619455695617944
0.05394527316093445 0.0016127880662679672
0.05412526987493038 0.001619032904272899
0.039235048927366734 0.0012687967391684651
0.054128704592585564 0.001619095157366246
0.05629296135157347 0.0016493712028022856
0.04017760045826435 0.0013115400652168319
0.03735229652374983 0.0011599884164752439
0.039043644443154335 0.001262569276150316
0.038499399088323116 0.0012350351316854358
0.0390223003923893 0.0012616544991033152
0.03923571389168501 0.0012688261922448874
0.03903011046350002 0.0012619905901374295
0.03904018085449934 0.0012624241644516587
0.053961168974637985 0.001613070024177432
0.0539510790258646 0.001612918043974787
0.03849512618035078 0.001234877301612869
0.03904248680919409 0.001262521036551334
0.05102028138935566 0.0015665520331822336
0.0392210828140378 0.001268190477276221
0.03808514308184385 0.0012215051683597267
0.041752773337066174 0.0013480074412655085
0.038493188098073006 0.0012347525334917009
0.038071105256676674 0.0012209070555400103
0.05413080099970102 0.0016191276663448662
0.03923709690570831 0.0012688978749793023
0.03903472423553467 0.001262189616682008
0.03806768637150526 0.0012207627587486058
0.039034752175211906 0.0012621936475625262
0.05413795541971922 0.0016192518814932555
0.037408897653222084 0.001161937092547305
0.0380606297403574 0.0012204311497043818
0.03903963230550289 0.0012624069349840283
0.03904195316135883 0.001262497462448664
0.05414825119078159 0.0016194263298530132
0.039035399444401264 0.0012622155190911144
0.054160491563379765 0.00161962557467632
0.03902456350624561 0.0012617513857549056
0.03849781956523657 0.0012349695898592472
0.03849968407303095 0.0012350459583103657
0.03903240989893675 0.0012620908819371834
0.05414405092597008 0.0016193553456105292
0.03742432501167059 0.0011912422778550535
0.03809394408017397 0.001221883692778647
0.054169708862900734 0.0016197817167267203
0.038055154494941235 0.0012202271318528801
0.03419047873467207 0.0009669144201325253
0.038069271482527256 0.0012208351981826127
0.041751859709620476 0.0013479522021953017
0.05412028171122074 0.001618943817447871
0.03903647605329752 0.001262260804651305
0.0390182426199317 0.0012614775041583925
0.0417545922100544 0.0013481165806297213
0.03806772921234369 0.001220776786794886
0.03903520107269287 0.0012622128415387124
0.038492634892463684 0.0012347209267318249
0.039020998403429985 0.0012615822197403759
0.05414381716400385 0.0016193499031942338
0.03806613851338625 0.0012207003601361066
0.038069095462560654 0.0012208235857542604
0.038492641411721706 0.0012347381853032857
0.04017760045826435 0.0013115400652168319
0.053934263065457344 0.0016126398113556206
0.05629461910575628 0.0016493960574734956
0.05623461026698351 0.0016484769876115024
0.05391732510179281 0.0016123646055348217
0.039238727651536465 0.0012689659342868254
0.04017760045826435 0.0013115400652168319
0.05412591993808746 0.0016190414025913924
0.04224685672670603 0.0013728272169828415
0.04017760045826435 0.0013115400652168319
0.05412371922284365 0.0016190118622034788
0.042044960893690586 0.0013660202384926379
0.04017760045826435 0.0013115400652168319
