0.04017760045826435 0.0013115400652168319
0.05472535453736782 0.0016253245994448662
0.054763708263635635 0.0016259269323199987
0.04184762854129076 0.001353207917418331
0.038321555592119694 0.0012314214545767754
0.038329499773681164 0.0012317573418840766
0.03756861947476864 0.0011968998878728598
0.03459866717457771 0.0009663996897870675
0.05473220720887184 0.0016254378715530038
0.038983176462352276 0.00125752532039769
0.03827318083494902 0.0012293515319470316
0.05471930094063282 0.0016252164787147194
0.03872585576027632 0.0012487351632444188
0.0386558473110199 0.0012424944434314966
0.041847326792776585 0.0013531869335565716
0.055721078999340534 0.0016408479423262179
0.05473705846816301 0.0016255142109002918
0.038963211700320244 0.001256609262782149
0.03874804824590683 0.0012496879353420809
0.05474339984357357 0.0016256108356174082
0.05102028138935566 0.0015665520331822336
0.04236980248242617 0.0013872105337213725
0.05605010036379099 0.0016516064933966845
0.0557246170938015 0.0016408990486525
0.05475101061165333 0.0016257309762295336
0.054994761012494564 0.001633552717976272
0.038729406893253326 0.0012488904321799055
0.03896010387688875 0.0012564675998874009
0.037180062383413315 0.0011532128846738487
0.041836914606392384 0.001352561783278361
0.042171903885900974 0.0013637480151373893
0.037177544087171555 0.0011531147174537182
0.041844407096505165 0.0013530256983358413
0.03897506184875965 0.0012571462575579062
0.03865732904523611 0.0012425727909430861
0.054700182750821114 0.0016249333857558668
0.04017760045826435 0.0013115400652168319
0.03718840517103672 0.0011535045341588557
0.03757564444094896 0.001197159755975008
0.04017760045826435 0.0013115400652168319
0.038641137070953846 0.0012418279657140374
0.03896223474293947 0.0012565678043756634
0.0561338821426034 0.0016530429129488766
0.05606046877801418 0.001651782018598169
0.05493100918829441 0.0016324743337463588
0.03896581754088402 0.0012567307421704754
0.038731325417757034 0.0012489680375438184
0.05573865119367838 0.0016410922107752413
0.05102028138935566 0.0015665520331822336
0.05496401526033878 0.0016330288199242204
0.038324144668877125 0.001231528993230313
0.03896551672369242 0.0012567114317789674
0.05497211962938309 0.0016331682272721082
0.038956815376877785 0.0012563160853460431
0.05102028138935566 0.0015665520331822336
0.04197013098746538 0.001360764872515574
0.03767097368836403 0.0012002962175756693
0.0419691177085042 0.001360715104965493
0.03717734385281801 0.001153111457824707
0.055748555809259415 0.0016412656113971025
0.041845609433948994 0.0013530836149584502
0.03865278419107199 0.0012423568405210972
0.05460287258028984 0.0015763866540510207
0.03864785376936197 0.001242137368535623
0.04184609837830067 0.0013531217991840094
0.038644541054964066 0.0012419850390870124
0.03875059727579355 0.001249795444891788
0.03896650765091181 0.0012567573721753433
0.0386561481282115 0.0012425243621692061
0.03831063210964203 0.0012309861194808036
0.03689124155789614 0.0011432388564571738
0.04017760045826435 0.0013115400652168319
0.038293528370559216 0.0012302181567065418
0.05496934149414301 0.001633125328226015
0.038649643771350384 0.0012422203144524246
0.04017760045826435 0.0013115400652168319
0.038294969126582146 0.0012302783434279263
0.03872675821185112 0.0012487741623772308
0.038973174057900906 0.0012570653634611517
0.037176831625401974 0.0011531080235727131
0.03863227181136608 0.0012414176017045975
0.054983616806566715 0.0016333674429915845
0.03877128008753061 0.0012506862549344078
0.03873505722731352 0.0012491266388678923
0.055739100091159344 0.0016411192482337356
0.03767203353345394 0.001200320024508983
0.05477499961853027 0.0016261125565506518
0.04017760045826435 0.0013115400652168319
0.04017760045826435 0.0013115400652168319
0.054900120943784714 0.0016319391434080899
0.05606369860470295 0.0016518486372660846
0.038723163306713104 0.001248618689714931
0.04017760045826435 0.0013115400652168319
0.05498217511922121 0.0016333411040250212
0.03864377550780773 0.0012419510167092085
0.042173498310148716 0.0013639124808833003
0.03873238153755665 0.0012490137305576354
0.038744449615478516 0.0012495372502598912
0.054990786127746105 0.0016334859828930348
0.03875672724097967 0.0012500577286118641
0.03767399117350578 0.0012004031159449369
0.038980910554528236 0.001257418334716931
0.03899151552468538 0.0012579097092384472
0.038733565248548985 0.0012490622902987525
0.0387546606361866 0.0012499705044319853
0.0383185688406229 0.001231290167197585
0.03895587660372257 0.001256272938917391
0.041974909603595734 0.00136108641163446
0.054767169058322906 0.0016259854892268777
0.05604087561368942 0.0016514465096406639
0.038317290134727955 0.001231232745340094
0.054717971943318844 0.0016252128698397428
0.0386488838121295 0.0012421783176250756
0.04017760045826435 0.0013115400652168319
0.038317762315273285 0.0012312752078287303
0.05497093312442303 0.0016331586812157184
0.05489514861255884 0.0016318544221576303
0.05096708703786135 0.001452254713512957
0.03873823955655098 0.0012492671958170831
0.054999854415655136 0.001633642299566418
0.03896404802799225 0.001256649469723925
0.03864553105086088 0.0012420279381331056
0.04017760045826435 0.0013115400652168319
0.056095244362950325 0.001652376988204196
0.03614156600087881 0.0011087913007941097
0.037189869210124016 0.0011535548692336306
0.056136591359972954 0.001653098181122914
0.041973428800702095 0.0013610048335976899
0.037573836743831635 0.0011970875784754753
0.041844869032502174 0.0013530406868085265
0.04017760045826435 0.0013115400652168319
0.03896797634661198 0.0012568302772706375
0.03831694275140762 0.0012312276230659336
0.03874028939753771 0.0012493570247897878
0.05496038217097521 0.0016329737263731658
0.04184300638735294 0.001353025174466893
0.0547497384250164 0.0016257230308838189
0.03873163368552923 0.0012489897344494238
0.05102028138935566 0.0015665520331822336
0.0421722661703825 0.0013638541277032346
0.05499948002398014 0.001633634470636025
0.05469315126538277 0.0016248282918240875
0.03876500390470028 0.001250416346010752
0.05456900782883167 0.0015757090295664966
0.054747410118579865 0.0016256876406259835
0.037182215601205826 0.0011533249053172767
0.03832189179956913 0.001231433474458754
0.03896742779761553 0.0012567944650072604
0.03873269073665142 0.0012490278022596613
0.05102028138935566 0.0015665520331822336
0.03757732734084129 0.0011972514039371163
0.03864319156855345 0.0012419198174029589
0.038740258663892746 0.001249353270395659
0.05102028138935566 0.0015665520331822336
0.03832126408815384 0.0012314061750657856
0.05477001052349806 0.0016260356933344156
0.038745963014662266 0.0012496050476329401
0.038642678409814835 0.0012418976111803204
0.05609932169318199 0.0016524440725333989
0.037181795574724674 0.0011532942007761449
0.03872910048812628 0.0012488760548876598
0.038655685260891914 0.0012424940650817007
0.05102028138935566 0.0015665520331822336
0.05498232692480087 0.0016333650855813175
0.05474618263542652 0.001625657081604004
0.03872749209403992 0.0012488077336456627
0.038313441909849644 0.0012310680758673698
0.03767306171357632 0.0012003653682768345
0.038308555260300636 0.0012308595469221473
0.038320193998515606 0.0012313748884480447
0.0371879767626524 0.001153487159172073
0.038723685778677464 0.0012486421619541943
0.05604609381407499 0.001651535916607827
0.038723879493772984 0.0012486498890211806
0.038329293951392174 0.00123174928012304
0.03833539038896561 0.0012320055975578725
0.054974199272692204 0.00163320530555211
0.03872691188007593 0.0012487839703680947
0.03718940541148186 0.0011535454541444778
0.05572828836739063 0.0016409678210038692
0.03718042653053999 0.001153246863395907
0.05495174415409565 0.0016328489291481674
0.03896433860063553 0.001256663294043392
0.05102028138935566 0.0015665520331822336
0.054991573095321655 0.0016335004766006023
0.05102028138935566 0.0015665520331822336
0.05494862422347069 0.0016327757621183991
0.038963837549090385 0.0012566359946504235
0.03825575299561024 0.0012285976263228804
0.038732949644327164 0.0012490449444158003
0.038738991133868694 0.001249301407369785
0.03757515083998442 0.0011971433705184609
0.03896916285157204 0.0012568874371936545
0.03875322453677654 0.0012499096774263307
0.03689842950552702 0.0011434998596087098
0.03875040728598833 0.0012497884599724784
0.03872440289705992 0.0012486724008340389
0.037181541323661804 0.0011532815406098962
0.054900700226426125 0.0016319490096066147
0.038739316165447235 0.0012493159447330981
0.0549022126942873 0.001631989114684984
0.038321467116475105 0.0012314139166846871
0.056057767011225224 0.0016517325129825622
0.038725790567696095 0.0012487334315665066
0.03865374159067869 0.001242410158738494
0.04017760045826435 0.0013115400652168319
0.038956847973167896 0.0012563192722154781
0.0418474730104208 0.001353200146695599
0.03766981326043606 0.0012002478761132807
0.03872634656727314 0.0012487541825976223
0.038328567519783974 0.0012317230575717986
0.05499729420989752 0.0016336007101926953
0.03873242624104023 0.0012490221270127222
0.03873276896774769 0.001249037086381577
0.038654020987451077 0.0012424181622918695
0.04217120725661516 0.0013636205403599888
0.05576377175748348 0.0016415060963481665
0.04017760045826435 0.0013115400652168319
0.03865106776356697 0.0012422788713593036
0.03831546939909458 0.0012311556201893836
0.05460680741816759 0.0015764838317409158
0.03832926228642464 0.0012317468936089426
0.05469997227191925 0.0016249185428023338
0.038325194269418716 0.0012315948551986367
0.05477345734834671 0.001626084907911718
0.04017760045826435 0.0013115400652168319
0.05490436963737011 0.0016320116992574185
0.038984465412795544 0.0012575837026815861
0.037685297429561615 0.0012007632467430085
0.05477598123252392 0.0016261280688922852
0.056062313728034496 0.0016518113843631
0.04908561520278454 0.001447201066184789
0.05603901203721762 0.0016514140588697046
0.038962447084486485 0.001256573392311111
0.038965018466115 0.0012566924706334248
0.05496199056506157 0.001632994506508112
0.03865346498787403 0.001242396916495636
0.03895943146198988 0.0012564354547066614
0.037569841369986534 0.0011969442130066454
0.03831495251506567 0.0012311343743931502
0.038324289955198765 0.0012315360363572836
0.03717172425240278 0.0011529270268511027
0.04017760045826435 0.0013115400652168319
0.03896021097898483 0.0012564846110763028
0.038334128446877 0.0012319605448283255
0.038657634519040585 0.0012425966269802302
0.05496490653604269 0.0016330747457686812
0.03872761316597462 0.0012488146603573114
0.03718062024563551 0.0011532608623383567
0.03832350019365549 0.0012315036146901548
0.03833275847136974 0.0012318950903136283
0.05496889632195234 0.0016331150545738637
0.05102028138935566 0.0015665520331822336
0.041967783123254776 0.0013606125430669636
0.03895439300686121 0.0012562054471345618
0.05474451184272766 0.0016256323724519461
0.038322228007018566 0.0012314398190937936
0.05493440106511116 0.001632521947612986
0.05500413756817579 0.0016337091801688075
0.03873752150684595 0.001249243287020363
0.042202020063996315 0.0013684738369192928
0.03832638543099165 0.0012316251522861421
0.03873749449849129 0.0012492399691836908
0.0383225679397583 0.0012314816704019904
0.05477186292409897 0.0016260587726719677
0.05102028138935566 0.0015665520331822336
0.05476452689617872 0.0016259461699519306
0.03897214028984308 0.0012570205435622483
0.03895852342247963 0.0012564000207930803
0.05472864490002394 0.0016253842040896416
0.03865294810384512 0.0012423610896803439
0.05604794714599848 0.0016515661554876715
0.05492493510246277 0.001632359460927546
0.038736763410270214 0.0012492031091824174
0.03864101227372885 0.0012418161204550415
0.038983563892543316 0.0012575411674333736
0.03864798881113529 0.0012421433930285275
0.03717426490038633 0.0011530095944181085
0.0386572377756238 0.0012425683671608567
0.054726751521229744 0.0016253494250122458
0.038334066048264503 0.0012319514353293926
0.04017760045826435 0.0013115400652168319
0.038730500265955925 0.0012489319342421368
0.03875761851668358 0.0012500998709583655
0.05475514102727175 0.0016257845854852349
0.03832770325243473 0.0012316819338593632
0.03876114264130592 0.0012502533354563639
0.05102028138935566 0.0015665520331822336
0.04196896497160196 0.0013607045402750373
0.038736503571271896 0.0012491976958699524
0.04017760045826435 0.0013115400652168319
0.056055701337754726 0.0016517177573405206
0.054989030584692955 0.0016334601386915892
0.04908561520278454 0.001447201066184789
0.05459545459598303 0.0015762663388159126
0.03872778918594122 0.0012488242791732773
0.0561319412663579 0.0016530107823200524
0.03757421113550663 0.0011971064959652722
0.03872974403202534 0.0012489045620895922
0.0561290867626667 0.0016529616550542414
0.03717135824263096 0.0011528989271027967
0.04197278805077076 0.0013609367597382516
0.0560487424954772 0.0016515846364200115
0.03832629043608904 0.0012316220381762832
0.05477048270404339 0.0016260377888102084
0.054970454424619675 0.0016331504448316991
0.04017760045826435 0.0013115400652168319
0.04197052679955959 0.0013608071021735668
0.055711494758725166 0.0016406954382546246
0.05102028138935566 0.0015665520331822336
0.038658881559967995 0.0012426446774043143
0.03896696586161852 0.0012567808153107762
0.03832782246172428 0.0012316874344833195
0.03831923473626375 0.0012313363258726895
0.05471964832395315 0.0016252378700301051
0.05475647561252117 0.00162582186749205
0.03865637257695198 0.0012425290187820792
0.03873168770223856 0.0012489967630244792
0.03831284586340189 0.001231040630955249
0.03767672646790743 0.0012004805612377822
0.04017760045826435 0.0013115400652168319
0.04220152273774147 0.0013684358564205468
0.041844758205115795 0.0013530396681744605
0.03873771149665117 0.0012492497771745548
0.038959767669439316 0.0012564508069772273
0.03873370215296745 0.001249085835297592
0.055779317393898964 0.00164174783276394
0.05607685353606939 0.0016520711069460958
0.05584951303899288 0.0016428407980129123
0.03767334949225187 0.0012003757583443075
0.03875207342207432 0.0012498604191932827
0.03863090183585882 0.0012413529912009835
0.03896128386259079 0.0012565183424158022
0.03895904030650854 0.0012564189382828772
0.038326933048665524 0.0012316489883232862
0.05571908690035343 0.0016408080700784922
0.03872997872531414 0.0012489129730965942
0.037210809998214245 0.001154275654698722
0.05493417661637068 0.001632520987186581
0.038722665049135685 0.0012485963525250554
0.03895778767764568 0.0012563608324853703
0.03895482886582613 0.0012562283664010465
0.05476340278983116 0.0016259265539702028
0.04217173159122467 0.001363676885375753
0.038731737062335014 0.0012490005610743538
0.056162151508033276 0.0016535290342289954
0.0387329189106822 0.001249044478754513
0.05606052931398153 0.0016517926706001163
0.03874245751649141 0.0012494503607740626
0.056104608811438084 0.0016525376704521477
0.05497007630765438 0.001633140433114022
0.03865670878440142 0.0012425469176378101
0.038329499773681164 0.001231759786605835
0.03833641577512026 0.001232049980899319
0.03898431174457073 0.0012575771834235638
0.04184506833553314 0.0013530620781239122
0.03826599568128586 0.0012290340382605791
0.05492700356990099 0.0016323953750543296
0.054816773161292076 0.0016305096505675465
0.05472800135612488 0.001625372882699594
0.037178258411586285 0.001153148099547252
0.054998225532472134 0.0016336178232450038
0.05488379020243883 0.0016316631226800382
0.04017760045826435 0.0013115400652168319
0.05474709626287222 0.001625678181881085
0.03895984869450331 0.0012564569915411994
0.04236980248242617 0.0013872105337213725
0.03873465862125158 0.0012491194793256
0.03829875960946083 0.001230436988407746
0.042201483622193336 0.001368410448776558
0.038642220199108124 0.0012418785190675408
0.05619131773710251 0.0016540228971280158
0.04184573516249657 0.001353100553387776
0.03896088059991598 0.0012565037031890824
0.03873227536678314 0.0012490111112128943
0.036889323964715004 0.0011432252649683505
0.038972677662968636 0.0012570422986755148
0.03875190392136574 0.0012498508003773168
0.03896624129265547 0.0012567374797072262
0.038719977252185345 0.001248480286449194
0.05612572096288204 0.0016528992564417422
0.03896467853337526 0.0012566726218210533
0.04017760045826435 0.0013115400652168319
0.03829571232199669 0.001230312918778509
0.04908561520278454 0.001447201066184789
0.037196675315499306 0.0011537890386534855
0.038952515460550785 0.0012561251205625013
0.05476204212754965 0.0016259106923826039
0.05493798293173313 0.001632583764148876
0.03872233536094427 0.0012485844345064834
0.03756571467965841 0.0011967869068030268
0.03756488021463156 0.0011967212776653469
0.05476496089249849 0.0016259499825537205
0.03833174705505371 0.0012318551016505808
0.041842020116746426 0.0013529850693885237
0.055000449530780315 0.0016336583066731691
0.0375630259513855 0.0011966285237576813
0.05102028138935566 0.0015665520331822336
0.054986038245260715 0.0016334198589902371
0.03767423518002033 0.0012004047457594424
0.0547366002574563 0.0016255112423095852
0.0386424520984292 0.0012418825644999743
0.038967507891356945 0.0012568012316478416
0.03865785337984562 0.0012426022440195084
0.03873648028820753 0.0012491902598412707
0.038952152244746685 0.0012561092589749023
0.03895651549100876 0.0012563027412397787
0.038328430615365505 0.001231709698913619
0.05605083890259266 0.0016516157484147698
0.05469072423875332 0.0016247904277406633
0.05102028138935566 0.0015665520331822336
0.05607008095830679 0.0016519501514267176
0.03862977307289839 0.001241308287717402
0.054767209105193615 0.0016259874682873487
0.05499789211899042 0.0016336104890797287
0.05578469950705767 0.0016418268496636301
0.038721262477338314 0.0012485365004977211
0.054772015661001205 0.0016260640695691109
0.03831095341593027 0.0012309938902035356
0.038649325259029865 0.0012421980791259557
0.03717454522848129 0.0011530187330208719
0.05471469461917877 0.0016251631896011531
0.038333240896463394 0.0012319165107328445
0.05572006665170193 0.0016408313531428576
0.038655624724924564 0.0012424849264789373
0.04017760045826435 0.0013115400652168319
0.05102028138935566 0.0015665520331822336
0.037569587118923664 0.0011969136830884963
0.0418388694524765 0.00135277392109856
0.05476314853876829 0.0016259211988653988
0.03897417336702347 0.0012571112747536972
0.03831746615469456 0.0012312628969084471
0.05476038996130228 0.001625882025109604
0.03757055103778839 0.001196981844259426
0.03830888122320175 0.0012308713048696518
0.037574213929474354 0.0011971291969530284
0.03895358555018902 0.0012561687326524407
0.05577182583510876 0.0016416346188634634
0.03876016102731228 0.0012502048921305686
0.038649411872029305 0.001242201222339645
