0.03723745420575142 0.0011471072502899915
0.03913192916661501 0.0012639642372960225
0.03863617405295372 0.0012412071810103953
0.038636728189885616 0.001241232908796519
0.03823664039373398 0.001228078530402854
0.03864067792892456 0.0012414176017045975
0.039134384132921696 0.0012640756467590109
0.05413927882909775 0.0015683850215282291
0.039139632135629654 0.0012643154332181439
0.036868165247142315 0.001143573463195935
0.03758938331156969 0.0011963351862505078
0.03913648705929518 0.0012641702924156561
0.03913113195449114 0.001263935409951955
0.037433755584061146 0.0011912164627574384
0.056227817200124264 0.0016551255830563605
0.037247203290462494 0.0011475551291368902
0.0386482160538435 0.0012417598045431077
0.0388867175206542 0.0012559274036902934
0.03864006604999304 0.0012413865770213306
0.05425490066409111 0.001617475354578346
0.03686764743179083 0.0011435506166890264
0.03863953333348036 0.00124136169324629
0.038627625443041325 0.001240814512129873
0.05450891423970461 0.0016257220704574138
0.036863152869045734 0.0011433906038291752
0.03863779082894325 0.001241284451680258
0.04915153235197067 0.0013982174277771264
0.04017760045826435 0.0013115400652168319
0.038639092817902565 0.0012413418444339186
0.03686908446252346 0.001143600238719955
0.03675174992531538 0.0011248137743677944
0.03686695359647274 0.001143512170528993
0.041724368929862976 0.0013393464614637196
0.05450626276433468 0.0016256777744274586
0.03360728546977043 0.0009025818872032687
0.03823877777904272 0.0012281704402994365
0.049514828249812126 0.0014002978568896651
0.058808655478060246 0.001695379294687882
0.03913346119225025 0.0012640299828490242
0.03686859644949436 0.001143582194345072
0.05451677180826664 0.0016258581017609686
0.03888454381376505 0.0012558334128698334
0.05102028138935566 0.0015665520331822336
0.037240397185087204 0.0011472503683762625
0.03864247351884842 0.0012415052333381027
0.03822819050401449 0.0012277162459213287
0.037318067625164986 0.001159093008027412
0.056251008063554764 0.0016555179900024086
0.03675095271319151 0.0011247737857047468
0.05586148239672184 0.0016425051726400852
0.03730596974492073 0.001158679006039165
0.03743341378867626 0.0011912056943401694
0.0386388199403882 0.001241328165633604
0.03823815193027258 0.0012281438685022295
0.04017760045826435 0.0013115400652168319
0.03758905176073313 0.0011963255237787962
0.038855383172631264 0.0012545193021651357
0.03824424836784601 0.001228404842549935
0.03731165174394846 0.0011588767083594576
0.041993665508925915 0.0013630901812575758
0.04017760045826435 0.0013115400652168319
0.03673425875604153 0.0011240138264838606
0.03311564866453409 0.0008800313953543082
0.04172384645789862 0.0013392991677392274
0.054290068335831165 0.0016180314414668828
0.05419005919247866 0.0015694662870373577
0.04017760045826435 0.0013115400652168319
0.036868585273623466 0.001143579400377348
0.03823666740208864 0.001228080247528851
0.03723928052932024 0.00114721643330995
0.03823668323457241 0.0012280814989935607
0.03886101022362709 0.0012547711085062474
0.0386297982186079 0.0012409155897330493
0.033603610470891 0.0009024436731124297
0.03864320833235979 0.0012415298842824996
0.0388893261551857 0.0012560388422571123
0.038630664348602295 0.0012409546761773527
0.03887726180255413 0.0012555212597362697
0.03743206895887852 0.0011911550245713443
0.039137884974479675 0.0012642342189792544
0.03823724016547203 0.0012281049566809088
0.03888131212443113 0.0012556948786368594
0.03913295269012451 0.0012640087370527908
0.038644702173769474 0.0012415963865350932
0.04017760045826435 0.0013115400652168319
0.039129734970629215 0.001263864425709471
0.033611604012548923 0.0009027913038153201
0.04017760045826435 0.0013115400652168319
0.039137763902544975 0.0012642273213714361
0.04179530031979084 0.001350852777250111
0.03758310992270708 0.001196117140352726
0.03885884676128626 0.001254676390090026
0.037237947806715965 0.0011471733887447044
0.03886791970580816 0.0012550812534755096
0.03687074687331915 0.0011436560889706016
0.0388790937140584 0.0012556013534776866
0.03913806192576885 0.0012642431247513741
0.03758606594055891 0.0011962249409407377
0.03823601361364126 0.0012280535011086613
0.04219794273376465 0.0013642438862007111
0.03913393057882786 0.0012640526692848653
0.0391372200101614 0.0012642038345802575
0.036864702589809895 0.001143439585575834
0.03863964695483446 0.0012413654767442495
0.03864140156656504 0.0012414651864673942
0.0367460623383522 0.0011245569039601833
0.03823724016547203 0.0012281049566809088
0.03687021695077419 0.0011436358327046037
0.036867041140794754 0.0011435293999966234
0.039136962965130806 0.0012641910434467718
0.0372414942830801 0.0011472943297121674
0.03823472652584314 0.0012279976217541844
0.03745455574244261 0.001192097959574312
0.03888760041445494 0.0012559649330796674
0.03864025045186281 0.0012414019729476422
0.04017760045826435 0.0013115400652168319
0.03913308307528496 0.0012640125496545807
0.04951012600213289 0.001400226232362911
0.04017760045826435 0.0013115400652168319
0.038642290979623795 0.0012414859957061708
0.03913633618503809 0.0012641639477806166
0.03601370472460985 0.0010991532180923969
0.0382344089448452 0.0012279828079044819
0.041729110293090343 0.001339603099040687
0.04199375491589308 0.0013630967296194285
0.036735971458256245 0.0011240910971537232
0.0419973935931921 0.0013633244088850915
0.038880063220858574 0.0012556430010590702
0.03673807065933943 0.0011241831816732883
0.03913660999387503 0.001264176404220052
0.03863768931478262 0.0012412767391651869
0.03824204858392477 0.0012283132236916572
0.039132351987063885 0.0012639797932934016
0.03673817217350006 0.0011241913598496467
0.04179828893393278 0.0013510519929695874
0.038640933111310005 0.001241435034899041
0.03914269432425499 0.001264454927877523
0.04017760045826435 0.0013115400652168319
0.04172207694500685 0.0013392421533353627
0.04017760045826435 0.0013115400652168319
0.03724269010126591 0.0011473503982415423
0.04017760045826435 0.0013115400652168319
0.039129097014665604 0.0012638341431738809
0.03887634538114071 0.001255480936379172
0.03887634538114071 0.001255480936379172
0.038640767335891724 0.0012414176017045975
0.03888779133558273 0.0012559725728351623
0.038630920462310314 0.001240966230398044
0.05426871404051781 0.0016176947392523289
0.03863867651671171 0.0012413224612828344
0.03730965591967106 0.00115879817167297
0.03674721531569958 0.0011246101348660886
0.05428356118500233 0.0016179258527699858
0.03913221601396799 0.0012639718624996021
0.03913363069295883 0.0012640397326322272
0.04199736472219229 0.0013633205962833017
0.054520972073078156 0.001625929435249418
0.04017760045826435 0.0013115400652168319
0.039135430939495564 0.0012641237844945863
0.03888858575373888 0.001256008239579387
0.042244091629981995 0.0013713630323763937
0.03686927538365126 0.0011436058848630637
0.03823567368090153 0.00122803685371764
0.03888239711523056 0.001255743220099248
0.03888552915304899 0.0012558751041069627
0.03823792189359665 0.0012281348172109574
0.03758314438164234 0.0011961266864091158
0.03674609865993261 0.0011245572532061487
0.038636800833046436 0.0012412354699335992
0.05452393647283316 0.0016259778931271285
0.03823929000645876 0.0012281936942599714
0.03863519802689552 0.0012411708012223244
0.03823781851679087 0.0012281326053198427
0.038639056496322155 0.0012413388467393816
0.03824078198522329 0.001228258537594229
0.0382388262078166 0.0012281715753488243
0.05057349614799023 0.0014961580745875835
0.05622908566147089 0.0016551472363062203
0.03863747324794531 0.001241267513250932
0.03862933721393347 0.001240893267095089
0.03863151650875807 0.0012409929477144033
0.03724250104278326 0.0011473445338197052
0.04017760045826435 0.0013115400652168319
0.03913945145905018 0.0012643048394238576
0.03913519624620676 0.0012641135836020112
0.03863849118351936 0.0012413158256094903
0.03862951975315809 0.0012409014161676168
0.038645388558506966 0.0012416376848705113
0.03723669704049826 0.00114709728222806
0.03823970351368189 0.0012282108364161104
0.03888391610234976 0.0012558082671603188
0.04017760045826435 0.0013115400652168319
0.039134702645242214 0.0012640870845643803
0.038240511901676655 0.0012282456154935062
0.0391358882188797 0.0012641432840609923
0.03743281029164791 0.001191180810565129
0.03731020539999008 0.0011588250345084816
0.0382531164214015 0.00122872440260835
0.036736191250383854 0.001124104979680851
0.03730734530836344 0.0011587014741962776
0.05451893899589777 0.0016258941031992435
0.038886469788849354 0.0012559165043057874
0.039129567332565784 0.0012638534244615585
0.03758477699011564 0.0011961793061345816
0.039140909910202026 0.0012643736554309726
0.04017760045826435 0.0013115400652168319
0.037315732799470425 0.0011590198846533895
0.03863880783319473 0.0012413278163876384
0.037304156459867954 0.0011586167383939028
0.036735882982611656 0.0011240857420489192
0.04017760045826435 0.0013115400652168319
0.036866278387606144 0.001143501460319385
0.03823191858828068 0.0012278820213396102
0.03863997105509043 0.0012413809599820524
0.04950804077088833 0.0014000849623698741
0.038885049521923065 0.0012558536400320008
0.04017760045826435 0.0013115400652168319
0.05102028138935566 0.0015665520331822336
0.054516952484846115 0.0016258598188869655
0.03674078453332186 0.0011243080080021173
0.03823868650943041 0.0012281671806704253
0.05450349394232035 0.0016256301023531705
0.04915179684758186 0.0013982384698465466
0.03864018712192774 0.0012413878575898707
0.03724014479666948 0.0011472328915260732
0.03605956584215164 0.001106477197026834
0.036737408488988876 0.0011241573374718428
0.04017760045826435 0.0013115400652168319
0.037312086671590805 0.0011588917550398037
0.03674390818923712 0.0011244522174820304
0.03686511516571045 0.0011434628104325384
0.03743429575115442 0.0011912337213288993
0.03758798073977232 0.0011962914431933314
0.05865632928907871 0.0016903358045965433
0.05452072713524103 0.0016259241092484444
0.0542815662920475 0.0016178989317268133
0.0491317193955183 0.0013977446651551872
0.03887839149683714 0.001255566079635173
0.0331147126853466 0.0008799798815743998
0.04017760045826435 0.0013115400652168319
0.05416746251285076 0.001568983367178589
0.04017760045826435 0.0013115400652168319
0.033612312749028206 0.0009028430213220417
0.034167335368692875 0.0009145897638518363
0.04017760045826435 0.0013115400652168319
0.03887272346764803 0.0012553049018606544
0.036753141321241856 0.0011248720984440297
0.039126528427004814 0.001263733211089857
0.03822627756744623 0.0012276347551960498
0.03723985981196165 0.00114721771387849
0.0374347073957324 0.0011912484478671104
0.03824124485254288 0.001228275999892503
0.038885608315467834 0.0012558794696815312
0.03824062179774046 0.0012282480602152646
0.041997868567705154 0.0013633521157316864
0.03913153801113367 0.001263951780856587
0.049149549566209316 0.001398175023496151
0.05423743836581707 0.001617194531718269
0.03862953279167414 0.0012409021146595478
0.039135624654591084 0.0012641300418181345
0.03822418302297592 0.001227544795256108
0.037317425943911076 0.0011590727663133293
0.03724080231040716 0.0011472608166513965
0.04179742373526096 0.0013509878190234303
0.03608626592904329 0.0011074162321165204
0.03864365443587303 0.0012415478413458914
0.041999404318630695 0.0013634451024699956
0.039138334803283215 0.001264254708075896
0.03732227999716997 0.0011592367809498683
0.038640767335891724 0.0012414254888426512
0.03686594869941473 0.001143488276284188
0.03686667699366808 0.0011435109190642834
0.038239956833422184 0.0012282237876206636
0.04017760045826435 0.0013115400652168319
0.04224484972655773 0.0013714601518586278
0.0368660893291235 0.0011434950574766845
0.03823665250092745 0.0012280790542718023
0.03862938564270735 0.0012408954498823732
0.03823816031217575 0.0012281457602512091
0.03863642364740372 0.0012412247888278216
0.039139759726822376 0.0012643202062463388
0.05427262093871832 0.0016177587385755032
0.03731404896825552 0.0011589619534788653
0.038242426700890064 0.0012283285323064774
0.039139010943472385 0.001264285805518739
0.03913660440593958 0.0012641740031540394
0.03863971680402756 0.0012413698132149875
0.0391352865844965 0.0012641148932743818
0.04017760045826435 0.0013115400652168319
0.04199686739593744 0.0013632936752401292
0.033115237951278687 0.0008800231444183737
0.03863622434437275 0.0012412098294589669
0.03674627933651209 0.0011245636560488492
0.03863966464996338 0.00124136678641662
0.05428854003548622 0.0016180075181182474
0.03862945921719074 0.001240898680407554
0.03743378072977066 0.0011912171903531998
0.03674120269715786 0.0011243304470553994
0.041795382276177406 0.0013508577540051192
0.03912525810301304 0.0012636611936613917
0.03864605911076069 0.001241661055246368
0.056247778236866 0.0016554650501348078
0.037234701216220856 0.0011469797318568453
0.04017760045826435 0.0013115400652168319
0.04914590436965227 0.001398096326738596
0.039131008088588715 0.0012639249471249059
0.03862025123089552 0.0012404772569425404
0.03723906446248293 0.0011472116457298398
0.038242426700890064 0.0012283285323064774
0.04913584981113672 0.0013978516217321157
0.05865416396409273 0.0016903053328860551
0.038872948847711086 0.001255310737178661
0.049139536917209625 0.001397945685312152
0.05583725590258837 0.0016421290347352624
0.04017760045826435 0.0013115400652168319
0.03864328097552061 0.0012415339006111026
0.03864831291139126 0.0012417645775713027
0.041997237130999565 0.0013633117196150124
0.03863557893782854 0.001241179183125496
0.05057349614799023 0.0014961580745875835
0.03888664115220308 0.0012559246824821457
0.036750164814293385 0.0011247404909227043
0.03888180013746023 0.0012557128502521664
0.04916097689419985 0.0013984922843519598
0.03674296289682388 0.0011244118213653564
0.03310618828982115 0.0008796027686912566
0.03864615969359875 0.001241665391717106
0.05586418602615595 0.0016425475187133998
0.05451515410095453 0.0016258266405202448
0.038640346378088 0.0012414054945111275
0.049155293963849545 0.0013983026728965342
0.04199776705354452 0.0013633452472276986
0.05880850087851286 0.0016953672165982425
0.0386362811550498 0.0012412112846504897
0.03723511379212141 0.0011470011959318072
0.0382308280095458 0.0012278291105758399
0.04236980248242617 0.0013872105337213725
0.039133560843765736 0.0012640352069865912
0.03823941573500633 0.001228198962053284
0.03674850985407829 0.001124652597354725
0.0373153667896986 0.0011590040812734514
0.04199392069131136 0.0013631092151626945
0.04236980248242617 0.0013872105337213725
0.03824533708393574 0.0012284530384931713
0.04017760045826435 0.0013115400652168319
0.03888766095042229 0.0012559668975882232
0.03913015220314264 0.0012638777552638203
0.054531664587557316 0.0016261105483863503
0.03686242736876011 0.0011433608597144485
0.054534416645765305 0.0016261626151390374
0.05453163757920265 0.0016261103737633675
0.038637349382042885 0.0012412644864525646
0.03723606467247009 0.0011470457830000669
0.03758310992270708 0.0011961257259827107
0.036868940107524395 0.0011435938067734241
0.03723114915192127 0.0011468185257399455
0.03674052935093641 0.0011242989567108452
0.039140972308814526 0.0012643754307646304
0.039134702645242214 0.0012640883796848357
0.03865325730293989 0.0012419912964105606
0.03912831377238035 0.0012638103653443977
0.041723208501935005 0.0013392770779319108
0.05880782473832369 0.0016953571466729045
0.03913723398000002 0.0012642044457606971
0.04172538034617901 0.0013393517874646932
0.03824159875512123 0.0012282925890758634
0.03824002202600241 0.0012282261159271002
0.03311990574002266 0.0008802884112810716
0.03913202788680792 0.0012639656342798844
0.038234757259488106 0.001227997796377167
0.03823801130056381 0.0012281383969821036
0.05880971346050501 0.001695415994618088
0.036859869956970215 0.0011432715982664376
0.03887713234871626 0.0012555146968225017
0.056255158968269825 0.001655591040616855
0.05450280010700226 0.0016256198869086802
0.03864590357989073 0.0012416559329722077
0.039137035608291626 0.0012641967623494565
0.036068675108253956 0.001106795360101387
0.03888239059597254 0.0012557423178805038
0.03731871489435434 0.001159115563496016
0.039135958068072796 0.0012641442590393126
0.03888652566820383 0.0012559195747599006
0.04017760045826435 0.0013115400652168319
0.03912972938269377 0.00126385829935316
0.038630664348602295 0.0012409546761773527
0.04199478030204773 0.001363164046779275
0.0368655426427722 0.0011434747138991952
0.03823982458561659 0.0012282179377507418
0.05057208426296711 0.0014452954346779734
0.038886722177267075 0.0012559278984554112
0.03823806531727314 0.001228140143211931
0.03686616197228432 0.0011434975604061037
0.039131008088588715 0.0012639249034691602
0.03887908346951008 0.0012556010915432125
0.03823309205472469 0.0012279277434572577
0.03674846142530441 0.0011246494541410357
0.03731432743370533 0.001158970029791817
0.036864764988422394 0.0011434452899266034
0.04172525368630886 0.0013393477129284292
0.03863611910492182 0.0012412036012392491
0.03686222154647112 0.001143355417298153
0.038238647393882275 0.0012281654053367674
0.03910038899630308 0.001262593621504493
0.03864469472318888 0.0012415960081852973
0.03730540070682764 0.0011586589680518955
0.03605981636792421 0.001106480893213302
0.03823537193238735 0.001228025183081627
0.05414050351828337 0.0015684107493143529
0.03864292800426483 0.0012415186502039433
0.054284773766994476 0.0016179482627194375
0.03888304065912962 0.0012557728623505682
0.04017760045826435 0.0013115400652168319
0.03863688465207815 0.0012412421638146043
0.03913343418389559 0.0012640287459362298
0.0382402278482914 0.0012282342358957976
0.04179759602993727 0.0013510024291463196
0.04199387039989233 0.0013631059264298528
0.038239266723394394 0.0012281927338335663
0.038644734770059586 0.0012415979290381074
0.04914639238268137 0.0013980969379190356
0.03914168942719698 0.0012644087837543339
0.039130193181335926 0.0012638781336136162
0.049132646061480045 0.0013977821508888155
0.034195973072201014 0.0009915926202666014
0.0391299007460475 0.0012638769403565675
0.03824229910969734 0.0012283212563488632
0.037588931620121 0.001196320285089314
0.04017760045826435 0.0013115400652168319
0.04017760045826435 0.0013115400652168319
0.03732132073491812 0.001159201085101813
0.03743272367864847 0.0011911785986740142
0.05880747828632593 0.0016953526937868446
0.03674893081188202 0.0011247125512454659
0.049128941260278225 0.0013976955087855458
0.0382381035014987 0.0012281416857149452
0.033609217032790184 0.0009026804909808561
0.054532465524971485 0.0016261186101473868
0.03822970297187567 0.0012277813511900604
0.039133667945861816 0.0012640428903978318
0.03674305696040392 0.0011244186607655138
0.049565560184419155 0.0014011023158673197
0.03724279627203941 0.0011473555641714483
0.04224463179707527 0.001371431746520102
0.04199899733066559 0.0013634191709570587
0.0386304035782814 0.001240942016011104
0.0386415496468544 0.0012414738012012094
0.038232145830988884 0.001227886212291196
0.03914180025458336 0.0012644139351323247
0.03913915157318115 0.0012642923538805917
0.03913915157318115 0.0012642923538805917
0.03673767577856779 0.001124166534282267
0.038632579147815704 0.0012411193747539073
0.03758237790316343 0.0011960798874497414
0.04914652556180954 0.0013981140509713441
0.0558492261916399 0.001642315968638286
0.03864413779228926 0.0012415724922902882
0.03862994723021984 0.0012409217888489366
0.03687303885817528 0.0011437317880336195
0.03863789141178131 0.0012413108779583126
0.038238474167883396 0.0012281591480132192
0.039115145802497864 0.0012632375146495178
0.03686383366584778 0.0011434094922151417
0.03913748078048229 0.0012642152141779661
