0.01518345793010667 0.0007380667439065292
0.015721917152404785 0.0008372718634745979
0.013399121671682224 8.722731945454143e-5
0.01619526869035326 0.0008558170829928713
0.016627307457383722 0.0009003995796774689
0.01415362284751609 0.0006819976565566321
0.013875655888114125 0.0005892885271805426
0.015353448805399239 0.0007524812335759634
0.013588865986093879 0.0004714627777957503
0.013428868842311203 0.00031716374678580905
0.01354969057138078 0.0003488221191219054
0.013213900965638459 -8.727053227630677e-6
0.016920672147534788 0.000957290065343841
0.013609340705443174 0.00047187589825625764
0.015664077829569578 0.0007756601544315345
0.016917336732149124 0.0009141119826381328
0.01378631399711594 0.0005107602728458005
0.01379239748348482 0.0005570168448230106
0.014695141377160326 0.0007345024218921026
0.01410661224508658 0.0006578393874860922
0.01625709212385118 0.0008714436607988318
0.015560275845928118 0.000775393465119123
0.015090496803168207 0.0007377995091246703
