0.013776513282209635 0.0005523137524505728
0.013776451523881406 0.0005164645563127124
0.014526853716233745 0.0006649539429872675
0.013695361267309636 0.0004950025002017355
0.014549371146131307 0.0007065643394525978
0.01607850642176345 0.0008332618044732953
0.01666780313826166 0.0009203822655763361
0.016495754476636648 0.0008814647799226805
0.01620847368030809 0.0008693250465512392
0.015375759161543101 0.0007995482437763712
0.017670765751972795 0.0009549405531288357
0.015377657226053998 0.0008059093077008583
0.014053283084649593 0.0006475858699559467
0.01407271740026772 0.0006529633769787324
0.014948626019759104 0.0007635655365447747
0.0161129645712208 0.0008493474219903874
0.014854996756184846 0.0007627428612977383
0.01767286250833422 0.0009598018277756637
0.016451802715891972 0.0008720139639990521
0.015719607064966112 0.0008079441545305599
