0.013373813213547692 0.0002824893704200804
0.013834493176545948 0.0004445566898994002
0.016191454138606787 0.0008648045234167512
0.017804714967496693 0.0010222614373560646
0.014278656424721703 0.0006771078951715026
0.018069508631015196 0.0010438060489832424
0.015328533831052482 0.0007891152727097506
0.014580132527044043 0.0007198151358807081
0.0156735731579829 0.0008177390632226889
0.013468306511640549 0.00036037180780112976
0.0167489442974329 0.0009226143392879749
0.01383853642619215 0.0005006890269214637
0.013949536019936204 0.0005793300797449774
0.014103058783803135 0.0005959915911262215
0.01470590234384872 0.0007273124522271246
0.01580023701535538 0.0008231222077483835
0.015248309297021478 0.0007717047483311035
0.014494308619759977 0.0006874805649204063
0.014134299039142206 0.0006225920460565249
0.014128289156360552 0.000621449461505108
0.01350774077582173 0.00041105252171291795
0.014983200235292315 0.0007634588400833309
0.017294831020990387 0.0009702570123408805
0.016702126304153353 0.0009202057719903678
0.0159699093492236 0.0008307066357247095
0.016327365767210722 0.0009180755212128133
0.013273174001369625 4.59516679711669e-5
