0.013687452854355797 0.00048084677746373927
0.015120197058422491 0.0007709867231824319
0.015985302190529183 0.0008864413448463893
0.014394058613106608 0.0006619036569190939
0.015042066079331562 0.0007296299027075293
0.01569915871368721 0.0008179163360182429
0.01523041888140142 0.0007773893912599306
0.015450103906914592 0.000790462891018251
0.015069118235260248 0.0007328070723815472
0.015265357127645984 0.0007806556868672487
0.01384896069066599 0.0005180630405448028
0.014506823441479355 0.0007214898569145589
0.013996205874718726 0.000593313918216154
0.014219103410141543 0.000605684665060835
0.014276854024501517 0.0006438615116621804
0.01406570861581713 0.0005977871051072725
0.015088805608684197 0.0007347498039962375
0.015844380657654256 0.0008271114902527188
0.016696372942533344 0.0009205080095853191
0.013478043489158154 0.00046378282513614977
0.017573677614564076 0.0009744485348619492
