0.00010072590593069162
8.901405375798266e-05
7.695789006549723e-05
9.99924428958157e-05
7.312270731140592e-05
9.804169959143172e-05
8.952033645563509e-05
9.768386844166094e-05
1.3392305099015113e-05
9.450083844457614e-05
1.0611515417034802e-05
8.562838565742199e-05
1.3242670283215824e-05
9.993706873285874e-05
0.00010124154954499296
9.976937109909678e-05
4.6101114583414586e-05
0.00010095325959797873
4.076793711692309e-05
9.091701933780704e-05
9.283201043163624e-05
9.55520066577097e-05
0.0001024033195608317
3.969862697136045e-05
9.324083368837885e-05
0.00010101450423842946
9.952792045418475e-05
7.475780431971941e-06
6.440780844426987e-06
0.00010197099279176052
